2.215656779311960811e-01 1.546101872373458441e+01 3.531300040647597052e+06
2.321936067711976581e-01 1.506614347204149773e+01 2.825961643999977969e+06
2.436497580492798243e-01 1.473919109009584005e+01 2.255806402318940498e+06
2.559779642265516686e-01 1.444096890890225460e+01 1.796515482467659982e+06
2.692212903825985659e-01 1.417596852430512300e+01 1.427741560499382438e+06
2.834334032332798126e-01 1.394049530804321435e+01 1.137820097534801811e+06
2.986457806207865051e-01 1.372242278548561423e+01 8.978427192095300416e+05
3.149158265935278478e-01 1.354192402280537166e+01 7.114510909212343395e+05
3.322673016399546597e-01 1.338373763456139720e+01 5.598315557389181340e+05
3.507485424764118509e-01 1.324273015102678208e+01 4.426729406735845841e+05
3.704027509150551456e-01 1.311929903011660592e+01 3.497219048521376681e+05
3.912659015364052251e-01 1.301728070093345480e+01 2.762442157822158188e+05
4.133694775982615921e-01 1.293296958196527235e+01 2.176209491565880016e+05
4.367462621791058375e-01 1.286380031968348980e+01 1.718950088791375165e+05
4.614318518919257039e-01 1.280847087418409558e+01 1.355186077588544576e+05
4.874540878660486576e-01 1.276640660860191545e+01 1.070179379708012129e+05
5.148188796838281123e-01 1.273757659373180928e+01 8.365366688566608354e+04
5.435612068176013389e-01 1.271564086865240029e+01 6.693120310706613236e+04
5.737061659275697334e-01 1.270483545668047576e+01 5.314457188180398225e+04
6.052479680729918599e-01 1.270124040011302213e+01 4.211036770422082918e+04
6.381962880821377970e-01 1.270406227328543380e+01 3.359625688991443167e+04
6.725590700805835764e-01 1.272009658308917146e+01 2.657231573382771239e+04
7.083298167200865469e-01 1.273908530331870992e+01 2.120442148544575684e+04
7.455058588314978918e-01 1.276261761473125134e+01 1.688507305619123508e+04
7.840443552234813707e-01 1.279036786679566440e+01 1.350647402291048456e+04
8.239485690699802634e-01 1.282340958121824670e+01 1.079939785223653416e+04
8.651786943802679541e-01 1.285811943886937847e+01 8.691531589564150636e+03
9.076940024500254056e-01 1.289686794586475038e+01 6.981897170454908519e+03
9.514531268559324184e-01 1.293815108889887355e+01 5.623507291756960512e+03
9.964027180371638481e-01 1.298066976311180909e+01 4.536942781185605782e+03
1.042487857991863720e+00 1.302395856813226693e+01 3.670889162350722927e+03
1.089643012711386083e+00 1.306934102983816359e+01 2.979881465866262261e+03
1.137759659813873503e+00 1.311490421152667096e+01 2.417466809312015812e+03
1.186802278974358638e+00 1.316048903764767353e+01 1.949609896194075191e+03
1.236663707130807310e+00 1.320518192459553575e+01 1.607496780511177349e+03
1.287255127097527208e+00 1.324836369619587195e+01 1.314895030022226820e+03
1.338478528337183837e+00 1.329093774059179367e+01 1.079908109158905972e+03
1.390226982438138581e+00 1.333326893509368460e+01 8.879583241734792409e+02
1.442377192646183470e+00 1.337357196647010937e+01 7.323441422054061150e+02
1.494850962773175418e+00 1.341105050773989227e+01 6.053486480157944243e+02
1.547488821337328568e+00 1.344663815343150404e+01 5.023292191367620489e+02
1.600183091971946192e+00 1.347986926687548248e+01 4.174201300436569682e+02
1.652848871870253644e+00 1.351061388601577740e+01 3.479758161125623701e+02
1.705315972561907367e+00 1.353875586463058589e+01 2.909834847018433379e+02
1.757498482472727774e+00 1.356366703749982783e+01 2.438791076148846741e+02
1.809249668697968438e+00 1.358601357546888444e+01 2.048538928044238787e+02
1.860476870697275631e+00 1.360469191119495491e+01 1.725688659229506925e+02
1.911028657263112995e+00 1.362022061838955800e+01 1.458801665509838017e+02
1.960829961460678339e+00 1.363427974361371220e+01 1.237440463026998998e+02
2.009741827057744512e+00 1.364210934222010252e+01 1.050676023375533958e+02
2.057657531972518772e+00 1.364524523687887658e+01 8.957963371471014113e+01
2.104493011297552396e+00 1.364723733892072310e+01 7.660064489049268843e+01
2.150149706985683640e+00 1.364501982194529006e+01 6.566520774486966161e+01
2.194534694919710649e+00 1.364097320738920871e+01 5.640746473499442715e+01
2.237564465770022437e+00 1.363163706028969280e+01 4.863185885517003726e+01
2.279158761240205777e+00 1.361724277499025071e+01 4.207606089002227634e+01
2.319262625123080568e+00 1.360224649485116366e+01 3.648820481358593781e+01
2.357810441185028250e+00 1.358144488043715015e+01 3.171556348060887132e+01
2.394747897624931454e+00 1.355798019599181181e+01 2.766741475459292232e+01
2.430027361757984394e+00 1.353178050027675994e+01 2.419464136291492551e+01
2.463578999849434403e+00 1.350144364696304322e+01 2.123371433156896160e+01
2.495265233082938572e+00 1.346857192983642371e+01 1.868444067191700597e+01
2.524944623599907345e+00 1.343234445178807768e+01 1.642832146403121385e+01
2.552493074016961572e+00 1.339315895666395129e+01 1.462604392799728892e+01
2.577802149687968836e+00 1.335093769777081896e+01 1.302269474792472437e+01
2.600771110795583319e+00 1.330500817141755476e+01 1.164632067481114852e+01
2.621327166368076611e+00 1.325689689216646094e+01 1.045671256314277286e+01
2.639410576616501469e+00 1.320470665627856199e+01 9.392053584999709770e+00
2.654996836767497648e+00 1.314968614458892482e+01 8.546485789736300021e+00
2.668026583802538987e+00 1.309187689456793358e+01 7.792303507069149759e+00
2.678501709516585727e+00 1.303156409046610520e+01 7.129742538467707114e+00
2.686422159388623498e+00 1.296856277872160135e+01 6.558241835508373363e+00
2.691819987985385687e+00 1.290325527376601400e+01 6.070812983200736923e+00
2.694693570146064587e+00 1.283532554990590491e+01 5.624216926354328017e+00
2.695080555779219456e+00 1.276528117887475133e+01 5.279825452259729879e+00
2.693051444516322057e+00 1.269357444801945611e+01 4.964119836415114229e+00
2.688643375081422260e+00 1.262110502153668534e+01 4.700947471821483425e+00
2.681926102727577810e+00 1.254717040443330411e+01 4.479362615114887980e+00
2.673024205898638872e+00 1.247374911739441750e+01 4.297339710466728135e+00
2.662024662401378361e+00 1.240077199315066103e+01 4.153168600005318289e+00
2.649201211459297767e+00 1.233088963851538722e+01 4.051919479797494894e+00
2.635412817551327169e+00 1.226986742438905864e+01 3.999872845496013074e+00
2.619522794543308386e+00 1.221257887352823523e+01 3.989498389419416480e+00
2.600911248236895013e+00 1.214853414053581560e+01 3.989930279115460277e+00
2.580251607003652747e+00 1.207871064552460716e+01 3.990982243871289636e+00
2.558099031711072779e+00 1.200457949987907647e+01 3.997490183049592360e+00
2.534868932777454731e+00 1.192655587491790037e+01 4.021707357544532790e+00
2.510898315046993901e+00 1.184519980687013962e+01 4.034074935775392667e+00
2.486372212448283214e+00 1.176090184432016805e+01 4.042255956216235901e+00
2.461522892814974384e+00 1.167555511777662680e+01 4.038806060896468431e+00
2.436497647896850971e+00 1.158846349371560258e+01 4.060787357323420110e+00
2.411405110454575063e+00 1.150147571815163516e+01 4.072021703147955307e+00
2.386446805779460778e+00 1.141389822779999186e+01 4.076364612472000992e+00
2.361624187288244858e+00 1.132676236175113793e+01 4.070744530060767197e+00
2.337046367930601054e+00 1.124003694789942287e+01 4.096837315518617295e+00
2.312765958612945205e+00 1.115480306261208732e+01 4.088936943361767717e+00
2.288859601878874273e+00 1.107091344945762579e+01 4.106604009277841527e+00
2.265368730483361848e+00 1.098838196695358782e+01 4.114159767581465843e+00
2.242330009164553051e+00 1.090850708035587324e+01 4.131432844373788882e+00
2.219782677234880541e+00 1.083154836288525935e+01 4.171431329265796961e+00
