2.190353878445429059e-01 1.551424629728739291e+01 3.708563892608208582e+06
2.257820112395056977e-01 1.529099872713401886e+01 3.219384455959573388e+06
2.327648627856923336e-01 1.500891101929998861e+01 2.722257920251495205e+06
2.399788595804882851e-01 1.478536050978154393e+01 2.374889241538295522e+06
2.474157292321807755e-01 1.457319781289700700e+01 2.048136600738457171e+06
2.551016863589735117e-01 1.438118264328299567e+01 1.770018115646237973e+06
2.630308657568917741e-01 1.419685268890726526e+01 1.528051836595606990e+06
2.712077341773348471e-01 1.403040479085414027e+01 1.320365555489163613e+06
2.796375588297622117e-01 1.387139013878610250e+01 1.143989352411921369e+06
2.883139051996308488e-01 1.371941297986688824e+01 9.880803367866423214e+05
2.972341011708160563e-01 1.358721301938531845e+01 8.535062295239443192e+05
3.064350402909588045e-01 1.346013013498964561e+01 7.392018746842190158e+05
3.158570987154571408e-01 1.333566535743000436e+01 6.399357001924883807e+05
3.255567669355711180e-01 1.322309256425603330e+01 5.558574979829273652e+05
3.355096380825165481e-01 1.311238596171858184e+01 4.811533721950449981e+05
3.457311647900872531e-01 1.301447757440622155e+01 4.171605575783825479e+05
3.562080679333330946e-01 1.292435829500307776e+01 3.629036256906046765e+05
3.669798541840716966e-01 1.283238053820531732e+01 3.134176012159949751e+05
3.779764985142080036e-01 1.275002218096360984e+01 2.707085200581857935e+05
3.892402811319511935e-01 1.267774748008334029e+01 2.364296362957632518e+05
4.007548900667891045e-01 1.259804255817611285e+01 2.055794252820442489e+05
4.125669957116248621e-01 1.252972066903799941e+01 1.787590541250958922e+05
4.245937516524526667e-01 1.246561375968042285e+01 1.556225923187422159e+05
4.368942677375136641e-01 1.240578273234528162e+01 1.357549111495604448e+05
4.494549781954405021e-01 1.234994008051786629e+01 1.169791266504133673e+05
4.623021912924718535e-01 1.229365602388891254e+01 1.029385922883343883e+05
4.753617405147979591e-01 1.224246373258053566e+01 8.975767950544756604e+04
4.886874009686901776e-01 1.219309210851345426e+01 7.824405068094393937e+04
5.022700395330240708e-01 1.214874771576690904e+01 6.835210401558433659e+04
5.160533695734199622e-01 1.210467328319573710e+01 5.926176784758402209e+04
5.301006400556349529e-01 1.206158883510454416e+01 5.232475869095110829e+04
5.444026963356517479e-01 1.202125100091782706e+01 4.570490874924357195e+04
5.589104940217262119e-01 1.198400918668338733e+01 4.005719078942440683e+04
5.736453121664207844e-01 1.194682421015205342e+01 3.506334678480677394e+04
5.886100367667356226e-01 1.191165362419648766e+01 3.072771617311822047e+04
6.037822745571804761e-01 1.187964495744041571e+01 2.697677269961983620e+04
6.191657996155336408e-01 1.184273137497770456e+01 2.369033364053762489e+04
6.347492256790169263e-01 1.181364731219776765e+01 2.081672303121706500e+04
6.505217130953461213e-01 1.178326212459145239e+01 1.829563240611511355e+04
6.664844918009595887e-01 1.175273348415270114e+01 1.608429046870250022e+04
6.826210896610138690e-01 1.172518667948635063e+01 1.416764517033652373e+04
6.989351753204313678e-01 1.169465983601529402e+01 1.247625185084307850e+04
7.154018904484942265e-01 1.166777689101770576e+01 1.100982202747573501e+04
7.320254339072272964e-01 1.164057856750207165e+01 9.710550681976286796e+03
7.487977595915562556e-01 1.161275111609666233e+01 8.605810909055770026e+03
7.656699932921273710e-01 1.158910337744603680e+01 7.570031343126019237e+03
7.826829169852089763e-01 1.156053946269262589e+01 6.698192485844252587e+03
7.998089342974730176e-01 1.153368848724728046e+01 5.932759943352267328e+03
8.170475145155635666e-01 1.150652989160945339e+01 5.247787109632467946e+03
8.343699601833534096e-01 1.148102222268704153e+01 4.648660929459150793e+03
8.518100910134080994e-01 1.145125556681847456e+01 4.128324281961332417e+03
8.695543185938355846e-01 1.142605384237059951e+01 3.661236453813957723e+03
8.876541498842835942e-01 1.140118651082572931e+01 3.240881779216424093e+03
9.062211498337953142e-01 1.137468379530893436e+01 2.864823343838808796e+03
9.253028142063739470e-01 1.134788554484176437e+01 2.530539897041680888e+03
9.449263260266744791e-01 1.132162314300598638e+01 2.231965247313660711e+03
9.651497134349721341e-01 1.129731525466780440e+01 1.965561020339603147e+03
9.859663034804713178e-01 1.127318263673513599e+01 1.718424499441256330e+03
1.007388789164954224e+00 1.124751884997566975e+01 1.518959368067364949e+03
1.029431744644609736e+00 1.122419657433235862e+01 1.332391960671318429e+03
1.052094255928585076e+00 1.120027413378861958e+01 1.167201383714643271e+03
1.075361855774597863e+00 1.117845194224186578e+01 1.021642812959455000e+03
1.099225585918351733e+00 1.116118537202638805e+01 8.949481082605688016e+02
1.123669812872944318e+00 1.113959296880629068e+01 7.819872767903206068e+02
1.148670295920116491e+00 1.111847841656673452e+01 6.839377985308730103e+02
1.174221303579387143e+00 1.109787818438466900e+01 5.974041563214603912e+02
1.200275470685250090e+00 1.108030915748367917e+01 5.218789144234370951e+02
1.226810875819306146e+00 1.106542074006158494e+01 4.536444898780127346e+02
1.253786779251076178e+00 1.104711652483449669e+01 3.981853234447071941e+02
1.281183773886450661e+00 1.103101398354549012e+01 3.479726968209437246e+02
1.308951666772874223e+00 1.101566360347957030e+01 3.040543825460836160e+02
1.337039075005209021e+00 1.100123446153577511e+01 2.645908447222966515e+02
1.365428545661478976e+00 1.098719724813774512e+01 2.325814707749387935e+02
1.394063996786620852e+00 1.097461043257472646e+01 2.026149479423625621e+02
1.422890665288545797e+00 1.096117457967048914e+01 1.782791996462585473e+02
1.451874973548402448e+00 1.094866324706809380e+01 1.562975151580870659e+02
1.480959174823512914e+00 1.093587128442665701e+01 1.372219016328034797e+02
1.510073463144972150e+00 1.092356068313277184e+01 1.205445359511579255e+02
1.539111668587750836e+00 1.091108313523018225e+01 1.055393333351904204e+02
1.567973751415040473e+00 1.089887513098638472e+01 9.333751372128816115e+01
1.596560827265937732e+00 1.088651134781980012e+01 8.237820544946060863e+01
1.624767217025893329e+00 1.087357702586853314e+01 7.255389640487237557e+01
1.652509396800796670e+00 1.086011064798288572e+01 6.453178187768976670e+01
1.679677321244212207e+00 1.084695345686601442e+01 5.734383300756950774e+01
1.706162439778232232e+00 1.083182663006818380e+01 5.105836041228695876e+01
1.731876455335787934e+00 1.081679852207953196e+01 4.557306964411942118e+01
1.756734186759510541e+00 1.080143539402560826e+01 4.076226336603751577e+01
1.780637784428063419e+00 1.078307409332884248e+01 3.660584111092938997e+01
1.803481327428039238e+00 1.076472578219257237e+01 3.284152226426510168e+01
1.825147144554558176e+00 1.074562382505819969e+01 2.976674006010156504e+01
1.845602597506547538e+00 1.072467550866681130e+01 2.698078732390518297e+01
1.864716473942636954e+00 1.070140717596022029e+01 2.454210548882532805e+01
1.882378823617457231e+00 1.067756958950251978e+01 2.233845771372776667e+01
1.898492862776705037e+00 1.065215624415748508e+01 2.048814105667302954e+01
1.912922325885463959e+00 1.062415482504349917e+01 1.887928083620634823e+01
1.925517181441582348e+00 1.059558779113893934e+01 1.753048065711329784e+01
1.936080791596356043e+00 1.056478315721200012e+01 1.632292119562348276e+01
1.944344406522096724e+00 1.053311291555044171e+01 1.526507822577986317e+01
1.949944374664156266e+00 1.050002231255107965e+01 1.449259943229793635e+01
1.950560410224791319e+00 1.047759114673957725e+01 1.412136403692230147e+01
