1.547262271347059759e+01 2.216084707580736057e-01 3.548697205956490710e+06
1.514926933963213962e+01 2.307816733066221648e-01 2.903510294757161289e+06
1.484402748334421673e+01 2.405739010282747781e-01 2.409794042528849561e+06
1.455994754607316466e+01 2.510175793962310942e-01 1.966738482585828751e+06
1.431249336614902923e+01 2.621337078420590827e-01 1.611986918463893468e+06
1.410203346441830341e+01 2.739647995150717996e-01 1.328093315269715386e+06
1.389192200572269620e+01 2.865324309449603923e-01 1.079902684181146091e+06
1.371306291085658202e+01 2.998550670680198427e-01 8.828584208345937077e+05
1.355044825600497482e+01 3.139872564046935488e-01 7.198176373256361112e+05
1.341106483664503024e+01 3.289308154143421592e-01 5.857442723727722187e+05
1.328470202884999907e+01 3.447204732294046892e-01 4.783550457091919379e+05
1.317889059763219528e+01 3.613848981537728933e-01 3.892567006025823066e+05
1.307840325577774365e+01 3.789511845870071616e-01 3.175140691862328677e+05
1.299606853312181975e+01 3.974373017585123846e-01 2.582231780621976068e+05
1.292564592879881680e+01 4.168692271519774395e-01 2.102421434433862451e+05
1.286611628246565253e+01 4.372645868132313818e-01 1.712113878219351172e+05
1.282006738594222739e+01 4.586461563527006180e-01 1.396652486600524571e+05
1.278070901352639233e+01 4.810373431218561979e-01 1.136371924038132711e+05
1.275278990801577983e+01 5.044479623867011986e-01 9.274673469261743594e+04
1.272961353635433390e+01 5.288835966963630897e-01 7.571834889983240282e+04
1.271619772103239221e+01 5.543724152875060263e-01 6.180272320175312780e+04
1.270943746376626393e+01 5.809188698555654007e-01 5.051771118261862284e+04
1.270975041860137722e+01 6.085203362454574272e-01 4.129478397063468583e+04
1.271564221164640429e+01 6.371932557235270300e-01 3.379979715927979851e+04
1.272725741005769073e+01 6.669532180303712199e-01 2.768862670463802715e+04
1.274185234432900238e+01 6.977410727837579651e-01 2.274909545419175993e+04
1.276076180253972225e+01 7.296113263120863612e-01 1.869172093263517672e+04
1.278420163710898905e+01 7.625339519298002244e-01 1.539156224392848890e+04
1.281045490478554960e+01 7.964862066551177122e-01 1.265639807411787660e+04
1.284182544662688663e+01 8.314632888974260450e-01 1.045035733581752356e+04
1.287292876140969611e+01 8.674619536226784167e-01 8.631425316375456532e+03
1.290633691531886384e+01 9.043997867744507646e-01 7.137205076538773938e+03
1.294253892495508396e+01 9.422989943348101249e-01 5.921225359194298107e+03
1.298005433461291247e+01 9.811198587508964675e-01 4.912861300664395458e+03
1.301762192825483311e+01 1.020804628868527075e+00 4.078442321511978207e+03
1.305709125853802455e+01 1.061334943329733660e+00 3.395936120288842176e+03
1.309704578974520750e+01 1.102665607377857127e+00 2.833614600185259405e+03
1.313678251061508995e+01 1.144700007867653468e+00 2.367085926070942605e+03
1.317706372346523658e+01 1.187440843161077009e+00 1.981952245448415852e+03
1.321720797331144226e+01 1.230800770453587489e+00 1.660255404795132108e+03
1.325492651385432197e+01 1.274671019219841606e+00 1.388913769133670712e+03
1.329372066452534895e+01 1.318918447863853372e+00 1.175826095290853800e+03
1.333048190466148242e+01 1.363415377742756007e+00 9.921131423459379448e+02
1.336458739964162312e+01 1.408031811763200691e+00 8.397761295034794102e+02
1.340024946051023136e+01 1.452593160728953281e+00 7.127419624556105191e+02
1.342892029840273516e+01 1.497038549167786226e+00 6.069337392185958606e+02
1.345952644719525715e+01 1.541168817270732960e+00 5.174749448554714490e+02
1.348763950736777595e+01 1.584905467337921703e+00 4.431192546136011856e+02
1.350796561971512411e+01 1.628058274717192333e+00 3.808113956528595168e+02
1.352897643828315211e+01 1.670538493486111609e+00 3.282346568319316020e+02
1.354597019486437226e+01 1.712242593924059531e+00 2.815285651421210673e+02
1.355909738192763037e+01 1.753041764702803151e+00 2.460683477109232342e+02
1.356990775659175164e+01 1.792809675381432877e+00 2.123726377084875310e+02
1.357515316002046468e+01 1.831463608958555866e+00 1.869118276774543972e+02
1.357792031167933189e+01 1.868904121995831780e+00 1.636449707074140463e+02
1.357957334960321916e+01 1.905049981018072991e+00 1.438278491067722200e+02
1.357238910940705523e+01 1.939826320428966522e+00 1.267099857864321422e+02
1.356636827800090828e+01 1.973158076966651908e+00 1.119456543821086427e+02
1.355376057852541827e+01 2.004983086217958732e+00 9.878962920262429748e+01
1.353516426263395367e+01 2.035265550943935242e+00 8.858459112561391180e+01
1.351463528141892212e+01 2.063954287216874128e+00 7.909527176373924817e+01
1.349130616032313412e+01 2.091021132892338041e+00 7.082805817136429027e+01
1.346346591812961968e+01 2.116434475386161029e+00 6.365780691305404559e+01
1.343223638375558870e+01 2.140194444344459601e+00 5.739923225127434137e+01
1.339856940436195210e+01 2.162258476688048603e+00 5.193673763642275532e+01
1.336066686489452771e+01 2.182653771925986419e+00 4.709543546152904980e+01
1.331961491882626802e+01 2.201377948341014967e+00 4.285812176622690117e+01
1.327558472196632167e+01 2.218435665137835855e+00 3.915592273101858467e+01
1.322833799640515373e+01 2.233856274154321753e+00 3.581556842251438155e+01
1.317808829337649357e+01 2.247643938143492282e+00 3.289331343537597974e+01
1.312510069583280270e+01 2.259838562983580434e+00 3.026558657900122284e+01
1.306972299977396901e+01 2.270468475051141688e+00 2.793551472661711799e+01
1.301204961003294791e+01 2.279579422425193513e+00 2.585213572348427391e+01
1.295266273414844349e+01 2.287198054524090196e+00 2.399890983085988339e+01
1.289055388849217465e+01 2.293366783386660224e+00 2.233198658092080890e+01
1.282635535602359234e+01 2.298139879377280259e+00 2.083601940902113014e+01
1.276075158132710641e+01 2.301552100545938728e+00 1.942636990650101581e+01
1.269256121051192210e+01 2.303625289043686131e+00 1.827878214226674558e+01
1.262356590901495146e+01 2.304376444257398404e+00 1.719727853115585958e+01
1.255356875253864857e+01 2.303772830001456828e+00 1.623037938797053314e+01
1.248258295838379439e+01 2.301820153239150457e+00 1.537962728265264722e+01
1.241160668760217156e+01 2.298528084286296735e+00 1.454716646270392744e+01
1.233911618923697340e+01 2.293899756592438166e+00 1.393692687639368799e+01
1.226829929362960492e+01 2.287947750225717503e+00 1.335892924973756024e+01
1.219719747122422326e+01 2.280710616541094637e+00 1.285849155903047603e+01
1.212761832827065511e+01 2.272237283556523213e+00 1.244785900016144709e+01
1.206022028730657070e+01 2.262600055569381485e+00 1.211078245908021422e+01
1.199595852359950321e+01 2.251942568544854417e+00 1.185247674540661045e+01
1.193428877846323566e+01 2.240220277357303669e+00 1.168064541130207523e+01
1.187306959116985894e+01 2.227401216229491610e+00 1.155887777517334669e+01
1.181112865723305205e+01 2.213555204260900133e+00 1.146453539412857126e+01
1.174835546133746966e+01 2.198791988882613069e+00 1.140041370756724959e+01
1.168386202542757779e+01 2.183259867424161893e+00 1.135019115883394392e+01
1.161886604784941746e+01 2.166999397162412855e+00 1.131560149434935525e+01
1.155168382066587718e+01 2.150126263914392322e+00 1.129147028466213953e+01
1.148239612554285394e+01 2.132695210105580053e+00 1.124642225720458910e+01
1.141297066806555627e+01 2.114820058828549509e+00 1.128703358314968419e+01
1.134176455123790106e+01 2.096608040703630049e+00 1.124590123406061082e+01
1.127033812495684906e+01 2.078347423325910270e+00 1.128839909873269143e+01
1.120148716730480309e+01 2.060294327268793246e+00 1.125680064431761096e+01
