2.217562467729244646e-01 1.542787847902425646e+01 3.510460241336829960e+06
2.308082165116515372e-01 1.512072543046102524e+01 2.908400126449792180e+06
2.404631149075002472e-01 1.483718712142366769e+01 2.413011643088338897e+06
2.507557565854622861e-01 1.456129406507558244e+01 1.983800658730201889e+06
2.617154363926199045e-01 1.432984958945127829e+01 1.634579285123334732e+06
2.733712210500423567e-01 1.410331381998193123e+01 1.336306061571073020e+06
2.857422716371387228e-01 1.391544156224136763e+01 1.093803054811435519e+06
2.988692538755651773e-01 1.372031758581071514e+01 8.970744836866559926e+05
3.127807254429914030e-01 1.357606913997436671e+01 7.341193213214029092e+05
3.274851092625192250e-01 1.343286733258718435e+01 6.003618484088418772e+05
3.430196272890719822e-01 1.330493391084861443e+01 4.914824479714575573e+05
3.594120795255336120e-01 1.319731961326068870e+01 4.011995085449386970e+05
3.766891065789451654e-01 1.310604436215893642e+01 3.274192994654236245e+05
3.948692915640105716e-01 1.301881755665581331e+01 2.673221550487077911e+05
4.139763483844170477e-01 1.294861666321540561e+01 2.182670996877476282e+05
4.340284404780199168e-01 1.288960572447276576e+01 1.782381402099110128e+05
4.550535769890501347e-01 1.284446016015952452e+01 1.452989940166586020e+05
4.770640345496839907e-01 1.280476457679243119e+01 1.189379365071276261e+05
5.000755113077667291e-01 1.277743307142548446e+01 9.713970849387538328e+04
5.241090204550107323e-01 1.275371147301984820e+01 7.938745825546377455e+04
5.491894622453479258e-01 1.273641487629590330e+01 6.434600163351627270e+04
5.752867408337507538e-01 1.273407418772179689e+01 5.300975988336426963e+04
6.024397678955750735e-01 1.273366103413350636e+01 4.366841006612779893e+04
6.306619694240256369e-01 1.273795704138062845e+01 3.578220656969254196e+04
6.599223305647988758e-01 1.275086392674355018e+01 2.942283382580328907e+04
6.902637243701030823e-01 1.276438282600735086e+01 2.422258882708393867e+04
7.216407097100611123e-01 1.278596497499173879e+01 1.994043074623717985e+04
7.540977507633599419e-01 1.280904663887129225e+01 1.642368157137994785e+04
7.875544227695160382e-01 1.283674180095146333e+01 1.354806785473133095e+04
8.220709362806413179e-01 1.286774496725814920e+01 1.111154192967923882e+04
8.575511193643544638e-01 1.289884477825208897e+01 9.269056516723721870e+03
8.940423199167724100e-01 1.293606070379620121e+01 7.691720650524209304e+03
9.314927742082339535e-01 1.297165296619464314e+01 6.380862117860413491e+03
9.698869988609603032e-01 1.301107090612135764e+01 5.297453900653929850e+03
1.009137989422940862e+00 1.305077636457341228e+01 4.411956091793033011e+03
1.049288835892916882e+00 1.309189030563719314e+01 3.678209149762678862e+03
1.090216861625118216e+00 1.313369863514064484e+01 3.074270765923373801e+03
1.131934441516897927e+00 1.317558514785206647e+01 2.569799343715053055e+03
1.174372900790491503e+00 1.321846919623445515e+01 2.153650720331149387e+03
1.217500631757034490e+00 1.326000754435757045e+01 1.807189570758032460e+03
1.261214383023277152e+00 1.330118160597215393e+01 1.519621038147495938e+03
1.305483072546723466e+00 1.334277846763851905e+01 1.280515282199662352e+03
1.350239619916723033e+00 1.338237002873903236e+01 1.080676465263451746e+03
1.395394620127478724e+00 1.342207734079552495e+01 9.135929497497511420e+02
1.440925673644686711e+00 1.345991453064084098e+01 7.742144401161970109e+02
1.486748371120426793e+00 1.349706048799461655e+01 6.566723711939926034e+02
1.532750119114181242e+00 1.353371081839330259e+01 5.539081463130277143e+02
1.578913773316621194e+00 1.356845117429798364e+01 4.759336700350660863e+02
1.625116051657474081e+00 1.359734090073596668e+01 4.063633197084166113e+02
1.671301321711537113e+00 1.362735413402621631e+01 3.479971907345972113e+02
1.717373359539699162e+00 1.365764215547428506e+01 2.978953774460046020e+02
1.763278343347635557e+00 1.368180176767662992e+01 2.558910464123699740e+02
1.808928520617787417e+00 1.370499944985527208e+01 2.202517320227430559e+02
1.854253046309182862e+00 1.372647721958562173e+01 1.897997029454459152e+02
1.899170337872311265e+00 1.374575875029203686e+01 1.640994925294666302e+02
1.943594752805959391e+00 1.376210952587024039e+01 1.420204357694632620e+02
1.987457063688976566e+00 1.377542321581838536e+01 1.232964872353378780e+02
2.030688435636006872e+00 1.378984922906225563e+01 1.071649760031617831e+02
2.073226706001159769e+00 1.379673477655359015e+01 9.342025518199167777e+01
2.115011071123678921e+00 1.380249753737478535e+01 8.150720303051984672e+01
2.155952006586510983e+00 1.380537981701398742e+01 7.130257223034831782e+01
2.196009721696926320e+00 1.380645045373243640e+01 6.251273878331201672e+01
2.235126628244900715e+00 1.380460357532297699e+01 5.494359732743598101e+01
2.273242713931024728e+00 1.379983066466137842e+01 4.836385241162562920e+01
2.310315463301211736e+00 1.379239263454591580e+01 4.272610313344005561e+01
2.346288541116090975e+00 1.378260449327166626e+01 3.773821895921528835e+01
2.381098483658250053e+00 1.377061029721958185e+01 3.345823038532532934e+01
2.414636936890740770e+00 1.375532769529818644e+01 2.971533368201649239e+01
2.446793722013313577e+00 1.373766345011175716e+01 2.646984155745414924e+01
2.477476904456534346e+00 1.371716117153196635e+01 2.362720942246467359e+01
2.506591482768615986e+00 1.369417465226649000e+01 2.114883210805475500e+01
2.534060745666187220e+00 1.366775507327720618e+01 1.890411094601854103e+01
2.559808899272990601e+00 1.363906251030719119e+01 1.710670505785343565e+01
2.583793003003388655e+00 1.360790789601916018e+01 1.546148268518836844e+01
2.605963174287371675e+00 1.357399444036022373e+01 1.401485698016349168e+01
2.626269778834003255e+00 1.353685176005549273e+01 1.274778456912283886e+01
2.644675028951845253e+00 1.349836204290334685e+01 1.163653592356476807e+01
2.661167555924684347e+00 1.345570583281082833e+01 1.064922224871543754e+01
2.675731081754845864e+00 1.341111999617007200e+01 9.786278586316997874e+00
2.688371880340850062e+00 1.336411426859094220e+01 9.027676137345160612e+00
2.699070511537694284e+00 1.331483901836478800e+01 8.354367477194992730e+00
2.707877884958744374e+00 1.326332661953730430e+01 7.761183341092341870e+00
2.714787819606062858e+00 1.320959844636839087e+01 7.229399322140813489e+00
2.719827318457323617e+00 1.315367794038581550e+01 6.768256087348807348e+00
2.723028755531292422e+00 1.309613302462020457e+01 6.352311193169443371e+00
2.724432811692854894e+00 1.303687444363028369e+01 5.988499273057009908e+00
2.724069095800676354e+00 1.297515886452194955e+01 5.669175750439708672e+00
2.722006254297402172e+00 1.291374450125835160e+01 5.385067028191207861e+00
2.718275614699184217e+00 1.284967209393344234e+01 5.139194721714245517e+00
2.712967543607367027e+00 1.278537225887491680e+01 4.919689927685888087e+00
2.706104240489431323e+00 1.272055265832828219e+01 4.734934027357383890e+00
2.697796281878587887e+00 1.265545519046738399e+01 4.555852951366492043e+00
2.688121179041202513e+00 1.258947703921531591e+01 4.435376733890487699e+00
2.677257448230387471e+00 1.252444311847724023e+01 4.318955834345080014e+00
2.665366448471730987e+00 1.246192487825080697e+01 4.215149822572815452e+00
2.653207762804346892e+00 1.240655626495847130e+01 4.163199033634243484e+00
2.641238797163398377e+00 1.236360821388721121e+01 4.170341004070249546e+00
2.629228062041276903e+00 1.232793779596149086e+01 4.181676635969806100e+00
2.617271581755228116e+00 1.229811997713160565e+01 4.244897519561699362e+00
2.605512383474270166e+00 1.227262764801512773e+01 4.310530060278672693e+00
