1.551880456473743486e+01 2.219171498451082691e-01 3.468485576284990180e+06
1.513167137359223346e+01 2.304546253133546163e-01 2.926574374158626422e+06
1.485714382642360576e+01 2.395418278725529315e-01 2.445954967692223378e+06
1.462089339333932436e+01 2.492031825312048254e-01 2.046942730374724837e+06
1.437813552239851056e+01 2.594579739313547795e-01 1.694619390752016567e+06
1.417494274285480849e+01 2.703288282307683699e-01 1.414072690178444609e+06
1.399662398399057217e+01 2.818564500475344570e-01 1.167602621361917350e+06
1.380154324756779793e+01 2.940391542435552008e-01 9.693407285106400959e+05
1.364582022926659377e+01 3.069187374389021894e-01 8.000682386789117008e+05
1.350538467670354592e+01 3.205227278547462255e-01 6.627744887216809439e+05
1.337583198178353072e+01 3.348516596960251501e-01 5.471304739324972034e+05
1.326904317125877419e+01 3.499439444842166735e-01 4.520851409895970719e+05
1.317096317489368751e+01 3.658202751840310962e-01 3.727627600074813818e+05
1.308509046155922917e+01 3.824997577978245800e-01 3.080098199770511710e+05
1.301228047270139498e+01 4.000032669308345445e-01 2.542207825598793861e+05
1.294860398003978652e+01 4.183478295040357620e-01 2.099178459594008746e+05
1.289875502770981086e+01 4.375565323177441068e-01 1.734200088298171759e+05
1.285271272973083789e+01 4.576401764995973731e-01 1.430102853192732728e+05
1.282057175710965780e+01 4.786195840628303388e-01 1.182119811274902167e+05
1.279524871255825502e+01 5.005189062838409919e-01 9.764998919811965607e+04
1.277899528505275484e+01 5.233164289426797122e-01 7.991327314951203880e+04
1.276041484551360305e+01 5.470719584183297846e-01 6.681638398270351172e+04
1.275490109352734613e+01 5.717693487323493029e-01 5.525193486452272191e+04
1.275641279296415398e+01 5.974158262655755447e-01 4.578369907576185506e+04
1.276142404660281215e+01 6.240050688611287200e-01 3.803735988171000645e+04
1.277201137124743191e+01 6.515695470572991921e-01 3.152005651167617543e+04
1.278692075133303341e+01 6.801222059988897284e-01 2.616771230473744799e+04
1.280502784040475284e+01 7.095931287351803229e-01 2.178387674558416256e+04
1.282895791001736008e+01 7.400640659499805318e-01 1.813481803270613091e+04
1.285561292285908941e+01 7.714509213578493174e-01 1.510291889025386263e+04
1.288380967585403525e+01 8.038178131082851507e-01 1.260053996472969084e+04
1.291502056571308366e+01 8.370753771168313317e-01 1.053472597361808766e+04
1.295054776427516607e+01 8.712871550621511529e-01 8.796724892064828964e+03
1.298478024898609817e+01 9.063590445783581417e-01 7.368976191606951033e+03
1.302258313821846514e+01 9.423359890549793949e-01 6.178419158419930682e+03
1.306326563767636628e+01 9.791403695195280976e-01 5.187581614100355182e+03
1.310363719771628865e+01 1.016790933098060012e+00 4.359495679461970212e+03
1.314358009773214420e+01 1.055201073217617358e+00 3.674443341218864589e+03
1.318471935391981908e+01 1.094399371611625149e+00 3.094833216046096368e+03
1.322830263080641444e+01 1.134272617595081689e+00 2.615498941008099791e+03
1.326813781458444375e+01 1.174842299908047671e+00 2.211612766849127638e+03
1.331212001313373250e+01 1.216051399622669837e+00 1.853695373993508383e+03
1.335365650489670131e+01 1.257845817293413937e+00 1.587578722458175889e+03
1.339518732893405684e+01 1.300155517179711229e+00 1.348737601870983099e+03
1.343575046130272987e+01 1.342947573505255399e+00 1.149037495426763599e+03
1.347548094648209371e+01 1.386166536348290901e+00 9.703918646723551547e+02
1.351567769324872970e+01 1.429750858004927849e+00 8.361510353113810652e+02
1.355371239849422160e+01 1.473622308919056989e+00 7.089648149280826601e+02
1.358977585173149194e+01 1.517755963718282031e+00 6.125409342527192393e+02
1.362634021076722846e+01 1.562079811650066263e+00 5.259125982716832368e+02
1.366061426126665523e+01 1.606500802425703478e+00 4.521737832640837951e+02
1.369233112854068146e+01 1.650997042462624576e+00 3.892594987332941514e+02
1.372379463400483068e+01 1.695461418704193868e+00 3.361962342119055620e+02
1.375277372033666801e+01 1.739845649588051435e+00 2.905714253810172636e+02
1.378071420026132010e+01 1.784083437632215219e+00 2.513011374893366678e+02
1.380560831308274494e+01 1.828092319614224470e+00 2.181804987667512705e+02
1.382786242075066419e+01 1.871824418542137103e+00 1.895802803956814557e+02
1.385026513560572781e+01 1.915204862828620458e+00 1.647999404818002347e+02
1.386693305737834336e+01 1.958177221591175465e+00 1.438518648213296842e+02
1.388292634515450175e+01 2.000673466791780264e+00 1.248138561421015282e+02
1.389895373708035997e+01 2.042619978599398589e+00 1.101358243868323967e+02
1.390851968159123686e+01 2.083967237788793891e+00 9.659178443389568258e+01
1.391734119171010953e+01 2.124661010385676896e+00 8.484786596878761600e+01
1.392433919579042012e+01 2.164636060623234659e+00 7.461523938868205619e+01
1.392863458024118728e+01 2.203845252788478426e+00 6.587718320626392199e+01
1.393060853071435901e+01 2.242231645226115955e+00 5.823717212322037540e+01
1.393050510769547046e+01 2.279754618657706011e+00 5.156308443719225920e+01
1.392834074460269456e+01 2.316368847095829242e+00 4.550606454106550558e+01
1.392226397218882994e+01 2.352026742556160510e+00 4.063786771605298043e+01
1.391491354449482998e+01 2.386695272302603588e+00 3.616031864592514466e+01
1.390500119409398572e+01 2.420332241048162469e+00 3.227168929900967953e+01
1.389253712519375661e+01 2.452912007970857733e+00 2.883644509602515882e+01
1.387799493487456637e+01 2.484404620056926749e+00 2.583281607237938005e+01
1.386116865279247712e+01 2.514784062404896492e+00 2.317658391446127553e+01
1.384241315653824600e+01 2.544027690161945188e+00 2.082388674535320661e+01
1.382102330879010665e+01 2.572118242697939205e+00 1.875922403711823705e+01
1.379762521703607803e+01 2.599009949794380159e+00 1.691246779844518144e+01
1.377174775668371431e+01 2.624594784248117207e+00 1.522524474703794795e+01
1.374460312757416425e+01 2.648751973488655320e+00 1.387322581683492295e+01
1.371412335337041100e+01 2.671355126345315689e+00 1.261726979104193624e+01
1.368261830435387694e+01 2.692277755327815214e+00 1.149745904868002278e+01
1.364842989958707165e+01 2.711381056256760402e+00 1.052921397350921673e+01
1.361166368290490958e+01 2.728502161364875445e+00 9.666871080815145234e+00
1.357306430184246260e+01 2.743517014522543818e+00 8.915801490509538851e+00
1.353213137751525075e+01 2.756173425571993629e+00 8.266291106119842524e+00
1.348839944855648731e+01 2.766242901978232194e+00 7.706290717999268125e+00
1.344354465869489523e+01 2.773247574960181705e+00 7.242298341190194222e+00
1.340489393044833299e+01 2.774611870480994558e+00 6.971228832190478286e+00
1.337413007634429363e+01 2.767818558519275385e+00 6.925172254910337166e+00
1.334112844540225673e+01 2.757307013222181524e+00 6.946885139212539251e+00
1.330589231917993409e+01 2.744456378138414809e+00 7.004846745564766053e+00
1.326750131058396143e+01 2.729906323511722910e+00 7.080880580340373598e+00
1.322775754656921876e+01 2.714057533119784260e+00 7.182753954331123403e+00
1.318532344690828850e+01 2.697120400622991632e+00 7.299804140646506845e+00
1.314236831266655336e+01 2.679552188099098231e+00 7.422954243940094621e+00
1.310235236859009511e+01 2.662726872928576238e+00 7.555413874626510484e+00
1.306589406604215498e+01 2.646806444953553328e+00 7.694309154564037634e+00
1.303000023326730172e+01 2.630514076208950058e+00 7.843622243551017448e+00
1.299325039006851057e+01 2.613574383084984465e+00 7.982452278826571046e+00
1.295504837844753077e+01 2.595918738571247442e+00 8.201133347259567330e+00
