1.542747938454372303e+01 2.223404995946272056e-01 3.461223428579014260e+06
1.507569519458563967e+01 2.323786562598927907e-01 2.820934071070863865e+06
1.477586591594455889e+01 2.431907400910105210e-01 2.299981544900602661e+06
1.448412232920834164e+01 2.548050340003274461e-01 1.847702503626181744e+06
1.423628380559717677e+01 2.672723015847394135e-01 1.488781424615477910e+06
1.400952869578305204e+01 2.806188283163415509e-01 1.198246793857147219e+06
1.380590344910363498e+01 2.949029321208218035e-01 9.605677939401088515e+05
1.362676958793876913e+01 3.101403062051296677e-01 7.724224010809198953e+05
1.347825593352182594e+01 3.263907944010386863e-01 6.174254711291288259e+05
1.334173752822582415e+01 3.436826813654749180e-01 4.889187490165258059e+05
1.322131925905605776e+01 3.620440266247780259e-01 3.956458446072910447e+05
1.312102338685367187e+01 3.815266146513837664e-01 3.162422990048947395e+05
1.303605937452179830e+01 4.021719977219483932e-01 2.522477001220262318e+05
1.296784853891819544e+01 4.239824667474185182e-01 2.020089177708177303e+05
1.291451841121995514e+01 4.470083139477469270e-01 1.612436778500038199e+05
1.287165964073796864e+01 4.712807685557077741e-01 1.289801521233306266e+05
1.284374470062384255e+01 4.968245795437155055e-01 1.033163333721284143e+05
1.282380381177514117e+01 5.236562313095894927e-01 8.257710726648883428e+04
1.281329930979804033e+01 5.518194595732386354e-01 6.627910210599881248e+04
1.281185554588821951e+01 5.813326776547795838e-01 5.311932043346497085e+04
1.281987616677756670e+01 6.121697834123589477e-01 4.259620051182014868e+04
1.283229710057264050e+01 6.443903144694083096e-01 3.429067227421913412e+04
1.285471744804846495e+01 6.779845505474642042e-01 2.754206722875339983e+04
1.288154952363735539e+01 7.129724852674506064e-01 2.217917797957516450e+04
1.291362687937228237e+01 7.493163368883689612e-01 1.790817278489406090e+04
1.295165639896319831e+01 7.870260251775894611e-01 1.446364210748230653e+04
1.299270544556595652e+01 8.260926119223894748e-01 1.169181602498104621e+04
1.303752259256358137e+01 8.664902993394481001e-01 9.484600688409795112e+03
1.308537464574673237e+01 9.082042155829354035e-01 7.695382309798825190e+03
1.313372837192999576e+01 9.512130767282060972e-01 6.262127861945323275e+03
1.318721218821449170e+01 9.954489121746834535e-01 5.106632501074127504e+03
1.324150187379757249e+01 1.040896578296720554e+00 4.162400119522931163e+03
1.329741297732296168e+01 1.087490775881445604e+00 3.404891817005425310e+03
1.335382814431270226e+01 1.135203055454367949e+00 2.786657188510458582e+03
1.341035446435308387e+01 1.183919348155775264e+00 2.292852113504028694e+03
1.346845188084687628e+01 1.233615291131784808e+00 1.885939947076671388e+03
1.352494197670077369e+01 1.284204800015882997e+00 1.538570700324468817e+03
1.358151014760495556e+01 1.335622618339398437e+00 1.283574400184693786e+03
1.363763801983014190e+01 1.387743723481850155e+00 1.063991583245460788e+03
1.369083697221042328e+01 1.440501995140079483e+00 8.830029785771852175e+02
1.374499925130753830e+01 1.493797677323525086e+00 7.288377159058990173e+02
1.379664706372846794e+01 1.547540225169428130e+00 6.119761053643394462e+02
1.384468309478877757e+01 1.601621370015549495e+00 5.118713617972319980e+02
1.389274640526853766e+01 1.655937814390289864e+00 4.286134795317623798e+02
1.393973136137175395e+01 1.710374124743890167e+00 3.599276316604854742e+02
1.398314628357372591e+01 1.764802492163157543e+00 3.029057230940458680e+02
1.402359995440071927e+01 1.819162969133154117e+00 2.556371576754610828e+02
1.406161146317565347e+01 1.873296864280683538e+00 2.162954273656468445e+02
1.409679647264051461e+01 1.927062108099602433e+00 1.835147998571181063e+02
1.412933520234300744e+01 1.980263452284786396e+00 1.560457775112818410e+02
1.415979276811420640e+01 2.032667949896822090e+00 1.330945475336751258e+02
1.418237618274313050e+01 2.084096007317507659e+00 1.139128960884368951e+02
1.420323514951627253e+01 2.134346838521950840e+00 9.784526077428705548e+01
1.422053557810036395e+01 2.183246859393068728e+00 8.428424588602806011e+01
1.423337192608781621e+01 2.230607694282714881e+00 7.295950192932166090e+01
1.424220550481484970e+01 2.276254537468256345e+00 6.331318201770861975e+01
1.424615775428964248e+01 2.320067376026430317e+00 5.519021114304060660e+01
1.424526359284732280e+01 2.361895372974892826e+00 4.830970357630185674e+01
1.424074519148147999e+01 2.401590990497482814e+00 4.224103929008641956e+01
1.423052127063417771e+01 2.439098902313123318e+00 3.745310685076417201e+01
1.421576326337335061e+01 2.474300077677487941e+00 3.318129987595956720e+01
1.419656934579401408e+01 2.507114790931679771e+00 2.951548190550243334e+01
1.417275875420643594e+01 2.537490609536752206e+00 2.639657751488924120e+01
1.414507353911539234e+01 2.565374899238176631e+00 2.365540991022188422e+01
1.411234880327429941e+01 2.590713459323310985e+00 2.130641571433595871e+01
1.407530758063611565e+01 2.613529833306557748e+00 1.927289913521796905e+01
1.403387651360673161e+01 2.633779123251144494e+00 1.751870118137550492e+01
1.398849387098662511e+01 2.651475509882685877e+00 1.597764138192160921e+01
1.393950557046700389e+01 2.666640995736352160e+00 1.466260129402644097e+01
1.388633480316244473e+01 2.679290512723821571e+00 1.348483943946478547e+01
1.383019176057730704e+01 2.689487909104494978e+00 1.246159592798220217e+01
1.377115952188470160e+01 2.697252760733605648e+00 1.157197391786795038e+01
1.370804411126475841e+01 2.702652308556632299e+00 1.079386126283491265e+01
1.364253117614068067e+01 2.705735199685019410e+00 1.010957391703020392e+01
1.357535369746061349e+01 2.706580001186499995e+00 9.505541128386983729e+00
1.350517189409977625e+01 2.705263595364113982e+00 8.990397534435253135e+00
1.343358656079889357e+01 2.701876816471373122e+00 8.532657597201476207e+00
1.335987309444618454e+01 2.696517662011862271e+00 8.138077753192121122e+00
1.328578466306057493e+01 2.689261413016953206e+00 7.803083294146876625e+00
1.321016261248090906e+01 2.680219929239406884e+00 7.517375185161287554e+00
1.313516820037738064e+01 2.669542026111584754e+00 7.271114882651176892e+00
1.306015973418730347e+01 2.657335900358147818e+00 7.052796539317411906e+00
1.298667099871693686e+01 2.643800246834601797e+00 6.913602061771380924e+00
1.291249057701863734e+01 2.628673702313303551e+00 6.762457194605964617e+00
1.283494500900089363e+01 2.612479970179861333e+00 6.648127415219059699e+00
1.277535326018323936e+01 2.597850797652157873e+00 6.634462355093677211e+00
1.271887578261527807e+01 2.582019317585327212e+00 6.636279752819042699e+00
1.266251068993623541e+01 2.564826303385792095e+00 6.669708710856546929e+00
1.260382433848635131e+01 2.546400502194477777e+00 6.721932999014124555e+00
1.254365006283925865e+01 2.526867131612810180e+00 6.759746739331975007e+00
1.248168592964903034e+01 2.506340544945012017e+00 6.864349165378577311e+00
1.241727425659353834e+01 2.484936471255892787e+00 6.930389991310096143e+00
1.235013278518022339e+01 2.462739597059240726e+00 7.052145046664125339e+00
1.228200974463687523e+01 2.439867644014466652e+00 7.154715251494931927e+00
1.221134179868826131e+01 2.416391401561293506e+00 7.262758003763083892e+00
1.213894788297621830e+01 2.392382112897176061e+00 7.378710259342100564e+00
1.206510020627128554e+01 2.367918733261944908e+00 7.493331880009614032e+00
1.198875530311049609e+01 2.343064477779247756e+00 7.589297590738119048e+00
1.191068500434415434e+01 2.317901679413614691e+00 7.740453642602187045e+00
1.183215619972217780e+01 2.292476583404456925e+00 7.863584291028769435e+00
