1.541283288658458517e+01 2.224342267859168165e-01 3.471246439537918195e+06
1.512830413882337943e+01 2.319970767391402455e-01 2.890870365115029737e+06
1.481911817492521166e+01 2.422515943182667608e-01 2.329383588005649857e+06
1.451962760451673162e+01 2.532371492774461719e-01 1.909182748789126519e+06
1.428235246572629435e+01 2.649902306532344598e-01 1.557501040162664372e+06
1.405620874017879984e+01 2.775504307505682333e-01 1.260356194620823720e+06
1.386084049227152448e+01 2.909483617911872155e-01 1.022643254597109277e+06
1.368516122436228777e+01 3.052054485420096497e-01 8.298212349610307720e+05
1.353185734401340312e+01 3.203771575201722621e-01 6.701300538346322719e+05
1.338591976659142269e+01 3.364867765759093077e-01 5.430095695564439520e+05
1.327806956106343783e+01 3.535565014523933680e-01 4.387574958056601463e+05
1.317371496990653768e+01 3.716368339543134058e-01 3.544124320464849588e+05
1.308695092597822551e+01 3.907525461480116369e-01 2.860600272356962669e+05
1.301335689935915241e+01 4.109368018552558843e-01 2.315073896863904083e+05
1.295836658570786426e+01 4.322004371778255805e-01 1.868192257322131481e+05
1.290916488794200845e+01 4.545846119092936677e-01 1.508334615205243172e+05
1.287206021387416044e+01 4.781144405345413295e-01 1.219222505026755971e+05
1.285048731141138667e+01 5.028182490738131172e-01 9.853176726226664323e+04
1.283159701156402122e+01 5.287142947125758052e-01 7.975620167424506508e+04
1.282558066030181010e+01 5.558101502364830582e-01 6.457209843323958921e+04
1.282507838193104810e+01 5.841474288966505002e-01 5.234780584195598203e+04
1.283394795457259718e+01 6.137045691991398488e-01 4.250431860326844617e+04
1.284934031021877665e+01 6.445334103575470763e-01 3.443677617917881435e+04
1.287021065326818281e+01 6.766093519687423896e-01 2.798950964433615809e+04
1.289635076760548671e+01 7.099682058574948718e-01 2.277242191803106107e+04
1.292664720407896617e+01 7.445687238321123669e-01 1.857058411812131453e+04
1.296370407952130854e+01 7.804313478669561155e-01 1.514379653665486330e+04
1.300278097802910082e+01 8.175465015817393599e-01 1.236431075176206286e+04
1.304849404971296067e+01 8.558844172047985754e-01 1.011904760065938353e+04
1.309107940312101803e+01 8.954530726670167917e-01 8.287009945759422408e+03
1.313935814061313678e+01 9.362010526882527106e-01 6.812287011953120782e+03
1.319209850210294555e+01 9.781285073230912008e-01 5.597088806708601624e+03
1.324164447764897723e+01 1.021161917506020034e+00 4.604184292148738677e+03
1.329776425964427133e+01 1.065296619380450283e+00 3.798874557921187261e+03
1.335218031333777589e+01 1.110488694630197282e+00 3.137492834684755962e+03
1.340803829016407356e+01 1.156637057976611871e+00 2.601276827170699107e+03
1.346486134973592641e+01 1.203744217302542996e+00 2.149109655590421880e+03
1.352050801825219217e+01 1.251742976084438519e+00 1.789155150072078641e+03
1.357463641891326489e+01 1.300517880393895931e+00 1.488848975624528748e+03
1.363218631951854753e+01 1.350058661783967828e+00 1.242030507108880329e+03
1.368561414363433926e+01 1.400265650127302530e+00 1.037630678397403699e+03
1.373933613814833699e+01 1.451052618625471302e+00 8.689343599785469223e+02
1.379244722125145550e+01 1.502326415381851188e+00 7.289146017534361590e+02
1.384214978268397722e+01 1.554027402319581252e+00 6.127465552049955022e+02
1.389283101753206573e+01 1.606057592764697395e+00 5.166152782299878936e+02
1.394076158706172031e+01 1.658303436983437518e+00 4.363878934475191613e+02
1.398649729499734562e+01 1.710608957822915555e+00 3.691923861901206578e+02
1.402905467027635034e+01 1.762802861050297709e+00 3.133265643223786583e+02
1.406952141014582303e+01 1.814699964890300166e+00 2.666577240223592185e+02
1.410710059508892655e+01 1.866189313544745820e+00 2.276069341683395066e+02
1.414186305139627109e+01 1.917088192905982202e+00 1.946865843735522787e+02
1.417320894525615493e+01 1.967203891936524229e+00 1.672501929815397261e+02
1.420050271964904987e+01 2.016481385656155645e+00 1.439553564968881858e+02
1.422523803588767066e+01 2.064686826294650057e+00 1.243928234439666909e+02
1.424479717777342280e+01 2.111705414041851192e+00 1.078566560276934752e+02
1.426371310373797208e+01 2.157453668243671352e+00 9.370942869949928422e+01
1.427330378356037244e+01 2.201772307857279287e+00 8.182522422516450433e+01
1.428285790415002587e+01 2.244601020705227157e+00 7.155490001426665003e+01
1.428582669745326328e+01 2.285797923173675361e+00 6.288861483330209268e+01
1.428816758492688876e+01 2.325296941603793854e+00 5.540509013607405819e+01
1.428193283166620731e+01 2.363014260936624478e+00 4.899524749688816883e+01
1.427313518030003792e+01 2.398909129771665594e+00 4.346284734148984796e+01
1.426129956544615496e+01 2.432909463496482516e+00 3.870158383868270136e+01
1.424318419172133510e+01 2.464962810072581778e+00 3.454912706688136126e+01
1.422333847341341340e+01 2.495071609267215607e+00 3.097025463821337254e+01
1.419805153984288815e+01 2.523174356319803913e+00 2.785465146329183739e+01
1.416983337458503200e+01 2.549297455794898859e+00 2.510794291775944842e+01
1.413766500759903622e+01 2.573402496785131000e+00 2.273921614616943643e+01
1.410174245298701479e+01 2.595516934467088532e+00 2.063503522550340818e+01
1.406281111591692401e+01 2.615632570082595532e+00 1.878119235287832112e+01
1.401964121333830882e+01 2.633793233433305847e+00 1.714292985895097488e+01
1.397356736506692343e+01 2.650023286294814095e+00 1.571780765785392475e+01
1.392421738533095343e+01 2.664340443120903679e+00 1.442800735349995378e+01
1.387257959506938043e+01 2.676790386635157226e+00 1.331225702636162112e+01
1.381774654106935074e+01 2.687421221606590027e+00 1.230466504935449557e+01
1.376019702874351935e+01 2.696276080154839327e+00 1.141028914666455840e+01
1.370026568177025261e+01 2.703410114132657416e+00 1.061010796638048781e+01
1.363806523356487510e+01 2.708863308017879667e+00 9.895198256747645971e+00
1.357396151965662234e+01 2.712715604864520902e+00 9.252622484917061740e+00
1.350724274150851656e+01 2.715026781329184402e+00 8.674271870952077634e+00
1.343930791111365330e+01 2.715838101027501672e+00 8.152909275843233772e+00
1.337016190959074180e+01 2.715221059495538380e+00 7.689803362513645268e+00
1.329834255438874990e+01 2.713254509620153243e+00 7.260585131228925349e+00
1.322641124947852376e+01 2.709981575977422175e+00 6.886194380615849653e+00
1.315240876112576629e+01 2.705473305546208351e+00 6.543438950042684610e+00
1.307745882735279075e+01 2.699795024472402716e+00 6.201725173069675634e+00
1.300179730248331289e+01 2.693011048955911590e+00 5.942153587460307307e+00
1.292486831810458803e+01 2.685180052796920513e+00 5.687338276188280695e+00
1.284769233570586877e+01 2.676375406812581126e+00 5.449931354361410740e+00
1.277009632381713899e+01 2.666645828510886052e+00 5.239219985650241718e+00
1.269180842680943933e+01 2.656050063752573465e+00 5.048103951670714018e+00
1.261394792407980070e+01 2.644667580206463864e+00 4.872210856620126762e+00
1.253571495255036972e+01 2.632533082318913920e+00 4.697925629120977220e+00
1.245715821510163046e+01 2.619749085226284802e+00 4.571720991060526984e+00
1.238627239920889700e+01 2.606961052352363417e+00 4.465103727325706373e+00
1.232409831955592949e+01 2.593918698592551308e+00 4.381852809430367479e+00
1.226976856610699151e+01 2.580534795531970627e+00 4.364751888270355096e+00
1.222251607980014754e+01 2.567095106583538566e+00 4.352754097381054343e+00
1.218339417298956029e+01 2.554072799221219991e+00 4.381295148361187941e+00
1.215390960567237499e+01 2.542330768917911765e+00 4.447880837091033435e+00
