2.225701004700370578e-01 1.542076922565592056e+01 3.467642433787856717e+06
2.320582751462410276e-01 1.512632042221001960e+01 2.842468865260047838e+06
2.422316262393892639e-01 1.480356075173175689e+01 2.345382564058258664e+06
2.531324902510689867e-01 1.452720305920562538e+01 1.913557899120703340e+06
2.647831084625951736e-01 1.428541430290795589e+01 1.557350653928072192e+06
2.772318886350469413e-01 1.406739917316600419e+01 1.270830989919709507e+06
2.905144065408850063e-01 1.387881482717947179e+01 1.031118448114467319e+06
3.046417887518206857e-01 1.370239645894120706e+01 8.393331629879835527e+05
3.196737509881503181e-01 1.354518447466488418e+01 6.798718510384974070e+05
3.356269777237564922e-01 1.340702574676146952e+01 5.521426411123663420e+05
3.525409538560905220e-01 1.329277458748552476e+01 4.459280487252970925e+05
3.704470718267478535e-01 1.318995254404315709e+01 3.615557723463887814e+05
3.893763760844951571e-01 1.310461878812442116e+01 2.922122412817517761e+05
4.093631198502717949e-01 1.303171768083505633e+01 2.361898530676417868e+05
4.304155596928172511e-01 1.297286448179924356e+01 1.911338230262600118e+05
4.525783697427482322e-01 1.292561556231125408e+01 1.547397651997439680e+05
4.758729307092542937e-01 1.288566973463102094e+01 1.252572066148627346e+05
5.003303217697520067e-01 1.286474233239406395e+01 1.013199499450563599e+05
5.259678359294872596e-01 1.284923409361647906e+01 8.209654920014549862e+04
5.528177551290618386e-01 1.284204155050963969e+01 6.648878760328011413e+04
5.808526247871449444e-01 1.284347983099375057e+01 5.408092856786319317e+04
6.101445579641022743e-01 1.285192050666073804e+01 4.390451403028201457e+04
6.406729624609700524e-01 1.286288614858495549e+01 3.574739714569103671e+04
6.724564017673123617e-01 1.288882031091504032e+01 2.904402120270142768e+04
7.055100815668837733e-01 1.291297528511793757e+01 2.368291760293698826e+04
7.398010142775268694e-01 1.294239277835032098e+01 1.932501639214121315e+04
7.753636102382082118e-01 1.298258144325710894e+01 1.576084493109943287e+04
8.121696191261874587e-01 1.302263350117329743e+01 1.290869947231848892e+04
8.502155056714919557e-01 1.306554826805044911e+01 1.056948494707053578e+04
8.894853580596607801e-01 1.311267433314764652e+01 8.670617523401862854e+03
9.299403500337153350e-01 1.316157478360395494e+01 7.127430182436792165e+03
9.715748484223036829e-01 1.321353583799004205e+01 5.860774891261901757e+03
1.014360096900005725e+00 1.326685381969745947e+01 4.830734488422198410e+03
1.058233412519558492e+00 1.332229905256846259e+01 3.989388506200232769e+03
1.103186937233168630e+00 1.337836362767689380e+01 3.295951419085955877e+03
1.149150907787241049e+00 1.343540371450334270e+01 2.731161348765063849e+03
1.196071868712022646e+00 1.349342569117519552e+01 2.267021341405069961e+03
1.243879935487202770e+00 1.355172927506639269e+01 1.884041450429580891e+03
1.292567140495578526e+00 1.360843917492620392e+01 1.568271398354233497e+03
1.341988981477154397e+00 1.366684393959944011e+01 1.308562385494890805e+03
1.392127610174829000e+00 1.372218339887838745e+01 1.095258832368270760e+03
1.442912811042450505e+00 1.377908772299083751e+01 9.172910125249576367e+02
1.494213882073634148e+00 1.383271295384881050e+01 7.704569492778801987e+02
1.545999311270775500e+00 1.388659759375831726e+01 6.474454251785799670e+02
1.598149732724369887e+00 1.393749169298972390e+01 5.461347632338706717e+02
1.650589188193478440e+00 1.399003874891760546e+01 4.614605803725454507e+02
1.703224100804997310e+00 1.403733579302157430e+01 3.905394101127710087e+02
1.755960539195951631e+00 1.408253527967636032e+01 3.313517631812585478e+02
1.808703833108548986e+00 1.412747977726871440e+01 2.815130369085310917e+02
1.861354402133528874e+00 1.416947959205788976e+01 2.399939804764906626e+02
1.913812515218082044e+00 1.420955777509016649e+01 2.046789410375809268e+02
1.965978847344735492e+00 1.424670774065315193e+01 1.753219266827102558e+02
2.017780318847574250e+00 1.428014823113160858e+01 1.503918016338898269e+02
2.069076050924135934e+00 1.431199522305237437e+01 1.293183050426728187e+02
2.119722974345917610e+00 1.434053519042284108e+01 1.113631562930917482e+02
2.169510143961565163e+00 1.436544435466368697e+01 9.626050159534749184e+01
2.218303637862189870e+00 1.438785845842400590e+01 8.344805076241837583e+01
2.265898697942947848e+00 1.440659379378625182e+01 7.247903522092357775e+01
2.312169163545297224e+00 1.442070206211934824e+01 6.324500556680476393e+01
2.356930955950074846e+00 1.443449754695842735e+01 5.528262761052763352e+01
2.400095399401140916e+00 1.443897910198412760e+01 4.853219100173071610e+01
2.441460032556085569e+00 1.444221725752281493e+01 4.277419685620152734e+01
2.480975043612345665e+00 1.444161148947314288e+01 3.778477573771537124e+01
2.518515985585893624e+00 1.443641160124965417e+01 3.351393197223618614e+01
2.553963537034215747e+00 1.442710905015828438e+01 2.984572767385327907e+01
2.587236733921235654e+00 1.441352022937470423e+01 2.666335343650836265e+01
2.618303147154779520e+00 1.439623354783274678e+01 2.392246318945201011e+01
2.647039616313575205e+00 1.437466379499937652e+01 2.153470875831341402e+01
2.673430838469632587e+00 1.434895561810962583e+01 1.947690159277512478e+01
2.697458139992329418e+00 1.431870720327618329e+01 1.768070431541706355e+01
2.719048624263571856e+00 1.428462437775876381e+01 1.610117918258566050e+01
2.738227310849370877e+00 1.424795285600768402e+01 1.473360683765555201e+01
2.754952843614483449e+00 1.420596302673472167e+01 1.353685288967483302e+01
2.769227832571881542e+00 1.416126697551382208e+01 1.248542851216983252e+01
2.781075206223114993e+00 1.411262403300693613e+01 1.156658190473496894e+01
2.790529448333275209e+00 1.406127661206057411e+01 1.075990824781259647e+01
2.797574954531813596e+00 1.400634930523425759e+01 1.005886870204174599e+01
2.802250760136600238e+00 1.394828042801122692e+01 9.440988143532766941e+00
2.804620407016623407e+00 1.388886405306438299e+01 8.899048419463410298e+00
2.804693142046312815e+00 1.382535802641136691e+01 8.434403510505536161e+00
2.802559645069488070e+00 1.376196498419862024e+01 8.027673523593939819e+00
2.798251795883701210e+00 1.369571879211578747e+01 7.681682527006946870e+00
2.791840219015732316e+00 1.362966254017939072e+01 7.394312650616011950e+00
2.783436058025472004e+00 1.356256981602092004e+01 7.162475802136968994e+00
2.773184573121495688e+00 1.349755011300313789e+01 6.978538558796635094e+00
2.761173941085726113e+00 1.343349778486643054e+01 6.850702731726629580e+00
2.747303005419496458e+00 1.336808011205831725e+01 6.751576784882896476e+00
2.731947788623070306e+00 1.330035511843220952e+01 6.673592569391108675e+00
2.715481061573832289e+00 1.323123353442998074e+01 6.617947968948622695e+00
2.698156584143850178e+00 1.316226987457401520e+01 6.566255150262652052e+00
2.680226702890787571e+00 1.309339434691608517e+01 6.537168500015271277e+00
2.661836978471318726e+00 1.302548523270641923e+01 6.526133916548330305e+00
2.643282539369314676e+00 1.295954118209702344e+01 6.536495880246108392e+00
2.624777614499861134e+00 1.289766440153598381e+01 6.559415738919999406e+00
2.606701503224485794e+00 1.283972546527982850e+01 6.604150507585635488e+00
2.589765346909206567e+00 1.278880679706589873e+01 6.639886044239606377e+00
2.575445734020567201e+00 1.274887581457513086e+01 6.716188536302614587e+00
2.560589428403748258e+00 1.271248384855712921e+01 6.855841256488716340e+00
2.544176423955878175e+00 1.267268832488025865e+01 6.978027028172864021e+00
2.526249024454512160e+00 1.263016777838671878e+01 7.090567070426634366e+00
