1.550377793009963234e+01 2.193775973154729886e-01 3.664995126622748561e+06
1.520335567648224817e+01 2.277309971149792389e-01 3.080432426769443322e+06
1.490149139130660316e+01 2.364500303612732945e-01 2.556039827246729285e+06
1.463805983830095769e+01 2.455837072197584181e-01 2.134968823566785548e+06
1.439522937113037493e+01 2.551157754149855350e-01 1.779798130215702811e+06
1.417406390939584071e+01 2.650737496470642052e-01 1.482120182700819336e+06
1.396855842366811551e+01 2.754610284220188610e-01 1.236869544917830732e+06
1.378210057241195585e+01 2.862937651367259417e-01 1.034271496692126384e+06
1.360843122447342246e+01 2.975773253519832795e-01 8.605279022745144321e+05
1.345239466669097617e+01 3.093188022742163201e-01 7.187872598297413206e+05
1.331063245278593854e+01 3.215174136301501284e-01 6.007758686396843987e+05
1.317952247060239479e+01 3.341962848558613364e-01 5.010833150284678559e+05
1.305447461699269951e+01 3.473548406319516002e-01 4.179982559094922035e+05
1.294377569421024177e+01 3.609973516713401720e-01 3.497015020982758724e+05
1.284225873822979480e+01 3.751432049146871117e-01 2.922500974580356269e+05
1.274710301353324660e+01 3.897614477907236363e-01 2.444575702403004107e+05
1.266428650580667714e+01 4.048820853459945690e-01 2.050244315612641803e+05
1.258776842648262573e+01 4.205102041019719850e-01 1.713695875787855184e+05
1.251480307337680387e+01 4.366373851002370299e-01 1.434961521715086710e+05
1.244799037383722506e+01 4.532553219575005121e-01 1.205002272110680351e+05
1.238769455370146133e+01 4.703864869786237857e-01 1.011931808539493795e+05
1.233530584935661700e+01 4.880157215166848750e-01 8.488862756907066796e+04
1.228525826703612189e+01 5.061242775440952801e-01 7.147727516744991590e+04
1.223752530751755607e+01 5.247277199248499002e-01 6.009357789445850358e+04
1.219505140410299759e+01 5.438196853901335892e-01 5.063549220207102917e+04
1.216054530990325055e+01 5.633889699994883982e-01 4.260713450705838477e+04
1.212201732847175606e+01 5.834312202344411613e-01 3.603409274868289504e+04
1.208916621452014617e+01 6.039555886168195276e-01 3.039597283513233924e+04
1.205822697998135773e+01 6.248732555877823946e-01 2.571939338288499494e+04
1.203070223882025758e+01 6.462550356107168437e-01 2.176227072386374130e+04
1.200492673397793375e+01 6.680659961826925786e-01 1.844697927373828134e+04
1.198004729503577614e+01 6.902779488541900266e-01 1.563645098259320730e+04
1.195561739854824523e+01 7.129059027765344281e-01 1.326504030048852110e+04
1.193841694230997774e+01 7.358733848517458043e-01 1.118005706442091105e+04
1.191426940743926011e+01 7.591913572212460881e-01 9.614073552304145778e+03
1.189489673303011408e+01 7.828740900651763868e-01 8.195525551401096891e+03
1.187581162646277200e+01 8.068457489935260130e-01 6.983950442933382874e+03
1.185658232641471521e+01 8.310962172964631023e-01 5.980729876151683129e+03
1.183864232242585501e+01 8.556405847348677041e-01 5.104059338354404645e+03
1.182067646617389123e+01 8.804169851730331287e-01 4.371666997813905255e+03
1.180276373611995666e+01 9.053739750542292297e-01 3.751280093886447958e+03
1.178255854354240029e+01 9.305567491134437708e-01 3.221635495175968117e+03
1.176430064819236776e+01 9.558787196904378058e-01 2.769134408324755441e+03
1.174428979387328731e+01 9.813320446430673361e-01 2.385258170574817541e+03
1.172593462107178119e+01 1.006865611395915350e+00 2.056150877570955799e+03
1.170828167469091774e+01 1.032465409360820763e+00 1.776301594041177850e+03
1.168640358459025208e+01 1.058108776334635737e+00 1.536017291781663971e+03
1.166237583906322861e+01 1.083756670972339409e+00 1.328799794532343412e+03
1.163982527543963741e+01 1.109385066839619238e+00 1.151932806798072306e+03
1.161799895694788454e+01 1.134923892196744388e+00 9.999735637451781258e+02
1.159307511012340086e+01 1.160408500717569291e+00 8.638354151951148197e+02
1.156719260458690002e+01 1.185772877042066131e+00 7.518107859830377038e+02
1.154407695294690583e+01 1.211015901204279377e+00 6.598525204188283624e+02
1.151174780931450670e+01 1.236110321686802793e+00 5.757086063576380184e+02
1.148800944464836604e+01 1.261033656237679601e+00 5.031786371606245325e+02
1.145490838061423844e+01 1.285756711929030738e+00 4.404028892838747424e+02
1.142467113034379622e+01 1.310255211462945102e+00 3.858581256729314077e+02
1.139532970075411988e+01 1.334495420954984413e+00 3.380475349538315299e+02
1.135912329057141612e+01 1.358456721309420301e+00 2.953819723713370990e+02
1.132418099469341577e+01 1.382097411259389119e+00 2.612495030062548835e+02
1.128869378397449630e+01 1.405400846183006314e+00 2.299827839303672761e+02
1.125177522653151030e+01 1.428338772644914378e+00 2.016929536604349096e+02
1.121495769100596540e+01 1.450876238555376396e+00 1.790102963337350843e+02
1.117572023683063165e+01 1.472988610386518626e+00 1.582320228413245502e+02
1.113482733550850590e+01 1.494650194191566861e+00 1.400420304406196976e+02
1.109329261351782669e+01 1.515832347579913142e+00 1.240995642755902111e+02
1.105081113157746664e+01 1.536511533931805173e+00 1.101955071131742585e+02
1.100681051739814009e+01 1.556706531487044076e+00 9.794335527418807885e+01
1.096186000852956255e+01 1.576464002697108846e+00 8.709026264403409812e+01
1.091621167463620345e+01 1.595802152909571836e+00 7.743561563014243632e+01
1.086919871978692242e+01 1.614746361208066805e+00 6.903682335294669770e+01
1.082121845864653764e+01 1.633317084570934163e+00 6.155300076954879529e+01
1.077249612986745397e+01 1.651501232303867583e+00 5.490121799547418391e+01
1.072273857361821925e+01 1.669307366674971371e+00 4.901611144569011458e+01
1.067274202985592879e+01 1.686734506722919358e+00 4.376045058570023372e+01
1.062088880315012318e+01 1.703727411421790405e+00 3.911178080831305692e+01
1.056921826793398367e+01 1.720226564154963445e+00 3.487046129968974384e+01
1.051703294304619796e+01 1.736136426447651315e+00 3.123528710579777368e+01
1.046427492174685803e+01 1.751388965920002150e+00 2.816326409840962341e+01
1.041210004317901650e+01 1.765924704668212719e+00 2.533924712026209747e+01
1.035815053749754888e+01 1.779660949024376659e+00 2.274862957059876578e+01
1.030436905729324693e+01 1.792587902760786278e+00 2.055313407188189956e+01
1.024975785247608862e+01 1.804614941658909899e+00 1.866968634499825086e+01
1.019437572293041505e+01 1.815693163564542578e+00 1.690172788808390436e+01
1.013937460235471555e+01 1.825810809951092795e+00 1.543031932882092150e+01
1.008415810034983906e+01 1.834940584265013053e+00 1.408343735864728963e+01
1.002715569187065903e+01 1.843054375769382913e+00 1.289058475466280917e+01
9.970348478567316874e+00 1.850153738861113339e+00 1.183687310897872003e+01
9.913340224762155373e+00 1.856190171554930934e+00 1.089316046967369012e+01
9.855645325971774895e+00 1.861216063047779423e+00 1.006473601892866121e+01
9.798351769983424830e+00 1.865197762171445728e+00 9.293557575600923215e+00
9.740371358119077172e+00 1.868159380337985009e+00 8.634904138342076152e+00
9.680660931640229450e+00 1.870097527476852983e+00 8.068290632980691157e+00
9.622552294600422940e+00 1.871031949821309270e+00 7.526916799387957546e+00
9.563640428140736560e+00 1.870929892286313123e+00 7.061274975933611309e+00
9.505442551170542487e+00 1.869725544427289776e+00 6.656158124829049783e+00
9.447923006791876688e+00 1.867391943154368406e+00 6.317223791824286394e+00
9.391881997077527799e+00 1.863875073927920623e+00 5.994732444261537729e+00
9.337698553199578200e+00 1.859132758695307253e+00 5.764771726221414205e+00
9.287768582108947513e+00 1.853180839812010872e+00 5.567668702968737726e+00
