2.216326770006649127e-01 1.544675981768623352e+01 3.533618420970120933e+06
2.295614741291404359e-01 1.520120653263296617e+01 3.027347588689344935e+06
2.379537672816173788e-01 1.491363969772870846e+01 2.530607046951802447e+06
2.468273708729372684e-01 1.465579471633844122e+01 2.127491348923184909e+06
2.562043808913093690e-01 1.443872176796033280e+01 1.789543852458028123e+06
2.661031115542388248e-01 1.423708660836526008e+01 1.509476138965937542e+06
2.765497897164548857e-01 1.405155361244931633e+01 1.267771489496638998e+06
2.875507222660738105e-01 1.387188596531013474e+01 1.063292112277919194e+06
2.991313175080438924e-01 1.372506635427700417e+01 8.922685586169591406e+05
3.113231086589790531e-01 1.358502784480602088e+01 7.493530971974560525e+05
3.241138125822590199e-01 1.345715055214758848e+01 6.263657134701554896e+05
3.375431238328051586e-01 1.334477591457342527e+01 5.241650667562750750e+05
3.516219746939296398e-01 1.323881991027144700e+01 4.387989399640021729e+05
3.663674164677710454e-01 1.314748475573901310e+01 3.669856236790924449e+05
3.817992948790868701e-01 1.307187595843626582e+01 3.075062316977886949e+05
3.979285375170958927e-01 1.301547144803878275e+01 2.569684136833748780e+05
4.147717888217231641e-01 1.293606629364884419e+01 2.149536895049208833e+05
4.323402198907737581e-01 1.288472970572965615e+01 1.797509214170267805e+05
4.506597986179138315e-01 1.283864412198145466e+01 1.506923119335513038e+05
4.697195768101196656e-01 1.280178712791643569e+01 1.263147029583286203e+05
4.895441387672442857e-01 1.277380666827998290e+01 1.054892810169247823e+05
5.101499929227989449e-01 1.274884895997812428e+01 8.849578680554802122e+04
5.315342256250660258e-01 1.273186808442240192e+01 7.431244311763923906e+04
5.537080407695422757e-01 1.272073020140944877e+01 6.224738118284880329e+04
5.767030414438391039e-01 1.271342461161550652e+01 5.228240302458646329e+04
6.004619374397901499e-01 1.271268193412325154e+01 4.383764401263328182e+04
6.250447318348860692e-01 1.271660158394615259e+01 3.680437907199225447e+04
6.504364167111220674e-01 1.272439131185972094e+01 3.100414148476820628e+04
6.766465993370558429e-01 1.273423115980035725e+01 2.610911581198144631e+04
7.036326246548687546e-01 1.274939805889923150e+01 2.196983404947225063e+04
7.314377134655898338e-01 1.276717888503665144e+01 1.854872263132032458e+04
7.600389906243635307e-01 1.278810747645484014e+01 1.564264880677629662e+04
7.894153709277430542e-01 1.281134511838410361e+01 1.321421820879964071e+04
8.195838156022663412e-01 1.283622855374322569e+01 1.118792191479240864e+04
8.504944601631901913e-01 1.286429380576492143e+01 9.466202053164997778e+03
8.821657805533117402e-01 1.289184095753470594e+01 8.024516190673490200e+03
9.145656422026975374e-01 1.292268231348159091e+01 6.808404983027785420e+03
9.476985986276379448e-01 1.295498383737187531e+01 5.782890687209545831e+03
9.814757433395498998e-01 1.298747876053003658e+01 4.921209175128096831e+03
1.015960177331626912e+00 1.301964551364221911e+01 4.191772153028647153e+03
1.051035162939125911e+00 1.305410921371085387e+01 3.555655086655206105e+03
1.086749795573705990e+00 1.308944217475416671e+01 3.050059228023397736e+03
1.123035443999883531e+00 1.312420111843184145e+01 2.607784101227501651e+03
1.159857701329392698e+00 1.315992178993031381e+01 2.231402243823550180e+03
1.197192624633954594e+00 1.319512520493189989e+01 1.913935679614564833e+03
1.235017527055344955e+00 1.323096918949152112e+01 1.642535659840853214e+03
1.273227229138240268e+00 1.326393786485543380e+01 1.411423597439842979e+03
1.311846182820028073e+00 1.329830322068823456e+01 1.208124886559623519e+03
1.350808164728502181e+00 1.333198308142664423e+01 1.047428302697087020e+03
1.390071056310878017e+00 1.336397133786493008e+01 9.039719325720070628e+02
1.429596631347582081e+00 1.339555223026092712e+01 7.817417316827895775e+02
1.469291526700110539e+00 1.342405899599679309e+01 6.761146964268150441e+02
1.509171810734240227e+00 1.345400423897153530e+01 5.863541691036200518e+02
1.549122207454018518e+00 1.348276679070851536e+01 5.095557278647769408e+02
1.589155797766620859e+00 1.351069957071934979e+01 4.427859524933870716e+02
1.629161600458462145e+00 1.353462508030509959e+01 3.856852508531565036e+02
1.669137405442678856e+00 1.355845099657481612e+01 3.366492669531949105e+02
1.708993822469938362e+00 1.358035793431117000e+01 2.941007108932001870e+02
1.748699051534049032e+00 1.360093685782996431e+01 2.553496038951189746e+02
1.788201650097923201e+00 1.361912481656910856e+01 2.257832547185111878e+02
1.827443006664461134e+00 1.363709185988029660e+01 1.980493013211485049e+02
1.866356850010687296e+00 1.365197396905388771e+01 1.741508859917018981e+02
1.904923410155094254e+00 1.366639808679007650e+01 1.531733209287266106e+02
1.943070670522021537e+00 1.367691448815467048e+01 1.351061676879261881e+02
1.980758710958028246e+00 1.368727552827938965e+01 1.193382424157595381e+02
2.017930036755214651e+00 1.369251369196298285e+01 1.056254781235834059e+02
2.054430841233671590e+00 1.369903079081712782e+01 9.369477032545145789e+01
2.089967595729474770e+00 1.370206852372562167e+01 8.321855355242615815e+01
2.124132921689574793e+00 1.370196353556018920e+01 7.421406855432149996e+01
2.156327913850370592e+00 1.369869047007756713e+01 6.649475113001089710e+01
2.185636228269823178e+00 1.369360471441574312e+01 6.005828139576775015e+01
2.211726184036105991e+00 1.368185088188698195e+01 5.463472055091769874e+01
2.234691902009516173e+00 1.366418119650366236e+01 5.003179051127214194e+01
2.254513010125949624e+00 1.364380184923420636e+01 4.611868771976188697e+01
2.271416419245485763e+00 1.361819435259879540e+01 4.256226247054226519e+01
2.285415996914435866e+00 1.358892379778910353e+01 3.989130598216759438e+01
2.296617887168680650e+00 1.355490858968928158e+01 3.745627883264524627e+01
2.305150638846259259e+00 1.351739650909332013e+01 3.533925399681023549e+01
2.311087880121811100e+00 1.347663864427493685e+01 3.351209543099737687e+01
2.314560547223807330e+00 1.343332311422697600e+01 3.199822357147783691e+01
2.315659586948394022e+00 1.338639867519540871e+01 3.070736351448473656e+01
2.314526943943582271e+00 1.333925249949584035e+01 2.961586023781361021e+01
2.311193030983275776e+00 1.328914511227742423e+01 2.878329556618170670e+01
2.305907250037653178e+00 1.324020646759681696e+01 2.809181501293076622e+01
2.298812419202516555e+00 1.319230914413306088e+01 2.765473421336230331e+01
2.290976732766726531e+00 1.315395034995914969e+01 2.747204818382548197e+01
2.282154417245966904e+00 1.312421915934905670e+01 2.748830341308354264e+01
2.271252321561630261e+00 1.309120154408530468e+01 2.781930454810119002e+01
2.258820991149411039e+00 1.305460717523179426e+01 2.808411796355272827e+01
2.244844092951527426e+00 1.301409965920128542e+01 2.844314385550224245e+01
2.229739987065507467e+00 1.297052597837054044e+01 2.868536273954765292e+01
2.213635846463095636e+00 1.292259579998667363e+01 2.924600179444139059e+01
2.196645535161362517e+00 1.287145794143469679e+01 2.966520910315635007e+01
2.178656685455442776e+00 1.281726620583264342e+01 3.012348072312167346e+01
2.160009859025002754e+00 1.275957634996292178e+01 3.057907538605337550e+01
2.140780943615698817e+00 1.269915393695617567e+01 3.106674848484917462e+01
2.121247212024915285e+00 1.263662153132979071e+01 3.149136887298103105e+01
2.101552734863869176e+00 1.257294254686820523e+01 3.197297884396484591e+01
2.082133030888910774e+00 1.250998724529044637e+01 3.242479055368345087e+01
2.063825558091729295e+00 1.244944467206394911e+01 3.272451683001244760e+01
