2.262906117731317834e-01 1.530920334563217189e+01 3.250880177301859949e+06
2.375562808855599672e-01 1.498021336501471978e+01 2.601580178020834457e+06
2.498306424449545649e-01 1.466248224672452238e+01 2.076205746935736155e+06
2.631648446819068732e-01 1.439384610429321398e+01 1.650922772629220737e+06
2.776241278021040482e-01 1.414062953501171016e+01 1.311428624200629070e+06
2.932642309430894545e-01 1.394732912419333282e+01 1.036352078036126681e+06
3.101471786139884390e-01 1.376257616737394862e+01 8.174630353564575780e+05
3.283189595732458055e-01 1.360637279415788115e+01 6.435471295013851486e+05
3.478490968389293947e-01 1.348643096324984114e+01 5.064176791761277127e+05
3.687996818855450165e-01 1.337470136252993314e+01 3.986818408751560492e+05
3.912279617709061852e-01 1.328838910225134029e+01 3.137073607306520571e+05
4.151979927628233757e-01 1.321576558062551676e+01 2.460672253143218986e+05
4.407713805943324625e-01 1.317484601032303182e+01 1.934768582074769656e+05
4.679917783226500427e-01 1.314691668414707237e+01 1.518267487530031940e+05
4.969146718234671578e-01 1.313394332804891285e+01 1.191009221522298176e+05
5.275617800066592089e-01 1.313632664258969740e+01 9.378909896350518102e+04
5.599535865694627024e-01 1.314967172646716165e+01 7.389161232177057536e+04
5.941223492165272901e-01 1.317655417578637156e+01 5.831365301894782169e+04
6.300858072644204277e-01 1.321403223043067143e+01 4.599155430923496897e+04
6.678598750094814074e-01 1.326127678164864854e+01 3.631092996290138399e+04
7.074566500816600323e-01 1.331725622315911473e+01 2.877453497526475621e+04
7.488352832733615738e-01 1.338016733187864382e+01 2.282234100249037147e+04
7.919934386653627589e-01 1.344924805648130928e+01 1.818166376001890967e+04
8.369103675700251266e-01 1.352536438498274229e+01 1.449069339235159714e+04
8.835523080277168928e-01 1.360492554429432843e+01 1.156313681583961989e+04
9.319011882150861625e-01 1.369100771095911107e+01 9.264318855181561958e+03
9.818428592260273202e-01 1.377885799420027091e+01 7.451796912958454413e+03
1.033352300075545793e+00 1.387004507930282315e+01 6.010204571481624043e+03
1.086310021196622344e+00 1.396261289334902322e+01 4.840377855626906239e+03
1.140729548163699425e+00 1.405759312815348494e+01 3.915138560070593940e+03
1.196336937780569931e+00 1.415174942966126004e+01 3.183742440808628089e+03
1.253204588497480731e+00 1.424831269685984658e+01 2.593019382990737540e+03
1.311094068796194945e+00 1.434279251777262942e+01 2.117267696652454561e+03
1.370014949289592776e+00 1.443679194549222089e+01 1.736504026582681718e+03
1.429638861328070165e+00 1.452964481655849127e+01 1.429413423424721486e+03
1.490050120196712680e+00 1.462172912631350741e+01 1.177385735367839970e+03
1.550929361381991445e+00 1.470953720987718860e+01 9.735097526930546792e+02
1.612060083507003361e+00 1.479553660776626955e+01 8.091544239572709785e+02
1.673557044749166112e+00 1.487889918211632789e+01 6.663146711392254247e+02
1.734939314213351125e+00 1.495830235423295740e+01 5.636857511429900569e+02
1.796293762942172911e+00 1.503392921148209815e+01 4.724748908116681037e+02
1.857439513954572963e+00 1.510716993325587154e+01 3.974288092986757306e+02
1.918059621649562452e+00 1.517486267712463111e+01 3.355480329607095200e+02
1.978161318512245304e+00 1.523905997161019421e+01 2.842716512957900932e+02
2.037543648902889970e+00 1.529962294788720811e+01 2.414442772223919462e+02
2.096039180521020118e+00 1.535185059661843532e+01 2.039427918321909772e+02
2.153490502906631576e+00 1.540052876557601458e+01 1.762516720550858338e+02
2.209853421834793608e+00 1.544518578298112033e+01 1.513829134375603758e+02
2.264926492726806462e+00 1.548535018424779075e+01 1.303458162622475243e+02
2.318637777945718792e+00 1.551850447363077024e+01 1.125779335948926985e+02
2.370846035563337839e+00 1.554738790979158658e+01 9.757092488005974928e+01
2.421495207100980540e+00 1.557449008386306666e+01 8.487066920725277441e+01
2.470446500106079579e+00 1.559300480178920800e+01 7.407774229996996951e+01
2.517635704963555821e+00 1.560475725056470431e+01 6.488425082235870889e+01
2.563014981231709566e+00 1.561442271285209493e+01 5.697661466481907411e+01
2.606507902447634972e+00 1.561636675526364648e+01 5.019725400104847779e+01
2.648091695992509820e+00 1.561370130303665960e+01 4.435354366602277310e+01
2.687671144766123010e+00 1.560634146138922951e+01 3.930524284432705429e+01
2.725262727616693414e+00 1.559582324626572003e+01 3.495560336633840137e+01
2.760824828279041743e+00 1.557998376786108707e+01 3.114851087274872299e+01
2.794351918946609281e+00 1.555933144188770889e+01 2.786887183303426951e+01
2.825847034383980994e+00 1.553423910418793064e+01 2.496848114080075121e+01
2.855297996012618356e+00 1.550543252502727043e+01 2.245356210012523945e+01
2.882726606173533046e+00 1.547183599486539407e+01 2.026271922736283670e+01
2.908138164323162744e+00 1.543455839195923573e+01 1.831950414188589349e+01
2.931556977238467088e+00 1.539389639007159438e+01 1.660961554061636392e+01
2.953012170043642914e+00 1.534854872351337285e+01 1.510316294298513107e+01
2.972541013410674449e+00 1.530082158856931862e+01 1.376316350094859864e+01
2.990174007529591282e+00 1.524921989402426981e+01 1.257198689692843274e+01
3.005952418433766482e+00 1.519433579873023810e+01 1.151439545917831886e+01
3.019918252482079790e+00 1.513697334217045487e+01 1.058158140173166295e+01
3.032069268003904305e+00 1.507637210434118558e+01 9.740452015832481436e+00
3.042380557418562503e+00 1.501375804192863050e+01 8.993837337848004765e+00
3.050818722453182197e+00 1.494849457661308634e+01 8.331232235030057609e+00
3.057364993218094185e+00 1.488100931349272749e+01 7.740427294439431449e+00
3.062003600635560208e+00 1.481176887065127978e+01 7.215350390532800695e+00
3.064735425742212804e+00 1.473955927521526910e+01 6.752589309541138896e+00
3.065542163433551348e+00 1.466621373378930926e+01 6.339775062509889203e+00
3.064429037984115034e+00 1.459190389606244587e+01 5.974934171870724953e+00
3.061427780900003892e+00 1.451520619497110154e+01 5.633238027873392006e+00
3.056552836820555008e+00 1.443877490887963333e+01 5.383824381135014825e+00
3.049840029721692769e+00 1.436043066003633761e+01 5.139853082577654497e+00
3.041321357622615018e+00 1.428249997781096425e+01 4.909222702723036846e+00
3.031072138164823127e+00 1.420505630117663820e+01 4.759103899361314838e+00
3.019184706613810665e+00 1.412837544435159387e+01 4.609937187894070476e+00
3.005727554621034692e+00 1.405245089313100060e+01 4.500527318823828615e+00
2.990859528208534623e+00 1.397842926344557490e+01 4.398840545150278558e+00
2.974718924545988408e+00 1.390484256054480916e+01 4.350934085097770243e+00
2.957543665873740402e+00 1.383305642163226779e+01 4.285169888665093296e+00
2.939505903332046088e+00 1.376318083024804650e+01 4.305619125478122200e+00
2.920793495183566346e+00 1.369501144213111843e+01 4.264549708989854082e+00
2.901578374108227720e+00 1.362862881601456877e+01 4.262531444438777406e+00
2.882103856783403639e+00 1.356546041605717257e+01 4.282784374422846874e+00
2.862504458825510412e+00 1.350469739900681532e+01 4.334348931086555723e+00
2.842979962907058678e+00 1.344720747873950550e+01 4.370702374713340888e+00
2.823739702433400112e+00 1.339372894764175825e+01 4.426415292093941467e+00
2.804999230051958392e+00 1.334476279039038182e+01 4.497990252702432912e+00
2.786979620489679288e+00 1.329962224668354764e+01 4.555982811392799370e+00
2.769972545644424411e+00 1.325986942675338298e+01 4.681158080798649479e+00
2.754323732288009641e+00 1.322575066674010635e+01 4.741900734865973632e+00
