1.550349157839788283e+01 2.193878091700202926e-01 3.666487395443083718e+06
1.519872668460002885e+01 2.281572286892625534e-01 3.030560423027986195e+06
1.487123143132296832e+01 2.373294591225182937e-01 2.510622023447582033e+06
1.459340709739137232e+01 2.469585883639927315e-01 2.078981973450534046e+06
1.435259994570297160e+01 2.570323182152837171e-01 1.720625017750697676e+06
1.413211316657051420e+01 2.675766617680077064e-01 1.418101372204790823e+06
1.391390142626916138e+01 2.785983744964470876e-01 1.173505404075365746e+06
1.372660937318829077e+01 2.901139108525437882e-01 9.725444250674948562e+05
1.354895007885522595e+01 3.021405782434112841e-01 8.035719752960150363e+05
1.338666908540501055e+01 3.146559718076730738e-01 6.641460793332137400e+05
1.324249966147951518e+01 3.277113819226871172e-01 5.493376274316358613e+05
1.311161051877158812e+01 3.412894000381685999e-01 4.560017490325419349e+05
1.298765239161714469e+01 3.553761913698482156e-01 3.771773845718690427e+05
1.287785236265593092e+01 3.700074292565672107e-01 3.123923446433775825e+05
1.277611557662864961e+01 3.852021919392235594e-01 2.589517476912285492e+05
1.268839181566215402e+01 4.009368436466054786e-01 2.149075304338622664e+05
1.260444560823464499e+01 4.172266759520278923e-01 1.782762415321895969e+05
1.252798313731256030e+01 4.340633296963351540e-01 1.479340179124216374e+05
1.245746413271573161e+01 4.514607366852919634e-01 1.229835818421709118e+05
1.239369790938232008e+01 4.694220536617143003e-01 1.022824640499106754e+05
1.233907680426947451e+01 4.879293558238545492e-01 8.529089659566155751e+04
1.228581631795731255e+01 5.069750459654176478e-01 7.118844138819046202e+04
1.223966416357011333e+01 5.265607951916528862e-01 5.926983576028118114e+04
1.219527943240396439e+01 5.466910912443389003e-01 4.951401614863983559e+04
1.215711206323934412e+01 5.673498485036561068e-01 4.142210466561924841e+04
1.212033363475619829e+01 5.885311973369384830e-01 3.466733971757081599e+04
1.208692284033308972e+01 6.102434848768502063e-01 2.901525029871646984e+04
1.205699581080334859e+01 6.323983390825338446e-01 2.432643198512749586e+04
1.202735778367632236e+01 6.550505458126214542e-01 2.045702293776573060e+04
1.200221465437240553e+01 6.782047409065651289e-01 1.718679954429898498e+04
1.197672326181224278e+01 7.017397079176276309e-01 1.446464452138802517e+04
1.195352370251393737e+01 7.257369911117163008e-01 1.218945976551175772e+04
1.193045728092304714e+01 7.501316711437244766e-01 1.029682455823068631e+04
1.191178380755118482e+01 7.749243980349604932e-01 8.695180944652905964e+03
1.189006395618780054e+01 8.000427415435199530e-01 7.349978639787693282e+03
1.187410499317042856e+01 8.255165779446050900e-01 6.227064727577860140e+03
1.185499037412404633e+01 8.512758150721657646e-01 5.286267371952364556e+03
1.184133894089923977e+01 8.773188712983100990e-01 4.493561874548739979e+03
1.181695029567962507e+01 9.036004021353691851e-01 3.827613108173617547e+03
1.179667805560879579e+01 9.301105124148207892e-01 3.261441112571376379e+03
1.177863112116706823e+01 9.567810854623497452e-01 2.779327897147623389e+03
1.175825837737101232e+01 9.836032906939818909e-01 2.375550456736447813e+03
1.174343311601328921e+01 1.010511736200548016e+00 2.032858475245693171e+03
1.171807086236936968e+01 1.037509850461020955e+00 1.744560478680022015e+03
1.169834467353040353e+01 1.064543860613262227e+00 1.497095501456172542e+03
1.167418374348213561e+01 1.091579610691062907e+00 1.286831347764233442e+03
1.165248669385762703e+01 1.118572726870085798e+00 1.108334258628305406e+03
1.162714855885230847e+01 1.145488337968022519e+00 9.558496324987628441e+02
1.160166468084680247e+01 1.172288426358826241e+00 8.258161945998364217e+02
1.157437615046630519e+01 1.198929738824166424e+00 7.144450439359599159e+02
1.154993461901798035e+01 1.225381137304427659e+00 6.195053826588444963e+02
1.151849315817010044e+01 1.251646594591722561e+00 5.370508479614520638e+02
1.148780919139610646e+01 1.278144333359325202e+00 4.658164502925662305e+02
1.145621161850439229e+01 1.305248232752359350e+00 4.007349812241164955e+02
1.142524294960950471e+01 1.333162794603937273e+00 3.479888024029744429e+02
1.139285525970688440e+01 1.361976716555399314e+00 2.999381234022266085e+02
1.136040158299336866e+01 1.391750501236874937e+00 2.574205003346688159e+02
1.132873333987718212e+01 1.422495060962208457e+00 2.205458816777014022e+02
1.129753700102699909e+01 1.454167483593266752e+00 1.876804133150587290e+02
1.126847571218186239e+01 1.486673362582667579e+00 1.610877314390199899e+02
1.123822301417469660e+01 1.519886419743073924e+00 1.373465217604300790e+02
1.121002072186225362e+01 1.553696520568778938e+00 1.171631524221705263e+02
1.118199047752690944e+01 1.587970421101685847e+00 9.997567937117592862e+01
1.115495070122646482e+01 1.622564447483472838e+00 8.495777321578898977e+01
1.112933100063586700e+01 1.657304881835778065e+00 7.285848914948309130e+01
1.110246556440571730e+01 1.692015034253764982e+00 6.239483200079002501e+01
1.107730179831153094e+01 1.726504550856675424e+00 5.347784025265901420e+01
1.105183198629883812e+01 1.760603426507228564e+00 4.594191810210953264e+01
1.102646305821891026e+01 1.794150927113203453e+00 3.956723441601075564e+01
1.100101501938233639e+01 1.826978124195564490e+00 3.405640792260730620e+01
1.097477303025436868e+01 1.858925608726813783e+00 2.963386606923398858e+01
1.094824345669332999e+01 1.889876255976128849e+00 2.566063790874367356e+01
1.092098539021236903e+01 1.919695236573502495e+00 2.246864023478923045e+01
1.089155793265866912e+01 1.948242948821297116e+00 1.967475701361689033e+01
1.086137037734907196e+01 1.975423600086828158e+00 1.728421988807325604e+01
1.083067875328523222e+01 2.001159076115014646e+00 1.524732119121097007e+01
1.079861648658862272e+01 2.025375587726452320e+00 1.350485472523527442e+01
1.076415745968573034e+01 2.047957233228989704e+00 1.200543345905384029e+01
1.072954685567165178e+01 2.068899909948711979e+00 1.071981637450434910e+01
1.069259351045914563e+01 2.088123160216220242e+00 9.611520978723056885e+00
1.065391554702105914e+01 2.105592533379066822e+00 8.627961233771170413e+00
1.061385250486315357e+01 2.121304964043807306e+00 7.804102706656394162e+00
1.057277825102968727e+01 2.135256307233704742e+00 7.079853131873368177e+00
1.052937022603835615e+01 2.147402373633072070e+00 6.456551871571617696e+00
1.048456015787021478e+01 2.157775441622562962e+00 5.927977303372014006e+00
1.043855667957632427e+01 2.166388024204727536e+00 5.442625982579130550e+00
1.039033068846508812e+01 2.173243158282043730e+00 5.022953199484801345e+00
1.034127471822561262e+01 2.178372898427595405e+00 4.674311755313440564e+00
1.029100620206162375e+01 2.181814022697882827e+00 4.356845397798477570e+00
1.023950445487906968e+01 2.183598557526139849e+00 4.079281107475937418e+00
1.018662391874971007e+01 2.183760644121265582e+00 3.825376560216993571e+00
1.013318273265834435e+01 2.182372613065888700e+00 3.618125016834426333e+00
1.007939433405645602e+01 2.179463951578325176e+00 3.434971263433706845e+00
1.002466876514198901e+01 2.175092861289506185e+00 3.277968516367455454e+00
9.969539493044166534e+00 2.169337719548198429e+00 3.149573348707988441e+00
9.914528467886519536e+00 2.162240334069795100e+00 3.035025037642245849e+00
9.860541555236567390e+00 2.153915898507467563e+00 2.933743568355663633e+00
9.806834823983876959e+00 2.144426568396852861e+00 2.856440151871533217e+00
9.755092201121904338e+00 2.133983503890523714e+00 2.802855345890209904e+00
9.708579964691184117e+00 2.123037303805928477e+00 2.767940148645204435e+00
