2.236237264507184297e-01 1.540963095181009379e+01 3.426378937966792379e+06
2.350724646807506035e-01 1.501140545176258811e+01 2.697643621808467899e+06
2.475386503710051422e-01 1.467941498824722402e+01 2.129218639657143038e+06
2.610956149475214261e-01 1.438360448308437434e+01 1.677365102747770259e+06
2.757930742761222076e-01 1.412280131297486641e+01 1.316305894600252854e+06
2.917039045855039925e-01 1.389006190669779706e+01 1.028069947416987503e+06
3.088747185134369522e-01 1.369307162895375996e+01 8.023494765821740730e+05
3.273689964735791991e-01 1.352343126380938720e+01 6.260407262821862241e+05
3.472512654867231929e-01 1.338222252223858177e+01 4.877517491663429537e+05
3.685782424371869537e-01 1.325846562001469842e+01 3.783753637390041258e+05
3.914164388000288541e-01 1.316083355496992446e+01 2.945507613915186375e+05
4.158011364367938389e-01 1.308196096219617921e+01 2.285381542576048232e+05
4.418064370204490832e-01 1.302436777147173075e+01 1.778189665950635099e+05
4.694747139614534048e-01 1.298167628584811517e+01 1.384253545619701326e+05
4.988665447406004372e-01 1.296049917495743209e+01 1.074024906569050654e+05
5.300257004361885738e-01 1.294974986322154820e+01 8.367051261978120601e+04
5.630101794583555197e-01 1.295177719475080380e+01 6.519318455237112357e+04
5.978095993122388707e-01 1.296300478653643751e+01 5.089125308471640892e+04
6.344289909898028768e-01 1.298690709758336936e+01 3.977762780401245254e+04
6.728243841743293263e-01 1.302081153730681962e+01 3.095740806755469384e+04
7.129565821024231864e-01 1.306363776811411803e+01 2.442503921091748271e+04
7.547671667794200179e-01 1.311299540232238847e+01 1.922689095271428596e+04
7.981881966398518546e-01 1.316670029279334209e+01 1.515453641367503951e+04
8.431457761091891712e-01 1.322719915010528524e+01 1.198469525286721182e+04
8.895105912347597288e-01 1.328907425095209405e+01 9.516019096001215075e+03
9.371801629470929429e-01 1.335546144771222110e+01 7.575635841621980944e+03
9.859712499235862015e-01 1.342330876422595054e+01 6.056411822451146691e+03
1.035848331056086202e+00 1.349146849317050290e+01 4.870234319656015032e+03
1.086539117480391115e+00 1.355970454797242830e+01 3.919671819167154808e+03
1.137988922236038869e+00 1.362807796841913621e+01 3.175305742431668023e+03
1.189975470588863882e+00 1.369385988848122260e+01 2.580982254878167623e+03
1.242275267840111219e+00 1.375918437586842202e+01 2.108044668431753507e+03
1.294786624565730238e+00 1.382001074830417409e+01 1.728244520468982273e+03
1.347307514554454855e+00 1.387894661930109486e+01 1.421300735722384843e+03
1.399571382748694859e+00 1.393468514153822468e+01 1.177011079309484558e+03
1.451414111328871437e+00 1.398492870448276193e+01 9.764120954117737483e+02
1.502657653584610342e+00 1.403097841681994851e+01 8.155593619061238542e+02
1.553090358627009504e+00 1.407246356711278956e+01 6.844466164879461303e+02
1.602555971798181433e+00 1.410841168708075344e+01 5.771058546693615199e+02
1.650849854904422820e+00 1.414342547767684088e+01 4.879158994423065110e+02
1.697905053982238455e+00 1.416750693182587817e+01 4.151399268772109963e+02
1.743417025507153051e+00 1.418392383303274329e+01 3.549599239208995414e+02
1.787350182557264633e+00 1.419685996595666388e+01 3.043942364951905120e+02
1.829525326824877673e+00 1.420431874583015563e+01 2.624920136902732111e+02
1.869841942687754166e+00 1.420681980998825900e+01 2.274190825941546734e+02
1.908186817303483940e+00 1.420204930989485170e+01 1.980535875221734443e+02
1.944490175561361278e+00 1.419342804220938703e+01 1.731486880145456837e+02
1.978665746251969892e+00 1.417563563155050588e+01 1.508180368017508783e+02
2.010662202970364909e+00 1.415255482242699436e+01 1.341190682398164711e+02
2.040423703679802081e+00 1.412844184081078502e+01 1.187859565250871867e+02
2.067975549492090170e+00 1.409231606489775857e+01 1.056787904028215905e+02
2.093382424053054081e+00 1.405433384715909817e+01 9.440682377078243803e+01
2.116738799693913542e+00 1.401048361614557791e+01 8.457062628897791967e+01
2.138117465335002798e+00 1.396251285678184395e+01 7.605466220356318274e+01
2.157608892721603056e+00 1.391031473633472082e+01 6.858357292763413682e+01
2.175278616712894575e+00 1.385303300233989887e+01 6.201302018410342498e+01
2.191207704413840052e+00 1.379203200579862809e+01 5.623724847992661324e+01
2.205470358860855296e+00 1.373031489978965425e+01 5.110764505585952122e+01
2.218136694936855058e+00 1.365924520990467173e+01 4.660224073080481588e+01
2.229252982061919131e+00 1.358768099640493965e+01 4.259529250325800120e+01
2.238901941480662572e+00 1.351349351179977987e+01 3.879611489300089744e+01
2.247138844352090548e+00 1.343552817689526080e+01 3.574476997261211153e+01
2.254027346605836701e+00 1.335599204310737065e+01 3.264498917613673967e+01
2.259617427351244157e+00 1.327364125204861800e+01 3.023719378442137895e+01
2.263962101200889254e+00 1.318896045292349584e+01 2.778430055740869875e+01
2.267126834699509264e+00 1.310304859330909366e+01 2.562186123942629123e+01
2.269151109732506111e+00 1.301430095723515201e+01 2.383637204651813590e+01
2.270090717126703073e+00 1.292474833706157966e+01 2.211002914897132143e+01
2.269992903660731809e+00 1.283309535903584830e+01 2.054437714236354751e+01
2.268905132790046686e+00 1.273913752971324165e+01 1.909612654266580734e+01
2.266863864857129762e+00 1.264519768488245077e+01 1.778707999357991909e+01
2.263923142957021462e+00 1.254943851219691808e+01 1.659707231952717521e+01
2.260120108195877719e+00 1.245364601653388270e+01 1.551155540086075213e+01
2.255495618959360904e+00 1.235646290020121718e+01 1.451991166323248628e+01
2.250099285794713300e+00 1.225864827184442341e+01 1.360551928106286113e+01
2.243952145581530999e+00 1.216074048875682934e+01 1.277450354097656593e+01
2.237107947073997405e+00 1.206212926542476715e+01 1.196850636242930044e+01
2.229602790831190617e+00 1.196367326353189675e+01 1.129612780980870035e+01
2.221468382158466426e+00 1.186484746954864633e+01 1.064627173837272167e+01
2.212729459974120072e+00 1.176578461678143661e+01 1.000869484027074208e+01
2.203430097348482164e+00 1.166677680020733554e+01 9.523991704667473357e+00
2.193610330290780119e+00 1.156784914807513687e+01 8.959691870848757844e+00
2.183294250057902453e+00 1.146958501716903633e+01 8.532097380338381498e+00
2.172492481361580463e+00 1.137069900361011676e+01 8.098316532908905074e+00
2.161267109964107203e+00 1.127340303181530601e+01 7.697556399714594377e+00
2.149659204695379966e+00 1.117626607970751706e+01 7.308415401671743972e+00
2.137650808253430235e+00 1.108033566791026026e+01 6.966775712846960289e+00
2.125297023166204280e+00 1.098392007144441251e+01 6.676885819995819205e+00
2.112632879281854059e+00 1.088907039586731784e+01 6.394797316023415945e+00
2.099661405147404292e+00 1.079524688183445313e+01 6.112260200529575194e+00
2.086424352772078716e+00 1.070167135081237753e+01 5.865495487636579242e+00
2.072948156270675302e+00 1.060961911399951774e+01 5.633879773254340861e+00
2.059243273226394777e+00 1.051805352498226220e+01 5.439915023876654487e+00
2.045343476740118849e+00 1.042834562412591382e+01 5.217142324382251672e+00
2.031269342920815291e+00 1.033868075300340195e+01 5.052987705305045374e+00
2.017097430901305444e+00 1.025257825933263689e+01 4.856839849500602213e+00
2.002828932901414394e+00 1.016700411838317031e+01 4.729912919136668670e+00
1.988531885039071856e+00 1.008382865387576821e+01 4.575214424231332622e+00
1.974272691440212890e+00 1.000553791174784912e+01 4.455243466443408629e+00
1.960121393904094678e+00 9.930813232688723957e+00 4.360426041113061757e+00
