1.540985277859555502e+01 2.232475384347220593e-01 3.442922038991214707e+06
1.507089894502052374e+01 2.329832609662608467e-01 2.809682782997202594e+06
1.478779099959319154e+01 2.434608711413621673e-01 2.297906238998240326e+06
1.450325214704896126e+01 2.547097241049105509e-01 1.864420200659974944e+06
1.426402736415283812e+01 2.667796287954573575e-01 1.516149891985284630e+06
1.405283400991021914e+01 2.796956717163029960e-01 1.233042012416935526e+06
1.385662435254111458e+01 2.935095068855944067e-01 9.932339485093371477e+05
1.368493516864805493e+01 3.082450646150092233e-01 8.049431611765300622e+05
1.353646440069561407e+01 3.239353407988526112e-01 6.507344078106329544e+05
1.340422692182835895e+01 3.406430831083223087e-01 5.252882926274323836e+05
1.329062877302293799e+01 3.583763149391994141e-01 4.232315115230389638e+05
1.319994189833505338e+01 3.771880019528064398e-01 3.406935058602698264e+05
1.311543204886464764e+01 3.971047716002432670e-01 2.746831761876349919e+05
1.305223719763940871e+01 4.181737426253595014e-01 2.209314644547600474e+05
1.300046923725547288e+01 4.404065768234314282e-01 1.778509988977305475e+05
1.296218823299447465e+01 4.638491114207870525e-01 1.434013212174168148e+05
1.293397320688093544e+01 4.885320566324605207e-01 1.156202567767205910e+05
1.291813848984416957e+01 5.144839692002955989e-01 9.311831351547274971e+04
1.291413556909195925e+01 5.417302797244976098e-01 7.452697886401176220e+04
1.291496763208076359e+01 5.702941913290814346e-01 6.071227437245997135e+04
1.292583167122406707e+01 6.001968774299637488e-01 4.900969008100227802e+04
1.294372715699015508e+01 6.314567413680738373e-01 3.967007585613062838e+04
1.296848237503003887e+01 6.640967131766136733e-01 3.211522630730016317e+04
1.300124381701956544e+01 6.981281592286103788e-01 2.599942700154536215e+04
1.304245017880952595e+01 7.335258214636624086e-01 2.110668118363816757e+04
1.308196174774442611e+01 7.703414054205088846e-01 1.714452056928279490e+04
1.312842409827735146e+01 8.085485814927623194e-01 1.395892556352965585e+04
1.318148430048766961e+01 8.481272099439327583e-01 1.138064153132606043e+04
1.323554648346810225e+01 8.891022693062395899e-01 9.268522719681346643e+03
1.329402372148455846e+01 9.314448159275904304e-01 7.569887739588116347e+03
1.335474403820473199e+01 9.751132849022138283e-01 6.201257065317377965e+03
1.341770093395365748e+01 1.020086345007056083e+00 5.082734106334332864e+03
1.348325474803991142e+01 1.066319574232676093e+00 4.169215343036295053e+03
1.354917659022703980e+01 1.113800416773854218e+00 3.430134267687764805e+03
1.361716881676198199e+01 1.162488140338544529e+00 2.829894212908072404e+03
1.368596311755159967e+01 1.212288575557335601e+00 2.316563662527936685e+03
1.375520103442455877e+01 1.263188808903693783e+00 1.931545728071662552e+03
1.382514838090283149e+01 1.315101222896841504e+00 1.598491005937947875e+03
1.389391855175385437e+01 1.367947486988683625e+00 1.327957164806513219e+03
1.396280513573854520e+01 1.421647279603036829e+00 1.104505535646872431e+03
1.403052958124412974e+01 1.476158965711383608e+00 9.212793525622963671e+02
1.409768606172799110e+01 1.531374701376538416e+00 7.696134773818088206e+02
1.416398115106211897e+01 1.587174500161635970e+00 6.437065958480461632e+02
1.422753744117005503e+01 1.643530919810774149e+00 5.397581192646755426e+02
1.429065407682995925e+01 1.700274285505974259e+00 4.543759499585220283e+02
1.435095420018320311e+01 1.757356556455408336e+00 3.824906392639690011e+02
1.441055884553917821e+01 1.814632773850912040e+00 3.228508851694293185e+02
1.446618228921601279e+01 1.871927392031055959e+00 2.732482395262484260e+02
1.452083903366810880e+01 1.928848597645445473e+00 2.320384253635020571e+02
1.457131234446240420e+01 1.984923430663700472e+00 1.979043129990556622e+02
1.461544743152400194e+01 2.039525334984714444e+00 1.694897384405470291e+02
1.465752485641710834e+01 2.091713995718892161e+00 1.462651435148368648e+02
1.468577697546829874e+01 2.139413173591138140e+00 1.275990373719346849e+02
1.469803863607993044e+01 2.174763301176975361e+00 1.144672799197498563e+02
1.470113111196367761e+01 2.205866782584667174e+00 1.035719372275657690e+02
1.469495994656019811e+01 2.235290368839968789e+00 9.364968703952662565e+01
1.468472116583606280e+01 2.263447825004573311e+00 8.478429737139936151e+01
1.466698985424238089e+01 2.290345005404555323e+00 7.688170684377357134e+01
1.464566116993583300e+01 2.315883679269397977e+00 6.972355571709827871e+01
1.462202991167706045e+01 2.340018257963230042e+00 6.331504571337964649e+01
1.458974584620640158e+01 2.362580053371217570e+00 5.763698783702097472e+01
1.455472230706157077e+01 2.383505219499550076e+00 5.255619047075266792e+01
1.451697306967306034e+01 2.402639725040649488e+00 4.805555372293948579e+01
1.447417206562709069e+01 2.419779894937979847e+00 4.411696779974664651e+01
1.442856556798324164e+01 2.435239018908001984e+00 4.057977289104807994e+01
1.438217725592319596e+01 2.448442849231453611e+00 3.754002384842114282e+01
1.432642634418603933e+01 2.459540678866303232e+00 3.479006909348730403e+01
1.427028408396881431e+01 2.468407085358464315e+00 3.242024668666127241e+01
1.421124139971821165e+01 2.474937307758153349e+00 3.039665363423853961e+01
1.414991603186947167e+01 2.479109413953783925e+00 2.855890403171052938e+01
1.408569533267746010e+01 2.481000754934414410e+00 2.700293175191309203e+01
1.401876585990228996e+01 2.480746630021156918e+00 2.566826504493399952e+01
1.395031311917460215e+01 2.478542223593363403e+00 2.447481638053364250e+01
1.387892621580948394e+01 2.474506045722044689e+00 2.343006112669134922e+01
1.380641055267140160e+01 2.468868381258265909e+00 2.251055912652317659e+01
1.373197317882521951e+01 2.461705995016171045e+00 2.155924059672926418e+01
1.365623572560068233e+01 2.453201276199685754e+00 2.096412565963992591e+01
1.357864611921850972e+01 2.443449094404001709e+00 2.031966801752249552e+01
1.350126185011065871e+01 2.432570566707857651e+00 1.965210080525641700e+01
1.342154669992353000e+01 2.420741621617676032e+00 1.923156392798909664e+01
1.334219423103044377e+01 2.407962804634580678e+00 1.877244351310952908e+01
1.326106069580165325e+01 2.394377251906095072e+00 1.836216621482793698e+01
1.318074776904656886e+01 2.379951524595707468e+00 1.798785563688736033e+01
1.309958788046031053e+01 2.365046980586460013e+00 1.767652211944033169e+01
1.301843629555030724e+01 2.349459274683296517e+00 1.740201810316149889e+01
1.293663513134411680e+01 2.333340791217111576e+00 1.714083667568614189e+01
1.285514470372825890e+01 2.316779528075928685e+00 1.693726444073806903e+01
1.277370504548798102e+01 2.299745147184054872e+00 1.672080501675362996e+01
1.269254630731565747e+01 2.282433544282213678e+00 1.648887892254733600e+01
1.261192300569401858e+01 2.264770507973849600e+00 1.635072355618514806e+01
1.253187011792248207e+01 2.246814283551476166e+00 1.630268898644287745e+01
1.245163271343634648e+01 2.228632223832257342e+00 1.619495717830831083e+01
1.237231075201119346e+01 2.210268516976160225e+00 1.606697227671039485e+01
1.229347620844364108e+01 2.191735711680996790e+00 1.600493747389153043e+01
1.221495075770158856e+01 2.173068895193308592e+00 1.603942753241977215e+01
1.213758499275332703e+01 2.154304254275570152e+00 1.601831505730790539e+01
1.206014496737939545e+01 2.135456629971376419e+00 1.602664661174701877e+01
1.198387469250119075e+01 2.116532645916861632e+00 1.603885323450546707e+01
1.190854385118350223e+01 2.097610302414948613e+00 1.600755335285957770e+01
1.183404824580872372e+01 2.078655849923682020e+00 1.611909238852072690e+01
