2.234077711428958946e-01 1.539697664393466248e+01 3.419919388602805790e+06
2.341234302348805529e-01 1.506108583676428303e+01 2.768289825745893177e+06
2.457386578311717695e-01 1.472757926425932062e+01 2.203912761773920152e+06
2.582995886080423631e-01 1.443663026257502935e+01 1.752998174675951013e+06
2.718610065853847568e-01 1.417838199818052125e+01 1.396242621209067293e+06
2.864637295733073463e-01 1.395486714857299226e+01 1.111339854916529031e+06
3.021615622524720379e-01 1.375680112584637449e+01 8.793810597129715607e+05
3.190123122021690794e-01 1.358659160366364560e+01 6.964621312963999808e+05
3.370457875939763537e-01 1.343695414642263941e+01 5.506038248867589282e+05
3.563228448172573448e-01 1.331949734851809808e+01 4.343998563283410040e+05
3.769064003508971750e-01 1.320754701034090317e+01 3.431485176342123887e+05
3.988024137671578595e-01 1.312199915548678142e+01 2.710809800814016489e+05
4.221041950508936380e-01 1.305136057965841623e+01 2.137907968966359331e+05
4.468205073166889862e-01 1.300012080266802528e+01 1.684561858251258091e+05
4.730107344382717405e-01 1.296091419629116004e+01 1.320183898661737912e+05
5.007122696850625498e-01 1.293826362362826465e+01 1.049437136035642907e+05
5.299657604073816364e-01 1.292894379971079921e+01 8.297978624158655293e+04
5.608052317084124549e-01 1.292804873132321930e+01 6.549331870167505986e+04
5.932727033462279476e-01 1.293837082796879123e+01 5.190693809622807748e+04
6.273464057988400455e-01 1.295924355536360117e+01 4.118755050055576430e+04
6.631011244567842633e-01 1.298805619600521055e+01 3.264363370308482263e+04
7.005567880703033046e-01 1.302351828033393311e+01 2.592315898350284988e+04
7.396701705045556352e-01 1.306688986442594214e+01 2.060529218027953175e+04
7.804953891160351098e-01 1.311758602554147224e+01 1.642191476604952186e+04
8.230193165430141899e-01 1.317150690062735663e+01 1.311399640885774534e+04
8.672282640514840102e-01 1.323138219043508990e+01 1.037951690768447406e+04
9.131121322096932280e-01 1.329612994018314254e+01 8.375758419372832577e+03
9.606474202458672451e-01 1.336319875147712999e+01 6.713510346515081437e+03
1.009785756730609885e+00 1.343307987634485556e+01 5.402317541492102464e+03
1.060492598975605327e+00 1.350549462263537137e+01 4.351294911289654010e+03
1.112627594255763519e+00 1.358075383001623493e+01 3.510814880669584909e+03
1.166128988130406219e+00 1.365724424910898982e+01 2.839144078133356288e+03
1.220875439087770742e+00 1.373396983457175047e+01 2.304531803541211048e+03
1.276743368145788482e+00 1.381218141019923529e+01 1.874745640229421497e+03
1.333582241197312390e+00 1.388723410379422063e+01 1.527446890331964823e+03
1.391281798005284731e+00 1.396319279066712049e+01 1.251307052070915688e+03
1.449719647459656313e+00 1.403797741735083271e+01 1.026782602662640102e+03
1.508699728914917548e+00 1.411089469861821932e+01 8.457623672222753157e+02
1.568087834165827088e+00 1.418021500785933675e+01 6.983282482014832340e+02
1.627746432213818872e+00 1.424844021224024715e+01 5.786019471421708431e+02
1.687555810637866749e+00 1.431449141312292817e+01 4.807334471191301759e+02
1.747250086291155302e+00 1.437646770636496285e+01 4.005109762844130614e+02
1.806759461072928064e+00 1.443430563769910613e+01 3.350545102668093591e+02
1.865887100320272607e+00 1.448898531409383317e+01 2.814264763836826546e+02
1.924538256949942516e+00 1.454026559137717634e+01 2.348949296627720855e+02
1.982510701987690860e+00 1.458881806211070042e+01 2.002015642995907569e+02
2.039690845362933658e+00 1.463166152145304721e+01 1.697427802498175140e+02
2.095931662795865513e+00 1.466816449760423957e+01 1.443064566904618005e+02
2.151086707219061811e+00 1.470249727937887840e+01 1.231035133216554556e+02
2.205070163942238981e+00 1.473206201972158347e+01 1.052977971969376085e+02
2.257767272373448542e+00 1.475757600281556847e+01 9.048742536335215902e+01
2.309045070839249369e+00 1.477667380218711202e+01 7.733393730645988740e+01
2.358826756257733415e+00 1.479175516079781616e+01 6.737284963530443349e+01
2.407021141060675440e+00 1.480300416725581414e+01 5.845247587172138992e+01
2.453552611879765255e+00 1.481084709354128570e+01 5.082828712048151942e+01
2.498351465531079896e+00 1.481119377069867227e+01 4.432556444879068636e+01
2.541355618460741095e+00 1.480767062138795254e+01 3.880729531935227072e+01
2.582514174984902766e+00 1.480044973357674110e+01 3.405119744261541825e+01
2.621792794556494943e+00 1.478875944559503530e+01 2.998220709652677485e+01
2.659157260576540338e+00 1.477292169119233201e+01 2.647740108555778704e+01
2.694581686047305080e+00 1.475269863877909771e+01 2.329734975388100437e+01
2.728042908933319133e+00 1.472859233624137332e+01 2.083490832709807705e+01
2.759547482499058013e+00 1.470081193337347081e+01 1.855164533970857477e+01
2.789083099895798945e+00 1.466884129701305284e+01 1.657105995837279977e+01
2.816665746915865576e+00 1.463304768403316380e+01 1.485388188752258110e+01
2.842297858507517816e+00 1.459453242698798370e+01 1.332893433713324072e+01
2.866005912884444395e+00 1.455229028151990178e+01 1.200598183807623087e+01
2.887810374175817429e+00 1.450648913793872730e+01 1.085305344481173861e+01
2.907739449654350050e+00 1.445816991760350056e+01 9.825486548289523725e+00
2.925829096474459767e+00 1.440690976728626538e+01 8.912361252832541325e+00
2.942113111617095100e+00 1.435290958834976038e+01 8.120196085594297841e+00
2.956637723140862484e+00 1.429622527664579046e+01 7.412713404219392288e+00
2.969401876861813783e+00 1.423702214134552335e+01 6.751216484763046033e+00
2.980195718840164876e+00 1.417630336555106929e+01 6.229950513088984287e+00
2.988583678832029467e+00 1.411339438038846694e+01 5.726608746564150643e+00
2.994089267198055460e+00 1.404969545472447123e+01 5.347086311778546985e+00
2.996504742927248000e+00 1.398493309209243307e+01 5.012864523312484444e+00
2.995565499172210266e+00 1.391751957778439674e+01 4.733976110107189328e+00
2.991117532542538537e+00 1.385178657215803533e+01 4.527108982736582909e+00
2.982729838725046712e+00 1.379578111506611826e+01 4.398873213904523460e+00
2.970351717878550346e+00 1.374296070265574166e+01 4.376359252693892365e+00
2.954976759705188805e+00 1.369031675712332685e+01 4.376981920685911298e+00
2.937428904966525867e+00 1.363573202898512804e+01 4.394361545116020729e+00
2.918201662554914311e+00 1.357921124510061794e+01 4.436594959858691567e+00
2.897520887340415463e+00 1.352099687277422646e+01 4.469863708798027524e+00
2.875681596918613359e+00 1.346087397422373222e+01 4.554469333502116690e+00
2.852874085436877039e+00 1.339905655317664213e+01 4.625468323231078926e+00
2.829214651316037443e+00 1.333591747486226531e+01 4.712626961995720620e+00
2.804835647072046356e+00 1.327086693784903737e+01 4.801329175128211446e+00
2.779816601287214528e+00 1.320553533614274322e+01 4.880014704166007355e+00
2.754234760108269509e+00 1.313763863513062979e+01 5.000746478641461934e+00
2.728242709786790954e+00 1.306964450358374563e+01 5.112341075251223721e+00
2.701768443677040832e+00 1.300010571851632868e+01 5.228146179535041682e+00
2.674990044668600131e+00 1.292958859267382543e+01 5.352860020712455480e+00
2.647926494876350567e+00 1.285839681860420214e+01 5.457037151334841241e+00
2.620586984630174143e+00 1.278625337952103536e+01 5.611867703174348243e+00
2.593089087887712640e+00 1.271330552495009059e+01 5.726938698629428615e+00
2.565458962470452686e+00 1.263915094011936802e+01 5.870742833474689171e+00
2.537707516663591623e+00 1.256541872230065415e+01 6.045170463657878024e+00
2.509912654800807275e+00 1.249058055035956372e+01 6.200939438433744400e+00
