2.176838588201498170e-01 1.555535012824689112e+01 3.797126226342370734e+06
2.255656357011835977e-01 1.523208364688156280e+01 3.172605066813097335e+06
2.335426498173813481e-01 1.497935130605291221e+01 2.700776414060644805e+06
2.415470315088161235e-01 1.469130308569629229e+01 2.259042636409160681e+06
2.495449697932089761e-01 1.445613437261718026e+01 1.922359954200709471e+06
2.574534118580276698e-01 1.424766647398244857e+01 1.639230650537199574e+06
2.652299815027835406e-01 1.404559795192828453e+01 1.408998825389091857e+06
2.728100856783996497e-01 1.387053391046548612e+01 1.214614693908177316e+06
2.801287776426725218e-01 1.370711292160378392e+01 1.060924592498339014e+06
2.871392542092987554e-01 1.354491552465723458e+01 9.254863438652391778e+05
2.937523570360162650e-01 1.340315306280659158e+01 8.161996787392656552e+05
2.998992345782558466e-01 1.327260580714853511e+01 7.232355111296513351e+05
3.055162761941452310e-01 1.315286702301285260e+01 6.492451232136276085e+05
3.105079482625529019e-01 1.303721095425184373e+01 5.857856925993530313e+05
3.148011998477179274e-01 1.292638941714512058e+01 5.349677203769681510e+05
3.182919853165184221e-01 1.283159453136516603e+01 4.936443931545641972e+05
3.208574945531439404e-01 1.274475175184366016e+01 4.603320227082714555e+05
3.223213179064564615e-01 1.267174746366865534e+01 4.373398188940656255e+05
3.225734668629603452e-01 1.261171704412827488e+01 4.247111871074496303e+05
3.224458316086577514e-01 1.254960416905383447e+01 4.078421649302018341e+05
3.223070062222915810e-01 1.247180412838717345e+01 3.953663406297766487e+05
3.223676440404656951e-01 1.237841300827324353e+01 3.773132366548012360e+05
3.227601585331782985e-01 1.227378982460099621e+01 3.560621532081944169e+05
3.236031955435956786e-01 1.215422600237273087e+01 3.314057727736266097e+05
3.250056275282211526e-01 1.201872793492174374e+01 3.063750995747189736e+05
3.270717422036772404e-01 1.187600468151772937e+01 2.779690732425292372e+05
3.299044476426593042e-01 1.171864606375854301e+01 2.491776066219630302e+05
3.335925362831032026e-01 1.155674768074919712e+01 2.205480783387392876e+05
3.382239310040326963e-01 1.138594355408734948e+01 1.921535254320630338e+05
3.438798751783271879e-01 1.121099825572483866e+01 1.655743366225825157e+05
3.506287440946254663e-01 1.103669946317310746e+01 1.409165155775016174e+05
3.585335692753287562e-01 1.086403306299734872e+01 1.185009908573449211e+05
3.676530524829650370e-01 1.068788348652341291e+01 9.781774038474929694e+04
3.780271294901522694e-01 1.052201538086722721e+01 8.105801095230224018e+04
3.897029241420163492e-01 1.036121524364183699e+01 6.618278003142132366e+04
4.026966889097671753e-01 1.020861946751565519e+01 5.371082691276240803e+04
4.170436048207350477e-01 1.006780711236742398e+01 4.334837576247695688e+04
4.327650542443417514e-01 9.936022068380491845e+00 3.487086796751947986e+04
4.498516979908016578e-01 9.815312205116581978e+00 2.790673948907626618e+04
4.683228059507524299e-01 9.705469732256997162e+00 2.228172201794907596e+04
4.881734358046349032e-01 9.602729690181192268e+00 1.775811890969805245e+04
5.094002135473927328e-01 9.517596187154962806e+00 1.415694396216434507e+04
5.320011744416867083e-01 9.440910906987440399e+00 1.121526953866720942e+04
5.559438185522410647e-01 9.371528544153976625e+00 8.978420369927947831e+03
5.812333295967259117e-01 9.313424603111926103e+00 7.158956471498249812e+03
6.078143003210535467e-01 9.264343188830737930e+00 5.713298580833111373e+03
6.356712985806078908e-01 9.224472549173096780e+00 4.540705891569603409e+03
6.647701745177493349e-01 9.193242796328304323e+00 3.652797187923334150e+03
6.950725752285220604e-01 9.165126251634621468e+00 2.913273120021658997e+03
7.265256596732156957e-01 9.142682203594707957e+00 2.353020657583176671e+03
7.590841538396582155e-01 9.123827619532724142e+00 1.891991731000034861e+03
7.926886621852868853e-01 9.110196260707832394e+00 1.519963170550647646e+03
8.272731588726663920e-01 9.105228654767797636e+00 1.234288315350492667e+03
8.627717663888146982e-01 9.102513766360106118e+00 9.997772403660540022e+02
8.991083055385373779e-01 9.102781332417256621e+00 8.090250430286645269e+02
9.362053426770772235e-01 9.104978926756148283e+00 6.615689933527328321e+02
9.739856505150472632e-01 9.112292243275472714e+00 5.395523623619334330e+02
1.012340125667243296e+00 9.118623924144264592e+00 4.412126467410756732e+02
1.051194255271300282e+00 9.127679316628899642e+00 3.625759711103276004e+02
1.090466830581613200e+00 9.138367752346907125e+00 2.982254229569251720e+02
1.129993191571984301e+00 9.149600625672022147e+00 2.462941969511688285e+02
1.169691965812677870e+00 9.161291167126714541e+00 2.038841242708867014e+02
1.209355204456489696e+00 9.173224803301444297e+00 1.687695979309976053e+02
1.248855611532934118e+00 9.184649013605334034e+00 1.412823545863018353e+02
1.288046436922711813e+00 9.195941094200776433e+00 1.179851656687636847e+02
1.326766235734113231e+00 9.205935850639587414e+00 9.910400244118891067e+01
1.364883986300379215e+00 9.215233370313642425e+00 8.356119150465190160e+01
1.402262211890080934e+00 9.223194983883342246e+00 7.045989169465998714e+01
1.438761859099010554e+00 9.229534643407163230e+00 6.003048344188330532e+01
1.474266230804957445e+00 9.233841789988181503e+00 5.122361602377429790e+01
1.508648931400831561e+00 9.237043167756116446e+00 4.384814755279990806e+01
1.541823638760212001e+00 9.237506389369217530e+00 3.772229040019441726e+01
1.573682062657979275e+00 9.236170991960900523e+00 3.257084956610817272e+01
1.604138278341814106e+00 9.232177376971820948e+00 2.825898293462798705e+01
1.633124637610812835e+00 9.225870413212701848e+00 2.461333438888979686e+01
1.660572985839209537e+00 9.217005125180016023e+00 2.148889295288593004e+01
1.686419579083552334e+00 9.206037988555937801e+00 1.891780674228214210e+01
1.710631906896917798e+00 9.192302358199894385e+00 1.668837808922411625e+01
1.733170782284805700e+00 9.175953048879762264e+00 1.478963614122089076e+01
1.754027177238972390e+00 9.157243240572562115e+00 1.316055972327212764e+01
1.773179946213760294e+00 9.136269229482683940e+00 1.175827681683267656e+01
1.790629951459481006e+00 9.112563763311001708e+00 1.055565245436380195e+01
1.806363826836559605e+00 9.086569279439274283e+00 9.495878630333669079e+00
1.820425215804686303e+00 9.058312934565826424e+00 8.606661109422557132e+00
1.832814342825043408e+00 9.027565996495088285e+00 7.807630043421113442e+00
1.843556258664666547e+00 8.995060502663475788e+00 7.137888816995562102e+00
1.852684996749896840e+00 8.960227319674386237e+00 6.544276774682500353e+00
1.860235044479908950e+00 8.923936381802716866e+00 6.005780806163871333e+00
1.866252087100000345e+00 8.885899327401492798e+00 5.546049364836500573e+00
1.870765828205366743e+00 8.845259682938589663e+00 5.152486489043760720e+00
1.873845182843123958e+00 8.803432719902980708e+00 4.792585992941429396e+00
1.875526414614663295e+00 8.760639808221153402e+00 4.478852821116210414e+00
1.875860988693146547e+00 8.716307294434830766e+00 4.203666716310024754e+00
1.874917044064231986e+00 8.670572833942363999e+00 3.962387122088367075e+00
1.872745036687535780e+00 8.623815393732993329e+00 3.747569488180753527e+00
1.869409019171696995e+00 8.576386688264760139e+00 3.560437894049168772e+00
1.864983449313709185e+00 8.528076153226173517e+00 3.393825960595373115e+00
1.859524914055965317e+00 8.479050309228057358e+00 3.249393367404786570e+00
1.853082068269016336e+00 8.429568873657762751e+00 3.121477589206453462e+00
1.845766570411523588e+00 8.379491884943849556e+00 3.019610944016653864e+00
