2.238438330956316891e-01 1.540102302888449692e+01 3.418577161904921290e+06
2.341966260962009272e-01 1.504718803318409570e+01 2.749508950813573785e+06
2.453864972521865029e-01 1.473256405552139547e+01 2.214988284153801389e+06
2.574678247720099677e-01 1.445797312183718475e+01 1.786196250985222403e+06
2.704808368895171289e-01 1.421177160525125949e+01 1.438109097493533511e+06
2.844720784843229877e-01 1.399641477465800676e+01 1.151171810964601580e+06
2.994882319424968520e-01 1.379828903415243246e+01 9.219450789812902221e+05
3.155726361539137881e-01 1.363618645608691438e+01 7.345310862625972368e+05
3.327742761925183146e-01 1.349026447303131349e+01 5.870565488040859345e+05
3.511319413775770837e-01 1.336746239431003858e+01 4.671040693065853557e+05
3.707023749623786779e-01 1.326065521491223720e+01 3.717555078400919447e+05
3.915035840641387654e-01 1.317106434837479156e+01 2.962610403341174242e+05
4.136048659821147111e-01 1.310188288266008172e+01 2.357183140785751166e+05
4.370480520148486980e-01 1.304730594394413146e+01 1.872614133547186793e+05
4.618466524328693201e-01 1.301010007184213002e+01 1.493236853139256127e+05
4.880658211738762575e-01 1.298264309632812541e+01 1.187463573074010201e+05
5.157416258614758720e-01 1.296942254638633329e+01 9.458160543381785101e+04
5.449141767311185269e-01 1.296491006869635854e+01 7.544834119723673211e+04
5.755889157237764620e-01 1.297439332581807747e+01 6.016687426544410846e+04
6.078105799295241418e-01 1.298970528225732401e+01 4.802826967161366338e+04
6.416104647493691138e-01 1.301890738141653792e+01 3.791920497912852443e+04
6.770028609952487564e-01 1.305037772173974631e+01 3.073962878223280495e+04
7.140150245178810140e-01 1.309190372810841829e+01 2.452670743524351928e+04
7.526350386919857804e-01 1.313851183627078001e+01 1.974454385391082542e+04
7.928860983837844323e-01 1.319197081113309089e+01 1.585959982692534322e+04
8.347879288694957101e-01 1.325276501348920988e+01 1.273859900367667979e+04
8.783106098618634894e-01 1.331435684782029938e+01 1.026914774261077036e+04
9.234232907340708119e-01 1.338268481303056312e+01 8.279580133737297729e+03
9.701481210148792389e-01 1.345149047631583805e+01 6.697322271118544450e+03
1.018443784448414213e+00 1.352393430801656926e+01 5.427149170278207748e+03
1.068270252871139192e+00 1.360019541766397033e+01 4.400251597108139322e+03
1.119610249487783982e+00 1.367734320949005067e+01 3.575101237918085644e+03
1.172351510910137673e+00 1.375711583848180553e+01 2.911802309940346731e+03
1.226418919919901818e+00 1.383768388244713243e+01 2.375128516732050230e+03
1.281626907312599206e+00 1.391871299750665614e+01 1.943454644252046137e+03
1.337816438863897339e+00 1.399939234567835200e+01 1.594220266152206705e+03
1.394769143031574954e+00 1.407887971721946307e+01 1.311001096261709790e+03
1.452292053172774988e+00 1.415769978052361466e+01 1.084913856547872228e+03
1.510164573555261347e+00 1.423439721988877160e+01 8.974448793249266600e+02
1.568120204184792366e+00 1.430745028905791472e+01 7.400270743794541204e+02
1.625905080539271630e+00 1.437907816143791884e+01 6.240126476634335404e+02
1.683283063711207506e+00 1.444468311054565035e+01 5.237140436888729482e+02
1.739862633616462650e+00 1.450723524249242224e+01 4.375045363447306954e+02
1.795501753867048578e+00 1.456505917595273125e+01 3.741244868285071448e+02
1.849653660483902673e+00 1.461737421485968902e+01 3.188452293277310901e+02
1.902135320762237347e+00 1.466290018033189213e+01 2.728003132752033935e+02
1.952513835896995342e+00 1.470381620737876283e+01 2.349230435387146088e+02
2.000393669186663281e+00 1.473626432509818329e+01 2.035849500969162307e+02
2.045048691490704229e+00 1.476057244740005459e+01 1.777632581281499426e+02
2.086052917042309218e+00 1.477485071355460278e+01 1.566484797285653485e+02
2.122531009090887544e+00 1.478151743930547468e+01 1.392308345330932866e+02
2.152743510631267121e+00 1.477771719362228353e+01 1.255667847335855924e+02
2.175785227767661034e+00 1.476191614866778323e+01 1.150881989947461079e+02
2.192543767307407521e+00 1.473897431406131098e+01 1.069015848721194146e+02
2.203761545717999315e+00 1.470178534497410716e+01 1.003555821502037588e+02
2.210223992006931315e+00 1.465930488138392107e+01 9.529956177777479809e+01
2.212579306740057650e+00 1.461211836202624959e+01 9.104574065143690120e+01
2.211427328740809273e+00 1.455505263148245731e+01 8.783107195195123040e+01
2.207183635075648631e+00 1.449826889215431791e+01 8.520072074364483683e+01
2.200359505974056162e+00 1.443623474669040974e+01 8.316940837202038495e+01
2.191398720378252563e+00 1.436973215767993572e+01 8.154608809197257813e+01
2.180655492420888297e+00 1.429965843421793892e+01 8.024492757223106310e+01
2.168474528187851469e+00 1.422509691054965053e+01 7.893820770780372698e+01
2.155198649974544356e+00 1.414603682997680423e+01 7.770094681290001404e+01
2.141014799540087221e+00 1.406290332415045619e+01 7.649201516689538494e+01
2.126071528508013841e+00 1.397552470405014979e+01 7.521331854253787697e+01
2.110579534994051265e+00 1.388444416051538255e+01 7.405563791111411831e+01
2.094629962880151464e+00 1.378981945508727414e+01 7.267395359713218284e+01
2.078362158898015899e+00 1.369099220288324226e+01 7.131282056729043006e+01
2.061824362233465990e+00 1.358826446263737964e+01 6.981797084598028391e+01
2.045187573209781728e+00 1.348293387690964273e+01 6.822249665303247923e+01
2.028543319330951888e+00 1.337505967684328212e+01 6.655175219822326937e+01
2.011847507213056385e+00 1.326444799889419102e+01 6.473658772136843709e+01
1.995260385499477485e+00 1.315134573664475859e+01 6.296238323219133548e+01
1.978852877740387539e+00 1.303462566723458238e+01 6.090971578609864423e+01
1.962682693534302691e+00 1.291610591650344908e+01 5.892175852459205032e+01
1.946775580559163110e+00 1.279698560749177894e+01 5.678697213917430275e+01
1.931079887056152078e+00 1.267491838724652276e+01 5.464766250561427086e+01
1.915798222040419052e+00 1.255192863839789474e+01 5.239701689958212683e+01
1.900903463520847492e+00 1.242740081492488535e+01 5.012083184803203295e+01
1.886413835783470772e+00 1.230195811712351706e+01 4.788356869543259364e+01
1.872341029964293302e+00 1.217529062792520200e+01 4.550731180250907926e+01
1.858728873235831802e+00 1.204807081348637254e+01 4.306010903195434025e+01
1.845565258257773511e+00 1.192125719757946101e+01 4.104432204220781699e+01
1.832896577729613785e+00 1.179378994179512574e+01 3.878800990054710240e+01
1.820574268814587393e+00 1.166632752237343240e+01 3.661762523768273780e+01
1.808755793326578099e+00 1.154020593560239583e+01 3.430345601955918511e+01
1.797381268097107077e+00 1.141344145483736128e+01 3.222318996372636946e+01
1.786437013309922106e+00 1.128763025961633382e+01 3.027170396552109821e+01
1.775925082380148234e+00 1.116393327538374258e+01 2.851397708688861243e+01
1.765846461350865981e+00 1.104355811000788989e+01 2.672824850629054438e+01
1.756024694558071308e+00 1.092245963887775595e+01 2.496334701551284496e+01
1.746445919106476508e+00 1.080592394120710154e+01 2.345018405968922792e+01
1.737032174499286930e+00 1.068884912365367690e+01 2.200640525192253705e+01
1.727834046299984605e+00 1.057687594589360103e+01 2.069795605414166317e+01
1.718729247061419496e+00 1.046867777876470740e+01 1.937299149325527381e+01
1.709649351883689050e+00 1.036352758416371067e+01 1.833057071105016433e+01
1.700553215731108070e+00 1.026079666202456409e+01 1.732702899340863922e+01
1.691388472245183516e+00 1.016313357917039006e+01 1.643252656080498753e+01
1.682111825442115016e+00 1.006865654626066409e+01 1.561475065043865484e+01
