2.194665979716078907e-01 1.550324276454979966e+01 3.658691463296889327e+06
2.281332590161444240e-01 1.517190963129296932e+01 3.040421687414054759e+06
2.372258081695243770e-01 1.487281268859487859e+01 2.518399383597678505e+06
2.467648016085060847e-01 1.460260851374203739e+01 2.088267427703938680e+06
2.567465034958481551e-01 1.436001395352332111e+01 1.726663534391801571e+06
2.672016468403315970e-01 1.412926673978365955e+01 1.428634357383018592e+06
2.781361071093321757e-01 1.392486889751920565e+01 1.188944354020615574e+06
2.895630046065230667e-01 1.373724975630321588e+01 9.834221335659754695e+05
3.014966024767504194e-01 1.356084939752937579e+01 8.130238711964173708e+05
3.139460879932832738e-01 1.340201541934407103e+01 6.664683372096746461e+05
3.269043118166137241e-01 1.326798897568091462e+01 5.577650875596427359e+05
3.404206869010492076e-01 1.312658166617617006e+01 4.623636205349506345e+05
3.544359574928907519e-01 1.300907862842803198e+01 3.841292889724835404e+05
3.690178632010976956e-01 1.289873335281901490e+01 3.181877136670248583e+05
3.841749381826993215e-01 1.279758116188565253e+01 2.639018981589726172e+05
3.998456939007403732e-01 1.270962561380575373e+01 2.192774622514843941e+05
4.160905110677239893e-01 1.262849380189003412e+01 1.820564555178384471e+05
4.329177762304750043e-01 1.255839699750849903e+01 1.495456683041263022e+05
4.502844288927029814e-01 1.248396377641496890e+01 1.258925723163818475e+05
4.682243318665981202e-01 1.242174757227009607e+01 1.048259661068135028e+05
4.867416807485388519e-01 1.236493376295502777e+01 8.631733967060501163e+04
5.057998873896575320e-01 1.231399505949750228e+01 7.288304640037595527e+04
5.254485996004201187e-01 1.226865245292461459e+01 6.081160080956964521e+04
5.455877767033464609e-01 1.222852815234163515e+01 5.079183048821788543e+04
5.663021088808321002e-01 1.218884117381866439e+01 4.253337306088844343e+04
5.875495482417668613e-01 1.215807354302567056e+01 3.558107285920911090e+04
6.093251389328576684e-01 1.212436549048153722e+01 2.983139011086312530e+04
6.316341410127920275e-01 1.209604714820803473e+01 2.502098826718103010e+04
6.543908072005358845e-01 1.207000286880402307e+01 2.101717792572104736e+04
6.776597263215674571e-01 1.204622600931295118e+01 1.768028590671583879e+04
7.014090457772356180e-01 1.202323279805499112e+01 1.490372596173467355e+04
7.255587478819226499e-01 1.200294947014268132e+01 1.254926215018755465e+04
7.501806909140995572e-01 1.198407740599726878e+01 1.060540490849029629e+04
7.751893389136751411e-01 1.196557836317090029e+01 8.959967040519179136e+03
8.005522255833552592e-01 1.194685373296455921e+01 7.580175824226410441e+03
8.262791874397984460e-01 1.193157024103230235e+01 6.429863124289499865e+03
8.523455960461521208e-01 1.191554552809766321e+01 5.453301489695237251e+03
8.787072407664280327e-01 1.189871273653902861e+01 4.634061889343593066e+03
9.053185151659784990e-01 1.188355286014819967e+01 3.944633170168161541e+03
9.321832540194131544e-01 1.186788567804759431e+01 3.336443987324214959e+03
9.592547956384004371e-01 1.184966421559234639e+01 2.870449682951657906e+03
9.864814305225056978e-01 1.183430622235615814e+01 2.436660277684566154e+03
1.013851821267665043e+00 1.181731476865081376e+01 2.101461135381240638e+03
1.041308708005788564e+00 1.180081627013117007e+01 1.787044718265858592e+03
1.068826185844594878e+00 1.178273757270224564e+01 1.546518029348835626e+03
1.096373263379873286e+00 1.176292549881013549e+01 1.329950835848607312e+03
1.123905904147943779e+00 1.174253563989937810e+01 1.145637261465966048e+03
1.151387193086032878e+00 1.172677075288679127e+01 9.802384745596252742e+02
1.178776456332665701e+00 1.170079849802494110e+01 8.529943072022269916e+02
1.206031161481045055e+00 1.167835682412606246e+01 7.382683936821304087e+02
1.233116597952786941e+00 1.165212353916558996e+01 6.402235496771322687e+02
1.259988192695016052e+00 1.162902019256106456e+01 5.551532023340959086e+02
1.286614312120690107e+00 1.160011389415591054e+01 4.798023574023313245e+02
1.312952691095247149e+00 1.157035336364327449e+01 4.207297081477896086e+02
1.338967354616990013e+00 1.154209985088651713e+01 3.665506750289755473e+02
1.364615595161408512e+00 1.151014844318404862e+01 3.205346810959763388e+02
1.389868694547980121e+00 1.147808394818386191e+01 2.802089152941782118e+02
1.414689562907752052e+00 1.144288876365522611e+01 2.456452256699787995e+02
1.439036358180644903e+00 1.140792665315838939e+01 2.155905592615958426e+02
1.462883828874423697e+00 1.137319780483919907e+01 1.895496462457601012e+02
1.486197604538968653e+00 1.133274359254380670e+01 1.661171160156226847e+02
1.508947698888903455e+00 1.129358338144657736e+01 1.473332796546212649e+02
1.531110315091401164e+00 1.125226987963134029e+01 1.296195687229901239e+02
1.552647361807581783e+00 1.120858172831001376e+01 1.147886605819810342e+02
1.573539370778971103e+00 1.116484923428739862e+01 1.017543963544789136e+02
1.593759479838203985e+00 1.111858491999154452e+01 9.078234915033699792e+01
1.613290617327519438e+00 1.107142826739836394e+01 8.075764682916576476e+01
1.632111272476286290e+00 1.102350117319488554e+01 7.196782025652156278e+01
1.650201845661672051e+00 1.097421026980675585e+01 6.421356626773543042e+01
1.667547016022273842e+00 1.092327899065270103e+01 5.742952474107291039e+01
1.684132731010487216e+00 1.087079697884189322e+01 5.142656247005603376e+01
1.699945942134196697e+00 1.081739324089406828e+01 4.595961824759871917e+01
1.714977923469024779e+00 1.076348688493520100e+01 4.130616272475263884e+01
1.729219032127214506e+00 1.070763833208278371e+01 3.725027055507734275e+01
1.742665636761557835e+00 1.065146222333049231e+01 3.368555180623341982e+01
1.755311301548662994e+00 1.059307655084037947e+01 3.030406692305943039e+01
1.767156219055661115e+00 1.053502291830731430e+01 2.743336862566413359e+01
1.778216550856743350e+00 1.047468383416250148e+01 2.494555522812587967e+01
1.788522459133974785e+00 1.041449405821160035e+01 2.264316659452654079e+01
1.798102417605923931e+00 1.035368325637464082e+01 2.059194517128146629e+01
1.806983845346514128e+00 1.029114141357513290e+01 1.873357998491248466e+01
1.815182353592385889e+00 1.022855557150937855e+01 1.701916011469201351e+01
1.822714896511859139e+00 1.016511522832259296e+01 1.558531541737606219e+01
1.829584063994829757e+00 1.010128104761703405e+01 1.419320434629295136e+01
1.835776203853444422e+00 1.003708122542973413e+01 1.298946235769427382e+01
1.841279101710104449e+00 9.971973657786122658e+00 1.190792414309807690e+01
1.846103885416359169e+00 9.906929166505484829e+00 1.096349688215517482e+01
1.850235157737114777e+00 9.841823629517637784e+00 1.006133983801818133e+01
1.853677575738332139e+00 9.776223357860502006e+00 9.279670767453461977e+00
1.856449630310815779e+00 9.710507667579507896e+00 8.552554235332188171e+00
1.858539648836931901e+00 9.644882984118323677e+00 7.909728794061653190e+00
1.859958656355855000e+00 9.579573288461915581e+00 7.329109702131309412e+00
1.860724695382997895e+00 9.514038666710685987e+00 6.799115000789124785e+00
1.860809876997274070e+00 9.448843446215434483e+00 6.328603686876888013e+00
1.860164305871043755e+00 9.384617062061552772e+00 5.920134500138078515e+00
1.858693585097980439e+00 9.320805802952349950e+00 5.532725585249044009e+00
1.856277583915328266e+00 9.259067151717836452e+00 5.205372280167450683e+00
1.852790977054755484e+00 9.199467896311491089e+00 4.934784899600212604e+00
1.847946830623163672e+00 9.147889178563691104e+00 4.741310016620126078e+00
1.841116941310534605e+00 9.099818608191183600e+00 4.613386716685930367e+00
