1.540166818052120590e+01 2.247234443797480052e-01 3.370748823077617213e+06
1.500242442739935989e+01 2.360787523055968284e-01 2.662929979558943305e+06
1.467707281267340136e+01 2.484537132917234437e-01 2.112413376340910327e+06
1.438583507382325877e+01 2.619104151073207709e-01 1.666132124780717539e+06
1.413607910239512400e+01 2.765024731898080290e-01 1.314719448136346415e+06
1.391693537000747938e+01 2.922922667469080582e-01 1.033164048008637852e+06
1.372624382669964582e+01 3.093416671488289360e-01 8.103761594727970660e+05
1.356042965070242268e+01 3.277079601302272938e-01 6.349679697193551110e+05
1.342293480331315436e+01 3.474607439660241659e-01 4.966419431136706844e+05
1.331190448420739081e+01 3.686502559544140856e-01 3.881794623248702264e+05
1.321770498966862917e+01 3.913230834807050473e-01 3.033794059176834417e+05
1.314616749866684309e+01 4.155619014129107724e-01 2.364705613568960689e+05
1.309570829907052314e+01 4.414224254552339688e-01 1.846750512753476214e+05
1.305659390907347728e+01 4.689510090069793913e-01 1.443758922206087736e+05
1.303796204525795055e+01 4.982128072252572926e-01 1.127664978317534114e+05
1.304286929609434509e+01 5.292521779644128177e-01 8.797697491948118841e+04
1.304274858378064117e+01 5.621374768383012865e-01 6.888239865620362980e+04
1.306275795443434617e+01 5.968784972052731952e-01 5.377431977614512289e+04
1.309462965730388362e+01 6.335396908583758036e-01 4.229505672105000122e+04
1.313591352175651750e+01 6.721638934569511559e-01 3.312340057045152935e+04
1.318562555181537022e+01 7.127769468836419042e-01 2.604418648806412602e+04
1.324351574078770177e+01 7.554032477171406246e-01 2.049874892287480907e+04
1.331022461812015578e+01 8.000590434491312575e-01 1.615732387034208841e+04
1.337964659145883495e+01 8.467532039653794529e-01 1.273703238018605771e+04
1.346118055335936958e+01 8.954906503509504345e-01 1.007423079656694426e+04
1.354379228894356757e+01 9.462612779706650601e-01 7.981490812139631998e+03
1.363111654045413168e+01 9.990536916291121727e-01 6.281523716578870335e+03
1.372286197127134777e+01 1.053823153493060216e+00 5.029258180908319446e+03
1.381682280394512397e+01 1.110544954699159037e+00 4.011877240700890070e+03
1.391255874298358641e+01 1.169167257937965276e+00 3.205461647428462584e+03
1.401144927883380831e+01 1.229631507009736557e+00 2.562955277254790417e+03
1.411182288214548386e+01 1.291860388095274814e+00 2.056215971923297730e+03
1.421333327367118926e+01 1.355754695462332293e+00 1.653208947308114375e+03
1.431410631116236409e+01 1.421243346351274139e+00 1.332486807666674849e+03
1.441531692915441631e+01 1.488234502897871847e+00 1.078454712291035094e+03
1.451647913446100802e+01 1.556519162027826253e+00 8.733405831447220180e+02
1.461601038529644647e+01 1.625993972773929430e+00 7.089457328537395142e+02
1.471430911238763528e+01 1.696331670996954477e+00 5.749555311057424660e+02
1.481012575224589156e+01 1.767400661618064639e+00 4.731091230647925272e+02
1.490231280346917586e+01 1.838885018730504139e+00 3.881153324658141059e+02
1.499772737710054038e+01 1.910544014875818819e+00 3.195150917874698280e+02
1.508052725514225756e+01 1.982113450616815653e+00 2.644935426573076711e+02
1.516620404800547028e+01 2.053358809315577460e+00 2.193259739053076487e+02
1.524274930603326972e+01 2.124032328040291073e+00 1.827051850644712090e+02
1.531352861879009808e+01 2.193860856064453468e+00 1.529131931025995641e+02
1.538305876656133364e+01 2.262561292409317026e+00 1.284452832382257839e+02
1.544474519280237423e+01 2.329956953221634652e+00 1.083789778153805514e+02
1.550108348343312237e+01 2.395758551735897246e+00 9.177630041159612517e+01
1.555164637149672835e+01 2.459683990126123376e+00 7.812989516830964476e+01
1.559811638729407512e+01 2.521656452170815577e+00 6.675101623458154165e+01
1.563319087488649295e+01 2.581382308569379447e+00 5.732273597011891297e+01
1.566463473283215002e+01 2.638749560812474027e+00 4.935351707530033849e+01
1.569075300996880706e+01 2.693499295632495460e+00 4.280853389961593081e+01
1.570857378459458253e+01 2.745509438171068517e+00 3.725460088475812626e+01
1.572246653108904724e+01 2.794706213503565184e+00 3.257807879428113296e+01
1.572585157899718489e+01 2.840946335712946968e+00 2.860735457124393832e+01
1.572402850578972533e+01 2.884148655401460815e+00 2.506407949861652540e+01
1.571668819251724436e+01 2.924211410052983240e+00 2.236411728368532792e+01
1.570223547774650363e+01 2.961115466090516790e+00 1.981923820603783426e+01
1.568168650519562490e+01 2.994801926125806091e+00 1.781299665617574846e+01
1.565521541753468959e+01 3.025268805359147439e+00 1.599592503267581556e+01
1.562326819460845329e+01 3.052467718752076120e+00 1.444369434405411567e+01
1.558505922710903491e+01 3.076458544682730611e+00 1.309699093636286271e+01
1.554126751084843860e+01 3.097244373329314904e+00 1.192926144499420182e+01
1.549275228382201419e+01 3.114864747982160509e+00 1.085278982111406165e+01
1.543912203569973940e+01 3.129370495879029157e+00 1.003435829484973851e+01
1.538114543734410589e+01 3.140815073179969996e+00 9.267472750650121327e+00
1.531898759089076556e+01 3.149279214410531935e+00 8.599276512651991666e+00
1.525199928505881886e+01 3.154843623786287576e+00 8.018299774744354735e+00
1.518117443066764061e+01 3.157593597588344458e+00 7.517310384199359596e+00
1.510813976789183322e+01 3.157632726671399936e+00 7.073148768392989894e+00
1.503163780746292488e+01 3.155059121438022807e+00 6.689923169804548486e+00
1.495267504437321548e+01 3.149996240366485178e+00 6.359655083907071571e+00
1.487133020220607804e+01 3.142561613595867165e+00 6.073354582745444041e+00
1.478930748300676967e+01 3.132894110094448958e+00 5.827376784743913518e+00
1.470514429210859042e+01 3.121129152225760262e+00 5.619962551247199123e+00
1.462163573571236697e+01 3.107426533410475145e+00 5.449523351010475025e+00
1.453797237217164451e+01 3.091990919765012613e+00 5.315508458197160557e+00
1.445561884769075434e+01 3.075045963962020679e+00 5.208292705599677497e+00
1.437676345211797013e+01 3.056931800565786617e+00 5.137342494260286330e+00
1.430328926775739973e+01 3.038112817375457464e+00 5.104883703397887551e+00
1.423113401801520439e+01 3.018027078565894250e+00 5.098660733578950222e+00
1.415755407908241814e+01 2.996283984057569683e+00 5.106245555832027883e+00
1.408006026349553785e+01 2.973010937949363441e+00 5.132752603216670373e+00
1.399971340651829976e+01 2.948402438905759926e+00 5.158378426513521298e+00
1.391676941239173715e+01 2.922678184397023760e+00 5.191735785279202098e+00
1.382912059811229355e+01 2.895954186360591098e+00 5.230823224318633002e+00
1.374121282137697975e+01 2.868496019826400456e+00 5.272585626358754496e+00
1.364919198327636529e+01 2.840622732344136203e+00 5.312872380179842757e+00
1.355876668028700927e+01 2.812707196924364883e+00 5.358922216128017446e+00
1.346890815705911848e+01 2.785168089392574320e+00 5.406937950648592839e+00
1.338443262122055266e+01 2.758598413132687721e+00 5.460096264573348179e+00
1.330958429903144946e+01 2.734585553552191683e+00 5.523752086497568214e+00
1.324317298456185732e+01 2.712214517554079052e+00 5.596326983634980934e+00
1.318094001750510280e+01 2.690247263693268831e+00 5.686465985940554191e+00
1.312021014168303701e+01 2.668256584540303677e+00 5.788710319525629977e+00
1.306036942964661662e+01 2.645981148795927940e+00 5.905358196636750101e+00
1.300071898030236106e+01 2.623371279431357728e+00 6.007792575313664507e+00
1.294062632436895299e+01 2.600419028623205620e+00 6.166637420269196035e+00
1.288071403789973068e+01 2.577097732996772805e+00 6.289965275206342632e+00
