1.587628858219141925e+01 2.094016416305654604e-01 4.524464384702578187e+06
1.588079276994877809e+01 2.084827708474447927e-01 4.568513417313757353e+06
1.594764551507463679e+01 2.068929780459322076e-01 4.631946062267863192e+06
1.592176181576156324e+01 2.051577710201596960e-01 4.732273566771384329e+06
1.589957986421628000e+01 2.034129801114112068e-01 4.764853929982241243e+06
1.587441645775395394e+01 2.017346327126034178e-01 4.796906466755022295e+06
1.583831804712814773e+01 2.001869363932287926e-01 4.793582741540445015e+06
1.574996773126588145e+01 1.988092353072835883e-01 4.703268692861706018e+06
1.562760702885474373e+01 1.976620042971892477e-01 4.573244753998965025e+06
1.547189801300337209e+01 1.968024307014414609e-01 4.388837543770799413e+06
1.529902622753585106e+01 1.962692111192506639e-01 4.175739546941660345e+06
1.509501211861738490e+01 1.961512923319126134e-01 3.875995836065928452e+06
1.489253228512136218e+01 1.964683169417847652e-01 3.664839822151646484e+06
1.458263135150312273e+01 1.973140250824451658e-01 3.267744932758927811e+06
1.429353432517791234e+01 1.987331753909705734e-01 2.931688375374278519e+06
1.396759697002740808e+01 2.007913705501364610e-01 2.565286207666443195e+06
1.363485887004891772e+01 2.035362264362857998e-01 2.220549541243476793e+06
1.329333893391451404e+01 2.070276002380084801e-01 1.890448244564458029e+06
1.294437931710522349e+01 2.113162505164144223e-01 1.583423634008359630e+06
1.259659075519778071e+01 2.164447130203536462e-01 1.316833528971733991e+06
1.226911793633906456e+01 2.224502426189843007e-01 1.076617643133335514e+06
1.194721690342654874e+01 2.293725477350640196e-01 8.740646781701958971e+05
1.164273762703743031e+01 2.372457659055244028e-01 7.051562818889193004e+05
1.136043099922946631e+01 2.460993704377317515e-01 5.629149814558714861e+05
1.109111163957643775e+01 2.559617696173637769e-01 4.478940909401029930e+05
1.084677370188948586e+01 2.668485227946054139e-01 3.546807048281790339e+05
1.063924112452593285e+01 2.787808349269290664e-01 2.798019945842692396e+05
1.042829798988471701e+01 2.918036696623442228e-01 2.207805512956531020e+05
1.025182091933567641e+01 3.058985481511733995e-01 1.735126758662859502e+05
1.009403534961976590e+01 3.211212951948597683e-01 1.366687612990511116e+05
9.957022906193474299e+00 3.374546135308078565e-01 1.071453123745578487e+05
9.835918671519758405e+00 3.549461399852230081e-01 8.384278765777433000e+04
9.732788838945717558e+00 3.735945162799880204e-01 6.634397586328326724e+04
9.642724801986085836e+00 3.934109486143170242e-01 5.235930223025794839e+04
9.570166207089672028e+00 4.143969825637144333e-01 4.135989464624856191e+04
9.506863692340603578e+00 4.365631796731886949e-01 3.270224099902628950e+04
9.458182592286462409e+00 4.598965764132783574e-01 2.571968699777408619e+04
9.420273079739514444e+00 4.843729889890773799e-01 2.066416689924457387e+04
9.388155577002587293e+00 5.099645424391042736e-01 1.633914716355562450e+04
9.367323092197542778e+00 5.366627862270734184e-01 1.303382748148923747e+04
9.358165664063639255e+00 5.644102442097596040e-01 1.041060075489856536e+04
9.346200222508530331e+00 5.931453853549298882e-01 8.355337223258549784e+03
9.344475576727262478e+00 6.228993632504425948e-01 6.701870660561688965e+03
9.351147165744468026e+00 6.535647494680856262e-01 5.401724097109409740e+03
9.355627233828721856e+00 6.850508976520375271e-01 4.363776820154051165e+03
9.365439224324122236e+00 7.173736490114244191e-01 3.539111085017235382e+03
9.381095020002549134e+00 7.504259863006271791e-01 2.875105137508926873e+03
9.396564379343974593e+00 7.841314715116729506e-01 2.365264549814010479e+03
9.417569949346917824e+00 8.184352028791985756e-01 1.917265631059751058e+03
9.436831795620831187e+00 8.532457002475796193e-01 1.585141706589044816e+03
9.455124339499583641e+00 8.885128562359860815e-01 1.294796444575789792e+03
9.475392812203899950e+00 9.241002281935947194e-01 1.069187754858799963e+03
9.497712298862991176e+00 9.599367922463956093e-01 8.856566505451866078e+02
9.521012512205231815e+00 9.959183164560372337e-01 7.419912160921089708e+02
9.538114342869834061e+00 1.031947836482685510e+00 6.144334242677346083e+02
9.557885851217912787e+00 1.067946459920220637e+00 5.114793889890788705e+02
9.577077521855512643e+00 1.103901323933193401e+00 4.309616271039278672e+02
9.595010263300338238e+00 1.139587536624060871e+00 3.636792521391960236e+02
9.608663075878935089e+00 1.175028185744392939e+00 3.075312545352389293e+02
9.622916464323278518e+00 1.210073386676197016e+00 2.616403679109058089e+02
9.635020673902607413e+00 1.244674478051916111e+00 2.216080516603167325e+02
9.645489953949530459e+00 1.278761841848904846e+00 1.881163457317969119e+02
9.653374807863976059e+00 1.312205758857596605e+00 1.617435381022512217e+02
9.658791827060541735e+00 1.344985226575353021e+00 1.382840484369405374e+02
9.662602871300611795e+00 1.377009236365675182e+00 1.197137666103413522e+02
9.663907720102168142e+00 1.408241314850515513e+00 1.029800397529177474e+02
9.663213901259700478e+00 1.438596657853506100e+00 8.881207118082758711e+01
9.659134520609404362e+00 1.468031093628357597e+00 7.758711656180307159e+01
9.653527697048195577e+00 1.496511341255543526e+00 6.746299212279718915e+01
9.645663382220321935e+00 1.523981230500038864e+00 5.895480949848797536e+01
9.635060249602588556e+00 1.550409260885462048e+00 5.156297384136667716e+01
9.621999485744456848e+00 1.575767898536472478e+00 4.580179518092621294e+01
9.606687277029111627e+00 1.600021503179831939e+00 4.005374995316829256e+01
9.589429470096872521e+00 1.623156795746266479e+00 3.549498941881383018e+01
9.569463451629934170e+00 1.645156146709113143e+00 3.152280270197305967e+01
9.547535831022003094e+00 1.666006658619939795e+00 2.792960614246123896e+01
9.523052295355688202e+00 1.685700392794394098e+00 2.482139823381702470e+01
9.497007432822865525e+00 1.704231023969831282e+00 2.225982347931742567e+01
9.468243444495451300e+00 1.721606348714945334e+00 1.994176466696112726e+01
9.438359997341621010e+00 1.737826238189512207e+00 1.792321574925574978e+01
9.406177455016925038e+00 1.752901155406217271e+00 1.611493689011744834e+01
9.372117390097098877e+00 1.766839259457200662e+00 1.462565161315825613e+01
9.336649598374547665e+00 1.779655054000725434e+00 1.321121492150714438e+01
9.299657119295060781e+00 1.791367723129192902e+00 1.196866739864746521e+01
9.260923318296024220e+00 1.801995092159063727e+00 1.097691009944634999e+01
9.220316917830018610e+00 1.811559444600678859e+00 1.004709053206132907e+01
9.179050165569821118e+00 1.820080804152230725e+00 9.139333174456583109e+00
9.135850545293905611e+00 1.827554182029156538e+00 8.342239985313755213e+00
9.092383270748612745e+00 1.833945661388945769e+00 7.663361669485894367e+00
9.046951970197252280e+00 1.839234353179094228e+00 7.115205183806774691e+00
9.000800130786025477e+00 1.843397826498722969e+00 6.539153009074361478e+00
8.954070845158918601e+00 1.846414529687168349e+00 6.089258018604797762e+00
8.906581901810929125e+00 1.848264520660913401e+00 5.658579160010788200e+00
8.858531198630727133e+00 1.848950060734692924e+00 5.320817149029039683e+00
8.809644987950841610e+00 1.848464943676717986e+00 4.973800313962984276e+00
8.760466705999890635e+00 1.846790805471792085e+00 4.715760473664722063e+00
8.711187022119705858e+00 1.843959241988516240e+00 4.461179833891296020e+00
8.661386646855005367e+00 1.839955272950955179e+00 4.257606271126451070e+00
8.612408936021807904e+00 1.834818155925143524e+00 4.058424771035514134e+00
8.563575820355730173e+00 1.828570789541327901e+00 3.940767403339609398e+00
