2.210098365398994458e-01 1.545656059598007381e+01 3.569468021345265675e+06
2.305954110399454360e-01 1.512447561431580567e+01 2.919543241747057531e+06
2.408292604800813530e-01 1.481413740779450450e+01 2.369919706165904645e+06
2.517445067585500906e-01 1.451956035231948228e+01 1.929794794294652995e+06
2.633753261636407883e-01 1.427055285610409641e+01 1.568514987340996042e+06
2.757482114400754414e-01 1.403636274343157808e+01 1.270136999558902811e+06
2.888905185915505158e-01 1.383379904892322187e+01 1.029597716374395997e+06
3.028463035501624545e-01 1.365031417443823436e+01 8.329357833835569909e+05
3.176360617827702071e-01 1.348532287377177674e+01 6.747471526976131136e+05
3.332782997175404716e-01 1.333599626365479729e+01 5.448159735911976313e+05
3.498128256297179384e-01 1.320361196431386652e+01 4.401192710517824162e+05
3.672599992269966473e-01 1.309345394132764895e+01 3.547973772507042158e+05
3.856458338349034731e-01 1.299307604135406891e+01 2.868962396773988148e+05
4.049996743617257922e-01 1.290691939286211110e+01 2.318469625477627269e+05
4.253239541090488296e-01 1.283753773242536056e+01 1.868627283348772326e+05
4.466408825845215591e-01 1.277565955684713650e+01 1.508107570408230531e+05
4.690049869804032712e-01 1.272602949748840828e+01 1.220995185291449307e+05
4.923613419734020891e-01 1.268689459553127641e+01 9.873657269835875195e+04
5.167882474143081772e-01 1.265174517414612687e+01 7.990682575166308379e+04
5.422822814582310968e-01 1.262935672994719916e+01 6.465478732745782327e+04
5.688071005478713138e-01 1.261274669835731821e+01 5.250513864765915787e+04
5.964259266557576655e-01 1.260115857182515064e+01 4.253415630453602353e+04
6.251139494239901229e-01 1.260097073198576823e+01 3.453811046246546903e+04
6.548447718282980334e-01 1.259955374289927477e+01 2.812799741627167896e+04
6.856308171763210169e-01 1.260626693123082909e+01 2.293198326812866435e+04
7.174694009795240524e-01 1.261728385854014967e+01 1.869106373025476205e+04
7.503669448202734404e-01 1.263140942498372432e+01 1.527804737416052558e+04
7.842345398080416974e-01 1.264810550975387038e+01 1.250687486671281476e+04
8.191370688708439207e-01 1.266859627881544981e+01 1.022521885645900329e+04
8.549599132492107234e-01 1.269220335422967949e+01 8.396935459268221166e+03
8.917344342790430867e-01 1.271656719995462481e+01 6.908108245451910989e+03
9.294169250622099643e-01 1.274250661470416723e+01 5.681355846360354008e+03
9.679323667915462615e-01 1.276999677554192836e+01 4.691021557761819167e+03
1.007261145057481100e+00 1.279879609096198756e+01 3.874644461190691800e+03
1.047350607282923729e+00 1.282853665438153534e+01 3.207945763131854619e+03
1.088146888700124881e+00 1.285627172077665392e+01 2.658824549861389187e+03
1.129593695645642715e+00 1.288722004521361342e+01 2.207982799631555281e+03
1.171605194583821286e+00 1.291526109918373422e+01 1.840887029033918679e+03
1.214144224453261645e+00 1.294355969974563259e+01 1.535114445031517107e+03
1.257139801508081467e+00 1.297006257989639799e+01 1.283411743147064726e+03
1.300489965879866539e+00 1.299580237866370069e+01 1.075600296567138685e+03
1.344154960404825738e+00 1.302217088126453071e+01 9.023719307075767802e+02
1.388054351180997736e+00 1.304625420353336374e+01 7.598087300254380807e+02
1.432086714403787875e+00 1.306820789984200637e+01 6.399740738163823153e+02
1.476193705258846967e+00 1.309058001844418229e+01 5.407538873549901837e+02
1.520258055729192259e+00 1.310788687719220746e+01 4.582321501633188632e+02
1.564205434760939317e+00 1.312152607837809981e+01 3.888209083459496469e+02
1.607919644318435592e+00 1.313578857899865504e+01 3.307233550476863684e+02
1.651232589865624600e+00 1.314756371369440302e+01 2.821246926048391401e+02
1.694063436641944476e+00 1.315687827815006017e+01 2.411311065936259013e+02
1.736282979797745041e+00 1.316254409823970128e+01 2.067856405809632747e+02
1.777782556885995069e+00 1.316667301251006883e+01 1.777231645565067595e+02
1.818459113981014896e+00 1.316757974231284400e+01 1.532511923775398373e+02
1.858218058850991117e+00 1.316403416509051461e+01 1.324467775397445450e+02
1.896969867880294425e+00 1.316057552092538252e+01 1.148578539461196186e+02
1.934627425414136681e+00 1.314956510538479506e+01 9.987921840266690765e+01
1.971107078812454727e+00 1.313944603769022734e+01 8.706366109576508450e+01
2.006374033308618632e+00 1.312232716789989517e+01 7.616422087745397107e+01
2.040337661970593519e+00 1.310329603578556146e+01 6.678722089033749398e+01
2.072945059659330180e+00 1.308388987629624545e+01 5.874938398030482034e+01
2.104177958075445165e+00 1.305738965488506054e+01 5.180582554409225082e+01
2.133989620452768854e+00 1.302928205180921850e+01 4.581222098919707264e+01
2.162352703072028426e+00 1.299853457764023723e+01 4.064110766697379518e+01
2.189220017700357790e+00 1.296482417435137968e+01 3.614084192743700896e+01
2.214536525027889446e+00 1.292790965242759604e+01 3.222768943041405265e+01
2.238222133951775827e+00 1.288817955622214662e+01 2.883509241209681662e+01
2.260228927048064218e+00 1.284528083421968070e+01 2.588833007963538790e+01
2.280500995254831409e+00 1.280051622421260404e+01 2.329697498775171383e+01
2.299002363000147042e+00 1.275301283407385888e+01 2.103288572462896155e+01
2.315699303922020835e+00 1.270290446832819597e+01 1.906704632322877302e+01
2.330576047233357873e+00 1.264920701700698125e+01 1.734538731725966798e+01
2.343634795164856399e+00 1.259452786522065892e+01 1.584058373387605556e+01
2.354878251510287512e+00 1.253675923817252880e+01 1.450781794339999742e+01
2.364312626962215891e+00 1.247699944865302157e+01 1.333546027797113354e+01
2.371963608471582940e+00 1.241506589277202899e+01 1.230872875731708227e+01
2.377859039305585842e+00 1.235123423174066382e+01 1.140387316259775830e+01
2.382034755624745870e+00 1.228536172931437243e+01 1.059017318490076498e+01
2.384545953069791668e+00 1.221761235591185368e+01 9.881809977324817140e+00
2.385432610780653828e+00 1.214908114438146214e+01 9.212563534352264938e+00
2.384751922940385072e+00 1.207911129409492190e+01 8.688929347733692410e+00
2.382574461604773042e+00 1.200766711502577699e+01 8.189222853417408743e+00
2.378973043441719337e+00 1.193500666098261043e+01 7.718536601847286072e+00
2.374026249506285158e+00 1.186194192252081514e+01 7.350576823542870564e+00
2.367813558394774809e+00 1.178747131908623480e+01 6.973144052232970402e+00
2.360442488725354337e+00 1.171247419384585342e+01 6.684192082717254735e+00
2.351951856095556348e+00 1.163713386194657851e+01 6.401054182531528802e+00
2.342461835569348949e+00 1.156125726196938430e+01 6.150616692340279634e+00
2.332020239371042081e+00 1.148597228578753260e+01 5.923306160808224696e+00
2.320707971676274184e+00 1.140921788867135334e+01 5.704094553678227264e+00
2.308595051043233592e+00 1.133357249014351709e+01 5.544155610542847334e+00
2.295768275557811045e+00 1.125680900324723765e+01 5.382555891237132961e+00
2.282274701502633008e+00 1.118146604631543717e+01 5.241508333101448258e+00
2.268184362422885236e+00 1.110656938737050403e+01 5.099245495199739686e+00
2.253552697534955129e+00 1.103115683662872115e+01 5.003140602410956816e+00
2.238457279645200249e+00 1.095739259310926172e+01 4.906014814652802869e+00
2.223011201003630699e+00 1.088446195354374524e+01 4.821597690917885259e+00
2.207321583576285384e+00 1.081405201018582396e+01 4.739913145035030695e+00
2.191524951507820340e+00 1.074619039855801894e+01 4.709915771969005682e+00
2.175822611764728354e+00 1.068250925867287471e+01 4.657452118957301934e+00
2.160674893785705653e+00 1.062474445852346250e+01 4.660794125611520400e+00
