2.268618998750619453e-01 1.530044998951393431e+01 3.216913600352358539e+06
2.363489499807185368e-01 1.506096310695195406e+01 2.662617345452139620e+06
2.465520699753304956e-01 1.475609572818334314e+01 2.210118902444403619e+06
2.575091636135989903e-01 1.450996354071928351e+01 1.821884228702949360e+06
2.692496682769118799e-01 1.429370082462986957e+01 1.501886878735411447e+06
2.818137051847434682e-01 1.410572775789145616e+01 1.235657223505620612e+06
2.952301237321415806e-01 1.393316278153755938e+01 1.011894117463353905e+06
3.095438012930972205e-01 1.378075898001283761e+01 8.309945753579778830e+05
3.247791472102093402e-01 1.365291630166707471e+01 6.787638151857589837e+05
3.409797760174068104e-01 1.353656233869917713e+01 5.558714278379881289e+05
3.581778663691677078e-01 1.343999335916020854e+01 4.531828718558149994e+05
3.764279011816167309e-01 1.336318813830100538e+01 3.705930373373851762e+05
3.957608899752085851e-01 1.329420173452198028e+01 2.990829195363256149e+05
4.161843753906153687e-01 1.324339161344243010e+01 2.466006801333202748e+05
4.377642069420433768e-01 1.320560236642584684e+01 2.012881645795265795e+05
4.605336167107969003e-01 1.317963428944434945e+01 1.642376221348521940e+05
4.845352963095436727e-01 1.316928093425315183e+01 1.323315455122387211e+05
5.097792258135070975e-01 1.316310886368442645e+01 1.093159690553861292e+05
5.363364974271979113e-01 1.317259000583541884e+01 8.908713904708201881e+04
5.642228673728493238e-01 1.318798922797232542e+01 7.284471880152440281e+04
5.934909377858397228e-01 1.321316852198256697e+01 5.949118972807769751e+04
6.241219109521075614e-01 1.324663020041640848e+01 4.868312232278987358e+04
6.561968410050041944e-01 1.328838370994002638e+01 3.988428072828084260e+04
6.897334496028543205e-01 1.333618737549150701e+01 3.262751243281276038e+04
7.247532861316023922e-01 1.339118682890407364e+01 2.675336458404886798e+04
7.612564480631276442e-01 1.345157657438630139e+01 2.196820434144147293e+04
7.993109522355646979e-01 1.351854556996290135e+01 1.805349414670971964e+04
8.388875514582021520e-01 1.359164515322067146e+01 1.480163273989426489e+04
8.800256028234414440e-01 1.366740088571403433e+01 1.217096329411758961e+04
9.227210836858773524e-01 1.374510619736730455e+01 1.004522671940888722e+04
9.669893206934591090e-01 1.383006311074335137e+01 8.277076219241691433e+03
1.012811313653789291e+00 1.391836148824138242e+01 6.835914678957064098e+03
1.060152990046620669e+00 1.400834521844777036e+01 5.652477309414976844e+03
1.108954682103715950e+00 1.410175479663091558e+01 4.676371080793291185e+03
1.159172916296543621e+00 1.419688251500548937e+01 3.882489499468674239e+03
1.210721813155116067e+00 1.429466529289299892e+01 3.183097077265632834e+03
1.263517138421015540e+00 1.439356876761444859e+01 2.684252788893571051e+03
1.317466703498825442e+00 1.449213802528784889e+01 2.220542449698001747e+03
1.372483741415222225e+00 1.459147372674348020e+01 1.874557789819770278e+03
1.428471853143274073e+00 1.469136268541593360e+01 1.573438443142413234e+03
1.485190710253884161e+00 1.479025783985543718e+01 1.321938075628062734e+03
1.542599072924599524e+00 1.488797427111440896e+01 1.113699498898698266e+03
1.600475505931210130e+00 1.498488447286127290e+01 9.403503998705085678e+02
1.658596470971579695e+00 1.507894077377277497e+01 7.974576180459736179e+02
1.716723220390961924e+00 1.517030633942015783e+01 6.788227874738379342e+02
1.774700471832081350e+00 1.525884559472358859e+01 5.790397248621345625e+02
1.831991220107036966e+00 1.534311030413502586e+01 4.966900718896483795e+02
1.888364426447306732e+00 1.542362224259185766e+01 4.276871321427631187e+02
1.943216981585546010e+00 1.549696919491542424e+01 3.702646397200039132e+02
1.995549665805968820e+00 1.556448801765389334e+01 3.230380705400020815e+02
2.042445407369006816e+00 1.561772402915367408e+01 2.854917565512861870e+02
2.069934619971382173e+00 1.564130543892602887e+01 2.637983339791302910e+02
2.088158665735945441e+00 1.564340084243070628e+01 2.457419576224819764e+02
2.101707998236301389e+00 1.563323594975522823e+01 2.354134994531505072e+02
2.112122121570259914e+00 1.561394320680677694e+01 2.242162062017214339e+02
2.120445806872765626e+00 1.558697471003934965e+01 2.138500891153368570e+02
2.127094534564061945e+00 1.555456188039361187e+01 2.043921166524742148e+02
2.132506037461348924e+00 1.551749502518154777e+01 1.955843324305066915e+02
2.136907277821079365e+00 1.547670180150334751e+01 1.867998142415137011e+02
2.140319747498229841e+00 1.542921176501521430e+01 1.786807689626118645e+02
2.142781013096823006e+00 1.537886500265295098e+01 1.710488225794966013e+02
2.144416940058440080e+00 1.532551876017185677e+01 1.638275728531041864e+02
2.145147454768200568e+00 1.526953652981396559e+01 1.571585642093358217e+02
2.145089676921462907e+00 1.521061509006053569e+01 1.508148301291829512e+02
2.144188104612649859e+00 1.514907232538946324e+01 1.448563289747062584e+02
2.142539083165513780e+00 1.508556152001461470e+01 1.381795705067803226e+02
2.140115029244420874e+00 1.502033315191549256e+01 1.339930360636279261e+02
2.136960482535418926e+00 1.495502156177750663e+01 1.290556156604416742e+02
2.133105952334018340e+00 1.488240542078207262e+01 1.246491786563234285e+02
2.128506039515901449e+00 1.481203895066153642e+01 1.201706516984185811e+02
2.123293810225785894e+00 1.474049532293312126e+01 1.162727774694074157e+02
2.117428987258710649e+00 1.466708078285481953e+01 1.124532596472075596e+02
2.110948991407697761e+00 1.459275045541110138e+01 1.089404729733173838e+02
2.103891663531980427e+00 1.451761628398725001e+01 1.058000671577584626e+02
2.096271246947001288e+00 1.444137346387473286e+01 1.028056341656848929e+02
2.088087553049891021e+00 1.436534976888119530e+01 1.000195130716410148e+02
2.079388843663168895e+00 1.428807184725909529e+01 9.747299860085730927e+01
2.070236517772489737e+00 1.421040847263205009e+01 9.514743447318544156e+01
2.060599548247294077e+00 1.413241592468166630e+01 9.291887424415374142e+01
2.050542503901005453e+00 1.405444254870657872e+01 9.087624508161809445e+01
2.040067173842187831e+00 1.397624762991553027e+01 8.830943954689956854e+01
2.029240023202301568e+00 1.389752499188848311e+01 8.720853314746456419e+01
2.018014612988773493e+00 1.382015810943132017e+01 8.558241165228015745e+01
2.006521016270722324e+00 1.374231745864723031e+01 8.351507717173961964e+01
1.994680766268287719e+00 1.366547650394788782e+01 8.277451589861445314e+01
1.982577577088464604e+00 1.358857300231913712e+01 8.176200147177279121e+01
1.970218729378482969e+00 1.351158834884907733e+01 8.051013032809885317e+01
1.957612506006428221e+00 1.343627637594996571e+01 7.962070717453350710e+01
1.944823081497576434e+00 1.336169269295937845e+01 7.889937187147266684e+01
1.931871088098857436e+00 1.328678916584093450e+01 7.804493175057061194e+01
1.918757296603518903e+00 1.321428939867591978e+01 7.735755894860237447e+01
1.905501782218572027e+00 1.314160110680913007e+01 7.682136979735035709e+01
1.892129367847215304e+00 1.307123534455631031e+01 7.645976393534301963e+01
1.878664240908840988e+00 1.300072803509349662e+01 7.606711260391320195e+01
1.865111553493033147e+00 1.293024435243710180e+01 7.618569209863386504e+01
1.851547745103603981e+00 1.286276242563736183e+01 7.568765793231008843e+01
1.837956758710683314e+00 1.279631622530723867e+01 7.521553883880868341e+01
1.824334548469244366e+00 1.273037318218396230e+01 7.565184771774481476e+01
1.810745892328219364e+00 1.266755351710827782e+01 7.603002526367512814e+01
1.797209721369984692e+00 1.260506190482432309e+01 7.615299370540273571e+01
