2.252585623380104485e-01 1.534923456219415172e+01 3.310571759989615064e+06
2.380578967466630558e-01 1.494616960071176592e+01 2.567426984899540432e+06
2.521572631943971854e-01 1.462176254222877603e+01 1.992994259424275253e+06
2.676312716622327170e-01 1.429046680336528574e+01 1.520057575615422335e+06
2.845670794158709493e-01 1.402916660652050318e+01 1.166366893922730349e+06
3.030493252374399371e-01 1.380229267414112826e+01 8.920458920170061756e+05
3.231639650536639041e-01 1.361624399541164721e+01 6.785883724800881464e+05
3.449974906806028141e-01 1.345998511812950049e+01 5.160500345251353574e+05
3.686336211559531062e-01 1.333324632435130219e+01 3.912157632115809829e+05
3.941552652519156874e-01 1.323284078079840498e+01 2.975264280380959390e+05
4.216546983771651269e-01 1.315838716354421756e+01 2.261996561014730542e+05
4.512105717303174779e-01 1.310914266833326280e+01 1.711356635244882200e+05
4.829143298495763847e-01 1.308078611064451913e+01 1.301263353598677058e+05
5.168164801071242209e-01 1.307107170195889623e+01 9.882429119682702003e+04
5.530457883772644800e-01 1.307891865305266244e+01 7.504115886863724154e+04
5.916107139836052076e-01 1.310199293989798797e+01 5.636293192569053645e+04
6.326321346061216655e-01 1.314255223610909340e+01 4.346507449877501494e+04
6.761235303435829680e-01 1.318895887379501097e+01 3.318709417060481792e+04
7.221676531200212912e-01 1.325015943392453011e+01 2.535028728750408482e+04
7.708117153354911988e-01 1.332317262379079814e+01 1.939127116855966597e+04
8.220413548228090450e-01 1.340407563116981393e+01 1.467739619383864192e+04
8.758958730942401072e-01 1.349173256629155837e+01 1.143949549506571202e+04
9.323865302621960893e-01 1.358865180209604340e+01 8.779520278441535993e+03
9.914768714520314496e-01 1.369073221777987115e+01 6.790832201087367139e+03
1.053176804468870298e+00 1.379823886049654647e+01 5.245647945317257836e+03
1.117419844883345448e+00 1.390890508550627658e+01 4.073474839248059197e+03
1.184143233696936193e+00 1.402428670494159668e+01 3.169252211773587987e+03
1.253277239356211492e+00 1.414071375043200440e+01 2.472096793397989131e+03
1.324729776626466737e+00 1.426061527634023385e+01 1.931293241260802461e+03
1.398359848622371171e+00 1.438095669119584663e+01 1.516058474423077314e+03
1.474029020277723312e+00 1.450202315304026968e+01 1.192938182902860262e+03
1.551638638970649797e+00 1.462337305477372951e+01 9.325852518115557359e+02
1.630964335049531755e+00 1.474318615596317450e+01 7.427848301261362849e+02
1.711815087673375091e+00 1.486252123823768123e+01 5.914495918241392474e+02
1.794020275051965596e+00 1.498029248529026169e+01 4.716036768630011125e+02
1.877349421963568687e+00 1.509523377130981459e+01 3.766827456203913584e+02
1.961573794099257473e+00 1.520988043872639928e+01 3.023923273949824306e+02
2.046480076442526386e+00 1.531645294987092676e+01 2.439059389700871066e+02
2.131788276892558898e+00 1.542167114904004244e+01 1.970247764785708853e+02
2.217249081457122184e+00 1.552345582461883389e+01 1.596943985696534867e+02
2.302525931633086831e+00 1.562035395993895293e+01 1.300008572373909317e+02
2.387193946855945548e+00 1.571196580905659879e+01 1.064511857073400165e+02
2.470961214897171132e+00 1.579904314508414487e+01 8.730757586961145478e+01
2.553406444616617588e+00 1.588027441085054647e+01 7.207789691417147537e+01
2.634199890028122049e+00 1.595445801202264846e+01 5.976596264262613545e+01
2.713034741078652168e+00 1.602232357068580981e+01 4.979102743860159563e+01
2.789574800740010740e+00 1.608617550300337840e+01 4.163941245135395519e+01
2.863531100008426478e+00 1.613970297977795099e+01 3.498345852603048201e+01
2.934659751174445663e+00 1.618512301299058365e+01 2.959693878669055422e+01
3.002733459020808127e+00 1.622443480038315400e+01 2.511754494218467215e+01
3.067495664267147593e+00 1.625601923653028180e+01 2.147775341679746219e+01
3.128770119443446962e+00 1.628076998210098125e+01 1.830541193192300042e+01
3.186445405636986195e+00 1.629803668192256083e+01 1.590700215765789771e+01
3.240399613209154595e+00 1.630864871354237877e+01 1.379373177615704726e+01
3.290518871229488163e+00 1.630969059213969174e+01 1.202302735244539988e+01
3.336732348227611222e+00 1.630426943061464229e+01 1.054128678367152361e+01
3.378995501907820831e+00 1.629200815216529463e+01 9.289555113830855859e+00
3.417331444953246145e+00 1.627255775341613386e+01 8.222963988892079357e+00
3.451715923873208247e+00 1.624639171149877370e+01 7.325401138894788389e+00
3.482172542367980128e+00 1.621368312355561514e+01 6.550230818443082192e+00
3.508791481316597682e+00 1.617459734286530093e+01 5.892385076058358706e+00
3.531616549382313064e+00 1.612965280269903445e+01 5.324509862031860941e+00
3.550722540656138460e+00 1.607905897148615892e+01 4.841321224893946784e+00
3.566204522247473196e+00 1.602286164347500730e+01 4.417475591399234958e+00
3.578214358611656376e+00 1.596162488670250212e+01 4.056161289140840509e+00
3.586832398011653655e+00 1.589598017532209084e+01 3.739441680472523899e+00
3.592198296050124195e+00 1.582535801065338887e+01 3.464145371089089043e+00
3.594446715996182817e+00 1.575057056020775015e+01 3.227353060960085340e+00
3.593743639788283595e+00 1.567291242016146136e+01 3.018832219661460314e+00
3.590216165508351320e+00 1.559188735946134763e+01 2.838336005748610003e+00
3.584027098259411570e+00 1.550722159485832918e+01 2.687341209841695111e+00
3.575345988976263101e+00 1.542067288318659024e+01 2.536543755173703119e+00
3.564313100843730986e+00 1.533166353631571965e+01 2.429940422598483973e+00
3.551115836421850247e+00 1.524125963402346073e+01 2.326642921485087001e+00
3.535893366171877883e+00 1.514911038822849498e+01 2.239306387843643442e+00
3.518823150426809043e+00 1.505645722081544768e+01 2.165092688541142341e+00
3.500096351045909771e+00 1.496280890342249315e+01 2.104038413438769073e+00
3.479864939548585667e+00 1.486940919757533486e+01 2.051016088108212010e+00
3.458312241859025082e+00 1.477676402411764300e+01 2.010958518020238284e+00
3.435633794577491074e+00 1.468576214513992184e+01 1.979102264789581289e+00
3.412005122865184870e+00 1.459469135977908927e+01 1.957672270346201504e+00
3.387522898568442464e+00 1.450601184597721272e+01 1.936353839304172819e+00
3.362203709162911114e+00 1.441791115137281665e+01 1.936067621141256856e+00
3.336152935306482714e+00 1.433103787350685643e+01 1.936272112033971649e+00
3.309502519325002723e+00 1.424443110448449268e+01 1.939570452520126498e+00
3.282411603049385285e+00 1.415871628184117270e+01 1.950098157101139540e+00
3.255216976395459927e+00 1.407463647545878871e+01 1.958245981130808833e+00
3.228203885334195000e+00 1.399359255844067462e+01 1.973535513133670038e+00
3.201726105145683565e+00 1.391684475777011620e+01 2.003695651976896475e+00
3.176311964692891454e+00 1.384553967999801216e+01 2.032942349888185785e+00
3.152948118482109763e+00 1.378376100212856059e+01 2.066204193654571419e+00
3.133647930026305151e+00 1.373703983619653179e+01 2.103850364801251871e+00
3.115558383637852202e+00 1.369745133649622204e+01 2.141311085272679549e+00
3.097462901181812001e+00 1.366099060621707650e+01 2.193247331824510482e+00
3.079102594430374928e+00 1.362562063960645986e+01 2.259529279944476610e+00
3.060396998747286545e+00 1.359100234877120528e+01 2.319612187997919683e+00
3.041342291384622865e+00 1.355706992765069252e+01 2.387997507580528644e+00
3.021954212974530041e+00 1.352341861764234920e+01 2.471790914510918924e+00
3.002258380817839800e+00 1.348949242088934142e+01 2.554108869578800789e+00
2.982333478955907946e+00 1.345580392826023619e+01 2.631218606578880514e+00
