1.533288918885239660e+01 2.254564621265610080e-01 3.291058189508813433e+06
1.501806263436454536e+01 2.358199793865637384e-01 2.689418256323004141e+06
1.472480122446482653e+01 2.470339597211495541e-01 2.177979841914050747e+06
1.447038445500028736e+01 2.591520675635249904e-01 1.764215005525868153e+06
1.421856002291552024e+01 2.722105053061630309e-01 1.415163425400753506e+06
1.401359686940879534e+01 2.862803469478029661e-01 1.129878147114540683e+06
1.382840162289047470e+01 3.013472148708016829e-01 9.164415685287046945e+05
1.367009976700908602e+01 3.175177567283250513e-01 7.335767080824719742e+05
1.353969807242058643e+01 3.348261246962768167e-01 5.860092538496261695e+05
1.342032892241931030e+01 3.533058444264047249e-01 4.699545259272441617e+05
1.332087639713400584e+01 3.729989691339176683e-01 3.750148123094756738e+05
1.324324247443518665e+01 3.939655788927396984e-01 2.992377887923000380e+05
1.318176512882576823e+01 4.162528754686893318e-01 2.395415950016904389e+05
1.313523003694932889e+01 4.399051097239410901e-01 1.909414621512656158e+05
1.310546135656809597e+01 4.649641643844186212e-01 1.526503258649756899e+05
1.308751390752415844e+01 4.914898642858111510e-01 1.217230516550739994e+05
1.307805081885642373e+01 5.194937990203380984e-01 9.730458175543058314e+04
1.309119399374646520e+01 5.490451920643812933e-01 7.776020515982359939e+04
1.310897439630779004e+01 5.801813065091494526e-01 6.228410454005638167e+04
1.313420978690978203e+01 6.129373205616047704e-01 4.986541955902465997e+04
1.317019387527507490e+01 6.473247064737710499e-01 3.999702653305816057e+04
1.321664045168919621e+01 6.833969053292748841e-01 3.204289536756264351e+04
1.327081695885002333e+01 7.211821617233173942e-01 2.572816795806510709e+04
1.332756721399299060e+01 7.607218386345403482e-01 2.067572782328361791e+04
1.339228440675392129e+01 8.019807950072029845e-01 1.663522783779561723e+04
1.346300001210092212e+01 8.450025593777662491e-01 1.338725464949795060e+04
1.353754238763678863e+01 8.897940227366084587e-01 1.080918502578180414e+04
1.361862593002961574e+01 9.363562606984442427e-01 8.747698942188404544e+03
1.370462458629328850e+01 9.846852065917346408e-01 7.082303548813410998e+03
1.379237163201910477e+01 1.034747464425973540e+00 5.739519009943411220e+03
1.388305576708471811e+01 1.086557942768929808e+00 4.663404411014928883e+03
1.397761371518229367e+01 1.139985675437059198e+00 3.794956370672672620e+03
1.407372839435787881e+01 1.194959156990313520e+00 3.092663410012815348e+03
1.416964207736065617e+01 1.251411796478210547e+00 2.525554700456401861e+03
1.426574098323163931e+01 1.309222151552217772e+00 2.070937571338601174e+03
1.436506637064465508e+01 1.368293885831575851e+00 1.681388994552802160e+03
1.446430832162171320e+01 1.428462420165164115e+00 1.384034654603903846e+03
1.456128731207756744e+01 1.489576150764851947e+00 1.153726573460583040e+03
1.465779581056701097e+01 1.551551858918408078e+00 9.565283109699201987e+02
1.475246175237355395e+01 1.614195936951580590e+00 7.942057748636251517e+02
1.484541555593579432e+01 1.677396214713937850e+00 6.614867583515920160e+02
1.493595124034818156e+01 1.740902302722667550e+00 5.524135060433133049e+02
1.502352226221656117e+01 1.804516573635843502e+00 4.633372849166710807e+02
1.510716129427271959e+01 1.868086759356393012e+00 3.899382912421915535e+02
1.518695082172220268e+01 1.931511440696166204e+00 3.292032498043723763e+02
1.526569049402072942e+01 1.994534908705687615e+00 2.785802522060084812e+02
1.533783655707316385e+01 2.056984646061720046e+00 2.366996259375633258e+02
1.540997035304588714e+01 2.118671972315377516e+00 2.018825581873916235e+02
1.547062779402296151e+01 2.179411275887241928e+00 1.727567140770502476e+02
1.552932138198555023e+01 2.238944386399502662e+00 1.483059498248770183e+02
1.558462978267512078e+01 2.297230319984579161e+00 1.278241462511987407e+02
1.563249765732069640e+01 2.354077400592907487e+00 1.105421506429274956e+02
1.567581093071788700e+01 2.409241845313068620e+00 9.605041671615261123e+01
1.571307469437030946e+01 2.462573811017362058e+00 8.372230198375986276e+01
1.574522199408814238e+01 2.513945768143153181e+00 7.320874060013539975e+01
1.577203248475660757e+01 2.563305675731381683e+00 6.430395452452997063e+01
1.579225992599892336e+01 2.610419813704382364e+00 5.669397463897760758e+01
1.580689602875274780e+01 2.655210730783260420e+00 5.018150779792001970e+01
1.581757219454677710e+01 2.697600083366155310e+00 4.458502435822698828e+01
1.581888174712982753e+01 2.737464513275094991e+00 3.979550744601048251e+01
1.581623435704430669e+01 2.774772992928967508e+00 3.564594097023888253e+01
1.580906325519845979e+01 2.809402324389189687e+00 3.204160035271224416e+01
1.579385959764269565e+01 2.841320170158094793e+00 2.896577790284008813e+01
1.577500759933006158e+01 2.870503864014615658e+00 2.622733729922032708e+01
1.575033698493345113e+01 2.896852120635205807e+00 2.389649574972293067e+01
1.572038168258624857e+01 2.920419459554416175e+00 2.185044555770911501e+01
1.568536185942173766e+01 2.941112908873645626e+00 2.007818963659313738e+01
1.564572003464672179e+01 2.959003608152032783e+00 1.848697124064123898e+01
1.560107799800097084e+01 2.974023982341132299e+00 1.712293692912465914e+01
1.555189231795333527e+01 2.986224703572662786e+00 1.592261695425207613e+01
1.549900449682029624e+01 2.995616051091397392e+00 1.484124907920771719e+01
1.544190858385804255e+01 3.002211060392263597e+00 1.399095050222610759e+01
1.538147361321094309e+01 3.006052194326564564e+00 1.319772522229913392e+01
1.531732568232061098e+01 3.007169927189274006e+00 1.247250145139915745e+01
1.525141436173861820e+01 3.005619203238110160e+00 1.193795753087491462e+01
1.518339380459944721e+01 3.001437686138296979e+00 1.143833205805334430e+01
1.511431313050450775e+01 2.994720155173996812e+00 1.105577823058192699e+01
1.504604703352876172e+01 2.985603945670702863e+00 1.074647512136504268e+01
1.498156031667619636e+01 2.974407181758560004e+00 1.055262415725435687e+01
1.492528445047462071e+01 2.961539529410410321e+00 1.045991430042402470e+01
1.487119231924931917e+01 2.946918080523399208e+00 1.041779059334091784e+01
1.481825838864111233e+01 2.930838522650784039e+00 1.050208106827475341e+01
1.476540262329284126e+01 2.913555923864053820e+00 1.058860127077612923e+01
1.471152614339333553e+01 2.895272645709383141e+00 1.070910799840385330e+01
1.465827324219294070e+01 2.876097435188995632e+00 1.078300146597485387e+01
1.460336209340051816e+01 2.856153097931676044e+00 1.101000819223040494e+01
1.454786207434486300e+01 2.835557121544948878e+00 1.112461283013298896e+01
1.449126932552211855e+01 2.814366755319040792e+00 1.139741699954398158e+01
1.443442832009771415e+01 2.792614153782452036e+00 1.161756695089617253e+01
1.437618264542873980e+01 2.770365263124986210e+00 1.177842881534834341e+01
1.431743541797075814e+01 2.747624767744432539e+00 1.209347149052164205e+01
1.425735817245238479e+01 2.724452333217290079e+00 1.229547213197913536e+01
1.419595248464244186e+01 2.700808897800277553e+00 1.267064094513619210e+01
1.413344065482604428e+01 2.676702531986310696e+00 1.294324808405947458e+01
1.406934290008999611e+01 2.652127047705417962e+00 1.326128657062977112e+01
1.400375261634912682e+01 2.627136245124144676e+00 1.359245800781699032e+01
1.393764301490142365e+01 2.601736699902030825e+00 1.396835875641117752e+01
1.386941888191396721e+01 2.575770094259440590e+00 1.430726878888784448e+01
1.379697942383858233e+01 2.549083374603406504e+00 1.467989059077153158e+01
1.372303102069707137e+01 2.521671118279436907e+00 1.507791253411842547e+01
