1.533796630929279736e+01 2.254626527333390973e-01 3.293920452916784212e+06
1.499167551952819544e+01 2.372931041411671660e-01 2.628304243549601641e+06
1.465575766553368453e+01 2.502242806648916629e-01 2.055339753297120100e+06
1.435357598699032167e+01 2.643311369376936670e-01 1.609211215391991893e+06
1.410370050958767862e+01 2.796715231519733558e-01 1.260889140110663138e+06
1.388319012979890665e+01 2.963316682081802989e-01 9.819475204100975534e+05
1.369958845855703267e+01 3.143638607266597274e-01 7.638730065015753498e+05
1.354412513595979739e+01 3.338618735034859508e-01 5.877529018709438387e+05
1.340818159963548339e+01 3.548324900086224365e-01 4.617200401528744842e+05
1.330544611997349236e+01 3.773889223951922278e-01 3.569474470966602676e+05
1.321981206236954698e+01 4.016065815565890706e-01 2.768651998532427242e+05
1.315923540717188267e+01 4.275373435007022160e-01 2.145337784663461498e+05
1.311534394717238072e+01 4.552562205626956016e-01 1.661825597800608666e+05
1.309461145144001648e+01 4.848297856123692795e-01 1.288175541094064974e+05
1.308391025227773596e+01 5.163252906265773934e-01 9.978832513451877458e+04
1.309171885864951079e+01 5.497760918631571236e-01 7.733920778798339597e+04
1.311170237472913769e+01 5.852822445295184917e-01 6.019022266344632226e+04
1.314723849097364727e+01 6.228584703445430026e-01 4.676098001435598417e+04
1.319151453364090187e+01 6.625983370549228813e-01 3.636833432174910558e+04
1.324493855054780056e+01 7.044876882046520183e-01 2.830237188804750986e+04
1.330951484753372682e+01 7.486143785212694413e-01 2.211327112604068680e+04
1.338241451470672772e+01 7.949989960055492411e-01 1.726021143972689606e+04
1.346208295260327859e+01 8.436297298404841216e-01 1.350499839098723533e+04
1.354884289989079882e+01 8.945394353228711681e-01 1.059318712898467129e+04
1.364112184718361398e+01 9.477321886147486163e-01 8.316197471964373108e+03
1.373822660653222982e+01 1.003199172822420771e+00 6.541175646811138904e+03
1.383956742470860313e+01 1.060890155312828709e+00 5.164215068010192226e+03
1.394366528860886945e+01 1.120826631250228189e+00 4.083365671116388967e+03
1.405334873606534174e+01 1.182891676935350800e+00 3.232995937848382255e+03
1.416439820944382078e+01 1.247078764522633998e+00 2.568665957851170788e+03
1.427759467639784141e+01 1.313296311809278860e+00 2.043496576855237208e+03
1.439279747547693233e+01 1.381484271523094387e+00 1.629893009476307498e+03
1.450618692223708450e+01 1.451458106427332861e+00 1.291012120119506790e+03
1.462066880431672544e+01 1.523184539968378104e+00 1.046541123868741352e+03
1.473502159848112569e+01 1.596505799190265140e+00 8.422038667121054232e+02
1.484817514809159356e+01 1.671291429618840585e+00 6.802274987019043238e+02
1.496216539341338780e+01 1.747380281352551634e+00 5.489253407527824038e+02
1.507267597885582688e+01 1.824584563329093356e+00 4.453362962468528394e+02
1.518223803974747632e+01 1.902762098204126673e+00 3.621341958706051969e+02
1.528650853422584710e+01 1.981634040927527041e+00 2.956856713282934379e+02
1.539154797454376755e+01 2.060903036564938340e+00 2.421764971420842869e+02
1.549122415158417532e+01 2.140294801408030079e+00 1.991204172410372735e+02
1.558732415786416503e+01 2.219486617189720512e+00 1.640343127028910146e+02
1.567940223308381142e+01 2.298170885369195560e+00 1.358768662114644314e+02
1.576667215718841142e+01 2.376067881894592393e+00 1.130328504407984980e+02
1.584714660582183932e+01 2.452805773001903056e+00 9.440466373720290960e+01
1.592134264393652465e+01 2.528214533510131812e+00 7.911953070186780224e+01
1.599100441723804700e+01 2.601858439430585701e+00 6.662479294504812799e+01
1.605649076323463831e+01 2.673591950168758391e+00 5.637803344485388379e+01
1.611218433699628605e+01 2.743087120198277606e+00 4.798213554495366395e+01
1.616090022028459572e+01 2.810068269615252134e+00 4.095711177827482885e+01
1.620252373429526926e+01 2.874374729780972526e+00 3.515359285058634242e+01
1.623907963214473327e+01 2.935757700203282639e+00 3.029749179174973506e+01
1.626965163306600104e+01 2.993986015892899477e+00 2.624890396506178902e+01
1.628899043874398345e+01 3.048948066598250239e+00 2.286253615906041858e+01
1.630363704311023199e+01 3.100431635567246325e+00 2.000562646753765961e+01
1.630959338864506236e+01 3.148303942068318761e+00 1.758809811745959806e+01
1.630860441664098559e+01 3.192481648935401317e+00 1.554595479194725449e+01
1.630056220354540741e+01 3.232850839850841318e+00 1.382392919909656293e+01
1.628563399131577327e+01 3.269304645416125865e+00 1.235801034399123743e+01
1.626345752870356520e+01 3.301794657391201149e+00 1.110222193662622914e+01
1.623474819529855750e+01 3.330242632242593093e+00 1.003154588145573278e+01
1.619871060636271665e+01 3.354623888984556324e+00 9.111118346000962376e+00
1.615627920123888117e+01 3.374885168921731182e+00 8.330061772987619406e+00
1.610771304053178810e+01 3.390997619598183910e+00 7.660150352897701964e+00
1.605304237521415445e+01 3.402927135367707745e+00 7.090609188972913479e+00
1.599315467044862693e+01 3.410647536547648073e+00 6.608318358923733982e+00
1.592819247821489625e+01 3.414081433283494782e+00 6.179681435048518523e+00
1.585863662255103002e+01 3.413166118725373899e+00 5.853109350454609228e+00
1.578730690066508124e+01 3.407734909230697884e+00 5.632896302419758250e+00
1.572033966395087567e+01 3.397562312103374449e+00 5.484987510011483103e+00
1.564677849656162856e+01 3.382200991808432811e+00 5.385389483015650569e+00
1.556346597580064106e+01 3.363435428947794570e+00 5.301105713949249676e+00
1.547159894622005005e+01 3.342326802358133619e+00 5.219650570602588857e+00
1.537487265607349585e+01 3.319612673335980535e+00 5.133031296706490387e+00
1.527192278995258334e+01 3.295746580051319263e+00 5.044311680173343859e+00
1.516562577781377819e+01 3.271075332022214788e+00 4.955066458581932842e+00
1.505678781836404134e+01 3.245831837686126153e+00 4.865818767186659954e+00
1.494549046658433689e+01 3.220198993847341651e+00 4.775600668530862514e+00
1.483282886312465187e+01 3.194265366659263528e+00 4.687254566643118459e+00
1.472004803521886807e+01 3.168266014328920743e+00 4.595951171291896564e+00
1.460701567212128538e+01 3.142199579661621112e+00 4.512082821001571986e+00
1.449505426325493218e+01 3.116135569169413699e+00 4.431819242571159556e+00
1.438344432400774053e+01 3.090147073237022202e+00 4.352376510222211614e+00
1.427319383066504521e+01 3.064256619993713127e+00 4.284336049504964272e+00
1.416600441739966953e+01 3.038549038597400997e+00 4.221742196200318098e+00
1.406192089889571228e+01 3.013048279134308061e+00 4.166002550473151267e+00
1.395992586760068477e+01 2.987878529399355276e+00 4.117015837878819973e+00
1.386368425507660795e+01 2.963127494758852620e+00 4.090897973067369797e+00
1.377331812394818300e+01 2.939054786063688862e+00 4.056407577977354961e+00
1.369068410328657670e+01 2.916142693377349993e+00 4.055741282616794230e+00
1.362874696300515254e+01 2.897020878216066464e+00 4.072973270708748039e+00
1.358673965909457593e+01 2.881781430018003132e+00 4.137912179458908213e+00
1.354861351661031144e+01 2.866018390130466553e+00 4.201330265623857585e+00
1.351138462417111974e+01 2.849469954472894972e+00 4.269261247296245010e+00
1.347352626488014948e+01 2.832075531142483449e+00 4.365395159256378221e+00
1.343506624050424847e+01 2.813858851627749402e+00 4.492940302204115888e+00
1.339542341479992693e+01 2.794864558299487545e+00 4.609225945627497545e+00
1.335521437775021525e+01 2.775138227577177208e+00 4.723032055140839347e+00
1.331327588257476791e+01 2.754728414930333269e+00 4.855987390208692744e+00
