2.177658474848804815e-01 1.556596448371048957e+01 3.805015595043190289e+06
2.255178680756705634e-01 1.523632340504236460e+01 3.177902553373762406e+06
2.333771532655787295e-01 1.497101997563863662e+01 2.696377609799518250e+06
2.412911437088373356e-01 1.470373317898519616e+01 2.272532955752861686e+06
2.492410274067980436e-01 1.447212018963036506e+01 1.934877194998797262e+06
2.571602176668706385e-01 1.425821217654902817e+01 1.637010808399660746e+06
2.650084470950239135e-01 1.405963150000782136e+01 1.420608573261567391e+06
2.727469721824376525e-01 1.388400763156331763e+01 1.225249346962802112e+06
2.803078774514476401e-01 1.371536254520054143e+01 1.061794204833601136e+06
2.876842895937097855e-01 1.356036445420797953e+01 9.164816241530103143e+05
2.947915683577877477e-01 1.341578251738222072e+01 8.110950248452017549e+05
3.015858526911689985e-01 1.328048480306036261e+01 7.152051542114692274e+05
3.080413396063440001e-01 1.316015845102284132e+01 6.341631009570863098e+05
3.140905861178758807e-01 1.303523602903637801e+01 5.662626402644301997e+05
3.196967530721637196e-01 1.292233828141799812e+01 5.083423817514663097e+05
3.247920465686623404e-01 1.281122457316118002e+01 4.602017442283977871e+05
3.293405597617080072e-01 1.271304938009769891e+01 4.184800166440318571e+05
3.332896159810734837e-01 1.261882659715806909e+01 3.861586348856862169e+05
3.365912419873970940e-01 1.252957974204091940e+01 3.557747083159548347e+05
3.391892810800836711e-01 1.244308044284049686e+01 3.324030902113373158e+05
3.410309507910437854e-01 1.236335553466427761e+01 3.142373659615616198e+05
3.422759253115216782e-01 1.228642194782282182e+01 2.987367558014353854e+05
3.434905560752535281e-01 1.220206369664812129e+01 2.817488097091609379e+05
3.449360871376274118e-01 1.210581484575043909e+01 2.641414808601559489e+05
3.467685049658769114e-01 1.199932162749017017e+01 2.452983640160571376e+05
3.491172031795272135e-01 1.188175715036477342e+01 2.255252380273380550e+05
3.520845805575129606e-01 1.175537970932518306e+01 2.046937903288479138e+05
3.557783651336259845e-01 1.161965558633012030e+01 1.836371127792524057e+05
3.602865718439869913e-01 1.147938508730085516e+01 1.627830060679241433e+05
3.656983119985985353e-01 1.133320266237776330e+01 1.427118081029374443e+05
3.720884490789909682e-01 1.118152510670487487e+01 1.236937281054984633e+05
3.795286458843147304e-01 1.103024940729344294e+01 1.058385897124045150e+05
3.880863635750707030e-01 1.087882601745245204e+01 8.978651658890552062e+04
3.978089885938367876e-01 1.073061670263162526e+01 7.525376809682212479e+04
4.087465526660940540e-01 1.058610416340523130e+01 6.259974504309811891e+04
4.209411324284118572e-01 1.044797351373497918e+01 5.171472420929656073e+04
4.344190678153252994e-01 1.031422183086520405e+01 4.242227764091864810e+04
4.492098992623265730e-01 1.019375119305259147e+01 3.467595755490709416e+04
4.653283658587440974e-01 1.007700685050738798e+01 2.813888177138045285e+04
4.827914308348629224e-01 9.968375867047177152e+00 2.279193679297182098e+04
5.016068097206314302e-01 9.872823372094336136e+00 1.839862509416099056e+04
5.217622447787345630e-01 9.784876011651267191e+00 1.485162300816323659e+04
5.432693119523136493e-01 9.707523224990785238e+00 1.193000656437323414e+04
5.661105798343748496e-01 9.636250686895413864e+00 9.604922806410788326e+03
5.902784389521043007e-01 9.580032842524346393e+00 7.670743765618132784e+03
6.157411856649973592e-01 9.521333690135366012e+00 6.208827491333735452e+03
6.424941359135858399e-01 9.475489579408534979e+00 5.000020285837914344e+03
6.704864486562462922e-01 9.437361184117271762e+00 4.028742928786976336e+03
6.996907546860177129e-01 9.405791581430966275e+00 3.230850298435019340e+03
7.300711942910667052e-01 9.384675569411113472e+00 2.622927616959718762e+03
7.615796700810747444e-01 9.364437877926491183e+00 2.122141704713196759e+03
7.941646970341517120e-01 9.345907455607866510e+00 1.720241292427666849e+03
8.277725980831994734e-01 9.335984291411245195e+00 1.396629482076673185e+03
8.623376518242502620e-01 9.327944054042447419e+00 1.131865906603213034e+03
8.977964357035983500e-01 9.325818623966361187e+00 9.270535234244752019e+02
9.340775479325005293e-01 9.326813640635075231e+00 7.569697921167152117e+02
9.711004762670422119e-01 9.329547987412404098e+00 6.199515415797002333e+02
1.008799902713319208e+00 9.333070475179285452e+00 5.092207920865243409e+02
1.047062474166472690e+00 9.341384218178987453e+00 4.190824196723837076e+02
1.085814829259496905e+00 9.349785024935608035e+00 3.454674627906406386e+02
1.124964867365647159e+00 9.358764433752938317e+00 2.859541092611542012e+02
1.164369935292835168e+00 9.369856171252953558e+00 2.365060313895504578e+02
1.203827067881165336e+00 9.380027711338696506e+00 1.974602444409461270e+02
1.243178034019799538e+00 9.391176991904339744e+00 1.649379570089364790e+02
1.282190517175545885e+00 9.402142898611167254e+00 1.377301985181459827e+02
1.320670197907592547e+00 9.411867095520459969e+00 1.163786168913580070e+02
1.358360304796102591e+00 9.420068541684083030e+00 9.837414282910931718e+01
1.395054434987819114e+00 9.427554764293219591e+00 8.361086476126156697e+01
1.430513800144129544e+00 9.432389528420017655e+00 7.123994087692182120e+01
1.464442695424333918e+00 9.435440197203682544e+00 6.139450644423222059e+01
1.496933805235958648e+00 9.435766799425946871e+00 5.300104801208927086e+01
1.527976950093039799e+00 9.433881542065948977e+00 4.597170956541823728e+01
1.557627086754667101e+00 9.429371767700828855e+00 4.004139215177967515e+01
1.585964044476587453e+00 9.422049220479285836e+00 3.502236279938315988e+01
1.612986957844687819e+00 9.412553820450012765e+00 3.074064758415480014e+01
1.638763787134710492e+00 9.400247469462698291e+00 2.705569761384837690e+01
1.663343260120276446e+00 9.386043413521594658e+00 2.380993697518120555e+01
1.686719782068993201e+00 9.369856466173683174e+00 2.112283243993729798e+01
1.708895838126402111e+00 9.350659990897502993e+00 1.874373182357490109e+01
1.729952318539646372e+00 9.330060601346366056e+00 1.667891304101791761e+01
1.749787683607642919e+00 9.307956364406409833e+00 1.484957747873579414e+01
1.768392278089840008e+00 9.283333165902847739e+00 1.331769161580213634e+01
1.785698950004290353e+00 9.257002364383636106e+00 1.194555099094161399e+01
1.801669666982285367e+00 9.228771641661825953e+00 1.075608175518569354e+01
1.816234531506100369e+00 9.199507088426811308e+00 9.718397793681369023e+00
1.829390618814530356e+00 9.167455407570685111e+00 8.795455570421895075e+00
1.841096911494057853e+00 9.134184641352272038e+00 8.006117837618955235e+00
1.851330002785259721e+00 9.099598329415798048e+00 7.313541904775107128e+00
1.860085467775250523e+00 9.062473091125625047e+00 6.721016472286319932e+00
1.867332442770205159e+00 9.024055824060866371e+00 6.195296487425973275e+00
1.873109172891511465e+00 8.984287980090611470e+00 5.724640153097042550e+00
1.877395445308767785e+00 8.943737767865020061e+00 5.321528592463892871e+00
1.880220179866658681e+00 8.901068454418833653e+00 4.964672472674435788e+00
1.881578854080667496e+00 8.857841684664332860e+00 4.653699276480078417e+00
1.881531717804954873e+00 8.813166557124114675e+00 4.375573433631410936e+00
1.880058700573224106e+00 8.767862867207027122e+00 4.147925296402262596e+00
1.877225948006555623e+00 8.722025396926136764e+00 3.940324313046030813e+00
1.873061836195729191e+00 8.675610344882345615e+00 3.767170593085589658e+00
1.867598258169972603e+00 8.628971002120174205e+00 3.623850886249587067e+00
1.860923749546978812e+00 8.582837232227591429e+00 3.507490319800977030e+00
