1.531018808687035815e+01 2.271297254620394945e-01 3.205425984387104400e+06
1.503047157030785108e+01 2.361635826122743254e-01 2.683070135572114494e+06
1.477446113378222670e+01 2.458496012733234481e-01 2.244763693149957806e+06
1.454458827312557823e+01 2.562113675272758018e-01 1.865657366107399575e+06
1.434124408012606189e+01 2.672890898212585964e-01 1.550452966033696197e+06
1.415211723715150782e+01 2.791050023176384065e-01 1.287665185252062511e+06
1.398197719999870436e+01 2.916870271906950585e-01 1.068845292350493837e+06
1.383237054245554454e+01 3.050723396734210668e-01 8.838979749114473816e+05
1.370313535187565535e+01 3.192922293997458305e-01 7.329930547418441856e+05
1.359013676840882567e+01 3.343739642465427542e-01 6.033059150649011135e+05
1.348930082919890339e+01 3.503502267290697914e-01 4.981533969050511369e+05
1.340735943569992195e+01 3.672613799112769417e-01 4.113063786324845860e+05
1.334509234780958131e+01 3.851387874439292647e-01 3.386419310886752792e+05
1.328289084866491443e+01 4.039963631345976913e-01 2.793065960551594617e+05
1.324357949139681878e+01 4.238788983022205858e-01 2.300587662779005477e+05
1.320742622050929782e+01 4.448217470230723669e-01 1.896945377395537216e+05
1.318759909416142051e+01 4.668558576800654891e-01 1.563431408292918350e+05
1.317954022375591627e+01 4.900146369675089097e-01 1.291257066128796723e+05
1.317757663962036041e+01 5.143293364719839778e-01 1.062939348370298103e+05
1.318925954782501364e+01 5.398351828571361644e-01 8.763970921195200935e+04
1.320485203128670726e+01 5.665599620765837674e-01 7.218958587084690225e+04
1.323119701364082701e+01 5.945161527196080042e-01 5.958431149687765719e+04
1.326314807904140736e+01 6.237519976701602076e-01 4.927449115792480006e+04
1.330420104013552418e+01 6.542979391988577031e-01 4.072271172263243352e+04
1.335028983780497214e+01 6.861755208584154886e-01 3.363874325342516386e+04
1.340281335505373583e+01 7.193767876179704146e-01 2.752554542105727523e+04
1.346125011068401278e+01 7.539724291987476290e-01 2.308298487129947898e+04
1.352427405529149773e+01 7.899380752364978386e-01 1.911177938175890449e+04
1.359092539705619984e+01 8.273218679877355486e-01 1.584963104949950866e+04
1.366493342920132292e+01 8.661209070537100319e-01 1.315154802344129348e+04
1.374070598453592851e+01 9.063512230648783641e-01 1.094736268882150216e+04
1.382058109432091442e+01 9.480209657967347825e-01 9.084458186226296675e+03
1.390535173467950969e+01 9.911196996328640596e-01 7.585703913122601989e+03
1.398989387208892587e+01 1.035695166121638255e+00 6.314897982302060882e+03
1.407946146818442479e+01 1.081649788210847785e+00 5.267812402348221440e+03
1.417182362539723250e+01 1.129025862250904400e+00 4.404323172044677449e+03
1.426586077026014188e+01 1.177766957157466488e+00 3.689414690084462563e+03
1.436177440387497484e+01 1.227837509600797183e+00 3.090535464751644668e+03
1.445895920098141829e+01 1.279190817296334881e+00 2.569192204388251866e+03
1.455572031202749095e+01 1.331764917754023392e+00 2.182473064994661854e+03
1.465574506173448377e+01 1.385516416844861265e+00 1.835593430690082414e+03
1.475466463961580388e+01 1.440357953895616161e+00 1.549007737113956182e+03
1.485509158255529627e+01 1.496243163343989213e+00 1.307839116286669196e+03
1.495443565603347835e+01 1.553049822905561594e+00 1.107543398582817645e+03
1.505673783474343175e+01 1.610735243665657457e+00 9.392635214831524308e+02
1.515220628738201647e+01 1.669214022494628136e+00 7.980032040711828358e+02
1.525128253473451601e+01 1.728359442840303517e+00 6.793444954783836920e+02
1.534641277959066663e+01 1.788091278790792105e+00 5.799933841454702588e+02
1.544218694167824957e+01 1.848288705872414228e+00 4.958251057455141222e+02
1.553395073442363561e+01 1.908871044452063570e+00 4.249477059955005984e+02
1.562537829553301449e+01 1.969632785967181610e+00 3.660235067810319265e+02
1.571429737445625818e+01 2.030589636443531631e+00 3.141921655990835802e+02
1.580163612128600725e+01 2.091577191150794324e+00 2.711832603972162019e+02
1.588576688737513720e+01 2.152414062219580426e+00 2.344603162760892587e+02
1.596650449475587408e+01 2.213000096559408547e+00 2.032971960471917896e+02
1.604558974588345777e+01 2.273253234792475652e+00 1.765857862816392583e+02
1.611937634922279017e+01 2.333018764421756597e+00 1.547863803605542046e+02
1.619228870458571379e+01 2.392220395633892771e+00 1.344253121505173567e+02
1.626038775445192641e+01 2.450648262359801155e+00 1.164311450856272927e+02
1.632661567594176333e+01 2.508267742734461070e+00 1.031487263887591297e+02
1.638547742253039985e+01 2.564822980088972582e+00 8.995216973559398355e+01
1.644252348668419117e+01 2.620299149742923106e+00 8.053613432775341607e+01
1.649557080223801719e+01 2.674593284680922167e+00 7.083056153745081929e+01
1.654401108986458269e+01 2.727552621771515806e+00 6.285704758491637989e+01
1.658819900913534084e+01 2.779082512958546580e+00 5.582735449888443924e+01
1.662788059918986860e+01 2.829052330328491571e+00 4.988073042622828979e+01
1.666536923003695847e+01 2.877367339309469418e+00 4.451882825153066392e+01
1.669671531572896939e+01 2.923956063310305886e+00 3.992658250020694766e+01
1.672225342369932832e+01 2.968763532749192358e+00 3.592423699202776533e+01
1.674412605320648240e+01 3.011611973603690373e+00 3.237141406311866376e+01
1.676198468805329611e+01 3.052479298027307664e+00 2.926084213882844054e+01
1.677447554872591695e+01 3.091286556045648393e+00 2.655342469969595243e+01
1.678384896406643279e+01 3.127917588011666084e+00 2.415179005915533850e+01
1.678776137944290170e+01 3.162395556592037416e+00 2.213217193699683349e+01
1.678652622590994525e+01 3.194566768314556438e+00 2.024317543196999480e+01
1.678201817929413053e+01 3.224396417380436475e+00 1.854329675585559301e+01
1.677191304047010689e+01 3.251833222396743661e+00 1.708336283018039481e+01
1.675761879126766729e+01 3.276833482274238651e+00 1.581351996406690930e+01
1.673860822776481427e+01 3.299307939427591929e+00 1.465391012925880609e+01
1.671532015286857842e+01 3.319206531220542544e+00 1.364792696164412789e+01
1.668800550181730102e+01 3.336492223110302913e+00 1.275856765728611997e+01
1.665631345399302887e+01 3.351055452159736880e+00 1.197393409652444873e+01
1.662016691389392520e+01 3.362834431719425421e+00 1.130487490246760807e+01
1.658072989754912996e+01 3.371721227144863331e+00 1.068666974124714031e+01
1.653740127410858562e+01 3.377558309083499744e+00 1.017830941707885195e+01
1.649131894768223816e+01 3.380091033532406364e+00 9.751549781826364338e+00
1.644579745772952606e+01 3.378753757995248908e+00 9.450583256000646415e+00
1.641441917499451719e+01 3.372457490081246512e+00 9.351614835349764121e+00
1.640063670241050175e+01 3.365809862673201369e+00 9.452072258916812686e+00
1.639135642926078873e+01 3.358670730668792626e+00 9.579176095488945109e+00
1.638120285576126633e+01 3.350017323267311831e+00 9.712058413542319357e+00
1.636889236669208003e+01 3.340260233001634660e+00 9.879408703715345297e+00
1.635476505702983729e+01 3.329590286831456858e+00 1.006961999004870556e+01
1.633961387446925428e+01 3.318160925612937628e+00 1.025404740277247839e+01
1.632245336912412981e+01 3.305999865510581337e+00 1.049585540010317075e+01
1.630415935591196330e+01 3.293193807760125935e+00 1.069247009941147297e+01
1.628472167476962795e+01 3.279759915757555433e+00 1.092193439515599884e+01
1.626389187830482896e+01 3.265747983317379255e+00 1.117070679523860122e+01
1.624129398228681254e+01 3.250849129946546956e+00 1.143772496453578746e+01
1.621584178128209786e+01 3.234580925201381962e+00 1.172650515712943964e+01
