2.234080713897954595e-01 1.538846370155315668e+01 3.410049190999615937e+06
2.324389314219908464e-01 1.508545280149144396e+01 2.838470618410284631e+06
2.421120506865688526e-01 1.482191432007763510e+01 2.359966723646671046e+06
2.524508161657720295e-01 1.456233419663978523e+01 1.949292771574449027e+06
2.634921473788180979e-01 1.433622683463978831e+01 1.607283315165264998e+06
2.752723382165446209e-01 1.412336726826822364e+01 1.308058844217438251e+06
2.877947143862096269e-01 1.394200076771416974e+01 1.089330605986678274e+06
3.011213228816957410e-01 1.376908168994195947e+01 8.832917428384497762e+05
3.152652138857228725e-01 1.362336776053975029e+01 7.321312172068300424e+05
3.302576340937072863e-01 1.349038050286292645e+01 6.010391385498268064e+05
3.461443001769148875e-01 1.337202528240167965e+01 4.916037178406825406e+05
3.629206785171935068e-01 1.327343218088555865e+01 4.023517282181264018e+05
3.806457436048639731e-01 1.318906455621145035e+01 3.295479454675891902e+05
3.993392560570372396e-01 1.312465013479857667e+01 2.691542029954025056e+05
4.190390000486551303e-01 1.305928001856921661e+01 2.201145303445299214e+05
4.397451900839814964e-01 1.301245100211858663e+01 1.804626975729848200e+05
4.615034441442518731e-01 1.297811419482529516e+01 1.474905955617525906e+05
4.843378948525188243e-01 1.295234847699659930e+01 1.206533335841010703e+05
5.082729779089926181e-01 1.293425667600143036e+01 9.878844886661696364e+04
5.333280101875007562e-01 1.292664093697486294e+01 8.086964668851929309e+04
5.595317183566383967e-01 1.292548536188498431e+01 6.552984234892670793e+04
5.869011742439480539e-01 1.293659253474872806e+01 5.434769650737125630e+04
6.154191275913817316e-01 1.295048348018378981e+01 4.414304505908696592e+04
6.451416332145631927e-01 1.297282054562949760e+01 3.659294337269412063e+04
6.760750781649226271e-01 1.299978471767338739e+01 3.011835756371352545e+04
7.082132514258211442e-01 1.303101154648540927e+01 2.476647292279775866e+04
7.415663933715945788e-01 1.306928053366113929e+01 2.037658732271570625e+04
7.761468402045915704e-01 1.311129384910425166e+01 1.681459440539162460e+04
8.119473990038285072e-01 1.315667169164832373e+01 1.388538797108057406e+04
8.489677544503840823e-01 1.320720153058814184e+01 1.147514566370206558e+04
8.871866949908073785e-01 1.326051540104340987e+01 9.481638411543630355e+03
9.266033747501603024e-01 1.331476730556362220e+01 7.870340534435561494e+03
9.671979885805314092e-01 1.337176153446186611e+01 6.532712193306944755e+03
1.008953446026916279e+00 1.343229631247360700e+01 5.424485250347360306e+03
1.051854119447833025e+00 1.349409877917595324e+01 4.505839103369100485e+03
1.095828400058663110e+00 1.355754270114774052e+01 3.760299816559058399e+03
1.140887214298865304e+00 1.362154075408478171e+01 3.136094944098100768e+03
1.186985970846866634e+00 1.368656998477116638e+01 2.624107494058353041e+03
1.234051876842675810e+00 1.375345293214571463e+01 2.196228960066116997e+03
1.282072171288273221e+00 1.381890166006985332e+01 1.822282492098667035e+03
1.330957072223665882e+00 1.388616044530182592e+01 1.545323777603473673e+03
1.380691814308751209e+00 1.395276260687855086e+01 1.299193348287851222e+03
1.431178540101506469e+00 1.401896877454386292e+01 1.094645332268775974e+03
1.482357510389512356e+00 1.408262149937093000e+01 9.246602765892835123e+02
1.534184044393996027e+00 1.414766224232452885e+01 7.826506934392808716e+02
1.586591426768408253e+00 1.421221962419320484e+01 6.629364729246483421e+02
1.639456876109094852e+00 1.427489728489339882e+01 5.566618369793742431e+02
1.692729828027614847e+00 1.433626683447197614e+01 4.782634267543447777e+02
1.746341694640596298e+00 1.439340327093068872e+01 4.077562450573030901e+02
1.800189389811889695e+00 1.445177939572058179e+01 3.479943715949589205e+02
1.854190932671058389e+00 1.450943073493903945e+01 2.971653656162428661e+02
1.908278848680661222e+00 1.456297023974788729e+01 2.549499538151694651e+02
1.962341462354945776e+00 1.461473592105007668e+01 2.187864311107100548e+02
2.016294727135854004e+00 1.466497092520672574e+01 1.882518789823166401e+02
2.070063749525392183e+00 1.471248817039268175e+01 1.622367711803346708e+02
2.123554656450434397e+00 1.475748872435074333e+01 1.401609787350648730e+02
2.176682781572001790e+00 1.479960045437402449e+01 1.212343684123595580e+02
2.229358326564686799e+00 1.484153236823531508e+01 1.050571494700024289e+02
2.281499984647073820e+00 1.487749646645853829e+01 9.132752526109848645e+01
2.333025388691755797e+00 1.491170721861857373e+01 7.947001054911247309e+01
2.383846792433554462e+00 1.494347753448270488e+01 6.941946185594807162e+01
2.433892383855274844e+00 1.497475902332978315e+01 6.070446965307775855e+01
2.483015522335620950e+00 1.500097868304465365e+01 5.317100725254541516e+01
2.531071426359468468e+00 1.502115910209098004e+01 4.673430726666740043e+01
2.577870024305838559e+00 1.504056263326695131e+01 4.109109518069599432e+01
2.623280278726753956e+00 1.505790261332871260e+01 3.632388992189014942e+01
2.667166962943932518e+00 1.507087865514193936e+01 3.215180561958156602e+01
2.709411368283574095e+00 1.508118931002358742e+01 2.855410761600003156e+01
2.749920217412232581e+00 1.508561817371167280e+01 2.542935324803150721e+01
2.788545992336969981e+00 1.508767845415261633e+01 2.273309455043435179e+01
2.825303078320588579e+00 1.508611531650473481e+01 2.038814585601698681e+01
2.860004058879039857e+00 1.508062228600873667e+01 1.833024748239225588e+01
2.892662396011611126e+00 1.507180590571990031e+01 1.653282886116832984e+01
2.923152926162430720e+00 1.505838820417640100e+01 1.496545585692062197e+01
2.951449564313726182e+00 1.504155791339022308e+01 1.361298635733392004e+01
2.977484048924335713e+00 1.502133404388319349e+01 1.239309371631506096e+01
3.001268071957099437e+00 1.499682996484638942e+01 1.135039534053251487e+01
3.022709239683417426e+00 1.496864396981678524e+01 1.040538099907724501e+01
3.041829566372933780e+00 1.493686564099247605e+01 9.587477412767572815e+00
3.058561550048284339e+00 1.490207504773302283e+01 8.865913479411695164e+00
3.072946640016379405e+00 1.486406931171820922e+01 8.231126553732686091e+00
3.084929054968557960e+00 1.482156016415766331e+01 7.648076677266979928e+00
3.094522531536572529e+00 1.477725153014398174e+01 7.144661941991802934e+00
3.101736904659368577e+00 1.472896207928173951e+01 6.750880401241560413e+00
3.106610346397609135e+00 1.467794611299433605e+01 6.368264940443881805e+00
3.109230912795588608e+00 1.462451564258443604e+01 6.006835171045143085e+00
3.109630521178933016e+00 1.456854544000861829e+01 5.739213213804497116e+00
3.107902906345479721e+00 1.451007456091481096e+01 5.488086675352621846e+00
3.104120622638363525e+00 1.445046610929185604e+01 5.263845214840806364e+00
3.098374007415799714e+00 1.438886845113129986e+01 5.078416944868030747e+00
3.090751088857795814e+00 1.432584088192359140e+01 4.914757291698886199e+00
3.081379256065881034e+00 1.426291245528984497e+01 4.762534747186270678e+00
3.070376128202565891e+00 1.420058005302789184e+01 4.680484779982279520e+00
3.057995600577122719e+00 1.413985064050884155e+01 4.601532473440844484e+00
3.044767594061320803e+00 1.408378859770204095e+01 4.557341010719428986e+00
3.031165720967825994e+00 1.403498992094401210e+01 4.551268191186661483e+00
3.017470148467522151e+00 1.399317780201272576e+01 4.554087947708131523e+00
3.004212864786429904e+00 1.395819127663498449e+01 4.586347502680165888e+00
2.992098275273657126e+00 1.392946206237105500e+01 4.670670064302645308e+00
2.982422521814640515e+00 1.391055548331424419e+01 4.731706110517248653e+00
