2.185027743016471902e-01 1.551988861791704899e+01 3.730231511032775044e+06
2.272213803726710890e-01 1.522214857498871332e+01 3.073961154945632908e+06
2.362621668464959801e-01 1.490874122460086504e+01 2.566008387337738648e+06
2.455743736137860067e-01 1.460814812694236409e+01 2.111197168967054226e+06
2.551804131916555196e-01 1.434852558224779173e+01 1.748916892390643246e+06
2.650799825139805166e-01 1.412409001061626235e+01 1.452553591747736791e+06
2.752217814767174975e-01 1.391910767573762087e+01 1.213811510959448293e+06
2.856077235556120364e-01 1.372203798522670581e+01 1.014992882814515498e+06
2.962773736255274182e-01 1.354263784554460770e+01 8.458092551061800914e+05
3.071769041892549734e-01 1.337374915855231983e+01 7.074331369042128790e+05
3.183642935018512476e-01 1.322398836084493468e+01 5.935308329018102959e+05
3.299736507198469115e-01 1.307299636915375807e+01 4.969409908937183209e+05
3.421432046130105098e-01 1.293659757280179790e+01 4.156478201899353880e+05
3.549510307182343616e-01 1.280873669060992981e+01 3.467398989176204195e+05
3.684832616999781929e-01 1.268661118119770492e+01 2.880373872405244038e+05
3.828049847877729728e-01 1.257336903226356384e+01 2.387405533650182188e+05
3.979648310526575639e-01 1.246854587863932018e+01 1.972662438689597184e+05
4.140105724036309831e-01 1.236777972447671736e+01 1.625482808370995335e+05
4.309870518160747177e-01 1.227803904413007352e+01 1.339734173740565311e+05
4.489238789029435517e-01 1.219320440920256665e+01 1.094944512776190822e+05
4.678718469643674549e-01 1.211615272784418273e+01 8.966073168327347958e+04
4.878361123158362345e-01 1.204783432289978506e+01 7.330551223389207735e+04
5.088558039655787235e-01 1.198543266497352988e+01 5.977243249085629941e+04
5.309470617190118480e-01 1.193139220477655194e+01 4.865234017385584593e+04
5.541323075162604139e-01 1.188227204008363103e+01 3.966241535281627148e+04
5.783978115677811394e-01 1.183939612053234036e+01 3.199635118973096542e+04
6.037796929186115547e-01 1.180314986309279845e+01 2.629211433268843393e+04
6.302805737157375354e-01 1.177230557764823082e+01 2.136456158621621580e+04
6.578651092870776429e-01 1.174579504594373880e+01 1.741326426379999975e+04
6.865614828946258186e-01 1.172575634020026492e+01 1.415279292281620837e+04
7.163325771372247575e-01 1.170812581793926199e+01 1.152591747547699742e+04
7.471895241418071709e-01 1.170154231060708838e+01 9.386903530552541270e+03
7.790591494552012719e-01 1.168801954326262837e+01 7.663342515222542715e+03
8.119711462342666941e-01 1.168469292994547537e+01 6.257659561409333946e+03
8.458385136102436475e-01 1.168251774527029951e+01 5.086412348474107603e+03
8.806592211586420360e-01 1.168259303227927326e+01 4.187624756433833682e+03
9.163891538466643061e-01 1.168687272573526847e+01 3.432603690500920038e+03
9.529534567990262106e-01 1.169074679240807235e+01 2.816653705029033063e+03
9.902947060440299154e-01 1.169647829771174585e+01 2.317465449139372595e+03
1.028374872575528176e+00 1.170875856514158109e+01 1.910216273456449926e+03
1.067120634581214533e+00 1.171351530964388843e+01 1.576162585992373124e+03
1.106472340811919031e+00 1.172087991135449236e+01 1.296523902827865641e+03
1.146328251771237650e+00 1.172718521004778225e+01 1.079996912369740130e+03
1.186636222005067243e+00 1.173541035139483313e+01 8.967429189950006503e+02
1.227286106747050853e+00 1.174327345842573322e+01 7.459672862363933064e+02
1.268240883965095378e+00 1.175058883403950460e+01 6.213745548315074529e+02
1.309365754753014199e+00 1.175782426836891936e+01 5.194398315191473330e+02
1.350594866173125741e+00 1.176704643915729243e+01 4.351113375193921229e+02
1.391814832918825351e+00 1.177107856366320782e+01 3.654158197567085722e+02
1.432980386205884749e+00 1.177431347319124022e+01 3.074130815016443989e+02
1.473944573734442542e+00 1.177255665432472398e+01 2.592797222893410662e+02
1.514663877215814969e+00 1.177392594500882161e+01 2.192853384239627417e+02
1.555009126661941021e+00 1.177215784862765346e+01 1.857201005568066421e+02
1.594911738123373057e+00 1.176951430690094114e+01 1.580296342141712955e+02
1.634280131391793400e+00 1.176380428055770189e+01 1.345021753257601631e+02
1.673030941113068826e+00 1.175548205079040542e+01 1.148659702449179747e+02
1.711078704158439434e+00 1.174619576870648352e+01 9.836449346098207513e+01
1.748345061526232369e+00 1.173417093993576721e+01 8.441530105829399133e+01
1.784756488060326607e+00 1.171985639571995108e+01 7.267060632406806064e+01
1.820240589712807555e+00 1.170399177974465488e+01 6.269955890730719261e+01
1.854729686118077536e+00 1.168517635312919722e+01 5.423242187546630788e+01
1.888157788008305360e+00 1.166416564913983400e+01 4.707902362854292022e+01
1.920425845142661903e+00 1.164077789269902219e+01 4.092148535666319020e+01
1.951399456912643604e+00 1.161506613703270219e+01 3.570586198106747133e+01
1.980962167397937623e+00 1.158701430605788119e+01 3.125777468144205073e+01
2.008993727532749851e+00 1.155746502706739420e+01 2.743855582396238901e+01
2.035412128163256895e+00 1.152417936740769022e+01 2.419844570909546988e+01
2.060143807049182652e+00 1.148875173747331857e+01 2.140204965823854977e+01
2.083101340850619820e+00 1.145099042066616590e+01 1.901960927102624410e+01
2.104250083178710984e+00 1.141081663995488960e+01 1.695191797979699544e+01
2.123537775032435793e+00 1.136788732603241137e+01 1.512537055652532914e+01
2.140946370610960603e+00 1.132308130756547015e+01 1.364766371948908130e+01
2.156459046573808713e+00 1.127598923829080135e+01 1.231272369233892583e+01
2.170100379530080836e+00 1.122572126720590191e+01 1.116114566919629070e+01
2.181848465367040912e+00 1.117416738221540840e+01 1.015527212469757501e+01
2.191735251120462635e+00 1.112021775597172635e+01 9.275784717040965077e+00
2.199786326388069035e+00 1.106436995992318906e+01 8.480894521172141154e+00
2.206055943677486919e+00 1.100662119895553381e+01 7.834820015031529472e+00
2.210571993449986561e+00 1.094739352708056934e+01 7.224924825213153490e+00
2.213399590645867221e+00 1.088660888218570300e+01 6.729442205519912790e+00
2.214596268447198479e+00 1.082381641497963010e+01 6.271297773917965834e+00
2.214207603678938874e+00 1.076007331795500122e+01 5.855336788320086860e+00
2.212321052818434275e+00 1.069514439383078042e+01 5.514274750244692491e+00
2.209001928966033201e+00 1.062933445248157760e+01 5.200850232970651632e+00
2.204322359587328251e+00 1.056230708662106821e+01 4.925455779016505886e+00
2.198356939405699872e+00 1.049515390133193726e+01 4.670700012307245075e+00
2.191211389839434087e+00 1.042738015715277555e+01 4.465891279428159777e+00
2.182952014880295444e+00 1.035922663464780946e+01 4.263799209456832884e+00
2.173694799490681007e+00 1.029053599390099194e+01 4.101732752159148454e+00
2.163514438109941374e+00 1.022120421483749553e+01 3.940385359247231545e+00
2.152511337610822029e+00 1.015215553151189454e+01 3.807352420018860428e+00
2.140742929642088122e+00 1.008298941340891197e+01 3.685783550749145654e+00
2.128298047448877739e+00 1.001395902574883401e+01 3.585804791622950738e+00
2.115272479302070963e+00 9.944978057881066036e+00 3.480749155398686234e+00
2.101696493851452185e+00 9.876263975003709561e+00 3.410190119757767757e+00
2.087640704347669907e+00 9.808198545477642583e+00 3.324622114056702049e+00
2.073165745319106801e+00 9.740561629510962049e+00 3.259455501571378200e+00
2.058340554912957199e+00 9.673257408252844414e+00 3.201551814089139469e+00
2.043246208386578111e+00 9.606316033814579214e+00 3.163101230519330453e+00
2.027920385685066051e+00 9.541495193054286617e+00 3.107100504336196778e+00
