2.214329075708107164e-01 1.545428065256140115e+01 3.530600340559539385e+06
2.308889089788724314e-01 1.512204205608555974e+01 2.899564655315868556e+06
2.410000014568902393e-01 1.482781235522713992e+01 2.387723363990579266e+06
2.517919730926190258e-01 1.453100408548830025e+01 1.938926323380263522e+06
2.632987542200211917e-01 1.428324210740064082e+01 1.579667959700797917e+06
2.755565478647327149e-01 1.405847326733475278e+01 1.287729468105573906e+06
2.885876667039620203e-01 1.386310057082065939e+01 1.044709772977968329e+06
3.024307047750436350e-01 1.367464275564652709e+01 8.461127483880260261e+05
3.171151298350445846e-01 1.351494086231087088e+01 6.857752812242610380e+05
3.326608530549731157e-01 1.336898612712719014e+01 5.561676168471135898e+05
3.490996646231566691e-01 1.324378651677063523e+01 4.497443730900605442e+05
3.664630170676091425e-01 1.313030917335326642e+01 3.643075194670507335e+05
3.847777263759029065e-01 1.303611991686458005e+01 2.953361747331430088e+05
4.040634028150515422e-01 1.295347445349499793e+01 2.384850330911347119e+05
4.243453990677432675e-01 1.288610024176525748e+01 1.931264929868337640e+05
4.456454708125061059e-01 1.282681572066695530e+01 1.562039809950922499e+05
4.679820356051664354e-01 1.278006244713189865e+01 1.266968836885746277e+05
4.913722896579641453e-01 1.274652198534499270e+01 1.025527524369597231e+05
5.158336229920904570e-01 1.271724846795373765e+01 8.305542207952671743e+04
5.413789284697109183e-01 1.269607652944260145e+01 6.753796129118843237e+04
5.680215619921931136e-01 1.268620520782035044e+01 5.479277060604757571e+04
5.957652596645125476e-01 1.268034675426313207e+01 4.450886325268099608e+04
6.246225191933858500e-01 1.267936156185091257e+01 3.624957673622864240e+04
6.545840891660217320e-01 1.268689730916516467e+01 2.955086755673566586e+04
6.856264131843989862e-01 1.270056403404712775e+01 2.405694535035517038e+04
7.178026980387167688e-01 1.271657706178352143e+01 1.954376660418520987e+04
7.510360086570375682e-01 1.273717295628109447e+01 1.611173014891319144e+04
7.853599201506531458e-01 1.276003147885259281e+01 1.318817694319861585e+04
8.207354348316631132e-01 1.278687433883159486e+01 1.080507641098946988e+04
8.571541250307180837e-01 1.281641473962382527e+01 8.862584915354098484e+03
8.945708670581299371e-01 1.284821021330633961e+01 7.302538873419832271e+03
9.329716238936553996e-01 1.288157775726345378e+01 6.018089642115709466e+03
9.722915517074176561e-01 1.291681831580959638e+01 4.967552319689109936e+03
1.012511322780837997e+00 1.295245113025227468e+01 4.113011131311386634e+03
1.053590520397202024e+00 1.299020504755147876e+01 3.406212743908692119e+03
1.095515920769733587e+00 1.302702899130852998e+01 2.823474070804931216e+03
1.138305281647316480e+00 1.306575957841073077e+01 2.346896921291556737e+03
1.181943092750443292e+00 1.310372599572383123e+01 1.951845955249313874e+03
1.226413810786155079e+00 1.314342890196530966e+01 1.625739254176608938e+03
1.271665995605068211e+00 1.317890816087429684e+01 1.355199723423677597e+03
1.317691572616102480e+00 1.321844908507570615e+01 1.132832663485465673e+03
1.364415524265916391e+00 1.325536199781061875e+01 9.480523956031803436e+02
1.411833578628002739e+00 1.329818308817163697e+01 7.940976661506231267e+02
1.459813369787750226e+00 1.332830974453766082e+01 6.659267101674304286e+02
1.508333623638316023e+00 1.336663081945610720e+01 5.546167466184754176e+02
1.557287907840793295e+00 1.339617943554058499e+01 4.707262910714865711e+02
1.606638609829230457e+00 1.342931784816801688e+01 3.970983902638715222e+02
1.656284269434673107e+00 1.346152588476570955e+01 3.324560791971449589e+02
1.706129066371452119e+00 1.349126811900363698e+01 2.833964084442210947e+02
1.756076682996385419e+00 1.351898556358489500e+01 2.401624819799060333e+02
1.806057084011387426e+00 1.354665088335868539e+01 2.036880220050167054e+02
1.855960078466565522e+00 1.357127703747817016e+01 1.733149192498953823e+02
1.905660910267587216e+00 1.359639877488320003e+01 1.475292599298936409e+02
1.955106268219386934e+00 1.361415037376386117e+01 1.260283547687902512e+02
2.004163988580897726e+00 1.363531237385913464e+01 1.078736575163943172e+02
2.052765930401986072e+00 1.364888938151243813e+01 9.249709995771821980e+01
2.100787678357859622e+00 1.366272740187250889e+01 7.943580805845792270e+01
2.148157210926440186e+00 1.367411927058807919e+01 6.842045418060047268e+01
2.194757183924131549e+00 1.368400474568666247e+01 5.902406220346067300e+01
2.240531805286731792e+00 1.368977443473604261e+01 5.105915468970234627e+01
2.285383534505472269e+00 1.369516347961930691e+01 4.426908362525028195e+01
2.329216062780381069e+00 1.369628987900758510e+01 3.845451573314930016e+01
2.371900109393594747e+00 1.369388840941594410e+01 3.354558534343376408e+01
2.413309328046269631e+00 1.368999667070080939e+01 2.928034873398163285e+01
2.453247265286839784e+00 1.368360883004550743e+01 2.551306083064553221e+01
2.491586732763577672e+00 1.367383414178424061e+01 2.253019579533780714e+01
2.528180943980120610e+00 1.366122036811334617e+01 1.987216097901156786e+01
2.562909536219919016e+00 1.364536550846455043e+01 1.759577471269304993e+01
2.595703804923719993e+00 1.362637087013659887e+01 1.561050211973642554e+01
2.626429954442825565e+00 1.360440524304654630e+01 1.391704047728516613e+01
2.654997534594736308e+00 1.357986984204271863e+01 1.245044654026768782e+01
2.681345750488303370e+00 1.355083274046033459e+01 1.118153170020360854e+01
2.705413186699912487e+00 1.351918115113806174e+01 1.008877809828081240e+01
2.727147661764461439e+00 1.348475817024092116e+01 9.132721866582917514e+00
2.746519220341540723e+00 1.344633760829634284e+01 8.308958671482722380e+00
2.763521012961843493e+00 1.340530265478581207e+01 7.583875656575982838e+00
2.778117437021244029e+00 1.336116520988451661e+01 6.956185193898884123e+00
2.790298451857896378e+00 1.331405564842690659e+01 6.407716600364816273e+00
2.800070919418523374e+00 1.326413761566162464e+01 5.930101454667881633e+00
2.807437593157834588e+00 1.321123330092484771e+01 5.516485898097013951e+00
2.812407137715088101e+00 1.315655286073270247e+01 5.153362521745221692e+00
2.815022231086330429e+00 1.309852438687971699e+01 4.840980955040080858e+00
2.815275138276984279e+00 1.303945866605447179e+01 4.555715337438178913e+00
2.813209355509836307e+00 1.297817509984375484e+01 4.341716768683515859e+00
2.808851271946411376e+00 1.291589631563769025e+01 4.149587216896668096e+00
2.802237222405520978e+00 1.285251114520995941e+01 3.986331167423791566e+00
2.793439265891977108e+00 1.279075216860674225e+01 3.850954253076414258e+00
2.782779518200556801e+00 1.273208005507399854e+01 3.779823314294758596e+00
2.769771587964200865e+00 1.267513245296901125e+01 3.735041939750380013e+00
2.754532504646374669e+00 1.261468561047228576e+01 3.701722299550709749e+00
2.737734150627918250e+00 1.255159263739358089e+01 3.679251271393416900e+00
2.719802073013675603e+00 1.248585041499223713e+01 3.665069936519998794e+00
2.701013056739232088e+00 1.241931674872473934e+01 3.656320319906954275e+00
2.681648434166142181e+00 1.235264933674459087e+01 3.654443898521145595e+00
2.661871172313843292e+00 1.228658341322985414e+01 3.653213421958263929e+00
2.641951819830949511e+00 1.222238741512626348e+01 3.669188577788582428e+00
2.622086759739093331e+00 1.216057591513392744e+01 3.706953162544673219e+00
2.602594141698368446e+00 1.210188201241495598e+01 3.740250959408721432e+00
2.583910390528129319e+00 1.204824107686327217e+01 3.782516514152228559e+00
2.567232511832107100e+00 1.200297013397245571e+01 3.832013153376216952e+00
