2.203952180849680642e-01 1.548396248202083747e+01 3.618471692803053651e+06
2.299815318419074495e-01 1.512663657394471883e+01 2.939231819374708924e+06
2.401704444076912248e-01 1.481164061983774083e+01 2.395725649633192923e+06
2.510028274590407893e-01 1.452310017907710815e+01 1.948461388516215142e+06
2.625033379577093040e-01 1.426388183612979432e+01 1.582052888531531440e+06
2.746889862217464229e-01 1.403356687280301074e+01 1.285997938864167314e+06
2.876058957423210938e-01 1.382238314778453336e+01 1.038159229693015572e+06
3.012726713582536964e-01 1.363683933024545603e+01 8.387454712970097316e+05
3.157112879334835753e-01 1.345838421924680439e+01 6.803208992659350624e+05
3.309443958093013505e-01 1.331763315313486551e+01 5.499520583540182561e+05
3.469947738410176230e-01 1.317498895728938280e+01 4.452523466402339400e+05
3.638972828628939116e-01 1.305365511757585217e+01 3.595217199114625109e+05
3.816350657839357452e-01 1.295094108425874246e+01 2.910735777654630365e+05
4.002606071300746082e-01 1.285668912147167120e+01 2.348395957792981935e+05
4.197802296005260780e-01 1.277382400802987483e+01 1.900779371211809630e+05
4.402022483566410127e-01 1.270452905369348073e+01 1.539329814241802960e+05
4.615452638126488760e-01 1.264690686777301032e+01 1.245912089251915895e+05
4.838181692022486269e-01 1.259794209304009271e+01 1.001470879633182631e+05
5.070323191511844074e-01 1.255469069187797082e+01 8.190253943470685044e+04
5.311907766502018680e-01 1.252028548152176946e+01 6.638011046091951721e+04
5.562854960090848344e-01 1.249211572106424661e+01 5.407198388149071980e+04
5.823261153305814286e-01 1.247064975026187028e+01 4.400880381263593154e+04
6.093201824672899169e-01 1.245620155229415538e+01 3.579925404724697728e+04
6.372217353993908651e-01 1.244646937175468260e+01 2.920471222901361034e+04
6.660676673355008237e-01 1.243762895386853629e+01 2.388332157764123258e+04
6.957839359603742446e-01 1.243400221321101284e+01 1.950047836690828262e+04
7.264139667020369506e-01 1.243570147887152544e+01 1.597161618348328921e+04
7.578955867162679993e-01 1.243941129711952165e+01 1.312693732194841687e+04
7.902338965018608219e-01 1.244348428214267877e+01 1.065559433948420883e+04
8.233783753181392884e-01 1.245419649072519697e+01 8.856710527156616081e+03
8.573052402164540453e-01 1.246371567514920287e+01 7.303690580013528233e+03
8.919785811118867702e-01 1.247613886734965583e+01 6.020398223778850479e+03
9.273622965096527393e-01 1.248835723218979510e+01 4.979134920328720000e+03
9.633702779527998361e-01 1.250025265846870681e+01 4.122667438885216143e+03
1.000002086482445929e+00 1.251588423713109677e+01 3.426372337909621365e+03
1.037208848013336571e+00 1.252806728390974556e+01 2.846852833237562209e+03
1.074903314070982274e+00 1.254191736132126245e+01 2.371948952192729848e+03
1.113017043967743591e+00 1.255347445703050724e+01 1.978302473185153076e+03
1.151545775761701806e+00 1.256624448877282951e+01 1.655803461752260318e+03
1.190371658286405454e+00 1.257969402579194451e+01 1.387342462089061428e+03
1.229462282780395155e+00 1.259060248335191545e+01 1.155334920469501185e+03
1.268718852860318824e+00 1.259814851493967325e+01 9.799008018287177038e+02
1.308099230023962445e+00 1.260792713151748679e+01 8.263203442004207773e+02
1.347512608894559705e+00 1.261502933939056881e+01 6.931149415657143891e+02
1.386903802533209218e+00 1.261724759450997446e+01 5.915558847493823578e+02
1.426185773837745030e+00 1.261980665784640188e+01 5.019831521506503691e+02
1.465282217345775795e+00 1.262183721637474854e+01 4.270201386173104083e+02
1.504132928520299117e+00 1.262126376881323608e+01 3.637658752185946014e+02
1.542644682321630434e+00 1.261646499934047227e+01 3.107223297282994281e+02
1.580768912833231621e+00 1.260932092819027872e+01 2.660480834242567312e+02
1.618415738029591378e+00 1.260278293205266742e+01 2.280828212388773579e+02
1.655530459794824827e+00 1.259317827340142593e+01 1.961561201500672951e+02
1.692036776475511983e+00 1.257839406024558571e+01 1.679270117888405593e+02
1.727860481132842851e+00 1.256277014124981406e+01 1.460475981299447028e+02
1.762960366255691858e+00 1.254849946137076522e+01 1.263473437880627586e+02
1.797252621458285349e+00 1.252661057703876502e+01 1.096828746975923679e+02
1.830692490176051734e+00 1.250368478215998280e+01 9.529076479471238770e+01
1.863190006610209393e+00 1.248005461807255934e+01 8.306726054080907318e+01
1.894609601489817052e+00 1.245083843830648540e+01 7.266685618856593010e+01
1.924813563037649944e+00 1.242052900839086327e+01 6.361793725008644174e+01
1.953684662235405822e+00 1.238778826543945399e+01 5.591177611666508795e+01
1.981098831541534766e+00 1.235302992677738665e+01 4.907114113991377735e+01
2.006985746633049850e+00 1.231441774037965153e+01 4.365669744846760381e+01
2.031225587170675695e+00 1.227366761982290200e+01 3.878019504075103896e+01
2.053783026016091640e+00 1.223022659643904220e+01 3.456960445054698283e+01
2.074568119833447355e+00 1.218441698474676294e+01 3.092764545465444925e+01
2.093548657529416879e+00 1.213622437988417069e+01 2.767659723951881290e+01
2.110695032333660404e+00 1.208570113663383516e+01 2.503656144354517110e+01
2.125980654756070010e+00 1.203172681821684797e+01 2.268094289955179832e+01
2.139399607717401786e+00 1.197539238973752163e+01 2.061928677067662363e+01
2.150974348965434046e+00 1.191776160871131296e+01 1.872501106241616498e+01
2.160691182316517800e+00 1.185702877337878824e+01 1.721680937138044598e+01
2.168586706987427615e+00 1.179540215443052276e+01 1.584028651596498349e+01
2.174709658987297178e+00 1.173041537938345336e+01 1.462537339672705805e+01
2.179072488518121631e+00 1.166429019168253234e+01 1.355405120811959385e+01
2.181737646054922930e+00 1.159617748222384037e+01 1.261030022089879843e+01
2.182744293445093575e+00 1.152682392650972609e+01 1.178864321357964506e+01
2.182182761944163829e+00 1.145715324109973210e+01 1.105078297679354193e+01
2.180082313310756525e+00 1.138505841621617876e+01 1.037405521964725708e+01
2.176533020842046806e+00 1.131305729310956210e+01 9.796972526106930701e+00
2.171589101352231932e+00 1.123948584151458263e+01 9.328858150962336282e+00
2.165348597072360270e+00 1.116607032976727076e+01 8.884242639378518547e+00
2.157867036083528145e+00 1.109194878305044440e+01 8.467303658027825364e+00
2.149222731156501531e+00 1.101847580087055078e+01 8.149853425114217842e+00
2.139513636946004382e+00 1.094203566753173895e+01 7.834731416501434786e+00
2.128865028002674631e+00 1.086609644972621247e+01 7.557811176175912138e+00
2.117423093650814270e+00 1.078809740057156574e+01 7.296111768722624902e+00
2.105308943909855124e+00 1.070823393814340641e+01 7.040381403471677402e+00
2.092655391769639994e+00 1.062794440328642764e+01 6.808096122680801443e+00
2.079543214438130949e+00 1.054693119185407291e+01 6.569333270165113703e+00
2.066052793819159294e+00 1.046478971880333120e+01 6.373205600394286741e+00
2.052242211608042766e+00 1.038311503525011581e+01 6.177213856331762010e+00
2.038158720606469299e+00 1.030134939682182171e+01 5.989225525388293114e+00
2.023839910548466570e+00 1.021986786720055562e+01 5.817948864511889973e+00
2.009331526920159927e+00 1.013862050126529901e+01 5.650014139834376614e+00
1.994653754609056362e+00 1.005813325103487443e+01 5.484282200115594641e+00
1.979813506242327215e+00 9.977895961077289044e+00 5.339870327433648534e+00
1.964853003868754611e+00 9.899039179925587462e+00 5.219161911094682971e+00
1.949800849967724847e+00 9.820412465982961692e+00 5.099826592298061456e+00
1.934651068091030490e+00 9.743268022289276686e+00 4.968492067733113693e+00
