2.219270642868260424e-01 1.542909985448135757e+01 3.499978110658126883e+06
2.325745582493022323e-01 1.507057776950367511e+01 2.815556183867419139e+06
2.440605193728329347e-01 1.473374464855047172e+01 2.243510914962428622e+06
2.564432349572817182e-01 1.444785868609924506e+01 1.787837576524477918e+06
2.697600168027573520e-01 1.417445616425821342e+01 1.424038421123004518e+06
2.840662410749861810e-01 1.397229686380533487e+01 1.127213391040750546e+06
2.994041597189734394e-01 1.373325841668181546e+01 8.929486482502463041e+05
3.158154241411568197e-01 1.355943128116154384e+01 7.060437462359097553e+05
3.333350168899672505e-01 1.339916853536602837e+01 5.581082471681005554e+05
3.520180526337349791e-01 1.325736618440246239e+01 4.407083788251832593e+05
3.719077638063798541e-01 1.313804886943667150e+01 3.480304575382409967e+05
3.930384533246606416e-01 1.304196882003791913e+01 2.740454866429994581e+05
4.154470876765058440e-01 1.295867501377662734e+01 2.158864347972375981e+05
4.391717034925045615e-01 1.289331976988395034e+01 1.708641928783963958e+05
4.642403444624227382e-01 1.284234286071802345e+01 1.349283067905728240e+05
4.906848729046902613e-01 1.280601585143890020e+01 1.064549319224202191e+05
5.185383445011301218e-01 1.277892404606197552e+01 8.409912357253441587e+04
5.478380317722442161e-01 1.276270108442636264e+01 6.651607321174920071e+04
5.785474273375804666e-01 1.275754191178402586e+01 5.270316510191153066e+04
6.107583787135077991e-01 1.276133058226735173e+01 4.182252924372254347e+04
6.444267389308633298e-01 1.277160750195576000e+01 3.313596328589909535e+04
6.795456319149777435e-01 1.279041381024863533e+01 2.630862331250054558e+04
7.161596017355659205e-01 1.281461197823599640e+01 2.098178365660169948e+04
7.542485922746142712e-01 1.284351205344522207e+01 1.672481245421313724e+04
7.938014040425045437e-01 1.287973493908507194e+01 1.334556171991111842e+04
8.347614924697988048e-01 1.291854628264479032e+01 1.066766101639681074e+04
8.771585687741806359e-01 1.295945467142619911e+01 8.566544129017180239e+03
9.209107813031432999e-01 1.300588108569615819e+01 6.889457093124212406e+03
9.659846992563246859e-01 1.305461980108025166e+01 5.534948444855456728e+03
1.012344906841314840e+00 1.310490975043673600e+01 4.459342948693088147e+03
1.059899075167396010e+00 1.315405899940992107e+01 3.613520272717422358e+03
1.108636128436909063e+00 1.320607679159392234e+01 2.922935754192970762e+03
1.158425334113829308e+00 1.325901682403652870e+01 2.373108722539782775e+03
1.209235486575072516e+00 1.331206998191927937e+01 1.930975845554211901e+03
1.260960900569901399e+00 1.336423913829482046e+01 1.576260900056810897e+03
1.313481613848339835e+00 1.341547471582082629e+01 1.288158536833878316e+03
1.366720910478762985e+00 1.346646622853674025e+01 1.056760260094123851e+03
1.420570255410843030e+00 1.351655102311306500e+01 8.680848836289434303e+02
1.474895305028077974e+00 1.356412278176039088e+01 7.158212361744492682e+02
1.529618120935382519e+00 1.360795097901736206e+01 5.908630246479333437e+02
1.584603161710962604e+00 1.365288701889256195e+01 4.893637930829946185e+02
1.639728238306324082e+00 1.369452726255138764e+01 4.070828294981167801e+02
1.694857463162183109e+00 1.373390836443653384e+01 3.359215734831809641e+02
1.749860813122033676e+00 1.376893402476939698e+01 2.829679652208382663e+02
1.804615007616051647e+00 1.380458079013288142e+01 2.367321112231161351e+02
1.859015130417510653e+00 1.383258090748029012e+01 1.987532437859944991e+02
1.912920173252515177e+00 1.385921390080603821e+01 1.674805532563134989e+02
1.966192103217480280e+00 1.388271738101248509e+01 1.413863687316516859e+02
2.018713132387050191e+00 1.390523232520634878e+01 1.188669059486551873e+02
2.070274376310224707e+00 1.391822567263704435e+01 1.018013661703142105e+02
2.120654025161705647e+00 1.393342889623172454e+01 8.662301349049256771e+01
2.169656201071566315e+00 1.393904744927240635e+01 7.416151289340065489e+01
2.217089728868117060e+00 1.394291219313118724e+01 6.371134648638663833e+01
2.262766644890330081e+00 1.394332086972921481e+01 5.478170304482369346e+01
2.306547974909976428e+00 1.393866997860139634e+01 4.745026829210770103e+01
2.348258099685602840e+00 1.393089375119989271e+01 4.119903094194852144e+01
2.387822525658564121e+00 1.391572018755308626e+01 3.599494207269314217e+01
2.425092770415191001e+00 1.389822048591975445e+01 3.152356495856909646e+01
2.460006028825643565e+00 1.387480056490801950e+01 2.772755960153664390e+01
2.492498913885694112e+00 1.384793775783426639e+01 2.450624459408316369e+01
2.522497986182889562e+00 1.381599841561267183e+01 2.172471681535549237e+01
2.549992619027872998e+00 1.377947774434576367e+01 1.926517383166169139e+01
2.574937498214941556e+00 1.373893518123446711e+01 1.733274458801313145e+01
2.597378016737036166e+00 1.369500403172433955e+01 1.556873189892767861e+01
2.617282629829638996e+00 1.364616231568795612e+01 1.405719501841037378e+01
2.634689497900913224e+00 1.359456543122680650e+01 1.273296636089453138e+01
2.649656850778884465e+00 1.353869646845282304e+01 1.159063929027592543e+01
2.662216717741116234e+00 1.347955317552962207e+01 1.059032729112358595e+01
2.672433531906185156e+00 1.341718835249269226e+01 9.714916827640019292e+00
2.680358968156629551e+00 1.335212580809046301e+01 8.950745227874572052e+00
2.686082794360767245e+00 1.328314167399447854e+01 8.239187367814903240e+00
2.689679975370701470e+00 1.321304093217303688e+01 7.650969197984263559e+00
2.691240531479027531e+00 1.313951450450808345e+01 7.135102909598215248e+00
2.690849802639093014e+00 1.306463685688293275e+01 6.701447606585495542e+00
2.688594827129965115e+00 1.298696364465708797e+01 6.291214338095524994e+00
2.684585460129779833e+00 1.290840835875650150e+01 5.908970446299424140e+00
2.678898466168363690e+00 1.282783411127359763e+01 5.613438415877793908e+00
2.671659017289239380e+00 1.274710508690965760e+01 5.327227747742345976e+00
2.662938120186637114e+00 1.266460883318498176e+01 5.059767178617667227e+00
2.652860973751312024e+00 1.258143541063334858e+01 4.852706106750221515e+00
2.641505688235025850e+00 1.249784739965416236e+01 4.641154542084617418e+00
2.628964748437089938e+00 1.241332249284167766e+01 4.481254069708050736e+00
2.615375780539158868e+00 1.232961610653186035e+01 4.323824616481931393e+00
2.600810995474804432e+00 1.224461006789095130e+01 4.188438151881775262e+00
2.585364583592133947e+00 1.215909726986756745e+01 4.064029242121772967e+00
2.569154498497062455e+00 1.207420788945768386e+01 3.955398245122472289e+00
2.552253222239106556e+00 1.198923178108274357e+01 3.844785570957924836e+00
2.534745545352775853e+00 1.190506831402144350e+01 3.771915347395661033e+00
2.516697555030547040e+00 1.182033931314906816e+01 3.695070989550283791e+00
2.498207716624476049e+00 1.173701939917497405e+01 3.616540268733225094e+00
2.479308962153246032e+00 1.165364690239402279e+01 3.567496520285626360e+00
2.460081120693603296e+00 1.157076207590009886e+01 3.514725630677140167e+00
2.440582020588371481e+00 1.148928370451878678e+01 3.474728088908408452e+00
2.420866871248359420e+00 1.140824927572953662e+01 3.424236029821219773e+00
2.400972334336512137e+00 1.132831006364314419e+01 3.391432966840040919e+00
2.380943798332903594e+00 1.124958713326101112e+01 3.368590013639040759e+00
2.360824682022716559e+00 1.117177997227519981e+01 3.356931593442838757e+00
2.340669956373852667e+00 1.109473550572819711e+01 3.330280254677713270e+00
2.320574140625975890e+00 1.101972038452524671e+01 3.323711889999953595e+00
2.301836585787540024e+00 1.095156058407896715e+01 3.327933291706111074e+00
