2.209810727457827140e-01 1.546444649483530753e+01 3.580584752283139154e+06
2.291384437135487173e-01 1.515943922292469992e+01 3.001892510667796712e+06
2.377678609807187260e-01 1.490392626269894016e+01 2.525638035168957431e+06
2.468866662563307945e-01 1.464023331216921342e+01 2.112437936171122361e+06
2.565147983840441737e-01 1.442175319068324413e+01 1.768466912410889752e+06
2.666715508553813563e-01 1.419961695410516711e+01 1.480210615298029967e+06
2.773735345446919909e-01 1.401292215973256639e+01 1.236982817617666209e+06
2.886436566597960218e-01 1.384203786681783832e+01 1.034954076603919151e+06
3.005079925752164871e-01 1.367186851903146838e+01 8.638665695739040384e+05
3.129663142245979746e-01 1.352902152276338477e+01 7.153118007062216057e+05
3.260626841212758698e-01 1.340095547932392073e+01 5.991936258147724438e+05
3.397846255310706942e-01 1.328076393347074458e+01 4.987016266095740139e+05
3.541648727129740881e-01 1.318236768494031708e+01 4.150544221064807498e+05
3.692153780027029319e-01 1.308495618897480561e+01 3.465176299308952293e+05
3.849522162022910865e-01 1.299944542824701799e+01 2.882989799719777657e+05
4.013813339628606314e-01 1.292189485442207086e+01 2.404120363156154635e+05
4.185302235535470761e-01 1.285400584184164074e+01 2.000430836803405837e+05
4.364077701754216498e-01 1.279982625130359075e+01 1.669272713721377659e+05
4.550122004446263135e-01 1.275107050942570730e+01 1.389670985076446086e+05
4.743725541949552760e-01 1.271182183688312151e+01 1.157594777099788625e+05
4.944716646407362193e-01 1.267578374392157237e+01 9.671812515866599279e+04
5.153486090516702367e-01 1.264987935230750615e+01 8.055571298238988675e+04
5.369994452465373103e-01 1.263213844142595121e+01 6.730855561463364575e+04
5.594035979669670366e-01 1.261286692306893009e+01 5.628295966043012595e+04
5.825974771170654432e-01 1.259974917292077734e+01 4.704531108285261871e+04
6.065534430227038643e-01 1.259207120699308113e+01 3.936948666164273891e+04
6.312866549755030698e-01 1.258852699471372993e+01 3.303299644498820999e+04
6.568145187415104225e-01 1.259520381460537664e+01 2.764637654958991334e+04
6.830796925358018079e-01 1.260020199577587974e+01 2.320890690327109405e+04
7.101260449396201713e-01 1.260676626952223245e+01 1.948515260540698728e+04
7.379229547949974766e-01 1.261714020737709774e+01 1.641440048013372143e+04
7.664754227019177080e-01 1.263193425894142230e+01 1.379133322090616457e+04
7.957509634310814262e-01 1.264744799418395438e+01 1.164671387748097732e+04
8.257172259736860198e-01 1.266462574050476597e+01 9.819920726294050837e+03
8.563876450861375167e-01 1.268307846972602349e+01 8.303031686019183326e+03
8.877502442920054415e-01 1.270420540370231777e+01 7.010312622944146824e+03
9.197545681183447730e-01 1.272549326364726419e+01 5.938655671719458041e+03
9.523744975049720507e-01 1.274875321556829633e+01 5.041399370799045755e+03
9.855976021595277414e-01 1.277219529218832150e+01 4.272117212992081477e+03
1.019392325051005299e+00 1.279636892870295029e+01 3.632096845118003785e+03
1.053724017032849458e+00 1.282009048216486313e+01 3.093324918984779742e+03
1.088560673975941695e+00 1.284453286738594358e+01 2.636932211337515128e+03
1.123841101530303366e+00 1.286924560124063532e+01 2.251467814664691105e+03
1.159576555742874548e+00 1.289265063222284802e+01 1.923353305385301383e+03
1.195686784098588973e+00 1.291687734356461625e+01 1.645144681085442471e+03
1.232127883555167447e+00 1.293997499540631679e+01 1.411457922327566166e+03
1.268875444399860664e+00 1.296327912428196427e+01 1.213047153172549088e+03
1.305880221863219726e+00 1.298464528554792352e+01 1.042763499938756013e+03
1.343091378624517995e+00 1.300492670818433183e+01 8.978338379768398454e+02
1.380453697715156247e+00 1.302961652713499596e+01 7.679691409010357575e+02
1.417934263471802847e+00 1.304329147503428565e+01 6.636351923558482895e+02
1.455469901295722623e+00 1.306135375968729129e+01 5.790827796394886491e+02
1.492992058725299387e+00 1.307612933627307150e+01 5.018979485317248077e+02
1.530488660315251881e+00 1.309066444175462784e+01 4.359138622697464598e+02
1.567874981576462323e+00 1.310344304161252182e+01 3.788202388201390249e+02
1.605131027746585559e+00 1.311393343684681234e+01 3.297583991838857287e+02
1.642158615189447390e+00 1.312462228604292669e+01 2.878138853839295166e+02
1.678953186597708314e+00 1.313408990242863261e+01 2.514411078231439660e+02
1.715442207099675542e+00 1.313970413576130269e+01 2.185193066981949812e+02
1.751561128137641532e+00 1.314513750578393569e+01 1.929688622149047603e+02
1.787283919389268450e+00 1.314394745162523392e+01 1.694399006972456050e+02
1.822561768117573422e+00 1.314716710892486873e+01 1.489906701281148855e+02
1.857332097711837937e+00 1.314478828132880395e+01 1.312948644412886097e+02
1.891557141299964107e+00 1.313900320105477171e+01 1.158805479009198933e+02
1.925196014777472042e+00 1.313668294653897384e+01 1.024653750825981149e+02
1.958205119515745940e+00 1.312651476302062825e+01 9.074462788472231978e+01
1.990535128541194299e+00 1.311787619450308817e+01 8.044647994119570455e+01
2.022161384909222370e+00 1.310525026681243155e+01 7.148645615795861374e+01
2.053020622768175762e+00 1.309389448999614203e+01 6.361413351561093066e+01
2.083013270941399320e+00 1.307618068162572733e+01 5.674716274896924517e+01
2.112043529204270964e+00 1.305883148060111232e+01 5.072327893083122063e+01
2.140019198836582426e+00 1.303887585101306890e+01 4.543995168182977551e+01
2.166849367742358368e+00 1.301698879810344422e+01 4.080149762109837752e+01
2.192449003480132941e+00 1.299285517432851300e+01 3.671875493285127590e+01
2.216747139241892040e+00 1.296689364108640241e+01 3.315569012045666142e+01
2.239668132443682680e+00 1.293767708795837201e+01 3.001675626243851269e+01
2.261133730077073967e+00 1.290667720111689576e+01 2.724494003571932765e+01
2.281131477582097222e+00 1.287376090269975748e+01 2.478226957574377209e+01
2.299587676785542101e+00 1.283849446023754837e+01 2.265651371878138676e+01
2.316438184254538957e+00 1.280134460030122945e+01 2.074848917049613206e+01
2.331690758910907935e+00 1.276105790438945320e+01 1.908588327314617317e+01
2.345305969980290506e+00 1.271928134810776356e+01 1.759913072305651838e+01
2.357248063104315783e+00 1.267517108713134988e+01 1.628453176821423654e+01
2.367502185155291983e+00 1.262955663219936042e+01 1.512570507612491255e+01
2.376084970476501024e+00 1.258146930697150445e+01 1.408748029642704758e+01
2.382971700460962960e+00 1.253135128744684579e+01 1.318158800506014039e+01
2.388179640235583712e+00 1.248007360738472116e+01 1.237675881070078532e+01
2.391711898308669593e+00 1.242733042059003168e+01 1.165702628947802566e+01
2.393570696746871729e+00 1.237275942907941406e+01 1.100375089391849137e+01
2.393797977342180250e+00 1.231702259130354626e+01 1.047889725457851284e+01
2.392377905861913234e+00 1.226034165673448584e+01 9.996709226026178285e+00
2.389386584320853935e+00 1.220311107193584199e+01 9.589552640839007935e+00
2.384820723444683654e+00 1.214572726946916070e+01 9.198398049672737997e+00
2.378773086219666766e+00 1.208854400227144765e+01 8.941089981950316457e+00
2.371286929454530235e+00 1.203384222286856264e+01 8.672274985678813053e+00
2.362543494318988468e+00 1.197956741248474444e+01 8.532198454730471227e+00
2.353856022110303314e+00 1.193806970669114520e+01 8.455739761971859281e+00
2.346936947976151266e+00 1.192066872698399393e+01 8.516178005973850773e+00
2.337517627819547528e+00 1.190048957459072376e+01 8.601847829579531535e+00
2.325770770990835512e+00 1.187609077250145262e+01 8.781168097564423292e+00
