2.195755923889307626e-01 1.551959963633596828e+01 3.691336785616138484e+06
2.276338715166668081e-01 1.519565412581491870e+01 3.083933658684764057e+06
2.360653190069991469e-01 1.492590083892015151e+01 2.585382438843231648e+06
2.448835059123873337e-01 1.466442269886490024e+01 2.168047014396756422e+06
2.541113331796512886e-01 1.442636731573241349e+01 1.817850704905482242e+06
2.637538874885096973e-01 1.421651913161325886e+01 1.529270737668482587e+06
2.738184948724153300e-01 1.401064218100569292e+01 1.277369400345289614e+06
2.843224093042808209e-01 1.382537480212828385e+01 1.070909151613380760e+06
2.952766812384166606e-01 1.366270946005358056e+01 8.993609118922158377e+05
3.066871750943765407e-01 1.350936581358652688e+01 7.538487311350536766e+05
3.185574117954339535e-01 1.336859431377149754e+01 6.317530772803580621e+05
3.309056563192573908e-01 1.323586580129581414e+01 5.307200598152388120e+05
3.437410392920853819e-01 1.311155911437422894e+01 4.456951908537615091e+05
3.570573776212160877e-01 1.300319570124338497e+01 3.726175831938215997e+05
3.708711532573756853e-01 1.290497119268469461e+01 3.138135933985705487e+05
3.851884309094689707e-01 1.281230416627077950e+01 2.633091395021163626e+05
4.000113698025790643e-01 1.273042136811976199e+01 2.212610457147533307e+05
4.153570878570546077e-01 1.265349904247801049e+01 1.860583020344290999e+05
4.311883303980486026e-01 1.259494541316557914e+01 1.561656091568828560e+05
4.475526310174697819e-01 1.252468867440906131e+01 1.316780275949442876e+05
4.644269451731130594e-01 1.246629674899096862e+01 1.109965493949384545e+05
4.818199344359595515e-01 1.241355697044266293e+01 9.337623335556844540e+04
4.997261705416288780e-01 1.236702164539408777e+01 7.876580860790572478e+04
5.181501809293362903e-01 1.232313206601801880e+01 6.642562020567039144e+04
5.370780354786470756e-01 1.228496066027716438e+01 5.607467380250898714e+04
5.565126662637897015e-01 1.225248555251772586e+01 4.747259976577376074e+04
5.764464294151615542e-01 1.222120198429597160e+01 4.007234358376403543e+04
5.968737831903027091e-01 1.219108573521283034e+01 3.385047669781171862e+04
6.177802858742690306e-01 1.216634884605805667e+01 2.873961055341066458e+04
6.391602414551069700e-01 1.214346384121322586e+01 2.437962133421685576e+04
6.610235755109989952e-01 1.212279000162730114e+01 2.049854648187607381e+04
6.832935232099386358e-01 1.210384475821186356e+01 1.761048014870915722e+04
7.060299336612810839e-01 1.208257178072164351e+01 1.500683522968384750e+04
7.291881788720001589e-01 1.206997387451451509e+01 1.274548006000386704e+04
7.527392864502954195e-01 1.205743570214211680e+01 1.088307616857794346e+04
7.766707090645605938e-01 1.204029058552234766e+01 9.310140325571488574e+03
8.009565668187442755e-01 1.202939609461742343e+01 7.903911381035118211e+03
8.256178167435674897e-01 1.201777988255265406e+01 6.799805300613588770e+03
8.505730125947851272e-01 1.200673909148319041e+01 5.822953153994512832e+03
8.758335107449052304e-01 1.199566013704006018e+01 4.988216687260449362e+03
9.013756212594011830e-01 1.198484794725053426e+01 4.285636410830515160e+03
9.271681761637230457e-01 1.197318654378473823e+01 3.686502407885940102e+03
9.531764315393277398e-01 1.195984109451462096e+01 3.172206809052516292e+03
9.793872472191476053e-01 1.195084856608050394e+01 2.715457737772893324e+03
1.005762621077681773e+00 1.193844688079416905e+01 2.359610168430775047e+03
1.032261546087415383e+00 1.192707429581260214e+01 2.041113090398203894e+03
1.058868627501238224e+00 1.191858862275176989e+01 1.765671189213322805e+03
1.085557915699276732e+00 1.190282000001704077e+01 1.532041287740187954e+03
1.112270403624779247e+00 1.188691387737732263e+01 1.328908288744340780e+03
1.139016466096048674e+00 1.187559671020761165e+01 1.152583279406158454e+03
1.165728058339417839e+00 1.185708093501639659e+01 1.003731203452005843e+03
1.192363754640836770e+00 1.184067227538012013e+01 8.752414035025830117e+02
1.218924704786795932e+00 1.182503398712635523e+01 7.593080884474541108e+02
1.245362424984511218e+00 1.180505831394486016e+01 6.669941722196871297e+02
1.271641077072267256e+00 1.178475071631465632e+01 5.806657688377916884e+02
1.297728430829710566e+00 1.176610477881367167e+01 5.111239616013826321e+02
1.323592462348594845e+00 1.174238676068635279e+01 4.485271063944897492e+02
1.349199268118075778e+00 1.171902884528649658e+01 3.916020583351943287e+02
1.374515672584833981e+00 1.169693938773399289e+01 3.467936695793096646e+02
1.399511914157966164e+00 1.166865593493291442e+01 3.055487177023258027e+02
1.424157552662764337e+00 1.164079876339431863e+01 2.697209182262344029e+02
1.448418849263843899e+00 1.161249334680424283e+01 2.382814888275273120e+02
1.472292229999982327e+00 1.158250698047907967e+01 2.109840722582387116e+02
1.496042048710566119e+00 1.155105892662799505e+01 1.866885902196709424e+02
1.519934329084134950e+00 1.151924996207077356e+01 1.650643060602717753e+02
1.544101439712876056e+00 1.148487808373793762e+01 1.457528393382565355e+02
1.568629996709916430e+00 1.145076881130310831e+01 1.286503105730239156e+02
1.593560936654928817e+00 1.141608532928244557e+01 1.131892731655296700e+02
1.618843775178914868e+00 1.138129215326538102e+01 9.920337933269280484e+01
1.644334589668215996e+00 1.134558820430845749e+01 8.763790740321491057e+01
1.669954915758326219e+00 1.131031160054378937e+01 7.707403375370380161e+01
1.695538900790732662e+00 1.127477837898062063e+01 6.778523273864050225e+01
1.720972647968580960e+00 1.123984557793671435e+01 5.972470565122528541e+01
1.746146410657074322e+00 1.120364975319732004e+01 5.262677712225362825e+01
1.770899072380530015e+00 1.116764289365106144e+01 4.626036409439022634e+01
1.795115131632150307e+00 1.113145500888162331e+01 4.093488924217749769e+01
1.818679409818196646e+00 1.109499009000576564e+01 3.643756498740617644e+01
1.841482977513803077e+00 1.105759066985153360e+01 3.235414617690364025e+01
1.863397917122664449e+00 1.102046987281102908e+01 2.883662791832239947e+01
1.884335461132871981e+00 1.098201773002866766e+01 2.566358309032258234e+01
1.904189291292102570e+00 1.094214772889994158e+01 2.308232855017238805e+01
1.922874564824431642e+00 1.090228248467606420e+01 2.075562964204143768e+01
1.940317978307007252e+00 1.086183623332378190e+01 1.872426146256516333e+01
1.956440852077539372e+00 1.081975656395834484e+01 1.694593660880704178e+01
1.971184327464562847e+00 1.077608076947858962e+01 1.539612418849460340e+01
1.984472294819781713e+00 1.073187514045002366e+01 1.403386311307792234e+01
1.996256216052492816e+00 1.068706786216539939e+01 1.285805040665935906e+01
2.006497034966936877e+00 1.064058926764314172e+01 1.182688899179076536e+01
2.015154520649163672e+00 1.059337255712073578e+01 1.088056575896855982e+01
2.022177597156017193e+00 1.054465763709550785e+01 1.012482228382020644e+01
2.027541808336635665e+00 1.049610742406517438e+01 9.404608696930013778e+00
2.031199877121706798e+00 1.044585286885907927e+01 8.840283337067504021e+00
2.033145190069633568e+00 1.039528627326137311e+01 8.334224506640314445e+00
2.033317936859541319e+00 1.034440080841488907e+01 7.891621944578353975e+00
2.031676836397877661e+00 1.029412313994150274e+01 7.532920999633147652e+00
2.028158574266958336e+00 1.024534301876111542e+01 7.225496582990310834e+00
2.022785347837674497e+00 1.020173079288722029e+01 7.045680242831441120e+00
2.015255633088397946e+00 1.016547781031233910e+01 6.973340784668602410e+00
2.005826710935684432e+00 1.012722640401945995e+01 6.946822739000914737e+00
1.994952855436039396e+00 1.008798089531856590e+01 6.970696076716241585e+00
