2.216690783263972897e-01 1.544533024752458061e+01 3.533156135539197363e+06
2.317128415435334154e-01 1.508286104082774592e+01 2.856832143203979358e+06
2.424981409791974185e-01 1.477156192035680071e+01 2.308892286025303882e+06
2.540740256811589437e-01 1.449203077443191390e+01 1.866525929862656631e+06
2.664578427264321925e-01 1.422792245502396469e+01 1.502069350309789646e+06
2.797091456035305512e-01 1.400188265064208437e+01 1.204167793130339123e+06
2.938630036748051677e-01 1.379287701531758081e+01 9.664159999973075464e+05
3.089499214068401334e-01 1.361122453031560120e+01 7.738070439515829785e+05
3.249956216177852242e-01 1.345435400717203933e+01 6.193447428258600412e+05
3.420530354953235652e-01 1.331098179730170372e+01 4.954776596698645153e+05
3.601493341573150375e-01 1.322380252008724177e+01 3.958363069008380990e+05
3.793216469282482128e-01 1.307417549948503854e+01 3.166126273959154496e+05
3.995962011385986168e-01 1.299498552064406276e+01 2.527927211892359192e+05
4.210061675469252696e-01 1.292019792268306233e+01 2.004041059091216594e+05
4.435719526851147343e-01 1.285805298459709434e+01 1.616244234451494121e+05
4.673306323734068290e-01 1.281045601584772697e+01 1.291547341295851074e+05
4.922968732727014962e-01 1.277476620868785062e+01 1.034815546367914358e+05
5.185021847985981092e-01 1.274630934567955087e+01 8.262413432900175394e+04
5.459403290092581518e-01 1.272927657446838090e+01 6.625248701775922382e+04
5.746498417028884642e-01 1.272088240060875819e+01 5.312239151528180082e+04
6.046318038383801108e-01 1.271840870858632044e+01 4.271607923879721784e+04
6.358937502961220511e-01 1.272555402721292594e+01 3.436137748250202276e+04
6.684438527136833397e-01 1.273978441365038528e+01 2.757501625127175794e+04
7.022689250830566055e-01 1.275833543423374294e+01 2.225307403041262660e+04
7.373846828744342607e-01 1.277950481533053484e+01 1.798961660120512897e+04
7.737234320404700050e-01 1.280504469822505698e+01 1.452123131090415518e+04
8.113204872401122980e-01 1.283718773323328044e+01 1.174944196014711451e+04
8.501400987143084009e-01 1.287154688303817451e+01 9.517436197141436423e+03
8.901537257242382317e-01 1.290945636938492314e+01 7.742102806102423529e+03
9.313213399046871288e-01 1.294945047753734357e+01 6.305059575308232525e+03
9.736160105039529666e-01 1.299035014690560708e+01 5.132619523666558052e+03
1.016958265483115076e+00 1.303361322066865036e+01 4.194551992434870954e+03
1.061333636640961586e+00 1.307648631299140618e+01 3.398937034949752615e+03
1.106669802376984757e+00 1.312120861579755982e+01 2.816472599998257920e+03
1.152875591130275268e+00 1.316606070993456434e+01 2.315523477622768041e+03
1.199918938317723560e+00 1.321137662127131840e+01 1.904929884854146621e+03
1.247732200046016038e+00 1.325419756331988808e+01 1.573430486571968913e+03
1.296171280995486175e+00 1.329838263063141035e+01 1.301476660736761005e+03
1.345214100836416238e+00 1.334094497346577235e+01 1.078680193422079128e+03
1.394754467859195213e+00 1.338206457834846042e+01 8.972080037208843351e+02
1.444698196057908390e+00 1.342414864338417502e+01 7.468629260365946720e+02
1.494900933509750729e+00 1.346173273417049643e+01 6.237366944917179126e+02
1.545063648709082527e+00 1.349722715063442990e+01 5.220730386313673534e+02
1.594734283482272641e+00 1.353143385652560582e+01 4.390418074835997118e+02
1.643485335260586488e+00 1.356046683358034954e+01 3.709517056550900520e+02
1.691188322207217043e+00 1.358680565561177467e+01 3.150160500999602959e+02
1.737651179689831737e+00 1.360759707681530628e+01 2.687665856110206164e+02
1.782832592436910391e+00 1.362500525943629270e+01 2.300876371108743115e+02
1.826509303289322927e+00 1.363625764267284701e+01 1.978011181157557417e+02
1.868623411222279262e+00 1.364393347558407577e+01 1.709960920106194919e+02
1.909069475658959236e+00 1.364675857587876884e+01 1.482425158151671951e+02
1.947604678113318721e+00 1.364444434153330121e+01 1.292801624393376017e+02
1.984421581013329217e+00 1.363961253281187425e+01 1.131571620982026047e+02
2.019340104768381661e+00 1.362603685046845570e+01 9.930862649867293612e+01
2.052284774159044645e+00 1.360812325263928102e+01 8.771699772870869083e+01
2.083247709604117759e+00 1.358658367882254581e+01 7.763130978014903860e+01
2.112165866425482985e+00 1.356103864057346975e+01 6.898326032755494452e+01
2.139050508207814616e+00 1.352937667324095017e+01 6.163816894059865348e+01
2.163889485551488967e+00 1.349448255021228249e+01 5.519548988067227668e+01
2.186665753762074171e+00 1.345568786835647401e+01 4.963178910236787544e+01
2.207415998013976921e+00 1.341264862898186827e+01 4.476086374351503849e+01
2.226140264325715989e+00 1.336500388595308841e+01 4.059104287155955149e+01
2.242905715381915410e+00 1.331422279125155761e+01 3.686134312671315882e+01
2.257688864656210104e+00 1.325995621662400659e+01 3.358398505757811847e+01
2.270571874711106108e+00 1.320135776302215014e+01 3.075454927260610560e+01
2.281590995565839997e+00 1.314034534563389656e+01 2.824966647007180498e+01
2.290805604118959060e+00 1.307678625957793450e+01 2.600270544148418495e+01
2.298265754995007626e+00 1.301014770735818260e+01 2.403363985637616906e+01
2.304024202844825453e+00 1.294140007934133330e+01 2.228180888329938369e+01
2.308154645532837446e+00 1.286980039233165307e+01 2.068407380864294964e+01
2.310719183644469599e+00 1.279647391075099172e+01 1.928855085486072696e+01
2.311776690080970642e+00 1.272068955886182628e+01 1.803849250466330290e+01
2.311404482499504809e+00 1.264257549087503563e+01 1.686380087223965063e+01
2.309663906998955962e+00 1.256400473476549529e+01 1.590362065927592461e+01
2.306617585670650783e+00 1.248354928276213194e+01 1.499788645947834809e+01
2.302352170247741192e+00 1.240221906069962010e+01 1.415850794997119344e+01
2.296911825335033797e+00 1.231882987679299823e+01 1.341800884627234858e+01
2.290418487535129888e+00 1.223580152961280554e+01 1.274702498702241193e+01
2.282820682566161885e+00 1.215065447778022900e+01 1.208541793362857497e+01
2.274317904312327610e+00 1.206547378206952459e+01 1.158135432931893227e+01
2.264851549903887484e+00 1.197964238828002159e+01 1.108237354633061322e+01
2.254565901174488740e+00 1.189467372369420239e+01 1.062105391939409671e+01
2.243506998421999743e+00 1.180777963585238766e+01 1.021048173358407318e+01
2.231702354208352723e+00 1.172103557742060431e+01 9.815039462293439598e+00
2.219181186970734299e+00 1.163372341657379572e+01 9.473852165656873936e+00
2.206046870524294601e+00 1.154358855977638321e+01 9.136170176615483030e+00
2.192435777021989995e+00 1.145264548473387656e+01 8.807206699967430552e+00
2.178476155586363205e+00 1.136088679774762156e+01 8.497791707235531788e+00
2.164236425090165117e+00 1.126646098544782859e+01 8.191620781423871733e+00
2.149823584219193062e+00 1.117332710591330702e+01 7.902229057912506072e+00
2.135269696118134330e+00 1.108108924172015186e+01 7.618983847589127834e+00
2.120575093820720181e+00 1.098811863806193401e+01 7.360281229550865056e+00
2.105808990318596141e+00 1.089808045159800720e+01 7.094551650709524537e+00
2.090959151613764444e+00 1.080810258629605336e+01 6.886512060198786145e+00
2.076029726492051974e+00 1.072129846836795330e+01 6.673943590025047889e+00
2.061038770803264697e+00 1.063602061227637030e+01 6.511383244968397932e+00
2.045980297505376910e+00 1.055296603555048129e+01 6.322092884703230276e+00
2.030931968159191303e+00 1.047366138778347100e+01 6.197598252290314136e+00
2.015885660616500097e+00 1.039798062113602128e+01 6.078412419408303791e+00
2.000931062995363607e+00 1.032659842931063743e+01 5.986216038326164224e+00
