2.233434958649742341e-01 1.538692671435321380e+01 3.413688137524027843e+06
2.327920419883144909e-01 1.510978485318389986e+01 2.853507132355573587e+06
2.429400148702176576e-01 1.479042977627212530e+01 2.312504748974492308e+06
2.538164751301940636e-01 1.455154794032712751e+01 1.894903926868289476e+06
2.654628355361112746e-01 1.429457556972702648e+01 1.550451721912939101e+06
2.779087958735145247e-01 1.408671509264384092e+01 1.266366813335949555e+06
2.911978878438455376e-01 1.389107670794134997e+01 1.031858961894650711e+06
3.053480301605285829e-01 1.371915016881412441e+01 8.401420409372468712e+05
3.204095143442713955e-01 1.357467985305064495e+01 6.837142411475357367e+05
3.364091952800091212e-01 1.343938671959672604e+01 5.545411735421660123e+05
3.533789473711733686e-01 1.332713682916515197e+01 4.461398078664299101e+05
3.713561505751550307e-01 1.322858811119726496e+01 3.650532195906988345e+05
3.903661818195630628e-01 1.315323555481264073e+01 2.927419674207518692e+05
4.104661468376985534e-01 1.307945759022397603e+01 2.395271090359410155e+05
4.316453216980229435e-01 1.302640243511860696e+01 1.946078247890776838e+05
4.539593213069982314e-01 1.298310676839466460e+01 1.574329584782633174e+05
4.774381950595946722e-01 1.295465150882606764e+01 1.274202107503105217e+05
5.021052102876610856e-01 1.293251167848645089e+01 1.033595578235588473e+05
5.279874334704629524e-01 1.291707458205773129e+01 8.405784658276183472e+04
5.551111337998039241e-01 1.292120969896232552e+01 6.745140115267486544e+04
5.834860363888618728e-01 1.292845787982879102e+01 5.551164960540177708e+04
6.131406545125592800e-01 1.294262005551573580e+01 4.521754400138422352e+04
6.440912620681135126e-01 1.296474754734250467e+01 3.671111989336593979e+04
6.763354353273010044e-01 1.299068639888140453e+01 2.994970213152670476e+04
7.098607144572967043e-01 1.302643200467745643e+01 2.441243171098353923e+04
7.446227982717299465e-01 1.306384718131605460e+01 1.993469276887447631e+04
7.805512234392741888e-01 1.310732408144208705e+01 1.634923044169482455e+04
8.176605452948069175e-01 1.315338354147263189e+01 1.339782978588618971e+04
8.558519661753498653e-01 1.320379454871132374e+01 1.102337438968237802e+04
8.950791712443182391e-01 1.325692021944057686e+01 9.073365593864702532e+03
9.352953586172862988e-01 1.331228459318120194e+01 7.487301713089828809e+03
9.764179827957711888e-01 1.336737459885862656e+01 6.190231451572600236e+03
1.018384602913506187e+00 1.342509249511224212e+01 5.138241190768958404e+03
1.061050995930719276e+00 1.348243900244722049e+01 4.277877722789283325e+03
1.104329086428195161e+00 1.354022047479721103e+01 3.564663555524783078e+03
1.148186776088737204e+00 1.359939631258689374e+01 2.983299210063963073e+03
1.192525421526945184e+00 1.365518874143746686e+01 2.502548876114810355e+03
1.237148292695769314e+00 1.371047219011082952e+01 2.105877203907607964e+03
1.282001773037558134e+00 1.376442057220556769e+01 1.777687886784819284e+03
1.326964247821786458e+00 1.381694760337780536e+01 1.502991141380050294e+03
1.371942467285281353e+00 1.386674404029406737e+01 1.277271790359978468e+03
1.416808192805743882e+00 1.391301653136360628e+01 1.087661468503479000e+03
1.461456874257146765e+00 1.395804907885681700e+01 9.290519935725235428e+02
1.505693276404755920e+00 1.399874677711554938e+01 7.957554248725675734e+02
1.549460292643834780e+00 1.403724303597680567e+01 6.846928865840351364e+02
1.592693759559933753e+00 1.407319940981058437e+01 5.907570810415071492e+02
1.635209514766927219e+00 1.410244143892499480e+01 5.112196472416739539e+02
1.676932488912633135e+00 1.413390387629172018e+01 4.437028158829969016e+02
1.717737981375845324e+00 1.415522343060389865e+01 3.865707516498526388e+02
1.757583436153059120e+00 1.417426883209294708e+01 3.378983279130023334e+02
1.796350792723999890e+00 1.419127686977101988e+01 2.959374204994593356e+02
1.833937125404778046e+00 1.420209192057276582e+01 2.603255279654964625e+02
1.870308620701657487e+00 1.421031536163766162e+01 2.285730964573917561e+02
1.905383506872218025e+00 1.421071862134766839e+01 2.032884393695472625e+02
1.939070037808819258e+00 1.421025131278226006e+01 1.803565017669904194e+02
1.971323608738512201e+00 1.420472971423455100e+01 1.606357093251685626e+02
2.002136018259482952e+00 1.419554085941249788e+01 1.435799705703263669e+02
2.031410804589988128e+00 1.418241641991380675e+01 1.286675495123823509e+02
2.059152043866466997e+00 1.416673306177700553e+01 1.156991609647734123e+02
2.085311300170364479e+00 1.414364194648525341e+01 1.043588050432280738e+02
2.109886857240082847e+00 1.411918811850839894e+01 9.431524750741674268e+01
2.132849184976036927e+00 1.409100092287588524e+01 8.558277350429210628e+01
2.154201238042226851e+00 1.405540934721911839e+01 7.775679143592914500e+01
2.173950517557149631e+00 1.401920874634772218e+01 7.100299623370467827e+01
2.192101971864887311e+00 1.397945262677495748e+01 6.500109416768133030e+01
2.208654019354332476e+00 1.393791594555080593e+01 5.967491960095566128e+01
2.223633566802938333e+00 1.389022539479380924e+01 5.486830055962477815e+01
2.237061666856838382e+00 1.384145540760533777e+01 5.055961914199774299e+01
2.248962576121647405e+00 1.378952501477722059e+01 4.679867576183904987e+01
2.259367082341045219e+00 1.373533528210438348e+01 4.341763648489101968e+01
2.268310008460228566e+00 1.367784077827722200e+01 4.032554887605197536e+01
2.275818873264332076e+00 1.361817782147552691e+01 3.760884845415859701e+01
2.281942297545497045e+00 1.355589006081292780e+01 3.514863657868838942e+01
2.286720480304484049e+00 1.349178949974335673e+01 3.291228133115223642e+01
2.290188549772361526e+00 1.342561752451241119e+01 3.090858568413213447e+01
2.292398750339271540e+00 1.335700338458588199e+01 2.906911355869485902e+01
2.293399261341904971e+00 1.328814125985221040e+01 2.743834647745311628e+01
2.293231693543465788e+00 1.321752772150502153e+01 2.594536856270363856e+01
2.291943401875284447e+00 1.314560609479373809e+01 2.459143172314501413e+01
2.289589126067662850e+00 1.307196627710509951e+01 2.334023461550445688e+01
2.286207150080841632e+00 1.299592797341973593e+01 2.223523344934601909e+01
2.281848822354765716e+00 1.292061982072341664e+01 2.108917324620836098e+01
2.276572539217497582e+00 1.284388621571722311e+01 2.025258660595327243e+01
2.270409820762496089e+00 1.276654034335069987e+01 1.938013960440293815e+01
2.263412283050465490e+00 1.268790682489322208e+01 1.858597458431476923e+01
2.255636688224324171e+00 1.260953143738589688e+01 1.787774300127675176e+01
2.247128047945964990e+00 1.253057395860851742e+01 1.714112524793653591e+01
2.237909509543158038e+00 1.245241999320146320e+01 1.655551156245077493e+01
2.228037594591522730e+00 1.237233820009091367e+01 1.608495761792503842e+01
2.217535459546391419e+00 1.229561994771634481e+01 1.562078510865668690e+01
2.206449329677528937e+00 1.221831490882277294e+01 1.514948600408008339e+01
2.194796268974226194e+00 1.214230138665343439e+01 1.479547972812144252e+01
2.182650593653268523e+00 1.206815589392253329e+01 1.445811469249204784e+01
2.170052963937409984e+00 1.199674195185625258e+01 1.418462762107512987e+01
2.157084923543402866e+00 1.192638469880085772e+01 1.397323453846806807e+01
2.143848347703419144e+00 1.185986911259007215e+01 1.379866052203059645e+01
2.130480447586441617e+00 1.179706717562326723e+01 1.363042014316828343e+01
2.117207747856339140e+00 1.174107710831068374e+01 1.357870151983720675e+01
2.104420429919668933e+00 1.168991216844559311e+01 1.363733999739101854e+01
2.091455464734889080e+00 1.164278548882535524e+01 1.364855720276179163e+01
