2.194499007286143943e-01 1.552063344361705433e+01 3.679687632150217891e+06
2.279047270414208681e-01 1.517621778615824191e+01 3.047903012438813224e+06
2.367778250897318859e-01 1.488892367740920974e+01 2.538757186033509672e+06
2.460571900594152595e-01 1.462555476122701670e+01 2.112818275539193768e+06
2.557614569043010766e-01 1.437725176959249396e+01 1.763272078586637741e+06
2.659133027042361874e-01 1.415855512104520919e+01 1.465720956964677200e+06
2.765184681403535794e-01 1.398393542945014367e+01 1.217252891787724802e+06
2.875905129669211191e-01 1.376639748006896369e+01 1.014772934660006664e+06
2.991480581908878555e-01 1.359390542391902024e+01 8.348019502952647163e+05
3.111708064381057959e-01 1.343546448732734611e+01 7.007632092549770605e+05
3.236963182616531820e-01 1.329007906925910731e+01 5.840807225130299339e+05
3.367171580993318369e-01 1.316386078985979857e+01 4.871347675495770527e+05
3.502474706000613947e-01 1.304097396072874027e+01 4.047784456470618607e+05
3.642923689612160287e-01 1.292975181816169794e+01 3.367694018494409393e+05
3.788869417448821331e-01 1.282734314709828993e+01 2.803820335726861376e+05
3.939525986569089033e-01 1.273626160749742020e+01 2.344952226961212291e+05
4.095670005546747094e-01 1.265167125653617397e+01 1.955537331235994061e+05
4.257153216482361668e-01 1.257655896369536563e+01 1.634377051819180197e+05
4.424034085399632388e-01 1.250765880440102329e+01 1.366359224660451873e+05
4.596131440547953084e-01 1.244460240930195738e+01 1.139379719975772896e+05
4.773682238579905479e-01 1.238688107691749174e+01 9.544432400443917140e+04
4.956478070711758388e-01 1.233361030922558932e+01 7.993856681067598402e+04
5.144454362817755255e-01 1.228578571901816652e+01 6.701987587307268404e+04
5.337678192551044143e-01 1.224375200533803820e+01 5.618745945644830499e+04
5.536074418729770574e-01 1.220373030396595304e+01 4.712244694552592409e+04
5.739564288975176343e-01 1.216868144063853663e+01 3.959842053750586638e+04
5.948058756560813398e-01 1.213629825403926965e+01 3.333809015778150933e+04
6.161543451108512093e-01 1.210573140288650507e+01 2.809583902346050309e+04
6.379628379331586663e-01 1.207902070644519021e+01 2.363110160350640581e+04
6.602394050045297114e-01 1.205081256639408416e+01 1.987178655726942088e+04
6.829717010459793736e-01 1.203258353111455214e+01 1.687703648874144346e+04
7.061569685831639021e-01 1.200679170421192765e+01 1.429134098878292934e+04
7.296971682526354197e-01 1.198565152882433615e+01 1.211259485891184522e+04
7.536712075147884438e-01 1.196738397579341928e+01 1.026383805361950363e+04
7.780105811165211049e-01 1.194794619241705469e+01 8.730208811674774552e+03
8.027061169005755836e-01 1.192908735520456887e+01 7.400376552057318804e+03
8.277342617161332905e-01 1.191217584286845899e+01 6.311180840390174126e+03
8.530355178633001190e-01 1.189746064974605488e+01 5.372925706509121483e+03
8.786505439823115715e-01 1.188076400040068492e+01 4.586970430582106019e+03
9.044742606858928724e-01 1.186470266643357085e+01 3.923378462478128313e+03
9.305241591153350367e-01 1.184807978531836348e+01 3.358197444565376827e+03
9.567813423837069342e-01 1.183312550285268294e+01 2.873701966921169060e+03
9.831814408437294928e-01 1.181582342727030976e+01 2.466066719278829169e+03
1.009709476310648668e+00 1.179816529157205274e+01 2.120154323866607683e+03
1.036327505300260965e+00 1.177979766604204492e+01 1.825686652584721287e+03
1.062998674873204097e+00 1.176083712616157051e+01 1.573566404846213118e+03
1.089671544095628608e+00 1.174184108778352709e+01 1.358806243612270464e+03
1.116350860381495114e+00 1.172183660399582728e+01 1.173873631077618938e+03
1.142982507866200592e+00 1.170043214305761659e+01 1.016250734452486654e+03
1.169527963079673327e+00 1.167917168903282921e+01 8.797120217221307712e+02
1.195953537932068045e+00 1.165601563816713337e+01 7.644242738228061853e+02
1.222221392462139677e+00 1.163141687195449414e+01 6.597858427393185821e+02
1.248291699128869947e+00 1.160883599333492100e+01 5.783619285943316299e+02
1.274135472701432015e+00 1.157874531738960044e+01 5.047663836928504111e+02
1.299716776072793234e+00 1.155160803652003132e+01 4.406163359766680401e+02
1.324995899360108753e+00 1.152253541591107577e+01 3.853185632431219574e+02
1.349942031046289515e+00 1.149162186690645093e+01 3.375663508760655986e+02
1.374522186356004205e+00 1.145970163106234807e+01 2.961786159790977422e+02
1.398703862484966143e+00 1.142739147526525478e+01 2.602802702864804587e+02
1.422445530555889404e+00 1.139238003631359497e+01 2.290605596501445405e+02
1.445726513325110485e+00 1.135751016183082029e+01 2.018396628605484011e+02
1.468515414488532178e+00 1.131888215334905112e+01 1.782292600001420908e+02
1.490780162056218661e+00 1.127908246336117060e+01 1.567888637238931437e+02
1.512496741378674514e+00 1.123893788611098721e+01 1.395954824659647500e+02
1.533642713605488650e+00 1.119689313280424514e+01 1.237953716089223946e+02
1.554185456053773118e+00 1.115446187215168017e+01 1.100056000096677877e+02
1.574103118153823866e+00 1.111030415286280792e+01 9.787880619883421218e+01
1.593379000756423469e+00 1.106437629539758305e+01 8.728894309026658505e+01
1.611993927033595675e+00 1.101784533617385264e+01 7.790039890294477232e+01
1.629927217979831200e+00 1.096924288174125373e+01 6.962248454915076934e+01
1.647164059910681155e+00 1.091992155184862945e+01 6.235272496929458441e+01
1.663690645743604257e+00 1.087009009471390542e+01 5.595598701828624399e+01
1.679493940976754196e+00 1.081870587640427317e+01 5.007112601743671831e+01
1.694563230091726380e+00 1.076529621927723035e+01 4.523077812322180336e+01
1.708890555043300452e+00 1.071116301769385792e+01 4.078161565697472923e+01
1.722468990558992719e+00 1.065665682211116128e+01 3.685745404359739297e+01
1.735292351256590537e+00 1.060037459708389918e+01 3.329926740217999992e+01
1.747357029590074662e+00 1.054373745362309833e+01 3.015376358185850236e+01
1.758662842148749794e+00 1.048647160559817593e+01 2.737783813705519620e+01
1.769208588803628857e+00 1.042816040650366638e+01 2.487522703299644533e+01
1.778992662221301257e+00 1.036884313605845875e+01 2.264150596853372122e+01
1.788023306110566146e+00 1.030816752709256079e+01 2.063881569480906109e+01
1.796302592205907711e+00 1.024808186698614421e+01 1.885021091969416318e+01
1.803839360980356243e+00 1.018648159020814781e+01 1.725245431132051621e+01
1.810633642571449764e+00 1.012555016825604426e+01 1.575933571688648804e+01
1.816701613138108629e+00 1.006223167552965947e+01 1.445775960919982417e+01
1.822048722483497585e+00 9.999489839472015973e+00 1.329539948816178807e+01
1.826689933981194169e+00 9.936125681257175657e+00 1.228042412112619530e+01
1.830639974227755484e+00 9.872497770353868773e+00 1.129589007428244862e+01
1.833903888780871405e+00 9.807943020090764463e+00 1.044049327901784707e+01
1.836498610046356061e+00 9.743908052367423522e+00 9.663647011758822458e+00
1.838440056063311401e+00 9.679502343184639201e+00 8.954425656527932986e+00
1.839736311315641970e+00 9.615632164926722680e+00 8.314271784953287892e+00
1.840362900700236004e+00 9.550321074266388877e+00 7.757462953016928786e+00
1.840237231687692709e+00 9.486245171232381423e+00 7.226954728012014328e+00
1.839276765995669249e+00 9.423300924255904931e+00 6.762479505643233857e+00
1.837371320305063005e+00 9.361857489978842040e+00 6.381824217391056209e+00
1.834390858169484995e+00 9.302080726392567556e+00 6.047761067926529677e+00
1.830107608233512373e+00 9.249356988806741953e+00 5.780024366025972249e+00
1.823939505043810971e+00 9.203142054475426548e+00 5.642758451139066267e+00
