2.249470464686894600e-01 1.534849428912963454e+01 3.323270093553578947e+06
2.368034420830225362e-01 1.498278063082628719e+01 2.632881885248021223e+06
2.497683162823332303e-01 1.464657034376098999e+01 2.061515877377471887e+06
2.639138290205346737e-01 1.435727029185541603e+01 1.616117516851096181e+06
2.793012881142277748e-01 1.409899502341736799e+01 1.259724773083083564e+06
2.960098109584016202e-01 1.388043366972604353e+01 9.735246963564094622e+05
3.140940111920884070e-01 1.368794545226446679e+01 7.620117827872770140e+05
3.336294928791608827e-01 1.352484938194551134e+01 5.904366657664802624e+05
3.546893526152850029e-01 1.338885454763974536e+01 4.543343799197670305e+05
3.773269215367346940e-01 1.327370101987900775e+01 3.538516852115750662e+05
4.016179393083159077e-01 1.319483217461271174e+01 2.737641611443429138e+05
4.276374275749875165e-01 1.312956234644033060e+01 2.117264635417968384e+05
4.554401379415968787e-01 1.308744052301931582e+01 1.636327638258760853e+05
4.850990224957562047e-01 1.306087993549345505e+01 1.263937761679156683e+05
5.166712626768814598e-01 1.305062916979485976e+01 9.770970993720661500e+04
5.502201502674752831e-01 1.305509052214999244e+01 7.574432828814815730e+04
5.858132381939108457e-01 1.307320383875569370e+01 5.878411799053136929e+04
6.234593802600910672e-01 1.310415312018805878e+01 4.552897323019967735e+04
6.632395756879163606e-01 1.314366364474085458e+01 3.536540052656253101e+04
7.051892021174037684e-01 1.319776777460297978e+01 2.752171377488011422e+04
7.493373811649461924e-01 1.326137557368375752e+01 2.142360960583006090e+04
7.957242005296384368e-01 1.332826634765101836e+01 1.672127164367440855e+04
8.443263106739868906e-01 1.340482136725844420e+01 1.308234712061665414e+04
8.951481920308379525e-01 1.348949870658825922e+01 1.023988507587483036e+04
9.482289917698497606e-01 1.357680504607865224e+01 8.031063026156032720e+03
1.003516076379787014e+00 1.366966538549203491e+01 6.308971101057924898e+03
1.060954672343323191e+00 1.376680871797492678e+01 4.973853746299194427e+03
1.120443824288911427e+00 1.386882843912527008e+01 3.917625747255806345e+03
1.181818094532454122e+00 1.397048732733158616e+01 3.115774437500768272e+03
1.244981549641596574e+00 1.407469154455270299e+01 2.472830344000371952e+03
1.309757948110616743e+00 1.417911004325733870e+01 1.974398459189876803e+03
1.375945983164710729e+00 1.428498175742886644e+01 1.579575031245901300e+03
1.443403257648467219e+00 1.438827756989909901e+01 1.268459444057039491e+03
1.511861044631812812e+00 1.449164245114907068e+01 1.020412911807234423e+03
1.581184322399058040e+00 1.459206972780784284e+01 8.260996847008914301e+02
1.651042607855926381e+00 1.469049083829670366e+01 6.714007974650769484e+02
1.721284226275449525e+00 1.478516324734768972e+01 5.481398292178082556e+02
1.791598999742225917e+00 1.487634668600332510e+01 4.488486617775490686e+02
1.861806148064038213e+00 1.496265668546768168e+01 3.682488242409377790e+02
1.931643600954472184e+00 1.504534991920974640e+01 3.045895318745021427e+02
2.000841673684876643e+00 1.512281632384003593e+01 2.525435935915967889e+02
2.069058369414364495e+00 1.519464353177955651e+01 2.104232169370614827e+02
2.136232320981777733e+00 1.526071566972997573e+01 1.757557256747133181e+02
2.202078418589370479e+00 1.532136633207498733e+01 1.480809350802545907e+02
2.266263723956250864e+00 1.537348993102196282e+01 1.249481643551819587e+02
2.328718660042520927e+00 1.542307229219641052e+01 1.057913486814944548e+02
2.389190390275627074e+00 1.546207624152617122e+01 9.026199741499840457e+01
2.447545683927917270e+00 1.549614099152328350e+01 7.724818455119350347e+01
2.503567024711474520e+00 1.552286158343353861e+01 6.637907490608698424e+01
2.557130779163520273e+00 1.554298832253543594e+01 5.692362534268784913e+01
2.608145954683296797e+00 1.555757198206595859e+01 4.964599104202513047e+01
2.656488959118895821e+00 1.556383252793161454e+01 4.328923086314083690e+01
2.702113229430544994e+00 1.556492418660042176e+01 3.785670425630789993e+01
2.744871054937938926e+00 1.555876552162056825e+01 3.324074768248136280e+01
2.784791867042311964e+00 1.554642402563353976e+01 2.933351346012516103e+01
2.821815703203767622e+00 1.552805671201297244e+01 2.600218055932515426e+01
2.855906319934420790e+00 1.550428752309932356e+01 2.312580366159793144e+01
2.887094397984165894e+00 1.547283702082565426e+01 2.067144039047370541e+01
2.915377951213900420e+00 1.543701193225052926e+01 1.853854042262806701e+01
2.940811765311410308e+00 1.539549047452600661e+01 1.669881985730962626e+01
2.963403765163300729e+00 1.534917714206782868e+01 1.508531150677838362e+01
2.983237811528717476e+00 1.529761951611441972e+01 1.370437457056425501e+01
3.000357305922882745e+00 1.524139082246852972e+01 1.247821620439055224e+01
3.014831743408099118e+00 1.518112912935938219e+01 1.141275103052228523e+01
3.026766535809580549e+00 1.511657715276916569e+01 1.047994520329972801e+01
3.036216620797019150e+00 1.504819583470449551e+01 9.650844218760370907e+00
3.043281291188365323e+00 1.497625842632928794e+01 8.928696352430614880e+00
3.048060767722046371e+00 1.490122305553015103e+01 8.288555198511081912e+00
3.050659857699661970e+00 1.482293417631407806e+01 7.707408563034728211e+00
3.051161380865486272e+00 1.474186600594528507e+01 7.191731155915985774e+00
3.049679213066893713e+00 1.465895498335762426e+01 6.755684316949220225e+00
3.046326992907937292e+00 1.457278952905709701e+01 6.350406656711457209e+00
3.041186400351003183e+00 1.448560506923512392e+01 5.986248381260576679e+00
3.034376255059175520e+00 1.439584410170928130e+01 5.669737228212545332e+00
3.025997592606471720e+00 1.430473894568428861e+01 5.379824998262146885e+00
3.016147025779503110e+00 1.421307515338578398e+01 5.126077801887189089e+00
3.004927555738265532e+00 1.411979566769994676e+01 4.887277910341250475e+00
2.992433224409184689e+00 1.402582948392964646e+01 4.683281232078337020e+00
2.978759336033664162e+00 1.393169159687889014e+01 4.475278389030609816e+00
2.963999156789529632e+00 1.383657633691120203e+01 4.327991976298221743e+00
2.948241433121743693e+00 1.374153342781710130e+01 4.179646010049365756e+00
2.931574513602813958e+00 1.364632822184932159e+01 4.041568505937086719e+00
2.914079047816633850e+00 1.355086570846513716e+01 3.923063006028086441e+00
2.895836815170855338e+00 1.345657851977151331e+01 3.816035596944662878e+00
2.876920195546468051e+00 1.336175939739170637e+01 3.706868559306321309e+00
2.857422067910135421e+00 1.326805122710530149e+01 3.636663642336293467e+00
2.837462910362706925e+00 1.317624556718132744e+01 3.550910287016813882e+00
2.817138879742324686e+00 1.308559872555851733e+01 3.490559775759274341e+00
2.796572334670819338e+00 1.299742382190458123e+01 3.452047366952141871e+00
2.775894310192602354e+00 1.291272450748285650e+01 3.414805722371590413e+00
2.755306617820449944e+00 1.283259741897496298e+01 3.378115985053516734e+00
2.735162598629775399e+00 1.275851382171726200e+01 3.384618367613191570e+00
2.716485134705364679e+00 1.269532890251919888e+01 3.392789577848566829e+00
2.701089557555353515e+00 1.265170722525181191e+01 3.418537014499366311e+00
2.684911692723191301e+00 1.261054715848739427e+01 3.471931221629563247e+00
2.667626598695791884e+00 1.256911926120488943e+01 3.540673076640516559e+00
2.649290930695963553e+00 1.252673752200893098e+01 3.612575543528797617e+00
2.629982420258121234e+00 1.248266158851503072e+01 3.715078429970915419e+00
2.609808940970913760e+00 1.243731412637699840e+01 3.815395481051354398e+00
2.589129277756216929e+00 1.239121319747312278e+01 3.901673128754659992e+00
