2.220420951715975366e-01 1.542130153123249769e+01 3.462993697032153141e+06
2.326489681496921869e-01 1.506219001877805752e+01 2.807583037858843338e+06
2.441071290795033266e-01 1.474473883623075565e+01 2.257339777272514068e+06
2.564527826855540482e-01 1.444163631852320506e+01 1.790744193612827687e+06
2.697368738311905489e-01 1.419100599696266762e+01 1.430750570955215720e+06
2.840056426582016624e-01 1.394238969939771877e+01 1.132501158888283651e+06
2.993031313661803638e-01 1.374984118887869222e+01 8.961915697135956725e+05
3.156776100533283946e-01 1.356331878745929664e+01 7.098149475848799339e+05
3.331690230053632185e-01 1.339396019305863028e+01 5.623627589253548067e+05
3.518130691867393800e-01 1.326498236670030906e+01 4.434964729981250130e+05
3.716637061338368686e-01 1.314841450272041357e+01 3.505501447104586987e+05
3.927556504592300546e-01 1.304403389385704060e+01 2.762845234872585861e+05
4.151397212071384901e-01 1.296796984280057075e+01 2.181715114060497435e+05
4.388248617082584069e-01 1.290631682664850288e+01 1.720407261423386226e+05
4.638594038668590880e-01 1.285644705676325117e+01 1.359365636474249477e+05
4.902524310823993536e-01 1.281806468524998088e+01 1.075783218641090207e+05
5.180844451719356369e-01 1.279235145275297647e+01 8.489546070636081276e+04
5.473243181641950228e-01 1.277702134342140639e+01 6.710228415058425162e+04
5.780297014266875255e-01 1.277318281501722375e+01 5.337362809278011264e+04
6.102065886945423623e-01 1.277619829763674453e+01 4.224514921786328341e+04
6.438586447887321151e-01 1.278887940502769105e+01 3.360553682974227559e+04
6.789981978749226599e-01 1.280845628235241662e+01 2.666271666047060717e+04
7.156334814694902402e-01 1.283652737129072641e+01 2.124011549413742614e+04
7.537251849791228864e-01 1.286424371064498118e+01 1.695062369536186816e+04
7.933008650433965858e-01 1.289958327814301597e+01 1.354483782616149620e+04
8.343144666018096345e-01 1.293937478143525865e+01 1.084800991041549605e+04
8.767579650942970426e-01 1.298498668661764555e+01 8.683986860550443453e+03
9.205618816274974137e-01 1.302999018994485247e+01 6.987796051656012423e+03
9.657531073768854668e-01 1.308059215334905367e+01 5.634312151982806427e+03
1.012200544046128137e+00 1.313261119276616817e+01 4.535822074471037922e+03
1.059920579344177050e+00 1.318400361294835221e+01 3.667420088044343629e+03
1.108815212907362957e+00 1.323802729932504363e+01 2.975027582679565512e+03
1.158789521708099679e+00 1.329315464685168813e+01 2.412323259566384422e+03
1.209794613102393335e+00 1.334697885591453925e+01 1.965808772192324568e+03
1.261761250673258949e+00 1.340253388454903138e+01 1.602675386121284419e+03
1.314562455100723559e+00 1.345549547556828607e+01 1.310539210021713188e+03
1.368100003544481247e+00 1.350842329814773279e+01 1.075826656426185991e+03
1.422283842136272014e+00 1.356157508515591026e+01 8.753413595917019165e+02
1.476995451615576327e+00 1.361007381823357143e+01 7.291284832777852216e+02
1.532102751687849373e+00 1.365816160307462646e+01 6.016620306364277440e+02
1.587521391713061947e+00 1.370530809520857041e+01 4.985811123930381541e+02
1.643112589566799508e+00 1.374808472232473555e+01 4.140314156125288036e+02
1.698758134555144128e+00 1.378916773503494042e+01 3.446216522148774288e+02
1.754311305082837391e+00 1.382737953026229683e+01 2.877667752775392387e+02
1.809656947875171396e+00 1.386493910963632992e+01 2.407972028406433935e+02
1.864656408286431200e+00 1.389805972686143853e+01 2.023891414419833836e+02
1.919219390142999471e+00 1.392597132050504882e+01 1.702842304185459454e+02
1.973176286106464783e+00 1.395441071250590426e+01 1.438077241568682041e+02
2.026428249922944236e+00 1.397393656421134267e+01 1.218034385089712544e+02
2.078852171687121331e+00 1.399575050889866823e+01 1.034376586015161337e+02
2.130344931480929294e+00 1.400866707301546121e+01 8.810163631881090396e+01
2.180776525988151526e+00 1.402018216659268646e+01 7.477664661474349828e+01
2.230068165534510261e+00 1.402786563892108163e+01 6.441383163641712883e+01
2.278103744552409271e+00 1.403201859062635037e+01 5.531495750255894706e+01
2.324794944541018538e+00 1.403276192146355505e+01 4.762967799090039023e+01
2.370065727209936135e+00 1.402959922030092521e+01 4.114972183338024792e+01
2.413837330590428376e+00 1.402361229627053874e+01 3.562691824651808048e+01
2.456040241892639919e+00 1.401283062941862667e+01 3.096607705125368781e+01
2.496610929116948707e+00 1.399890389349437925e+01 2.696098568496553227e+01
2.535498019652018264e+00 1.398141246228620815e+01 2.356263016163268986e+01
2.572659261784576934e+00 1.396046532707490861e+01 2.064717135472851695e+01
2.608052667395109658e+00 1.393635672151287075e+01 1.813851926056161901e+01
2.641592724884955778e+00 1.390846596161085991e+01 1.598878341300019912e+01
2.673124502351424958e+00 1.387796400309677125e+01 1.414474975258531053e+01
2.702494074784372202e+00 1.384361348774180911e+01 1.255532643612430199e+01
2.729547080175495744e+00 1.380626873435351243e+01 1.118428648395692093e+01
2.754166827902652326e+00 1.376547020228765916e+01 1.001353615534800134e+01
2.776225448781538763e+00 1.372180652657048405e+01 9.004389337382377789e+00
2.795602245959450727e+00 1.367418675086910973e+01 8.147054139538775885e+00
2.812214598645488728e+00 1.362390651794850527e+01 7.389485910353907450e+00
2.825939890403466048e+00 1.357018670421433804e+01 6.748516682742144113e+00
2.836718966090924443e+00 1.351340331539640616e+01 6.200133533089450033e+00
2.844418263409373981e+00 1.345302105851570218e+01 5.733919550766795048e+00
2.848973612438720160e+00 1.339122053859290773e+01 5.333054175466526381e+00
2.850225793796712370e+00 1.332618468016639213e+01 5.006318928629553078e+00
2.848021068802937705e+00 1.326044621537071855e+01 4.725179927703982763e+00
2.842021262503507728e+00 1.319849931153123990e+01 4.562573826558383949e+00
2.831334912992268471e+00 1.314326262935521328e+01 4.487272193774881401e+00
2.816804996081412327e+00 1.308382047800502157e+01 4.441611584820679859e+00
2.799543389364908652e+00 1.301956872940614041e+01 4.420950079779092157e+00
2.780194911216019804e+00 1.295043199023426261e+01 4.411347158095277443e+00
2.759191813429671125e+00 1.287722621352980035e+01 4.410170901796449883e+00
2.736821172728610030e+00 1.280017222658673859e+01 4.409088321849951697e+00
2.713356177292844507e+00 1.271970351619251893e+01 4.397965264524531293e+00
2.688978214477447892e+00 1.263607590578280160e+01 4.404968295402595935e+00
2.663890438514174175e+00 1.255091714533053882e+01 4.426082283333137468e+00
2.638209187041167247e+00 1.246131881357267623e+01 4.431375792086481802e+00
2.612095704029190557e+00 1.237056538149776230e+01 4.434848250764384936e+00
2.585649842951728505e+00 1.227783801675411191e+01 4.439660129284781043e+00
2.559023880015631747e+00 1.218348899052004164e+01 4.438709564988171152e+00
2.532391654050709651e+00 1.208838582281145868e+01 4.436105304655607817e+00
2.505856690558551758e+00 1.199235167317174522e+01 4.418930885454586566e+00
2.479573271480339347e+00 1.189648789059897283e+01 4.423593113573390134e+00
2.453596229214464852e+00 1.180160496861907049e+01 4.421317501315612297e+00
2.428076848735896132e+00 1.170849735638811850e+01 4.413894621666210938e+00
2.403081950929403021e+00 1.161732736872921912e+01 4.415224324331253669e+00
2.378808509202881449e+00 1.152914434916050723e+01 4.395076215595598690e+00
2.355356971072350980e+00 1.144538440588497252e+01 4.396173317241905742e+00
2.333007601125215658e+00 1.136708252995363111e+01 4.435945404998952846e+00
2.312451534673257481e+00 1.129728021212715205e+01 4.461658289693683166e+00
