2.207613927432915402e-01 1.548793575542593892e+01 3.595645311762290541e+06
2.289758654300191876e-01 1.517515254383116208e+01 3.014339555016669445e+06
2.376429837976742898e-01 1.489690024085798825e+01 2.527729977186535485e+06
2.468138788076657542e-01 1.463222492152896237e+01 2.110302238743250258e+06
2.564880735330379302e-01 1.441571749722176676e+01 1.764455365656427108e+06
2.666799605060403699e-01 1.419547216390693656e+01 1.475559481924794149e+06
2.774214726709576806e-01 1.400346212208232188e+01 1.231434615716516972e+06
2.887261220840151577e-01 1.382279026353632467e+01 1.028306597602619440e+06
3.006148220922983949e-01 1.365998468695134882e+01 8.579688495742996456e+05
3.131100343357070548e-01 1.351429497581271910e+01 7.136735127931722673e+05
3.262078028743609082e-01 1.338850311067546706e+01 5.934136410653726198e+05
3.399378921705545342e-01 1.326392895077782441e+01 4.942192143030170118e+05
3.543224266025475910e-01 1.315637075093293795e+01 4.111392605427529779e+05
3.693637213368888839e-01 1.305590490685256100e+01 3.431572463304555858e+05
3.850710883979220900e-01 1.297464996782565905e+01 2.849842127289557247e+05
4.014781599313733684e-01 1.289329528737809660e+01 2.376601288700054574e+05
4.185878430071609535e-01 1.282888739137163547e+01 1.966740131150167144e+05
4.364039331963260882e-01 1.277200846427225400e+01 1.641847874882878677e+05
4.549716356745864276e-01 1.272086189195480443e+01 1.368277759755296283e+05
4.742255248766667486e-01 1.267688651159407343e+01 1.141679931884475372e+05
4.942426333816846706e-01 1.264128329303057896e+01 9.503824018305999925e+04
5.150030469117811149e-01 1.260694692488246993e+01 7.919695187143284420e+04
5.365186889336976961e-01 1.258698967350174414e+01 6.625829827508685412e+04
5.588000234799036514e-01 1.256794175099478750e+01 5.523682305634725344e+04
5.818247949850262613e-01 1.255472928859446924e+01 4.619269592642057250e+04
6.055780219694114619e-01 1.254500990101447400e+01 3.863930370541323646e+04
6.301142144184070926e-01 1.254181108523684784e+01 3.232614004375115837e+04
6.553892849653308872e-01 1.254002166678406027e+01 2.711999521680903854e+04
6.814289268894300200e-01 1.254128885226256607e+01 2.275661011568424874e+04
7.081849366450744254e-01 1.254498243358193044e+01 1.910786500464222263e+04
7.356423592228847896e-01 1.255236914196455622e+01 1.605888566508604890e+04
7.638347193434608107e-01 1.256358877832239784e+01 1.351547359759955543e+04
7.927232622725758349e-01 1.257555244804768435e+01 1.137174862789431427e+04
8.222935224024978673e-01 1.258920720697835982e+01 9.538771537746708418e+03
8.525253729694646232e-01 1.260462117122105852e+01 8.111093843484036370e+03
8.834119061455523170e-01 1.262095752375303270e+01 6.861965495798582197e+03
9.148922902485128184e-01 1.263828422297430087e+01 5.804895616115180019e+03
9.469664636925994028e-01 1.265722066784578992e+01 4.924964920439334492e+03
9.795994333367004092e-01 1.267630915696165239e+01 4.180755963449626506e+03
1.012737692757400998e+00 1.269639563764975243e+01 3.551269716258746030e+03
1.046393551712311965e+00 1.271796678799000802e+01 3.024201190221235265e+03
1.080517989443059657e+00 1.273532543248693294e+01 2.576410837863451434e+03
1.115056896995110458e+00 1.275474433246694161e+01 2.201100476252689077e+03
1.149973992249973431e+00 1.277542307761482299e+01 1.882016742856617611e+03
1.185226800158158733e+00 1.279373405005813069e+01 1.611310397167216934e+03
1.220796546186780240e+00 1.281356587749785447e+01 1.382276845304919561e+03
1.256602530018277264e+00 1.282827035084984146e+01 1.185974459420453286e+03
1.292631619878632954e+00 1.284713623603672339e+01 1.021276025078294424e+03
1.328812979682825413e+00 1.286313071842477029e+01 8.787693487929254843e+02
1.365104364943275472e+00 1.287807908632130527e+01 7.582073770720417087e+02
1.401465314108654159e+00 1.289032378446887783e+01 6.553954607931854071e+02
1.437841606220134461e+00 1.290632927706489319e+01 5.672086770068366377e+02
1.474195084717443205e+00 1.291594900381905298e+01 4.878569133129739157e+02
1.510433726692570922e+00 1.292327899204464181e+01 4.272906633931345937e+02
1.546545612051635654e+00 1.293300393208575905e+01 3.711393375308125542e+02
1.582477276056954762e+00 1.293681464988403640e+01 3.238688488401577956e+02
1.618158082540739562e+00 1.294155265226805440e+01 2.824448978094297331e+02
1.653549114320167046e+00 1.294422068312207585e+01 2.468070228401702479e+02
1.688630097808580866e+00 1.294445509516547155e+01 2.160727852911535365e+02
1.723492362894292640e+00 1.294369905849667823e+01 1.892797701474813152e+02
1.758250256332487993e+00 1.294395829606951409e+01 1.660630239161718009e+02
1.792993760762367161e+00 1.293841266911654664e+01 1.456246270667411693e+02
1.827732266706219022e+00 1.293468172659775384e+01 1.277980719833092564e+02
1.862513080392119491e+00 1.292568438804140740e+01 1.122908348684814683e+02
1.897320842266027485e+00 1.291869067591920306e+01 9.851357531625795616e+01
1.932129288236269726e+00 1.291068782837682072e+01 8.651066739274534712e+01
1.966917164517748340e+00 1.290124405297938104e+01 7.606032371290268657e+01
2.001625432925986381e+00 1.288964436151504067e+01 6.693020997175591447e+01
2.036113058489184446e+00 1.287848372909812511e+01 5.881512804055333987e+01
2.070216899173472846e+00 1.286633072382588061e+01 5.182390243014777553e+01
2.103830009458598216e+00 1.285214085748489232e+01 4.573567815540177151e+01
2.136785725365986988e+00 1.283787831418620762e+01 4.044794927988855449e+01
2.168953895614305960e+00 1.282176460155540454e+01 3.579069906811509583e+01
2.200193496959495398e+00 1.280358627921309100e+01 3.183188482591200597e+01
2.230413248240735946e+00 1.278489354701948955e+01 2.829304440924419950e+01
2.259463251867912970e+00 1.276393179171896008e+01 2.523722518530952286e+01
2.287226334476513578e+00 1.274161514212588742e+01 2.258051830975993468e+01
2.313587709457824548e+00 1.271675284997819944e+01 2.027174189183548592e+01
2.338449432970053810e+00 1.269054206187241363e+01 1.826736794768180516e+01
2.361713518798245204e+00 1.266248965941290372e+01 1.649715543569717013e+01
2.383284176926345754e+00 1.263270290841566101e+01 1.495784252853503737e+01
2.403066260868201187e+00 1.260004835362855147e+01 1.361764796028254132e+01
2.420982833355561414e+00 1.256485734207229044e+01 1.244185776073145711e+01
2.436931929873663805e+00 1.252822373665504863e+01 1.136689233866691495e+01
2.450839637990356312e+00 1.248902824489844754e+01 1.051187309964612204e+01
2.462595325040472183e+00 1.244766904143502373e+01 9.701257195763263397e+00
2.472112918561784056e+00 1.240501871152462776e+01 9.034176318124291782e+00
2.479247902666196879e+00 1.235938736300993845e+01 8.460260331171031822e+00
2.483844486529567241e+00 1.231275802454941015e+01 8.000983511950797933e+00
2.485638690480248325e+00 1.226549800237546073e+01 7.604675539620981084e+00
2.484643229530833608e+00 1.221653214271108290e+01 7.280963501384518644e+00
2.481130894287986166e+00 1.216689567523673432e+01 7.002871665399723611e+00
2.475356046934848120e+00 1.211615701673837187e+01 6.826589346224979593e+00
2.467642977951986172e+00 1.206501825306396647e+01 6.649373115309221483e+00
2.458241529659061619e+00 1.201462707109251227e+01 6.538401510903822711e+00
2.447473166580689696e+00 1.196475755892428694e+01 6.464903321501187961e+00
2.435629971244417380e+00 1.191630737079891489e+01 6.445275467177388862e+00
2.423079825217791416e+00 1.187059587204027444e+01 6.436032769710060109e+00
2.410312235240160028e+00 1.182900963810337736e+01 6.460328977419803387e+00
2.398543575388139004e+00 1.179560918513801226e+01 6.514660830034078032e+00
