2.209393134936235015e-01 1.545994678257113542e+01 3.531786862579309382e+06
2.284370152461757952e-01 1.518126754727789951e+01 3.043946603836478200e+06
2.363431569947699040e-01 1.495741468988339662e+01 2.603309762522607576e+06
2.446559553474745574e-01 1.469910275931646915e+01 2.209482517865494825e+06
2.534057510897799181e-01 1.448252689544716709e+01 1.870609156132043339e+06
2.625951389183978635e-01 1.427884937565481849e+01 1.589688599152929848e+06
2.722442382978360054e-01 1.409458361002251081e+01 1.347079081022825325e+06
2.823548889059998568e-01 1.392599479102898385e+01 1.139493744419700699e+06
2.929641558557967707e-01 1.377455238125780745e+01 9.657952070477304514e+05
3.040874962285363692e-01 1.362953658132222934e+01 8.164691308243140811e+05
3.157094708203594391e-01 1.350005978503383197e+01 6.901135240729089128e+05
3.278639059275542111e-01 1.337736779941205612e+01 5.845913351171803661e+05
3.405588261895441948e-01 1.327136897664961701e+01 4.933396860858534346e+05
3.538134453118665923e-01 1.317636107204074492e+01 4.166860399475902668e+05
3.676345295258290902e-01 1.308423181613836306e+01 3.522132562740483554e+05
3.820345541767357078e-01 1.300471895514776755e+01 2.978037951002522605e+05
3.970140007543236926e-01 1.293260852757997981e+01 2.513091004285037925e+05
4.126018034930037381e-01 1.287104748754236105e+01 2.124293978645682801e+05
4.288112479833905422e-01 1.281512862878495085e+01 1.793821866579662019e+05
4.456250746873952062e-01 1.277024667893955900e+01 1.516466983160583477e+05
4.630569121345798900e-01 1.272875295188823941e+01 1.281607697585753922e+05
4.811327827798504431e-01 1.268840338188335082e+01 1.091912165386239503e+05
4.998642680141025529e-01 1.266095837499931243e+01 9.188300099685486930e+04
5.192228597624932718e-01 1.263843835516204805e+01 7.767311433028787724e+04
5.392354919839186245e-01 1.261775575776743530e+01 6.579253647531056777e+04
5.598974953229448603e-01 1.260196545022938430e+01 5.571206780733480991e+04
5.812140631145777947e-01 1.259102166112150556e+01 4.736684925707466755e+04
6.031860363457809404e-01 1.258441047809566093e+01 4.011993249696615385e+04
6.257910220180679106e-01 1.258014362414999709e+01 3.412761620788790606e+04
6.490864467745379729e-01 1.258187326612516443e+01 2.895013327796655358e+04
6.730151520389028308e-01 1.258413388487520201e+01 2.465788006626629067e+04
6.975633167850950889e-01 1.258971214098579594e+01 2.097773808857395488e+04
7.227756614478260122e-01 1.259923870001757784e+01 1.786200203259937553e+04
7.486207928095268693e-01 1.260777666223875393e+01 1.525286439119432362e+04
7.750797276440594130e-01 1.262027687080657934e+01 1.299089792036098515e+04
8.021518965390666001e-01 1.263507565036257674e+01 1.111616593146086598e+04
8.297908313299875438e-01 1.265063981948596883e+01 9.502092839222555995e+03
8.580308450618279181e-01 1.266774100370021294e+01 8.144703956964161989e+03
8.868338309705554590e-01 1.268618030531774465e+01 6.975729387473747011e+03
9.161992417026543212e-01 1.270521030676798269e+01 5.981596538251628772e+03
9.460715868499527392e-01 1.272452550615561151e+01 5.136278895536927848e+03
9.764503959168763236e-01 1.274527759331146548e+01 4.422889283804419392e+03
1.007312552083822643e+00 1.276774722868214162e+01 3.804356066170116719e+03
1.038632574832761168e+00 1.278852900897918232e+01 3.278622635214799175e+03
1.070383421064370344e+00 1.281027862616578616e+01 2.827858072961840207e+03
1.102511239050891545e+00 1.283085024405509245e+01 2.443221705947366445e+03
1.135013762320943309e+00 1.285264127868964046e+01 2.112497606626503512e+03
1.167759401074630832e+00 1.287263909012595242e+01 1.831884668117946148e+03
1.200668160212635671e+00 1.289450580173943806e+01 1.588401006412797415e+03
1.233682599988315642e+00 1.291405047323527988e+01 1.380710115811939659e+03
1.266696316961280155e+00 1.293231417974846487e+01 1.202943628912618578e+03
1.299627335171307907e+00 1.295000621157150533e+01 1.049782074871807708e+03
1.332428932109625652e+00 1.296665969946656105e+01 9.189049197978031316e+02
1.364939740360842091e+00 1.298154180227050603e+01 8.049081353675884429e+02
1.397134463766620760e+00 1.299355087110359364e+01 7.080044626516144035e+02
1.428868468653212265e+00 1.300508906951284693e+01 6.239373083857633446e+02
1.460097432666693118e+00 1.301285553106753845e+01 5.510454873828711015e+02
1.490742610718409189e+00 1.302032229235381777e+01 4.880666101936452606e+02
1.520695502315340120e+00 1.302478157718351959e+01 4.333603895159110380e+02
1.549920942552170500e+00 1.302529775226237874e+01 3.831146660112381710e+02
1.578256677604770397e+00 1.302418877191014168e+01 3.446375802073346222e+02
1.605718640252110196e+00 1.302038659930763664e+01 3.087116860888977499e+02
1.632201301133506810e+00 1.301512965121150245e+01 2.769990121354791199e+02
1.657625966182890265e+00 1.300637473615424078e+01 2.496147197882575313e+02
1.681966337027585690e+00 1.299415482853098780e+01 2.253835144888689683e+02
1.705142677799486695e+00 1.298079959741230205e+01 2.034605185171753021e+02
1.727080940883844340e+00 1.296462705540782778e+01 1.857509123459947205e+02
1.747778078803901680e+00 1.294387306527205794e+01 1.693211118659227452e+02
1.767172401056026354e+00 1.292348671729491016e+01 1.548487576696523149e+02
1.785224471289856174e+00 1.289875025789328866e+01 1.420891510150241857e+02
1.801892023726540337e+00 1.286744686495975643e+01 1.309277198049695983e+02
1.817162048550229336e+00 1.283746209179781417e+01 1.208703270849491389e+02
1.831001696378704136e+00 1.280349122960394936e+01 1.119684264757895988e+02
1.843391063332201929e+00 1.276928415545602569e+01 1.034937523815675036e+02
1.854317336661011506e+00 1.273124172430165224e+01 9.659644586182480452e+01
1.863752984086934905e+00 1.268987712888822017e+01 9.093652694975496331e+01
1.871707085731210807e+00 1.264891199170866720e+01 8.540062398547985367e+01
1.878171136403927299e+00 1.260273006086592140e+01 8.060583109027169257e+01
1.883141806402069962e+00 1.255725376120311054e+01 7.626151136962526778e+01
1.886633352084837290e+00 1.250880013016486991e+01 7.253714062509645544e+01
1.888642349135172038e+00 1.245901796102844905e+01 6.915479784462358737e+01
1.889183431621822118e+00 1.240929427851644640e+01 6.629602924260693442e+01
1.888280885080875215e+00 1.235812177245006005e+01 6.385910733621680180e+01
1.885963823451490828e+00 1.230778232396202831e+01 6.172565057223524576e+01
1.882274375480991413e+00 1.225722341128656190e+01 6.006948537234984542e+01
1.877281932613812820e+00 1.220904457350114747e+01 5.877553380863515287e+01
1.871070652045441207e+00 1.216278983451549678e+01 5.755012386056794327e+01
1.863680004735017270e+00 1.211650233942178190e+01 5.718412701492667338e+01
1.855217514974771831e+00 1.206758322731842270e+01 5.664954116217744939e+01
1.845830046220598541e+00 1.201553837599045771e+01 5.614787772701694735e+01
1.835716854867250891e+00 1.196222207225472545e+01 5.569418465545575714e+01
1.825048111006588147e+00 1.190487882849809331e+01 5.528112217437244880e+01
1.813942269365402593e+00 1.184724953910126821e+01 5.460471903724674547e+01
1.802509441786858790e+00 1.178721570262068852e+01 5.446035115562675344e+01
1.790817483285914280e+00 1.172810900705771431e+01 5.415139234772770749e+01
1.778939889469058899e+00 1.166831174123652382e+01 5.383010743869489545e+01
1.767004409007453924e+00 1.160905448877083934e+01 5.355122107000772047e+01
1.755095159863037102e+00 1.155185508263927829e+01 5.339897918490099471e+01
1.743300995788967134e+00 1.149750141214450494e+01 5.327312617735671552e+01
1.731880392874138197e+00 1.144439525509724120e+01 5.330317097012507332e+01
