2.222214465867086153e-01 1.541534329436535522e+01 3.485947762569781858e+06
2.319591748562604694e-01 1.508951911913892374e+01 2.852307426913340110e+06
2.424124602382065896e-01 1.478271040249968848e+01 2.320039877173733432e+06
2.536128007783597926e-01 1.450703906962363376e+01 1.884659549959139666e+06
2.656090781656393340e-01 1.426135109634018683e+01 1.529464454080403782e+06
2.784344965478569023e-01 1.404030736132540191e+01 1.226055836654922692e+06
2.921135763173074440e-01 1.384416308700744302e+01 1.004916968235495966e+06
3.066922073026339124e-01 1.365788683237085088e+01 8.093055552075915039e+05
3.222100010462796149e-01 1.350526038761251790e+01 6.516574209394787904e+05
3.386908997305408398e-01 1.337223825329861349e+01 5.246900517091032816e+05
3.561704061617815276e-01 1.324832745965788128e+01 4.227706271900868160e+05
3.746895007829968427e-01 1.314612954236552866e+01 3.407821648730705492e+05
3.942745598620217007e-01 1.305964966250067683e+01 2.736999774583715480e+05
4.149624650724927921e-01 1.298745043839694446e+01 2.200980275380290113e+05
4.367632631843841873e-01 1.292861002774921531e+01 1.770884743341557332e+05
4.597166963028427311e-01 1.288089979948878039e+01 1.425672253859390912e+05
4.838514573212471803e-01 1.284619460731805418e+01 1.147106957046638854e+05
5.091735919774742491e-01 1.282040497528643286e+01 9.175561075388325844e+04
5.357288590414320817e-01 1.280655366202175749e+01 7.452105995660125336e+04
5.635390434008397120e-01 1.279621931085527287e+01 6.013924833067235159e+04
5.925730348261879499e-01 1.280067267697748967e+01 4.853277631522173033e+04
6.228986376324719965e-01 1.280810180413704913e+01 3.927687207655034581e+04
6.544926567820894547e-01 1.282329350073135465e+01 3.177953353993576820e+04
6.873706858476201775e-01 1.284560641500996780e+01 2.570659571423672969e+04
7.215297999087986192e-01 1.287131500218899305e+01 2.087990521529852049e+04
7.569815149327137060e-01 1.290175863126501987e+01 1.697280534993706169e+04
7.936794268761986348e-01 1.293727800562121466e+01 1.380438232927484751e+04
8.316619308357582341e-01 1.297723162555732657e+01 1.123475561350504358e+04
8.708456068498009461e-01 1.301912528845242001e+01 9.154346933084279954e+03
9.112568818177788632e-01 1.306448112818274332e+01 7.478701420835948738e+03
9.528603479613777516e-01 1.311189720219690180e+01 6.130877321187379493e+03
9.956267062582132565e-01 1.316194940428926330e+01 5.025113224919029562e+03
1.039466845230771819e+00 1.321253119736494952e+01 4.127561345426854132e+03
1.084387265270112310e+00 1.326469793074300618e+01 3.361615103283286771e+03
1.130319906649030592e+00 1.331795482429186883e+01 2.797784318509258810e+03
1.177220785950783055e+00 1.337111569806247147e+01 2.315188848877355667e+03
1.224979893365488737e+00 1.342478526523332505e+01 1.913660806492131996e+03
1.273582709000518953e+00 1.347902378700275605e+01 1.587040132937406497e+03
1.322927684970083284e+00 1.353012353274043100e+01 1.318272355297571266e+03
1.372969614024705853e+00 1.358337383535922704e+01 1.098462565139493108e+03
1.423577338686645932e+00 1.363553333916633292e+01 9.162610687011137998e+02
1.474693827781554445e+00 1.368476209226541584e+01 7.665886415018982234e+02
1.526229369472721364e+00 1.373300784566947108e+01 6.419021291475949056e+02
1.578088312552201833e+00 1.377992724829906912e+01 5.391537899973127423e+02
1.630176079501019615e+00 1.382513430784528019e+01 4.535992154862611301e+02
1.682366740346538769e+00 1.386786363888132634e+01 3.829029564404192456e+02
1.734607418316671090e+00 1.390881014014771999e+01 3.239169105772195962e+02
1.786786724854133812e+00 1.394680721880374286e+01 2.744744348211103784e+02
1.838781735809512208e+00 1.398323537558586871e+01 2.331303418512654844e+02
1.890503482945636415e+00 1.401573494743912640e+01 1.969853157642405961e+02
1.941844392173806222e+00 1.404746019515690847e+01 1.693209289420428263e+02
1.992719953600344374e+00 1.407499324056615642e+01 1.447998197325263448e+02
2.042952569232895588e+00 1.409958637643091350e+01 1.242371848514297881e+02
2.092350504875609918e+00 1.412042390494425703e+01 1.065577536594932866e+02
2.140768417592149753e+00 1.413938301308580847e+01 9.219575344617172163e+01
2.187999824310190800e+00 1.415495212357760835e+01 7.915880935179436051e+01
2.233907553709652660e+00 1.416460265486177938e+01 6.916600220674551736e+01
2.278334979865951571e+00 1.417217886862641585e+01 5.988086279834084280e+01
2.321165781205130507e+00 1.417430137620151420e+01 5.267574189708624743e+01
2.362242669444545751e+00 1.417388921750318254e+01 4.616579162756224974e+01
2.401478930621953722e+00 1.417042281970972439e+01 4.067502866077415291e+01
2.438751591807886143e+00 1.416151969321378168e+01 3.590384067252853129e+01
2.473980415267869049e+00 1.414773537138722226e+01 3.184701710174661571e+01
2.507109731537813246e+00 1.412973833973127391e+01 2.833334881498387503e+01
2.538042296606696002e+00 1.410849002840990885e+01 2.530810777504047948e+01
2.566754132119026810e+00 1.408336299545258541e+01 2.269560251150551622e+01
2.593233526172168624e+00 1.405428302466845913e+01 2.040936232219842239e+01
2.617400187875258855e+00 1.402040938322150687e+01 1.845070196122900796e+01
2.639300243869878937e+00 1.398339441676292338e+01 1.664447676426842548e+01
2.658903746686768876e+00 1.394282121879989056e+01 1.524058163328875359e+01
2.676229005610597955e+00 1.389852902950100599e+01 1.392028349022495881e+01
2.691287569144587444e+00 1.385028077124881740e+01 1.276812456273016849e+01
2.704105665074490794e+00 1.379967401780143987e+01 1.175843323253872263e+01
2.714749467004698769e+00 1.374561800635115816e+01 1.085420903752248734e+01
2.723230504229457782e+00 1.368863593890755936e+01 1.004398599284162330e+01
2.729619259513381468e+00 1.362912012912492088e+01 9.379143967539656401e+00
2.733969123039901028e+00 1.356631411285216338e+01 8.764208547785244718e+00
2.736342160307131177e+00 1.350165217439167087e+01 8.223649229964095753e+00
2.736813103189501994e+00 1.343464952499764031e+01 7.748213598478747244e+00
2.735440952657978819e+00 1.336611075987494779e+01 7.321712281294742830e+00
2.732328730266285977e+00 1.329616129726967522e+01 6.945416783515152126e+00
2.727520783159699924e+00 1.322442741982567860e+01 6.589013280431972319e+00
2.721138264081779390e+00 1.315141424176703389e+01 6.318485373182758380e+00
2.713246406556804935e+00 1.307724417978048415e+01 6.061334964185768115e+00
2.703927344119616105e+00 1.300259562646508193e+01 5.838755570588823218e+00
2.693307865255393452e+00 1.292775611682996129e+01 5.639272293662262570e+00
2.681462950465880457e+00 1.285329082645929866e+01 5.446523616042924232e+00
2.668487798350153373e+00 1.277740392677860903e+01 5.324741909403562623e+00
2.654868286155545931e+00 1.270621660330457559e+01 5.212817870566694545e+00
2.640740903222531522e+00 1.264286047094302212e+01 5.126409922587366275e+00
2.625277348313182380e+00 1.257957937325281073e+01 5.102529570349469523e+00
2.608537780096718439e+00 1.251498650530303536e+01 5.080225596388086018e+00
2.590831775383504176e+00 1.244944510730695519e+01 5.075039960842238074e+00
2.572466411393247832e+00 1.238524221790238578e+01 5.077846318357970290e+00
2.553683122538901618e+00 1.232165521019989107e+01 5.090370299501989493e+00
2.534682806574882985e+00 1.225855242444804993e+01 5.119534851484025317e+00
2.515742258957722299e+00 1.219871120248822116e+01 5.157613761971639121e+00
2.497067629361305663e+00 1.214165759962998514e+01 5.210931559086354525e+00
2.478993889222523173e+00 1.208919247788467288e+01 5.271483286110707489e+00
2.462035738876103164e+00 1.204242155800357317e+01 5.346577896617986880e+00
