2.229132627250220433e-01 1.540150191556163684e+01 3.444535881225435995e+06
2.319285561838213550e-01 1.509762145393695221e+01 2.863748319485221524e+06
2.415712320876163555e-01 1.481937446831147831e+01 2.365830175657882355e+06
2.518739979556638975e-01 1.457349118503719865e+01 1.964237658694212325e+06
2.628703499146552991e-01 1.433225040998609501e+01 1.614075745637926040e+06
2.745746058570246451e-01 1.412434898666142402e+01 1.332992799553888617e+06
2.870370929114197112e-01 1.393140740871795735e+01 1.092800318237476284e+06
3.002692017712726980e-01 1.376276945668935348e+01 8.910159567703553475e+05
3.143254673238026209e-01 1.361191999109459694e+01 7.362682258677150821e+05
3.292152803046712872e-01 1.347760331949204193e+01 6.020096182867537718e+05
3.449594567106431531e-01 1.335919044332071870e+01 4.929892909587424947e+05
3.616071082884415588e-01 1.326275349142279758e+01 4.034787640700116172e+05
3.791744897344286325e-01 1.316095473602920052e+01 3.301155574795881985e+05
3.977041647601882168e-01 1.309501780342911914e+01 2.704125034840015578e+05
4.171936028566495258e-01 1.302908300670480557e+01 2.207788995011138613e+05
4.376841624397680985e-01 1.298272613844182644e+01 1.805561471608974389e+05
4.592018599225841657e-01 1.294059296846905127e+01 1.472659475017344521e+05
4.817709111925774779e-01 1.291056119455167561e+01 1.210171058938759088e+05
5.054126765801671972e-01 1.289243636459233322e+01 9.895431540494949149e+04
5.301464847552611603e-01 1.288252678577641497e+01 8.088826649103614909e+04
5.559915762148210927e-01 1.287908423849907180e+01 6.629594864692454576e+04
5.829627583016077086e-01 1.288459347525127185e+01 5.431081367806379421e+04
6.110879604878831639e-01 1.289208270841305293e+01 4.459514572069093265e+04
6.403459528045412075e-01 1.291011917948875443e+01 3.661555301532014710e+04
6.707754279754881699e-01 1.293297326952636261e+01 3.011210291233259704e+04
7.023985028841412959e-01 1.295947641970471942e+01 2.480139803568040952e+04
7.351507770988660040e-01 1.299285251215834336e+01 2.044360171259250274e+04
7.690990818736894719e-01 1.303059532489560013e+01 1.683845312957025453e+04
8.042325994707569814e-01 1.307138958493598935e+01 1.389555364774554801e+04
8.404952120689921369e-01 1.311577791572737262e+01 1.147944277927932308e+04
8.779332241297019834e-01 1.316249523519144304e+01 9.500178239370912706e+03
9.164977089308298241e-01 1.321215679595053061e+01 7.874519520820501384e+03
9.561916432098773733e-01 1.326441583654560219e+01 6.536365208620840349e+03
9.969728171610431344e-01 1.331854433502799573e+01 5.429318490856575409e+03
1.038823906646259454e+00 1.337515113148315571e+01 4.518753535315949193e+03
1.081735986408066452e+00 1.343173798934400764e+01 3.763690406664451984e+03
1.125599093751863622e+00 1.348854946428753365e+01 3.141917998977962725e+03
1.170467597073654664e+00 1.354954992699507166e+01 2.631277948146680046e+03
1.216207087232295647e+00 1.360958314578311068e+01 2.202866430767001475e+03
1.262830156020220862e+00 1.366944972315024565e+01 1.846751726123330855e+03
1.310279261023725716e+00 1.372863485131016859e+01 1.550770201966654668e+03
1.358450871783575931e+00 1.378875951433277436e+01 1.303304865994265583e+03
1.407302402735529201e+00 1.384720457210774569e+01 1.101291319702003648e+03
1.456614297564832849e+00 1.390699964227739116e+01 9.307996285754674091e+02
1.506300925006162306e+00 1.396405717845841288e+01 7.877178942220484714e+02
1.556136107640462507e+00 1.401669273513462777e+01 6.693194973415700133e+02
1.606007482307587608e+00 1.407120685021755691e+01 5.696197315900299145e+02
1.655705990477881029e+00 1.412252372207497864e+01 4.869768075574963291e+02
1.705041812911673782e+00 1.417003884972797501e+01 4.172814039383949307e+02
1.753902274075845424e+00 1.421440074578877955e+01 3.587241858737115194e+02
1.802010484437986282e+00 1.425679492604339416e+01 3.092606720783723517e+02
1.849182277731339141e+00 1.429434081471139883e+01 2.677342886869494123e+02
1.895245644527184581e+00 1.432849868027486906e+01 2.326100074143347456e+02
1.939941657004941700e+00 1.435882260026263246e+01 2.031097777107324305e+02
1.983200217342357963e+00 1.438317007739126652e+01 1.778927038452787599e+02
2.024583409411061741e+00 1.440640377857310561e+01 1.565384215748725012e+02
2.064063330813704411e+00 1.441865663811279141e+01 1.385048332941968567e+02
2.101300637162069052e+00 1.443181560665750141e+01 1.229790279182405328e+02
2.136060302841078062e+00 1.443587581901575945e+01 1.090677196247388849e+02
2.168026268790512301e+00 1.443431563439589560e+01 9.803140510560054111e+01
2.196889747370970980e+00 1.442420693028457102e+01 8.940424205838945682e+01
2.222238466030178383e+00 1.441033013086228998e+01 8.144658123593771393e+01
2.243328347140191692e+00 1.439076163661995444e+01 7.492404635610860453e+01
2.258966693836691242e+00 1.436409634118703593e+01 6.990123302767560176e+01
2.265008465323314457e+00 1.433417046069366485e+01 6.685031443440153964e+01
2.263991466551550147e+00 1.429694862161999858e+01 6.522410946604422577e+01
2.259086253911231079e+00 1.425536680307870796e+01 6.407894064781685017e+01
2.251533544167532597e+00 1.420515528003924821e+01 6.285755189506874530e+01
2.242058026574208274e+00 1.415273989932208032e+01 6.262196128194683808e+01
2.230977387533450429e+00 1.409477005006726102e+01 6.210470113627961553e+01
2.218704462961041735e+00 1.403486852947097319e+01 6.166039810636983276e+01
2.205380411414339825e+00 1.396938025166159036e+01 6.132446955125759303e+01
2.191240107164795781e+00 1.390185350817156440e+01 6.090501345425658286e+01
2.176336248707662513e+00 1.383112792462346796e+01 6.059434303825798196e+01
2.160817681094076903e+00 1.375731378506631764e+01 6.026039257202388200e+01
2.144823644251424355e+00 1.368060808457574495e+01 5.989094772083871732e+01
2.128359924220627253e+00 1.360177682448399850e+01 5.959813888586780450e+01
2.111528458632641048e+00 1.352098577297033444e+01 5.915590157971522700e+01
2.094390661157620848e+00 1.343652306059723323e+01 5.876998684924096494e+01
2.076984492382555114e+00 1.335070952506532649e+01 5.793788030292623858e+01
2.059396328590398006e+00 1.326310256936946530e+01 5.780173888110441283e+01
2.041626907791709744e+00 1.317236085818931102e+01 5.727618382339564107e+01
2.023759480745380923e+00 1.307926706306919939e+01 5.667026430476023080e+01
2.005840221733533379e+00 1.298510425689209669e+01 5.602572291526380610e+01
1.987879953839142511e+00 1.288899575514741791e+01 5.533169345782253146e+01
1.969931197013098378e+00 1.279129035304963935e+01 5.456933459140053344e+01
1.952013620484212231e+00 1.269117698788440762e+01 5.374181803748049902e+01
1.934182143058828629e+00 1.259071838726004700e+01 5.291683383414459030e+01
1.916447772656199922e+00 1.248853440696511896e+01 5.198081099737611765e+01
1.898840067897847428e+00 1.238505865111659610e+01 5.095814454898962254e+01
1.881397388616471211e+00 1.227918039211944112e+01 4.991244622387396390e+01
1.864138759386026578e+00 1.217382647379492866e+01 4.891245378907758834e+01
1.847075509929357207e+00 1.206704841944268480e+01 4.771120548696073627e+01
1.830279585794351460e+00 1.195933772986019861e+01 4.655743175311710758e+01
1.813797431955884498e+00 1.185144434071618491e+01 4.543664943258356459e+01
1.797763581670058786e+00 1.174520000177313506e+01 4.417811923916670480e+01
1.782153502697096048e+00 1.164092089116753925e+01 4.305835832151294795e+01
1.767036629157457961e+00 1.153998991887019088e+01 4.172488295426223459e+01
1.752533708997876971e+00 1.144334515990798096e+01 4.094051004083861756e+01
1.738939583079723628e+00 1.135692955218505595e+01 4.007665940605580346e+01
