2.203406450953570572e-01 1.547587150047420401e+01 3.617189711398470215e+06
2.284529863319297027e-01 1.522583444011576503e+01 3.088729362802264281e+06
2.370099263433320114e-01 1.490029062290792972e+01 2.551153989271136001e+06
2.460147044476505007e-01 1.464387153975180489e+01 2.140452840162687004e+06
2.554976122036287101e-01 1.441703983572176284e+01 1.787261698102609953e+06
2.654598346637738193e-01 1.419864003646831563e+01 1.500379063523078803e+06
2.759320401134722212e-01 1.401025862400551247e+01 1.252056022199647268e+06
2.869228806542165056e-01 1.383019619365596675e+01 1.047116786131192697e+06
2.984529037948882579e-01 1.366920189780200268e+01 8.755223276163504925e+05
3.105378583017960881e-01 1.351564132181625588e+01 7.310474267841649707e+05
3.231834786949434601e-01 1.338153701920992411e+01 6.102428664216209436e+05
3.364075217699485920e-01 1.325736848258607736e+01 5.104004771730338107e+05
3.502242121232175820e-01 1.314531411025805063e+01 4.260486403112236294e+05
3.646480983659682318e-01 1.304690192728884668e+01 3.549424055536246742e+05
3.796896868855113572e-01 1.295504114066343604e+01 2.963004179668931174e+05
3.953584322631973902e-01 1.287008482538756660e+01 2.477754647510960349e+05
4.116644751530857405e-01 1.279885998186595941e+01 2.065599130933959095e+05
4.286172095007928506e-01 1.273476063351265175e+01 1.725577705942141765e+05
4.462172442498999470e-01 1.267302166539150221e+01 1.441350048557416885e+05
4.644910736790330841e-01 1.262941641334236564e+01 1.205879338738288207e+05
4.834259438338323056e-01 1.258593774784627684e+01 1.009184837413992354e+05
5.030156277418349475e-01 1.254909785016445944e+01 8.439665685426125128e+04
5.232990435742813640e-01 1.251757061370880209e+01 7.082777982470722054e+04
5.442420517933850288e-01 1.249114271873564874e+01 5.923873359408339456e+04
5.658627024861315746e-01 1.246917700103846904e+01 4.972894417003718263e+04
5.881589731200068671e-01 1.245400994705109277e+01 4.174245534223053255e+04
6.111244320522207785e-01 1.244031087455838858e+01 3.499695218213127373e+04
6.347512336582785686e-01 1.242853495538253128e+01 2.944732303113341550e+04
6.590399803606533657e-01 1.242195665553467876e+01 2.481652431738533778e+04
6.839832284856337541e-01 1.241821963578813381e+01 2.087950771214413544e+04
7.095466739682259050e-01 1.241521460013254519e+01 1.764302410791801231e+04
7.357437257917095463e-01 1.241559180076356483e+01 1.488216568567264767e+04
7.625457296565838483e-01 1.241822797248695842e+01 1.257880429577515315e+04
7.899488771414485688e-01 1.242423491566757399e+01 1.064962748729853774e+04
8.179253201046814414e-01 1.242958723510506935e+01 9.021426342704447961e+03
8.464586565903814419e-01 1.243577821224217672e+01 7.650434249238121993e+03
8.755314729630230275e-01 1.244527879375219115e+01 6.495928389443720334e+03
9.051126529063605597e-01 1.245376272418448416e+01 5.521745008501665325e+03
9.351584293024294281e-01 1.246477351127224509e+01 4.696761763820211854e+03
9.656504851097222897e-01 1.247260804788160726e+01 4.010689200144580809e+03
9.965972222822886417e-01 1.248191849649340490e+01 3.415698561823248838e+03
1.027916337017248827e+00 1.249278957591458905e+01 2.925518148661991745e+03
1.059572427440650610e+00 1.250316921568046880e+01 2.506995446286529386e+03
1.091572022370422612e+00 1.251413088163737086e+01 2.147552167003048908e+03
1.123873652374945964e+00 1.252227191066414491e+01 1.842994671267841568e+03
1.156388849773843930e+00 1.253162563083956904e+01 1.584733376334405648e+03
1.189134231788513185e+00 1.253882876853590744e+01 1.361473204908573052e+03
1.222034398888607765e+00 1.254890515792513028e+01 1.176513156452723251e+03
1.255051461642104682e+00 1.255356616923028668e+01 1.015549925793811781e+03
1.288174226030201597e+00 1.255988982214765493e+01 8.784517844871007810e+02
1.321309553132823167e+00 1.256790147742636776e+01 7.603234999226567652e+02
1.354452724562669186e+00 1.256713469717811549e+01 6.598569671051255909e+02
1.387547599676393295e+00 1.256946835087137870e+01 5.726927716204302214e+02
1.420537517118647841e+00 1.257429223015982522e+01 4.985893954168700475e+02
1.453391248954138071e+00 1.256929505910115275e+01 4.346984758158250202e+02
1.486059700162646768e+00 1.256715072241239639e+01 3.792449211875772903e+02
1.518495402016257545e+00 1.256640416236667157e+01 3.291795659584940950e+02
1.550655529219789663e+00 1.256077708871317533e+01 2.900214541621343187e+02
1.582500117874316992e+00 1.255191505115631045e+01 2.544628709743619766e+02
1.613989397865325914e+00 1.254375861239284440e+01 2.233343045905523638e+02
1.645071338566063801e+00 1.253191032974882368e+01 1.966028077680202841e+02
1.675721025813885046e+00 1.251985095842833218e+01 1.731612846165176904e+02
1.705871188163806451e+00 1.250620593288198990e+01 1.529037543484480750e+02
1.735515919777735228e+00 1.249064380945345221e+01 1.351794863811118717e+02
1.764590317346748538e+00 1.247475183506399432e+01 1.196266184140439464e+02
1.793071827190628298e+00 1.245473461505535440e+01 1.061345886778603926e+02
1.820927175662422570e+00 1.243353731853523847e+01 9.425508698010197861e+01
1.848128540043415091e+00 1.241164076492653656e+01 8.340532450506131568e+01
1.874632577251729160e+00 1.238665919698604156e+01 7.471770522044651841e+01
1.900417837798167309e+00 1.236050943484686826e+01 6.669685257312946192e+01
1.925465218887878915e+00 1.233203018183064081e+01 5.965237704528376383e+01
1.949712482892247634e+00 1.230288718322052510e+01 5.344493856574995050e+01
1.973059119843850739e+00 1.227211114696181760e+01 4.777871594718331494e+01
1.995390219414788113e+00 1.223818832238115384e+01 4.317309368693663885e+01
2.016595816897804205e+00 1.220435169522180274e+01 3.873962163417652249e+01
2.036555724219563768e+00 1.216748106164950016e+01 3.503547870020224764e+01
2.055178016413821585e+00 1.212981608849984205e+01 3.179429613642019348e+01
2.072357511739291169e+00 1.208964071889779390e+01 2.909339903399470728e+01
2.087978526577437766e+00 1.204812542489742277e+01 2.655619328401004253e+01
2.101946624229500404e+00 1.200490215159923935e+01 2.435296350049719294e+01
2.114193413615196970e+00 1.195991425123129659e+01 2.244380913159991309e+01
2.124574132130343518e+00 1.191312718198677167e+01 2.076080353693957292e+01
2.132985465650196755e+00 1.186376428612560119e+01 1.931259129893497217e+01
2.139349132701441558e+00 1.181459500967630660e+01 1.800053224205863245e+01
2.143490954653028968e+00 1.176340376844474633e+01 1.701971132149599697e+01
2.145225411152821948e+00 1.171332398029378119e+01 1.614498043595597920e+01
2.144237548667836890e+00 1.166442206959459504e+01 1.549284834675699152e+01
2.139726602659316246e+00 1.162647399862212261e+01 1.517928017328564394e+01
2.132200004455259812e+00 1.158685996613532332e+01 1.504013686517371973e+01
2.122622992293305089e+00 1.154649117853845297e+01 1.493336191355708564e+01
2.111448190969861916e+00 1.150464777416250151e+01 1.498584949394144950e+01
2.099033902869307688e+00 1.145956819230622337e+01 1.502120818099129096e+01
2.085556356552669577e+00 1.141208024356080486e+01 1.508805139549842345e+01
2.071145153858408250e+00 1.136301797405018377e+01 1.515686833036249759e+01
2.055927320022331806e+00 1.131036858592108807e+01 1.526221164324681645e+01
2.040040642882519517e+00 1.125553774288296793e+01 1.534647892600192520e+01
2.023534023651549330e+00 1.119875602017126681e+01 1.543591723559028850e+01
2.006482175792722256e+00 1.114002717134618514e+01 1.554455716796124953e+01
1.988974987649302584e+00 1.107864750464311321e+01 1.564788510412234501e+01
1.971048775556442312e+00 1.101562199986157076e+01 1.575410272445185988e+01
