2.220009891798083446e-01 1.544574488468327367e+01 3.531710324115645606e+06
2.313402214100040155e-01 1.510341393238483931e+01 2.885248006568055600e+06
2.413282604887306004e-01 1.481691019543476173e+01 2.367217894812743180e+06
2.520068426429885600e-01 1.454017411327973264e+01 1.936973495182920247e+06
2.633981160106081409e-01 1.430165081671186833e+01 1.584581327157235937e+06
2.755432328941352371e-01 1.408444429099528961e+01 1.300150532177784713e+06
2.884705907815456327e-01 1.387662676781191351e+01 1.055858019621819723e+06
3.022154292957697219e-01 1.370218533526192317e+01 8.598835745362865273e+05
3.168028991954668916e-01 1.355566070332846174e+01 6.979752115600645775e+05
3.322529013962325917e-01 1.340613974009128029e+01 5.677892593353871489e+05
3.486083848607180458e-01 1.328760659332534821e+01 4.619129262795560062e+05
3.658982743680164185e-01 1.317877948015661005e+01 3.738996220044533256e+05
3.841464942354873013e-01 1.308744392194568285e+01 3.031551593107874505e+05
4.033827811693953547e-01 1.300753511737104162e+01 2.460048118202168844e+05
4.236401332492684690e-01 1.294225375331772732e+01 2.000688386762673908e+05
4.449213917099297810e-01 1.288711008422447968e+01 1.621237064390537271e+05
4.672584110042325989e-01 1.284623361609966707e+01 1.316737862195559428e+05
4.906529795890909873e-01 1.281209458377776222e+01 1.069496919726414635e+05
5.151783010488023562e-01 1.279174874465235057e+01 8.677322929581404605e+04
5.407917953711417480e-01 1.277621545413704496e+01 7.059322772795178753e+04
5.675461989725665291e-01 1.276738663139121321e+01 5.758234883698310296e+04
5.954377325553061873e-01 1.276944226398149596e+01 4.679928148741003679e+04
6.244985053669593889e-01 1.277890612004620152e+01 3.811768530105913669e+04
6.546930988092404258e-01 1.278901511570587957e+01 3.115276223067324099e+04
6.860256339577869289e-01 1.280738050703952169e+01 2.541631860795625471e+04
7.185325940794512478e-01 1.282843105467138933e+01 2.081572776776981118e+04
7.521923613374077444e-01 1.285701378956021834e+01 1.704355820662275437e+04
7.870087904231154452e-01 1.288766464849391902e+01 1.398530066565474590e+04
8.229299930284484921e-01 1.292177066560795495e+01 1.147579196182383021e+04
8.599545466757820833e-01 1.296023099741744389e+01 9.449442806396706146e+03
8.980974502024471340e-01 1.299904875709763097e+01 7.777855283084479197e+03
9.372899463895079109e-01 1.304168408000940005e+01 6.418388182250429963e+03
9.774970385550444396e-01 1.308466691102650437e+01 5.294887312987713813e+03
1.018712737456254791e+00 1.313074233964347215e+01 4.385292062507559422e+03
1.060897281236657053e+00 1.317541062739930879e+01 3.635536880219246086e+03
1.103970497766436631e+00 1.322375517097643360e+01 3.018614241854440934e+03
1.147923799305265335e+00 1.327133574623847778e+01 2.511029030269143277e+03
1.192665557961553491e+00 1.331951210384934647e+01 2.093038573178683691e+03
1.238171192101976237e+00 1.336700154999273238e+01 1.747294146339464305e+03
1.284372627411773493e+00 1.341544615951237240e+01 1.460486173124512788e+03
1.331170207144520168e+00 1.346008495807376271e+01 1.224174458246560107e+03
1.378520214033228664e+00 1.350716647117902269e+01 1.028265165252261340e+03
1.426347237650389621e+00 1.355142812302162980e+01 8.649738558928061138e+02
1.474573111423415961e+00 1.359478253434036787e+01 7.291700102709371549e+02
1.523094559582860663e+00 1.363579290019010415e+01 6.119263538005809551e+02
1.571872895818636096e+00 1.367834976089975818e+01 5.208627331676416361e+02
1.620802836305243355e+00 1.371467337175694290e+01 4.421434210523960928e+02
1.669806799499996108e+00 1.375277069412484643e+01 3.759551032916234021e+02
1.718764960778764728e+00 1.378761455061646757e+01 3.201085949541173363e+02
1.767633759339204413e+00 1.382100769005110408e+01 2.709750401473925763e+02
1.816304166848700996e+00 1.385041860697707605e+01 2.336683588862744898e+02
1.864672013423023245e+00 1.387863299439487719e+01 2.001869568046898564e+02
1.912678688806192850e+00 1.390380810861774208e+01 1.720315031037284541e+02
1.960238588518931291e+00 1.392630147710396571e+01 1.480158680670294302e+02
2.007252064327565755e+00 1.394660863749003710e+01 1.278647569913370745e+02
2.053635640419567920e+00 1.396367163307655090e+01 1.104842581310027043e+02
2.099331436913097537e+00 1.398075924907300127e+01 9.575149539317611413e+01
2.144242564148099106e+00 1.399024133566280348e+01 8.313782133089573279e+01
2.188303175363027542e+00 1.399980011763159915e+01 7.236925645459220391e+01
2.231437479158719039e+00 1.400457990375064377e+01 6.320616346564045074e+01
2.273518601139693285e+00 1.400737965714698241e+01 5.533518365923970350e+01
2.314375811759794566e+00 1.400824426590744487e+01 4.849169281348273586e+01
2.353844605798352418e+00 1.400385266555678854e+01 4.260645020296212948e+01
2.391757753872164827e+00 1.399754524893453578e+01 3.756260638867148316e+01
2.427945727760395300e+00 1.398922767438607906e+01 3.328577553593529359e+01
2.462283254650002640e+00 1.397413925019924896e+01 2.954221935120205700e+01
2.494609402229927220e+00 1.395721414341949185e+01 2.635363709341523730e+01
2.524777417299592486e+00 1.393654545742090178e+01 2.356776214502490419e+01
2.552717030678775423e+00 1.391212665991167086e+01 2.120689632347315623e+01
2.578239103842378643e+00 1.388407216690082180e+01 1.912605421285854135e+01
2.601294250219938320e+00 1.385221026738439321e+01 1.735773937385699028e+01
2.621729518292406524e+00 1.381655035828349121e+01 1.581382011958237932e+01
2.639451359617595028e+00 1.377723200247760005e+01 1.449720480838398018e+01
2.654330739693118169e+00 1.373383825060665764e+01 1.334031669900740269e+01
2.666284063906766200e+00 1.368820745246022774e+01 1.235562556770929277e+01
2.675155305378149162e+00 1.363843974919879187e+01 1.151976020626212893e+01
2.680718321997980436e+00 1.358533921921690890e+01 1.083037935103730121e+01
2.682740103602781367e+00 1.353141734229456894e+01 1.021714479004443987e+01
2.680628955992778284e+00 1.347929990626775343e+01 9.862346855142513746e+00
2.673168838750321186e+00 1.343961653513201782e+01 9.759361514579154573e+00
2.661544259823612979e+00 1.339692234482279964e+01 9.743909297805062764e+00
2.647236142082041610e+00 1.335000449484529561e+01 9.788511967804469194e+00
2.630904923289732356e+00 1.329906683101313902e+01 9.852918764608144642e+00
2.612967956647538337e+00 1.324396312293729672e+01 9.937725476900331145e+00
2.593641103681077364e+00 1.318604565229548342e+01 9.998724626214828604e+00
2.573197547435527088e+00 1.312411979235317538e+01 1.015690823346157856e+01
2.551733233772910836e+00 1.305886326926042962e+01 1.027619276353559208e+01
2.529438604249905076e+00 1.299131135695945183e+01 1.040143229066819686e+01
2.506355481108301753e+00 1.292058637702680279e+01 1.053763865410508416e+01
2.482653489078765485e+00 1.284712919428888256e+01 1.067663132929779479e+01
2.458375971929842585e+00 1.277160430012497194e+01 1.076652121766061576e+01
2.433600792623254794e+00 1.269278565758957988e+01 1.094472393858071335e+01
2.408415358126237305e+00 1.261189992328533549e+01 1.103973402474734122e+01
2.382878500230357410e+00 1.252872637309329562e+01 1.117030684361512627e+01
2.357044908907000913e+00 1.244502886011157194e+01 1.133306855534461732e+01
2.331023114143378372e+00 1.235622003997306528e+01 1.146530559776930680e+01
2.304914926661095542e+00 1.226760249390273216e+01 1.157910955960914201e+01
2.278953132606211351e+00 1.217793174637342801e+01 1.169000023993674020e+01
2.253619373664462966e+00 1.209039956561496787e+01 1.179803566940448789e+01
2.229794653764157086e+00 1.200686584045105931e+01 1.189133040423519283e+01
