2.220631965735110902e-01 1.542135748831794118e+01 3.491494713418422733e+06
2.323653083187563473e-01 1.507085070705652186e+01 2.826140206107485574e+06
2.434571216861622367e-01 1.475425275916580148e+01 2.273197817936766893e+06
2.553837059927376862e-01 1.446733029038922780e+01 1.826086224349520169e+06
2.681977318457735016e-01 1.421556780781314622e+01 1.462350912381254369e+06
2.819315254504007884e-01 1.397947544978882206e+01 1.171515501227257773e+06
2.966308497322703297e-01 1.377512994083492082e+01 9.332376181144390721e+05
3.123403437996291609e-01 1.359938841621974426e+01 7.453004153290071990e+05
3.291015652976735928e-01 1.343541793010052565e+01 5.923810367516247788e+05
3.469391939057565599e-01 1.329966948086862466e+01 4.712699558687125682e+05
3.659065126266174417e-01 1.318151314939180097e+01 3.750805947194745531e+05
3.860350978821808776e-01 1.308419536192867838e+01 2.977658550428555463e+05
4.073631311382247544e-01 1.299846274219251718e+01 2.367115542304532719e+05
4.299342902307729530e-01 1.292961446333153930e+01 1.878777098361906828e+05
4.537539935693483684e-01 1.287693477730688763e+01 1.496472974147106870e+05
4.788679805973770076e-01 1.283535577283137918e+01 1.188975397437369684e+05
5.052812704078148975e-01 1.280491958385573525e+01 9.474402266209857771e+04
5.330574309814896106e-01 1.278600406275189094e+01 7.538546097041090252e+04
5.622010937059376268e-01 1.277773015448730831e+01 6.006743367906175263e+04
5.927297762023637784e-01 1.277882565481957222e+01 4.792631888752416125e+04
6.246439490540897088e-01 1.278580920181146574e+01 3.801798766188418813e+04
6.579552869904671253e-01 1.280116590649113917e+01 3.067753322780551753e+04
6.926789270973855439e-01 1.282082696837116131e+01 2.460719018357238383e+04
7.288319685067713438e-01 1.284837031336992830e+01 1.968170448542062513e+04
7.663403361767763267e-01 1.288169802163768907e+01 1.582417652093419383e+04
8.052488756444805551e-01 1.291933893205003692e+01 1.257523356540177701e+04
8.455388591403112386e-01 1.295829286162236649e+01 1.024677458941406258e+04
8.871542078015580701e-01 1.300236312852952025e+01 8.191466334531514804e+03
9.300559651758240065e-01 1.304915231106726559e+01 6.698243835117636081e+03
9.742636497835932552e-01 1.309810123350850120e+01 5.437412367236898717e+03
1.019655476361334356e+00 1.314989517967484467e+01 4.407398769819463269e+03
1.066246652395737238e+00 1.319992549260944692e+01 3.588498698331125524e+03
1.113921494446839189e+00 1.325317716162367354e+01 2.923704400868052744e+03
1.162662456207377293e+00 1.330836426132091788e+01 2.387167694872441643e+03
1.212355528589124098e+00 1.336042874319541340e+01 1.956516055696352396e+03
1.262951884070343311e+00 1.341407000613950373e+01 1.607478432325746553e+03
1.314364885756579060e+00 1.346712946773176256e+01 1.320711914733952426e+03
1.366470561016245977e+00 1.351869380033130597e+01 1.089412376264445811e+03
1.419198247616933362e+00 1.356864444662482683e+01 8.991785848570123107e+02
1.472444563937241435e+00 1.361781048305804021e+01 7.453281306381944660e+02
1.526067167305610539e+00 1.366755361004877933e+01 6.191143366600427953e+02
1.579802453839620924e+00 1.371232795935937077e+01 5.153457242348874843e+02
1.633430512113390742e+00 1.375530019488588707e+01 4.309822471794698231e+02
1.686652824419310193e+00 1.379433638510242766e+01 3.613020032842657656e+02
1.739194855006128471e+00 1.383133592314827709e+01 3.045353408286893568e+02
1.790756212318804552e+00 1.386277985940648527e+01 2.573584217486886132e+02
1.841049353496070795e+00 1.389117050509993767e+01 2.187800165374796109e+02
1.889843513161121535e+00 1.391338568128037601e+01 1.869061192848251096e+02
1.936777686039635960e+00 1.393140178072513891e+01 1.603753479602513039e+02
1.981584686054282507e+00 1.394345453316153183e+01 1.384785158254669568e+02
2.023969675687604219e+00 1.394962149702532628e+01 1.201894411328094776e+02
2.063699399790663858e+00 1.394905254941863504e+01 1.050079852330887888e+02
2.100322337629167535e+00 1.394297671657355409e+01 9.238109302626627084e+01
2.133557317642814422e+00 1.392923824206571481e+01 8.181077877071624016e+01
2.163097235300488030e+00 1.390963796824388510e+01 7.307058180740085618e+01
2.188521724124706580e+00 1.388318739862697981e+01 6.573583188176131387e+01
2.209901362623169607e+00 1.384954329589155897e+01 5.977225604839522077e+01
2.227737643432176728e+00 1.380944607235425359e+01 5.462484828161267814e+01
2.242360141359307946e+00 1.376298970186306647e+01 5.024272117153694239e+01
2.254168329862613618e+00 1.371186626563314981e+01 4.643817861778048695e+01
2.263474137617667470e+00 1.365484478341429231e+01 4.286151298601519244e+01
2.270543059333926639e+00 1.359429129002371184e+01 3.990666721333287370e+01
2.275595529907489478e+00 1.352828356850802827e+01 3.744284006655727381e+01
2.278802400244901882e+00 1.345888704616439391e+01 3.508833712818609030e+01
2.280366020284666284e+00 1.338632161886667227e+01 3.292336350393293287e+01
2.280434994345915456e+00 1.330983467293931177e+01 3.096520110600165410e+01
2.279153741975748382e+00 1.323087197431408057e+01 2.918993214717974993e+01
2.276633083263719826e+00 1.314946481616962082e+01 2.740649972076758800e+01
2.272968615497360734e+00 1.306536746577635988e+01 2.601014040930389726e+01
2.268279588023009996e+00 1.297902795513805430e+01 2.461072629031566095e+01
2.262633784884931387e+00 1.289043245982254149e+01 2.322905807717312854e+01
2.256121092091848634e+00 1.280133304787817039e+01 2.212458212052460738e+01
2.248825731613215417e+00 1.270980023909818613e+01 2.099236186634746204e+01
2.240771877347399688e+00 1.261696295644652110e+01 1.997768307329252835e+01
2.232068842130666475e+00 1.252214467028025346e+01 1.899629568692493464e+01
2.222743225614092211e+00 1.242704940488827958e+01 1.807994985616688055e+01
2.212839341029896989e+00 1.233047356018408713e+01 1.722489206044996735e+01
2.202431056086545880e+00 1.223243687998475693e+01 1.644172873829730719e+01
2.191532890890236729e+00 1.213459055331647996e+01 1.566981007300808493e+01
2.180190171377269781e+00 1.203615216673898480e+01 1.496387652433741700e+01
2.168457851942789727e+00 1.193769704251271335e+01 1.424629222666798789e+01
2.156345893403094127e+00 1.183830367832837283e+01 1.361385980158155817e+01
2.143897846778964222e+00 1.173861200624742196e+01 1.307456060273526788e+01
2.131140183481299744e+00 1.163883168815878832e+01 1.252077619974351386e+01
2.118116383226715804e+00 1.154017447726485557e+01 1.198815384507406279e+01
2.104824941415424089e+00 1.144062377222220661e+01 1.145530583491184373e+01
2.091312588112472337e+00 1.133994537644355383e+01 1.102352858099891186e+01
2.077587347817158037e+00 1.124233276886578636e+01 1.058421739259403616e+01
2.063685755706656799e+00 1.114246655867275848e+01 1.016314205319591935e+01
2.049602790176857425e+00 1.104445091019673342e+01 9.778854316887279907e+00
2.035389747896410917e+00 1.094674705188794839e+01 9.401417138279395402e+00
2.021035321471935653e+00 1.084998563544318451e+01 9.023707224353268330e+00
2.006572629398203578e+00 1.075356680428693856e+01 8.722976688452154903e+00
1.992014652774520611e+00 1.065824368930004518e+01 8.416988486268362379e+00
1.977374778392589905e+00 1.056417989826980630e+01 8.115146984501151906e+00
1.962677658249379897e+00 1.047004334989680174e+01 7.808884921375740973e+00
1.947944509980876315e+00 1.037832804464112790e+01 7.576310780110634191e+00
1.933163012980852136e+00 1.028631278416552064e+01 7.340194312821973988e+00
1.918373243798390027e+00 1.019620125723696447e+01 7.080066825131913433e+00
1.903788543403812872e+00 1.010913108769770652e+01 6.876685282134132216e+00
