1.556377907662465887e+01 2.174896428007215277e-01 3.815958165258331690e+06
1.534838271151983058e+01 2.232196970168608963e-01 3.364275458084381185e+06
1.512190381787309157e+01 2.289910468621175199e-01 2.954397451815972570e+06
1.490408274801702504e+01 2.347392091239382250e-01 2.607922753220136743e+06
1.471554079390244496e+01 2.404662522097537891e-01 2.307050803589629009e+06
1.455752386306119561e+01 2.461396191958659663e-01 2.058771946372680599e+06
1.438049127503420799e+01 2.517065065741553864e-01 1.827610786173392320e+06
1.423237880840054537e+01 2.573232644436930783e-01 1.632312642838573782e+06
1.414586609386893912e+01 2.630457109049655906e-01 1.455663667463381076e+06
1.394128711903932683e+01 2.689427517655318400e-01 1.298190538977227872e+06
1.379498694974864037e+01 2.750830248124431221e-01 1.156235406264237594e+06
1.366174742203804726e+01 2.815406463088304112e-01 1.023468424848849536e+06
1.352544612255313616e+01 2.883343707927595312e-01 9.063663860787213780e+05
1.339254302788692286e+01 2.954793466563265802e-01 8.001090881082178093e+05
1.326695183430235403e+01 3.030055620996809918e-01 7.026599199748594547e+05
1.314567554300013441e+01 3.109384126373779256e-01 6.168739966502253665e+05
1.302507639262978856e+01 3.192990721038114765e-01 5.397858402198279509e+05
1.291240883283086660e+01 3.281095458736632553e-01 4.700068155522408779e+05
1.280529228000587061e+01 3.373791456912365039e-01 4.106299543542022002e+05
1.269518310923601945e+01 3.471334085469685027e-01 3.554416760782714700e+05
1.260292365970965456e+01 3.573820772579404670e-01 3.074370828206835431e+05
1.250979415087127045e+01 3.681481860676410478e-01 2.659096407266753959e+05
1.242262236814125664e+01 3.794400997460753433e-01 2.298223214443158067e+05
1.234385385818027459e+01 3.912757543983856334e-01 1.979475240718944115e+05
1.226174868521907335e+01 4.036710547884824751e-01 1.704539496588625188e+05
1.219359547394452825e+01 4.166386722584430324e-01 1.466778573020992917e+05
1.213267247323130960e+01 4.301669027972169213e-01 1.260255623747283098e+05
1.207053330195123131e+01 4.442990775076918197e-01 1.082434391116230690e+05
1.201440726866196229e+01 4.590202954599816865e-01 9.252812424343366001e+04
1.196604424690448631e+01 4.743528267368287699e-01 7.948035086338897236e+04
1.192179501761520299e+01 4.903008616110106632e-01 6.804151910796691664e+04
1.188149573368547429e+01 5.068716029334704443e-01 5.825253817040573631e+04
1.184603774289806388e+01 5.240677951454543182e-01 4.984966972616955172e+04
1.181469278752821239e+01 5.418981227332096973e-01 4.259480522897688206e+04
1.178751194148917136e+01 5.603692842607125302e-01 3.619158595150263864e+04
1.176429895739916454e+01 5.794626115999641502e-01 3.123716065017717483e+04
1.173919639890096178e+01 5.992026025568786274e-01 2.676038673964362897e+04
1.172663636223468941e+01 6.195834914508385749e-01 2.288011549583042870e+04
1.171487882939920766e+01 6.406218392998346278e-01 1.942137273053852550e+04
1.170306651846142998e+01 6.622681363308621227e-01 1.681250555045585497e+04
1.169531862259682775e+01 6.845350654773598720e-01 1.439926711179505401e+04
1.169316080982606287e+01 7.074443455507690715e-01 1.235094794689223454e+04
1.169044807540789499e+01 7.309732717665268220e-01 1.060016583561440530e+04
1.169088163023432436e+01 7.551087889963308264e-01 9.103819627315111575e+03
1.169353751752279180e+01 7.798437737197926323e-01 7.816200454834521224e+03
1.169842743290418063e+01 8.051839919022208969e-01 6.723076035387707634e+03
1.170336758344879513e+01 8.310701943687984761e-01 5.786066864959316263e+03
1.171110840863664393e+01 8.575372771909268721e-01 4.977877633916950799e+03
1.172181098301101976e+01 8.845555495723239625e-01 4.290862305437518444e+03
1.173029291136979602e+01 9.120697860540357693e-01 3.698706093969110952e+03
1.174750751280690508e+01 9.401116339240772612e-01 3.197147262296224199e+03
1.175664191816677828e+01 9.686394383584443490e-01 2.764763491209469976e+03
1.177077666649357113e+01 9.976257398974516244e-01 2.390342927782542574e+03
1.178500246765342041e+01 1.027051829400505767e+00 2.071964670558600574e+03
1.179938912649792471e+01 1.056891369606873354e+00 1.796432230243108279e+03
1.181443220787567761e+01 1.087122225964624711e+00 1.558047135192141241e+03
1.183077242953436503e+01 1.117707841380402911e+00 1.354279237899844020e+03
1.184645370286168742e+01 1.148639422344413408e+00 1.177322170608158785e+03
1.186130570283089369e+01 1.179834994675398985e+00 1.025624457018053363e+03
1.187690221022929826e+01 1.211326342002400525e+00 8.941298845890322582e+02
1.189142933263672219e+01 1.243033489727888963e+00 7.798724397974337990e+02
1.190711905750986510e+01 1.274935558921242995e+00 6.819628458386597458e+02
1.192180432140927060e+01 1.307007103491703015e+00 5.970311890804510995e+02
1.193599791914666319e+01 1.339207735436457991e+00 5.229027122793225999e+02
1.194974998381515974e+01 1.371499738723548134e+00 4.584477182222540250e+02
1.196335563118487499e+01 1.403846636497678491e+00 4.026668012776199816e+02
1.197560830553256750e+01 1.436201983319060904e+00 3.542241942277149178e+02
1.198671874589318520e+01 1.468550122443592842e+00 3.117576015539997343e+02
1.199987814166762767e+01 1.500827894418184094e+00 2.747074888691811339e+02
1.200678062171911620e+01 1.533014998968167175e+00 2.426401968569010990e+02
1.201581618063480228e+01 1.565068183539262581e+00 2.142631983762277059e+02
1.202352913347253072e+01 1.596934727300018508e+00 1.898705726347278073e+02
1.203042304859044798e+01 1.628603359645316884e+00 1.683199589739873261e+02
1.203511622524270486e+01 1.660025547850669581e+00 1.494296428290538472e+02
1.203968281973136101e+01 1.691170251293721449e+00 1.327610996041508713e+02
1.204258968646547245e+01 1.721987841338514791e+00 1.181872466715603309e+02
1.204444189159710632e+01 1.752453566692111053e+00 1.054219378916542524e+02
1.204689808887090230e+01 1.782533387312266182e+00 9.404381431455540508e+01
1.204414339876279705e+01 1.812204573757223880e+00 8.402845043190146157e+01
1.204227479892329633e+01 1.841415109632115632e+00 7.526819676139962212e+01
1.203921746533056236e+01 1.870144849588689206e+00 6.745025502515856886e+01
1.203330253834069552e+01 1.892662109932302883e+00 6.176450767770705141e+01
1.202012001006147202e+01 1.894552479099882225e+00 6.056355037385944229e+01
1.200355936003251500e+01 1.889101332220706642e+00 6.063902917632510281e+01
1.198716858332458735e+01 1.881378783803309584e+00 6.174870272392617210e+01
1.196882208351411947e+01 1.871769149901679530e+00 6.294432788350577113e+01
1.194552989637055163e+01 1.860366822728475755e+00 6.429986415976625835e+01
1.191914348324227113e+01 1.847714112382532692e+00 6.590257337146957184e+01
1.188955100575552137e+01 1.834075380707162140e+00 6.715297776948160902e+01
1.185608322662751313e+01 1.819597212936361119e+00 6.890312036370451665e+01
1.182022479677072724e+01 1.804401295382466408e+00 7.092266586501384040e+01
1.178100070055058168e+01 1.788558978585354176e+00 7.272912060077074159e+01
1.173809928633937361e+01 1.772128650450128795e+00 7.458778928760426652e+01
1.169241563939194961e+01 1.755201738449049920e+00 7.643803113124985771e+01
1.164371404515437725e+01 1.737796021535888524e+00 7.824162491533633101e+01
1.159143108188950144e+01 1.719977830725319068e+00 8.016277355804010085e+01
1.153670426855158837e+01 1.701775020817349215e+00 8.195290459044879583e+01
1.147933345421685125e+01 1.683279854724957891e+00 8.368000928787159864e+01
1.141710379343366810e+01 1.664541560539639198e+00 8.540266188189755781e+01
1.135301856301742518e+01 1.645568302248019421e+00 8.665725198340810209e+01
