2.197801277914930573e-01 1.548531162083442858e+01 3.641322861855032854e+06
2.283302141489518544e-01 1.517755019912755188e+01 3.030213259177492931e+06
2.373194481529593280e-01 1.488552063987456187e+01 2.522258088922575116e+06
2.467544802547147198e-01 1.461134815319529068e+01 2.091687837994891685e+06
2.566855213076451037e-01 1.437272849279285758e+01 1.734687558591746259e+06
2.670984395938971190e-01 1.415529724608131446e+01 1.428891226656117942e+06
2.780204635403020208e-01 1.394439696825357622e+01 1.197269423969368218e+06
2.894690928223246362e-01 1.375325390831227068e+01 9.917778264080807567e+05
3.014482439008126513e-01 1.358837113499934190e+01 8.233538795367738931e+05
3.139779335586008746e-01 1.343421435601725733e+01 6.813111615108677652e+05
3.270710162572518787e-01 1.328944798924478654e+01 5.656288966205616016e+05
3.407439850006121485e-01 1.316309973100358377e+01 4.692523482840658980e+05
3.549852451998457559e-01 1.304690124206174673e+01 3.885286513577697333e+05
3.698268131672788339e-01 1.294386526706359852e+01 3.223878887082769070e+05
3.852612106976294748e-01 1.284410016202886773e+01 2.675958703240873292e+05
4.013381297704765593e-01 1.275771295234682867e+01 2.217864916745844821e+05
4.179797714504910888e-01 1.268186424655280575e+01 1.842740747367838921e+05
4.352899727298696897e-01 1.261224093677115832e+01 1.531522016350622871e+05
4.531882794562421823e-01 1.255194379714392028e+01 1.271153960005709232e+05
4.717207953430346823e-01 1.249684374610796489e+01 1.057782703480133641e+05
4.908890458273092450e-01 1.244508530447450312e+01 8.800217583156119508e+04
5.106928159214775276e-01 1.240106638624761359e+01 7.355531673198960198e+04
5.311132128836068000e-01 1.236196291534225189e+01 6.112655276686642173e+04
5.521615378023386755e-01 1.232850758670640090e+01 5.108284700877213618e+04
5.738277078814340015e-01 1.229925530123342092e+01 4.273708581876255630e+04
5.961051017346090664e-01 1.227276165004606057e+01 3.564521483364873711e+04
6.190154088503466712e-01 1.225002590178258544e+01 2.984247560444168630e+04
6.424848699235190530e-01 1.224001918319874882e+01 2.498271067295524699e+04
6.665417787049737752e-01 1.221285273125266180e+01 2.101341801786298311e+04
6.911307451088865017e-01 1.219913229932462251e+01 1.763047458410913896e+04
7.162984352709543812e-01 1.218690627113395131e+01 1.478672284866334667e+04
7.419991439775893705e-01 1.217358167002592673e+01 1.247489884101913231e+04
7.682162957692573180e-01 1.216613509344980848e+01 1.051529952234464872e+04
7.949039570669347299e-01 1.215752078816758974e+01 8.880889698287563078e+03
8.220652247385722422e-01 1.214969930809580489e+01 7.492622022697779357e+03
8.496553349730173732e-01 1.214387417511141010e+01 6.335454761042976315e+03
8.776641258167731108e-01 1.213941401163078915e+01 5.390400513303197840e+03
9.060526776634015844e-01 1.213357981321192014e+01 4.558035696729650226e+03
9.347890924836135262e-01 1.212871853844005976e+01 3.877097840796341188e+03
9.638490693776325946e-01 1.212475758270089266e+01 3.299671370246729111e+03
9.931794971251398652e-01 1.211858889748659429e+01 2.813266530190426693e+03
1.022769693476430097e+00 1.211388698598990388e+01 2.398235224208022373e+03
1.052544793784581101e+00 1.210515206267475108e+01 2.051180425139065392e+03
1.082506865533076956e+00 1.210097099954297839e+01 1.755102910276707462e+03
1.112588746696371533e+00 1.209275987075987580e+01 1.497310721908424284e+03
1.142761688734964531e+00 1.208482554713766355e+01 1.293075642889089522e+03
1.172984346445834047e+00 1.207631393865013081e+01 1.112150730558876603e+03
1.203219691000681824e+00 1.206846362320460742e+01 9.567817140680363082e+02
1.233406160410701613e+00 1.205682651732721311e+01 8.264638247814873466e+02
1.263499659656253771e+00 1.204280456504724128e+01 7.146544690890360698e+02
1.293480470858773046e+00 1.202989408918119452e+01 6.179851482141710903e+02
1.323278608164746295e+00 1.201443454501026764e+01 5.355122618218039179e+02
1.352876138251755567e+00 1.199761651967592080e+01 4.651857216862617861e+02
1.382218776340753408e+00 1.197992318400476108e+01 4.044877150917286031e+02
1.411259496329157814e+00 1.196011290863071075e+01 3.526099500863983280e+02
1.439947613197382292e+00 1.193974227835763280e+01 3.077557602824842888e+02
1.468271799472726347e+00 1.191635695208725032e+01 2.690068651804196520e+02
1.496166435058358335e+00 1.189282831461034640e+01 2.354891559228335893e+02
1.523599837782183997e+00 1.186620238986607312e+01 2.052252191300469519e+02
1.550528963760882561e+00 1.184054506970059961e+01 1.813504851688742292e+02
1.576925451348308194e+00 1.181174216952457812e+01 1.597687189441816429e+02
1.602743457689170370e+00 1.178017586283205986e+01 1.408333491562939344e+02
1.627963485083582240e+00 1.174812270556029326e+01 1.238456827110532430e+02
1.652546522846898291e+00 1.171412645908159611e+01 1.098920589088217383e+02
1.676462497098966997e+00 1.167843290499521203e+01 9.742788850378022403e+01
1.699688417595179635e+00 1.164098774141685766e+01 8.602381431893269337e+01
1.722190146681487288e+00 1.160262384686893000e+01 7.687177054901565043e+01
1.743942593001723607e+00 1.156189485473420220e+01 6.840592068410489901e+01
1.764932587365156680e+00 1.152137381966778840e+01 6.104770523803575344e+01
1.785135147525831689e+00 1.147641215173374185e+01 5.434236110691526989e+01
1.804534002926709624e+00 1.143132571581927692e+01 4.886626999158224294e+01
1.823114950430246850e+00 1.138506984829066049e+01 4.383306985991575289e+01
1.840862670560618142e+00 1.133809823250853377e+01 3.918925690576846677e+01
1.857766152030041251e+00 1.128957164503900934e+01 3.533732177196233692e+01
1.873819674079816977e+00 1.123877187170679015e+01 3.179065650614248995e+01
1.889014249088255326e+00 1.118681430792286591e+01 2.873126114047618529e+01
1.903346509812668952e+00 1.113507290877054956e+01 2.598210732376620413e+01
1.916812230043466014e+00 1.108020687275738148e+01 2.363186860331892802e+01
1.929409725637868833e+00 1.102539623013728232e+01 2.145975792481470990e+01
1.941131528704325371e+00 1.096959874902749199e+01 1.944293862613179158e+01
1.951973274359521504e+00 1.091222578580391911e+01 1.771264353976036787e+01
1.961930812802451740e+00 1.085537057212988010e+01 1.623201555528099149e+01
1.971003787876324020e+00 1.079640060303951898e+01 1.479304780828162258e+01
1.979201044198310111e+00 1.073666483735966182e+01 1.359379197623983160e+01
1.986520467413957158e+00 1.067653474476501785e+01 1.247610397298689655e+01
1.992973888562569407e+00 1.061633310164732080e+01 1.144285813330824197e+01
1.998576172452240396e+00 1.055459188485425059e+01 1.053837722355223327e+01
2.003337796798841275e+00 1.049231515848258667e+01 9.775666499978852286e+00
2.007271484844842302e+00 1.043004966154816415e+01 9.009653466155993939e+00
2.010399653968778289e+00 1.036691249467645726e+01 8.373105679243947108e+00
2.012737275056422082e+00 1.030380076447619331e+01 7.775040532285188100e+00
2.014305654908821630e+00 1.023958381164351827e+01 7.238427906026090319e+00
2.015123597855314141e+00 1.017530531713700981e+01 6.743785870165255325e+00
2.015206027969131064e+00 1.011120124634551765e+01 6.300694135834330467e+00
2.014446492836811764e+00 1.004792121193817778e+01 5.905137331021618863e+00
2.012323422614098689e+00 9.991975189134150170e+00 5.608486765928433648e+00
2.006982024669928144e+00 9.952391177777675679e+00 5.465135133739146944e+00
1.999090291458182955e+00 9.913171359122241455e+00 5.401854590164664849e+00
1.989283814163989028e+00 9.871350335252827790e+00 5.364240031697355526e+00
1.978004809416378684e+00 9.826376315071046363e+00 5.333872691089051266e+00
