2.197900163547926444e-01 1.549632820349536999e+01 3.645540926297544502e+06
2.283616824063660067e-01 1.517357188908715848e+01 3.031172431402338203e+06
2.373724126400632295e-01 1.488557187130261106e+01 2.524698517324235290e+06
2.468386265819856873e-01 1.460820630998806635e+01 2.094878465872979257e+06
2.567946172123222182e-01 1.437067030633246567e+01 1.734658826545815682e+06
2.672375588104223820e-01 1.414498474834155850e+01 1.438995130263198866e+06
2.782042580292026224e-01 1.394587461663049055e+01 1.182164917085191933e+06
2.896898265043899023e-01 1.375510352882692011e+01 9.887039488725910196e+05
3.017142457947257772e-01 1.358522959332725044e+01 8.181471043112725019e+05
3.142923706421362762e-01 1.342811600394852434e+01 6.795369210286072921e+05
3.274380110869366534e-01 1.328588679575033993e+01 5.622318058324361918e+05
3.411650631216019414e-01 1.316737434583022193e+01 4.660481879893820733e+05
3.554687772964346681e-01 1.304647614589174864e+01 3.864185108649866888e+05
3.703888107682180575e-01 1.294225114168020951e+01 3.167228903900153236e+05
3.858935572335569497e-01 1.284233762590811523e+01 2.656211893581328331e+05
4.020459589186358151e-01 1.275561775235911810e+01 2.204724766275864677e+05
4.187684073140613417e-01 1.267956557425373809e+01 1.828553665779828443e+05
4.361650956199807361e-01 1.260989589979988601e+01 1.516200080737367389e+05
4.541603272182517248e-01 1.255057655036598874e+01 1.247010664427915617e+05
4.727885954308889138e-01 1.249686807387204368e+01 1.048116756993918971e+05
4.920642498327914005e-01 1.244522307216823442e+01 8.719145723278821970e+04
5.119731153497980580e-01 1.240146188258080073e+01 7.274841357205422537e+04
5.325113714965395983e-01 1.236279125791562628e+01 6.060010210289597308e+04
5.536762508212805800e-01 1.232957830067672766e+01 5.055656420456757041e+04
5.754669249171775469e-01 1.230175966077326599e+01 4.215472145075098524e+04
5.978742259588571972e-01 1.227416779206638786e+01 3.525134964049525297e+04
6.209183418468372517e-01 1.225202408507629492e+01 2.947116517738278708e+04
6.445271848139632054e-01 1.223139744395114548e+01 2.469957444539772405e+04
6.687279627734191711e-01 1.221619035726100932e+01 2.074846018338886279e+04
6.934666581810607910e-01 1.220490671844380159e+01 1.736936137646179486e+04
7.187846280017318179e-01 1.218947701614503565e+01 1.461428902485472099e+04
7.446419119037875900e-01 1.217997551894757535e+01 1.229185403840604704e+04
7.710194517293892380e-01 1.217004393554558916e+01 1.035136506723582170e+04
7.978702715434756731e-01 1.216163454888258144e+01 8.746575436918872583e+03
8.251967596675030547e-01 1.215578816045765898e+01 7.383119361706410018e+03
8.529554919990289807e-01 1.215034053775572254e+01 6.245802260340531575e+03
8.811348165848836844e-01 1.214600954613069561e+01 5.288676412378263194e+03
9.096949629326627207e-01 1.214029704465258419e+01 4.487943525181867699e+03
9.386045022081775935e-01 1.213580607450232840e+01 3.811655956553175656e+03
9.678382440902076889e-01 1.213312104498208654e+01 3.240698781354537005e+03
9.973424834139417161e-01 1.212512783444713982e+01 2.763606326593298945e+03
1.027104418843924227e+00 1.212112558052725397e+01 2.357327346657575617e+03
1.057055035596869752e+00 1.211270732079620949e+01 2.014474363623295403e+03
1.087190615583431663e+00 1.210911678561442706e+01 1.723070574642764313e+03
1.117439671898789788e+00 1.210104753034412717e+01 1.469165971851963377e+03
1.147780311639800210e+00 1.209301760932236292e+01 1.267794973545954008e+03
1.178166947553374255e+00 1.208599474545014907e+01 1.090855154409820216e+03
1.208563258378492433e+00 1.207620508344584564e+01 9.384889846221506104e+02
1.238907319345823099e+00 1.206343972032441769e+01 8.105489500352344976e+02
1.269153474099681711e+00 1.205205797809678181e+01 6.997243575146826515e+02
1.299282165858853810e+00 1.203837369919239286e+01 6.061412447584953043e+02
1.329222897548151261e+00 1.202431444865455745e+01 5.249174722140757012e+02
1.358956499833790632e+00 1.200733342235536050e+01 4.556685669995287071e+02
1.388429333759043205e+00 1.199129621988262073e+01 3.963270962348846638e+02
1.417593601602332942e+00 1.196967217660114891e+01 3.452448622806913363e+02
1.446398383926637665e+00 1.194901943502304675e+01 3.011808462196717073e+02
1.474831410635187190e+00 1.192576490677264367e+01 2.632444287448115574e+02
1.502913194901595695e+00 1.190410607440843016e+01 2.303021823363056910e+02
1.531041836976106296e+00 1.187615787324000216e+01 2.015250601739418244e+02
1.559502884889054197e+00 1.185027399481049848e+01 1.761278013284685642e+02
1.588386231146043048e+00 1.182165115624383489e+01 1.537549142883314062e+02
1.617547759421554598e+00 1.179382439942356164e+01 1.340264710689690730e+02
1.646809305603592177e+00 1.176518707145270248e+01 1.169593629411469351e+02
1.675974580518889256e+00 1.173549281422895518e+01 1.021064882973874148e+02
1.704813659732048681e+00 1.170555741123754423e+01 8.928212031480474309e+01
1.733075546241094056e+00 1.167404413989290113e+01 7.820570865548754114e+01
1.760508678116821990e+00 1.164208654152031919e+01 6.872200637345846985e+01
1.786800315253193050e+00 1.160847710793082044e+01 6.057105626596102610e+01
1.811675547480605886e+00 1.157396939260895152e+01 5.364022479332005844e+01
1.834670195789048552e+00 1.153801526937400368e+01 4.781591055271324109e+01
1.855312541417924121e+00 1.150013410849836859e+01 4.285728588151000906e+01
1.872656543707323928e+00 1.146065597906186717e+01 3.889320088220737404e+01
1.883994045600335676e+00 1.142126720577459231e+01 3.602661896979012113e+01
1.892348714347381389e+00 1.137598681785191523e+01 3.356215889409823205e+01
1.899811502278067277e+00 1.132529656144679642e+01 3.116702292173740929e+01
1.906777341517462254e+00 1.127061468884649820e+01 2.892278250850185728e+01
1.913257354922405229e+00 1.121223111076709777e+01 2.679919064057837375e+01
1.919426299857743379e+00 1.115242371505306807e+01 2.479259437774994623e+01
1.925195444315045856e+00 1.108988153840877189e+01 2.293266905512944120e+01
1.930599527572424368e+00 1.102546268637000360e+01 2.117755478295029903e+01
1.935585553911193690e+00 1.096024682722115884e+01 1.956370669211280244e+01
1.940112011540630066e+00 1.089476866067107785e+01 1.800734059737779091e+01
1.944121793943474952e+00 1.082698088336533715e+01 1.671429489251750411e+01
1.947580726880363100e+00 1.075941565453350712e+01 1.546559183841754148e+01
1.950417493787568679e+00 1.069112902073976556e+01 1.433270886703221336e+01
1.952572554841994323e+00 1.062323167442681715e+01 1.331068768017756732e+01
1.954015064342798480e+00 1.055435577327765095e+01 1.238092479293460535e+01
1.954689048920058347e+00 1.048543934330572469e+01 1.150769670139243317e+01
1.954552885201102930e+00 1.041661482959982976e+01 1.078877021212730902e+01
1.953574063103730385e+00 1.034777222530959406e+01 1.010988246039810967e+01
1.951729656085012587e+00 1.027980892779762634e+01 9.511087809602280174e+00
1.948989674773475400e+00 1.021222983318977384e+01 8.962933176943998603e+00
1.945334263252420426e+00 1.014571184488867495e+01 8.486285134650785267e+00
1.940765349686040198e+00 1.007817519768250136e+01 8.042084781811844607e+00
1.935276452693788896e+00 1.001308041985114627e+01 7.691640110878881664e+00
1.928881142742949306e+00 9.948755328131518638e+00 7.353354165112450325e+00
1.921585952602108405e+00 9.885598643816280173e+00 7.069988624128463961e+00
1.913444837907992024e+00 9.824717399051502653e+00 6.853403435707127400e+00
1.904526108519003058e+00 9.767013654454304472e+00 6.672179360833356832e+00
1.894959967950144097e+00 9.712738514834660108e+00 6.556356195469842163e+00
