2.194054296558863304e-01 1.550932000716753478e+01 3.674299284777483903e+06
2.280883914449211569e-01 1.522720365445942470e+01 3.101419758484915365e+06
2.371743024568633285e-01 1.487846618556772427e+01 2.516321873863653746e+06
2.467095785006298281e-01 1.461077883762540353e+01 2.092255639729919843e+06
2.566811152313442923e-01 1.435866217223706087e+01 1.730795775496117538e+06
2.671173844575343570e-01 1.413241615095633641e+01 1.430071805513467407e+06
2.780241282702136107e-01 1.392688901496465981e+01 1.189624936162850354e+06
2.894170505107077074e-01 1.373648518858449386e+01 9.824673548332379432e+05
3.013086036894488950e-01 1.356061413222181500e+01 8.120260587811459554e+05
3.136893477569290267e-01 1.339458189620264505e+01 6.743579690327601274e+05
3.265940416064218033e-01 1.325624308936540530e+01 5.526048106889723567e+05
3.400380204437135068e-01 1.312363395209983352e+01 4.585288735532877035e+05
3.539556221861197005e-01 1.300580396890476642e+01 3.842639291854313924e+05
3.684313022125024206e-01 1.289425337107056357e+01 3.188268286326708039e+05
3.834482845029866804e-01 1.279522284970472867e+01 2.643208497863741359e+05
3.990223782149909248e-01 1.269873600369150957e+01 2.197214298357214429e+05
4.151151485984010403e-01 1.261626366410123801e+01 1.827519232458038023e+05
4.317694936958286211e-01 1.254258759246393851e+01 1.520700995343189570e+05
4.489870859080069554e-01 1.247099131896943192e+01 1.266980068153369793e+05
4.667229383716743896e-01 1.240906185426964470e+01 1.056084210811848025e+05
4.850355722405063630e-01 1.235135048159952831e+01 8.793851771974451549e+04
5.038657075330634783e-01 1.230271760418977145e+01 7.327684605802493752e+04
5.232404785723856477e-01 1.225146142451518649e+01 6.135857090410270030e+04
5.431430285495728594e-01 1.220815618069300790e+01 5.097801374776214652e+04
5.635868014639654477e-01 1.216918584793941172e+01 4.294939288273309649e+04
5.845410424468432398e-01 1.213362800647491113e+01 3.594475071560675860e+04
6.060127201425640209e-01 1.210043916884183979e+01 3.013017449350950119e+04
6.279557459949233200e-01 1.207041829086169216e+01 2.528816489034807819e+04
6.503802621082969138e-01 1.204167558440744656e+01 2.113175381061760709e+04
6.732841369306173940e-01 1.201728595177487868e+01 1.771449736506020417e+04
6.966291656854157743e-01 1.199174495740632018e+01 1.509187369792283243e+04
7.204077568647037078e-01 1.196868882018771707e+01 1.273046018856741648e+04
7.456036421736917941e-01 1.194673372319885907e+01 1.067374594142543719e+04
7.729228401289290895e-01 1.193002665321021105e+01 8.908231018037615286e+03
8.024553566404538651e-01 1.191562885594143317e+01 7.368499894331495852e+03
8.342078473509424441e-01 1.190552241437181458e+01 6.050636626238550889e+03
8.681695055565130659e-01 1.189886319928955416e+01 4.957163561551519706e+03
9.043016484758490403e-01 1.190066485762171666e+01 4.041192702447754982e+03
9.425527459637346173e-01 1.190629894420350965e+01 3.290504802866227692e+03
9.828656479588367967e-01 1.191699482931253229e+01 2.670823154630798854e+03
1.025135980478971476e+00 1.193288330512014639e+01 2.150346778154330877e+03
1.069276015260091750e+00 1.195739948118126428e+01 1.758515196461995629e+03
1.115118151056738505e+00 1.197547565648251222e+01 1.426555409125585129e+03
1.162644739058408261e+00 1.200413335105586832e+01 1.160092231354645492e+03
1.211591716898769766e+00 1.203485472357598951e+01 9.428835050098342663e+02
1.261795320635251905e+00 1.206860501220363169e+01 7.691026735112003507e+02
1.313083158670070194e+00 1.210537568166879652e+01 6.283316005799246113e+02
1.365260283151009446e+00 1.214095981665197854e+01 5.147712772849077965e+02
1.418106109264444026e+00 1.218166926387994131e+01 4.225559954270027561e+02
1.471339954336395417e+00 1.221997530228993156e+01 3.484455931441370353e+02
1.524699549028321943e+00 1.225753997443023202e+01 2.886983163289665981e+02
1.578024852005184719e+00 1.229357812838679642e+01 2.396855726550625150e+02
1.630859202627144233e+00 1.232696429603835497e+01 2.001941424180429578e+02
1.682974533066993628e+00 1.236287805762674452e+01 1.678981068765073985e+02
1.734021875175135952e+00 1.239097247755125863e+01 1.413091660365180076e+02
1.783699434753752033e+00 1.241605043763502536e+01 1.197895327811036594e+02
1.831204842418240553e+00 1.243977460661725232e+01 1.017250274174273557e+02
1.876405879345429462e+00 1.245805135030343891e+01 8.743295389761289016e+01
1.918153506687335641e+00 1.246963603050912184e+01 7.626063476320364032e+01
1.955199932630434345e+00 1.247537968353823779e+01 6.690412963295480608e+01
1.978994500509347887e+00 1.246636618526521190e+01 6.099177799980172665e+01
1.988900251752597326e+00 1.244308656414408709e+01 5.768992977223721397e+01
1.992953475400964791e+00 1.240924812839365643e+01 5.518310975417575293e+01
1.993483577468981638e+00 1.236747574528048332e+01 5.305330674017142201e+01
1.991486769529308809e+00 1.231950902864194575e+01 5.097666681053525650e+01
1.987652613160567627e+00 1.226544926936701252e+01 4.951776656665596477e+01
1.982381216618064990e+00 1.220564114605779871e+01 4.792765532148181506e+01
1.976038559563477071e+00 1.214227634090740438e+01 4.637862969661422596e+01
1.968756411032688280e+00 1.207473681234662166e+01 4.463605608313388018e+01
1.960769657243513597e+00 1.200345507517440424e+01 4.317691443372501681e+01
1.952201244406720715e+00 1.192908240755157578e+01 4.191596739455793852e+01
1.943242995623295277e+00 1.185143498072009827e+01 4.036449440279354661e+01
1.933872103862975367e+00 1.177095555529304072e+01 3.890457229841364750e+01
1.924244697648156865e+00 1.168828278867250781e+01 3.749717985108224383e+01
1.914459024025004785e+00 1.160312829468412055e+01 3.599246592920421506e+01
1.904516744005300799e+00 1.151501642102695833e+01 3.455848590458491998e+01
1.894531694443590153e+00 1.142534700463628106e+01 3.307919056734533569e+01
1.884464429851239187e+00 1.133477557782943990e+01 3.163606017817671656e+01
1.874440535888287407e+00 1.124213027582190172e+01 3.020996048330444950e+01
1.864454543905120776e+00 1.114673149784819373e+01 2.879984107223100054e+01
1.854537253744521053e+00 1.105156221045223930e+01 2.741240555296028703e+01
1.844714013768136818e+00 1.095573667387665928e+01 2.605345383557288486e+01
1.835008738011225216e+00 1.085808971254139976e+01 2.473324329355673612e+01
1.825414404456211281e+00 1.076077278525179359e+01 2.343922716972075548e+01
1.815948728389218392e+00 1.066219766177702866e+01 2.216722769374169744e+01
1.806610087930613062e+00 1.056318919393074829e+01 2.097900720891840010e+01
1.797441950419133905e+00 1.046421337188833611e+01 1.979132211574317779e+01
1.788387247630852217e+00 1.036517547052931398e+01 1.858456454368694466e+01
1.779470041573482320e+00 1.026759872800755780e+01 1.753675272572156274e+01
1.770683026636843849e+00 1.016811376028855562e+01 1.650837039906134507e+01
1.762016186329203649e+00 1.007004506129845645e+01 1.552951911232278270e+01
1.753469013414035604e+00 9.972279070732128048e+00 1.464985988069049583e+01
1.745029405233462505e+00 9.875236515836498086e+00 1.372619655891627666e+01
1.736686764654974846e+00 9.779641120742336824e+00 1.289612815515630473e+01
1.728445847855894835e+00 9.684375038937160340e+00 1.211948996162326964e+01
1.720248879191775160e+00 9.589948107154130597e+00 1.141201966658197620e+01
1.712095513194836549e+00 9.497252153034446920e+00 1.070473635911109689e+01
1.703956605359143728e+00 9.406563612093629345e+00 1.010510160991136708e+01
1.695813537811841298e+00 9.316930315725524991e+00 9.521135930350064669e+00
1.687630557680114274e+00 9.229089016076860830e+00 8.945020637542301145e+00
