2.209105393521711425e-01 1.547511380495936706e+01 3.598703110612169839e+06
2.305686551495827741e-01 1.513128758943438967e+01 2.936147260456403717e+06
2.408815952622458123e-01 1.481274065913179072e+01 2.347197348138738889e+06
2.518686424710541161e-01 1.458284460022625062e+01 1.921868492176718079e+06
2.635891037711179385e-01 1.426453898401935838e+01 1.558093866369356867e+06
2.760431975480034938e-01 1.403470967512921597e+01 1.262399733981977217e+06
2.892801876545214590e-01 1.382480142125161926e+01 1.021167182812841842e+06
3.033355249761340300e-01 1.363748018516376170e+01 8.255912848227752838e+05
3.182293877944736837e-01 1.347322066064245050e+01 6.679595070575103164e+05
3.339831882346591674e-01 1.333040362468808659e+01 5.320350926146490965e+05
3.506286887877542724e-01 1.319169309513091548e+01 4.338247301281447872e+05
3.681945807023494499e-01 1.307775314513358644e+01 3.496393318430783693e+05
3.867093598966675483e-01 1.298050032764219708e+01 2.814504844053732231e+05
4.061697374616398126e-01 1.289488431058523332e+01 2.274481832306259894e+05
4.266238230151533917e-01 1.282051061769337252e+01 1.837052790144175233e+05
4.480864097967285908e-01 1.275828502922256469e+01 1.482789162531928450e+05
4.705692682865115772e-01 1.270790237349523899e+01 1.192758905896791839e+05
4.940932820023566929e-01 1.266538264747732256e+01 9.628831576874392340e+04
5.186542695319537044e-01 1.263688285725683080e+01 7.791174483427037194e+04
5.442575797314540553e-01 1.261107447914384316e+01 6.242901199279342109e+04
5.709507121073973401e-01 1.259207769077106676e+01 5.107083076881819579e+04
5.986929032315263521e-01 1.258058761645594892e+01 4.140935851953344536e+04
6.275034571125613914e-01 1.257765176023900544e+01 3.362643674952284346e+04
6.573519969996705070e-01 1.257814012559860473e+01 2.729975059747933119e+04
6.882590030254199798e-01 1.258291843406846056e+01 2.199149507971656203e+04
7.202130503221195745e-01 1.259105656807282969e+01 1.814457377530801386e+04
7.532084969365590021e-01 1.260473378498488728e+01 1.478212914509312213e+04
7.871755423048594213e-01 1.262021480555075215e+01 1.209669017224369782e+04
8.221280154982337773e-01 1.264039299609161127e+01 9.890873454981539908e+03
8.580329878518884179e-01 1.266143395683807782e+01 8.101599634684764169e+03
8.948730654670141726e-01 1.268428795069867654e+01 6.664164651443030380e+03
9.325594930895271251e-01 1.270859261308185850e+01 5.485398076970711372e+03
9.710840477034170526e-01 1.273567512612505226e+01 4.513630766930588834e+03
1.010397219907836153e+00 1.276191037388411331e+01 3.732475455018969569e+03
1.050446308678696816e+00 1.278674356394376765e+01 3.086171264495747437e+03
1.091151286963674583e+00 1.281430544435349717e+01 2.558591165975531112e+03
1.132504691046205325e+00 1.284164730470308946e+01 2.125173380440951405e+03
1.174393591131676073e+00 1.286874382603296674e+01 1.770652852788154632e+03
1.216765910788088600e+00 1.289459267795044539e+01 1.475121107056847450e+03
1.259554374617435357e+00 1.292283926509749215e+01 1.232696547523119762e+03
1.302683089868846844e+00 1.294129871261836939e+01 1.033324709651427611e+03
1.346078192286394692e+00 1.296586453508605530e+01 8.661822033589347711e+02
1.389662516552740756e+00 1.298618469437655776e+01 7.227539956557765208e+02
1.433343219994204665e+00 1.300608575937721412e+01 6.141532547686630323e+02
1.477061999571668949e+00 1.302230904714574855e+01 5.182016787393769164e+02
1.520693662820328029e+00 1.303893262257859398e+01 4.391122641791258729e+02
1.564194764836608353e+00 1.305179540853789533e+01 3.727018696240291433e+02
1.607480181352679116e+00 1.306250191389852944e+01 3.146932178911685014e+02
1.650424551598985490e+00 1.307151565610390520e+01 2.701896146223617734e+02
1.692989145543220664e+00 1.307999974502466856e+01 2.306774647968166505e+02
1.735068387702378923e+00 1.308138036193422415e+01 1.973370175702270330e+02
1.776596945144255368e+00 1.308241543508678006e+01 1.696264231345588485e+02
1.817489880397187063e+00 1.308042536625785246e+01 1.457945333212927608e+02
1.857672172988809933e+00 1.307919760607049575e+01 1.256971080669172807e+02
1.897068244157772199e+00 1.307239200798420597e+01 1.086836018764464740e+02
1.935607855257516441e+00 1.306009070970641162e+01 9.414528421125514512e+01
1.973239746236451486e+00 1.304810451706607033e+01 8.142513518580332743e+01
2.009890490466769375e+00 1.303232870706830049e+01 7.071085446400513774e+01
2.045498993231781526e+00 1.301431796294459531e+01 6.203278096364221028e+01
2.080017736205157952e+00 1.299405012479687649e+01 5.424456082015232994e+01
2.113398596528694995e+00 1.297083049257581244e+01 4.754915744017129242e+01
2.145599356484664710e+00 1.294423838193999998e+01 4.176981385611746589e+01
2.176573557122415625e+00 1.291580225256880254e+01 3.675069085985459338e+01
2.206289470586505708e+00 1.288454704963261932e+01 3.244989774092152146e+01
2.234635934368443877e+00 1.285064551230799346e+01 2.871934146111669861e+01
2.261363015581703717e+00 1.281492504268827126e+01 2.551236178768590079e+01
2.286168847142456162e+00 1.277601642369818791e+01 2.264559942727252206e+01
2.308698193097606932e+00 1.273470965540152555e+01 2.039179594732748768e+01
2.328503848795916209e+00 1.269102057420472995e+01 1.839338717637221521e+01
2.345040244598495249e+00 1.264404629298852534e+01 1.671515382458258969e+01
2.358097178450421438e+00 1.259442088529024240e+01 1.525912835627793385e+01
2.368018414513290537e+00 1.254105803770036331e+01 1.414880487831425881e+01
2.375087206620728253e+00 1.248444997550835289e+01 1.313928129490717467e+01
2.379548253090088217e+00 1.242421056862558437e+01 1.227155247105007696e+01
2.381668589557211835e+00 1.236149130829571163e+01 1.151984927918628543e+01
2.381676595662049145e+00 1.229627852609772454e+01 1.084791926468650480e+01
2.379824768269076962e+00 1.222857670656535056e+01 1.026047600855036279e+01
2.376234143672634413e+00 1.215934457379634814e+01 9.744998933140680109e+00
2.371128597871604793e+00 1.208702737850236453e+01 9.278904927978437911e+00
2.364635692633169306e+00 1.201317168522347423e+01 8.851141541449049299e+00
2.356892727568574042e+00 1.193724469253208831e+01 8.469286724184199144e+00
2.347992134323889424e+00 1.186090991924911897e+01 8.121087642378613580e+00
2.338094700436898155e+00 1.178285249361018217e+01 7.778349050633661221e+00
2.327297698502755363e+00 1.170366783301736291e+01 7.520005858000657462e+00
2.315603217968031480e+00 1.162376582493373434e+01 7.233333949985955691e+00
2.303242935699693739e+00 1.154393762214581720e+01 7.008520261823659503e+00
2.290122505252159435e+00 1.146190577835830737e+01 6.788756808666499332e+00
2.276435074670079661e+00 1.137939791488055086e+01 6.580950713466264368e+00
2.262237867827288529e+00 1.129744322365514542e+01 6.389681401661627902e+00
2.247491547595444672e+00 1.121493911871579385e+01 6.198434758968943470e+00
2.232352177602388466e+00 1.113290514055455205e+01 6.036935585682028815e+00
2.216819859508304624e+00 1.105034256150272398e+01 5.899841045160429509e+00
2.200972216605713960e+00 1.096821015966395940e+01 5.766707520876956927e+00
2.184823426903630406e+00 1.088637149210849131e+01 5.615873136569095259e+00
2.168420044137397529e+00 1.080393614240453459e+01 5.508852871508907789e+00
2.151859630222809905e+00 1.072307145575940446e+01 5.382580216655746597e+00
2.136570945959174406e+00 1.065201346575300789e+01 5.314823293842088958e+00
2.121435700362757082e+00 1.058789866233468402e+01 5.269185177125538466e+00
2.105558747849626489e+00 1.052384907070744013e+01 5.244486421539076737e+00
2.088916336074055469e+00 1.045857539869294861e+01 5.225449611029287844e+00
