2.208669193104277062e-01 1.548444979631851659e+01 3.603145719505703542e+06
2.305805049130728590e-01 1.511620531333796791e+01 2.907364305712218862e+06
2.409506213276909337e-01 1.479430841670405528e+01 2.363354182628307492e+06
2.520211601269047863e-01 1.451925419917968796e+01 1.916231222358238883e+06
2.638054767336175388e-01 1.425341347608589260e+01 1.551443786438134499e+06
2.763484236741707845e-01 1.402559230269486612e+01 1.254451764570988249e+06
2.896748398330098451e-01 1.381914426605372803e+01 1.014045113412945881e+06
3.038247688237514788e-01 1.363059583203878589e+01 8.189738563357903622e+05
3.188210980253817217e-01 1.346413006412451274e+01 6.599897030593516538e+05
3.346824976301304155e-01 1.331838436007829252e+01 5.316929077006775187e+05
3.514482590521661454e-01 1.318413303508508072e+01 4.282550159874923411e+05
3.691387389197054447e-01 1.306226724279414775e+01 3.451129205041789683e+05
3.877711650084305073e-01 1.297160778609864806e+01 2.777345278320289799e+05
4.073791710946012556e-01 1.288307099788267607e+01 2.239373353396491439e+05
4.279813420410946700e-01 1.280806065437890950e+01 1.802397318839418003e+05
4.496089132075469785e-01 1.274903885017945626e+01 1.453103816522424167e+05
4.722407013299788625e-01 1.269899307730032945e+01 1.170224634335458832e+05
4.959183469795788168e-01 1.265552930892958017e+01 9.458841646333335666e+04
5.206728527615119839e-01 1.262528725567279331e+01 7.633066658328681660e+04
5.464484654113698214e-01 1.259864264710306792e+01 6.167260066056459618e+04
5.733245937412763116e-01 1.258318022951713466e+01 4.990658206353197602e+04
6.012554749176010072e-01 1.257099077951248844e+01 4.039605547589163325e+04
6.302526506249046534e-01 1.256864178439721513e+01 3.273655353204638959e+04
6.603138523406784088e-01 1.256534679781480079e+01 2.664080292329339863e+04
6.914275336754116541e-01 1.257258079111661608e+01 2.161645321810940368e+04
7.235735250533453788e-01 1.257841933797840817e+01 1.763114018600697091e+04
7.567386683962707972e-01 1.259523782438839312e+01 1.435977729774560248e+04
7.908979381988994195e-01 1.260991369950150265e+01 1.173059871784183269e+04
8.260455610102983570e-01 1.262803698836676425e+01 9.586633239111532021e+03
8.621380585818749775e-01 1.264763397463614147e+01 7.786391127808597048e+03
8.991505648682881491e-01 1.267148692747340633e+01 6.451459369137709473e+03
9.370116156670877938e-01 1.269496269051965598e+01 5.307610201619111649e+03
9.757000826607254984e-01 1.272029026451383160e+01 4.377461414792232972e+03
1.015165738798837536e+00 1.274603612443251244e+01 3.607869921439349127e+03
1.055353652681741750e+00 1.277175149754095784e+01 2.982511404184111598e+03
1.096178446338136547e+00 1.279861343400325069e+01 2.473063431020670578e+03
1.137622791894396634e+00 1.282398412763243734e+01 2.051588018657936118e+03
1.179610851116770442e+00 1.284873886762751738e+01 1.706298449575119776e+03
1.222054658321626075e+00 1.287390660728148717e+01 1.422832440109061963e+03
1.264900558238303718e+00 1.289948584173015966e+01 1.188569291990994998e+03
1.308053464844535885e+00 1.292235015533267806e+01 9.948306458214399299e+02
1.351448974843404871e+00 1.294321762416331190e+01 8.352114452082319076e+02
1.395022691977689799e+00 1.296076003330730586e+01 7.022356755147036438e+02
1.438641366436407276e+00 1.297978474689837292e+01 5.919888215155210673e+02
1.482269593905218841e+00 1.299398484853790769e+01 4.995248894713602112e+02
1.525804914723424277e+00 1.300892270994875233e+01 4.225127434748930568e+02
1.569172168820472724e+00 1.302049955348407195e+01 3.587286885089105795e+02
1.612268966097239353e+00 1.302974966020127212e+01 3.050114581228369843e+02
1.655035377810557096e+00 1.303710903357507611e+01 2.597822441756118792e+02
1.697360450977803303e+00 1.304423399024715380e+01 2.208501003832556933e+02
1.739180571562955135e+00 1.304320493799280634e+01 1.899261692586214281e+02
1.780412542593571068e+00 1.304204572979183929e+01 1.629744257119847930e+02
1.820973921372366355e+00 1.303872317365436473e+01 1.402052338893452941e+02
1.860798404398425587e+00 1.303531300164664941e+01 1.208596464519360865e+02
1.899808538995443552e+00 1.302399449743266224e+01 1.044179099053577460e+02
1.937929499696771529e+00 1.301320542654900692e+01 9.047796929158495516e+01
1.975101811855461964e+00 1.299835608089098038e+01 7.857833389706111404e+01
2.011273609169282217e+00 1.298220261076001414e+01 6.835549001049258777e+01
2.046374357505750474e+00 1.296116485535023521e+01 5.965869832131914308e+01
2.080358919033869380e+00 1.293850041107613968e+01 5.213896329500394700e+01
2.113180579582821128e+00 1.291353780798127460e+01 4.571924887807747240e+01
2.144798638830688553e+00 1.288557851424102729e+01 4.018609309458661016e+01
2.175166843452296828e+00 1.285471077609344803e+01 3.538719667442028793e+01
2.204256890867847929e+00 1.282143871580205463e+01 3.125501024008837803e+01
2.232041133350530782e+00 1.278572388238466928e+01 2.765699734203485249e+01
2.258494523451147984e+00 1.274785836021866992e+01 2.452932896977938171e+01
2.283600490883873402e+00 1.270706813763477250e+01 2.181600423543028811e+01
2.307344943455015507e+00 1.266483141777377242e+01 1.944524224774762544e+01
2.329718619771542709e+00 1.262055019088451502e+01 1.737663125310391266e+01
2.350716686038273551e+00 1.257367877248208110e+01 1.555179173517652913e+01
2.370339292396845376e+00 1.252472246822165047e+01 1.396019263665189847e+01
2.388590537980757933e+00 1.247345560968947531e+01 1.255584577288085946e+01
2.405478146432912023e+00 1.242170951580303928e+01 1.128089946832951895e+01
2.421013828439743776e+00 1.236707429979512085e+01 1.023691265580790066e+01
2.435213044767345902e+00 1.231085759737071328e+01 9.277416538707413451e+00
2.448075364891039385e+00 1.225308428512777326e+01 8.428819528179507969e+00
2.459562933148484287e+00 1.219457641020547101e+01 7.679933297862306496e+00
2.469626243100210949e+00 1.213450226187523739e+01 7.013722771206648332e+00
2.478219122382182782e+00 1.207342995781745110e+01 6.427454279355503175e+00
2.485301754639065663e+00 1.201089722280967820e+01 5.888601384689327034e+00
2.490856745490756197e+00 1.194749119750212074e+01 5.433259757814050239e+00
2.494848545351559643e+00 1.188341083523486752e+01 5.047069039677315239e+00
2.497252493970637310e+00 1.181811066763053297e+01 4.692296400272430112e+00
2.498085894179931987e+00 1.175284160469138151e+01 4.381595109185087544e+00
2.497325226140800769e+00 1.168593680551109060e+01 4.108034686714193917e+00
2.494986690277391173e+00 1.161863477915820475e+01 3.871952380823844742e+00
2.491096562194455188e+00 1.155203506213647024e+01 3.661694291364284926e+00
2.485668505580612919e+00 1.148481753196415767e+01 3.482487147930986904e+00
2.478750099201493473e+00 1.141744525834490531e+01 3.326626806995423014e+00
2.470355735381541518e+00 1.135069361893666162e+01 3.199055897124930770e+00
2.460589458433470433e+00 1.128551456814555110e+01 3.084629263657021614e+00
2.449516539963292328e+00 1.122206754544331453e+01 3.010510303183804748e+00
2.437430105633068500e+00 1.116316491042497461e+01 2.947483467169532911e+00
2.425106335267402713e+00 1.111400517188523729e+01 2.924181579469999459e+00
2.411440328150705525e+00 1.106766720533520854e+01 2.926114826510625377e+00
2.396408047653352025e+00 1.102101820918382558e+01 2.944009269199799661e+00
2.380236651672846371e+00 1.097372838580815824e+01 2.976008754212556617e+00
2.363098028789702987e+00 1.092523464428282587e+01 3.004682150691416975e+00
2.345134242776560018e+00 1.087556449872175435e+01 3.053868763390741758e+00
2.326436482904208791e+00 1.082483789234045801e+01 3.102619923178586703e+00
