1.548571920210248187e+01 2.202199547702227145e-01 3.633027699992281385e+06
1.518781201041580964e+01 2.286236825665687034e-01 3.035973228053340223e+06
1.488220601242904095e+01 2.374900502293247340e-01 2.521011472260516137e+06
1.462607716330777485e+01 2.468281655291378607e-01 2.099835042111712042e+06
1.441449341482185531e+01 2.566758431323363232e-01 1.747028800760924583e+06
1.416531372967990698e+01 2.670327608845788903e-01 1.456810019014923833e+06
1.397061678857816069e+01 2.779264040197538810e-01 1.208620772413182771e+06
1.378867505467659171e+01 2.893673743401476428e-01 1.005983165360091720e+06
1.361940151546517619e+01 3.013788688592764498e-01 8.353083699928586138e+05
1.347282156330984471e+01 3.139799248479135385e-01 6.862933901155928615e+05
1.333381422272186612e+01 3.271617774911260712e-01 5.759464264381679241e+05
1.320641420504380115e+01 3.409615102063974224e-01 4.780236795217836625e+05
1.309351812259539294e+01 3.553881950876482954e-01 3.959284023477328010e+05
1.299210108617089432e+01 3.704592680510888636e-01 3.290477952020931989e+05
1.290436041707835457e+01 3.861661869933170621e-01 2.730206622263225145e+05
1.282260703714691630e+01 4.025391659170002856e-01 2.262445406400775828e+05
1.275113395954249640e+01 4.195788454459160044e-01 1.865105553462573735e+05
1.268551440681859965e+01 4.373032913157774426e-01 1.563572121669698390e+05
1.263041869872100875e+01 4.557064173908003113e-01 1.298646577122936142e+05
1.258125925262325673e+01 4.748116406076168805e-01 1.080893718041002576e+05
1.253967221137603261e+01 4.946226112555917043e-01 8.972762343323598907e+04
1.250262875898291171e+01 5.150958321775506166e-01 7.485306302181522187e+04
1.247307136050632970e+01 5.362820665225358496e-01 6.241750265345525986e+04
1.244605162328208259e+01 5.581689815795548570e-01 5.194582272385099350e+04
1.242477717530989345e+01 5.807659022206713706e-01 4.337837512755615171e+04
1.240834843430553214e+01 6.040388712730005993e-01 3.622168045383780554e+04
1.239577340002018957e+01 6.280202758158935916e-01 3.031039608628010683e+04
1.238487921747357845e+01 6.526658056763265936e-01 2.546783234885572529e+04
1.237870085716066626e+01 6.779613369188589589e-01 2.125228314703995420e+04
1.237293291097904024e+01 7.039400836298280728e-01 1.784774552584584671e+04
1.237149249656232186e+01 7.305480624838780468e-01 1.498778632823929911e+04
1.236994418928798822e+01 7.577881715564258602e-01 1.262934338035333349e+04
1.237328286111851838e+01 7.856375453968836853e-01 1.062976708748215606e+04
1.237484583636554802e+01 8.140777694032144129e-01 8.949053284205141608e+03
1.238107888938232648e+01 8.430914946815190048e-01 7.561450722154264440e+03
1.238689445915171916e+01 8.726095473269235292e-01 6.389266062729609985e+03
1.239280729620659649e+01 9.026678449276123173e-01 5.394547826557441113e+03
1.239798074794247817e+01 9.331976101052023020e-01 4.579781155500056229e+03
1.240513089788032985e+01 9.642017537461294863e-01 3.887475787198212402e+03
1.241438368424835303e+01 9.955809430320115005e-01 3.307187089127877243e+03
1.242358168527601237e+01 1.027361570972773031e+00 2.812935501967070650e+03
1.242925379806363217e+01 1.059491494846125370e+00 2.399583252604999416e+03
1.243638290559331239e+01 1.091927990581735397e+00 2.046174971962638210e+03
1.244286814010077258e+01 1.124633768009045909e+00 1.749850152266130181e+03
1.244751648348395356e+01 1.157540744194955229e+00 1.499617429955090756e+03
1.245188432018706770e+01 1.190651344716006754e+00 1.286529321876824270e+03
1.245737469014050269e+01 1.223892995712882126e+00 1.103426119164948886e+03
1.246431575742168008e+01 1.257204877893863815e+00 9.498221098304102270e+02
1.246156566290237677e+01 1.290579256150353515e+00 8.184917303092494194e+02
1.246533947219709226e+01 1.323928892002842694e+00 7.067223790499579081e+02
1.246224780967572343e+01 1.357253860387598543e+00 6.106559967162121438e+02
1.246233636333754369e+01 1.390464802527771271e+00 5.249661777178945385e+02
1.245606667970933934e+01 1.423525897608072022e+00 4.588258903342447184e+02
1.245176509941819987e+01 1.456389728962996344e+00 3.987172354450574971e+02
1.244403735252476473e+01 1.489010738410922796e+00 3.468878286644080617e+02
1.243764273528559805e+01 1.521328484304719675e+00 3.023838270512689519e+02
1.242890083308256699e+01 1.553325032081590562e+00 2.641017816493487089e+02
1.241578370061818504e+01 1.584935274961977170e+00 2.299693558255767698e+02
1.240406045631551279e+01 1.616113040933097711e+00 2.023487601712808441e+02
1.238626876056155801e+01 1.646834696259630082e+00 1.775751021173893207e+02
1.236906350278832001e+01 1.677137669116134600e+00 1.559963392432381397e+02
1.235043750528463136e+01 1.707014264446208962e+00 1.373656974773782053e+02
1.232925167936965138e+01 1.736481283220246752e+00 1.210069530472429591e+02
1.230897532977732745e+01 1.765544589988520929e+00 1.066349291399211552e+02
1.228412902349701596e+01 1.794182115447802817e+00 9.417452049666491121e+01
1.225900752205959776e+01 1.822410781580008354e+00 8.323425585472894284e+01
1.223217305555972167e+01 1.850171403675164861e+00 7.367198896445516709e+01
1.220498367534472095e+01 1.877480032641335450e+00 6.525213161384192517e+01
1.217467077091249550e+01 1.904300117859455188e+00 5.785860205333801076e+01
1.214382809724431667e+01 1.930613605321223281e+00 5.132620390130814059e+01
1.211182526833952444e+01 1.956372227460609903e+00 4.539197693170162040e+01
1.207805612736777157e+01 1.981572129511605551e+00 4.058401985646163723e+01
1.204331312422476863e+01 2.006180240383272917e+00 3.609761998403811134e+01
1.200787684623562868e+01 2.030142769471280140e+00 3.220772303343458987e+01
1.197120127739819040e+01 2.053399345117042696e+00 2.875763816720544241e+01
1.193296968768512656e+01 2.075851099678642342e+00 2.574426598600252092e+01
1.189421067653048425e+01 2.097386881274231119e+00 2.305729116454959282e+01
1.185335448049688623e+01 2.117912000999177202e+00 2.073126001915592553e+01
1.181236174436197928e+01 2.137341859604901195e+00 1.867189536936811578e+01
1.176937274356652452e+01 2.155578379366311026e+00 1.686455493586313636e+01
1.172587488823632107e+01 2.172580492389100559e+00 1.526979401826402238e+01
1.168087905463411147e+01 2.188229713954963795e+00 1.387963693074332561e+01
1.163459675207989363e+01 2.202513899543562026e+00 1.264677686033701143e+01
1.158683051777609307e+01 2.215370968642796701e+00 1.156974570703743055e+01
1.153814820327812107e+01 2.226732371339773309e+00 1.058075041157213114e+01
1.148817416869205488e+01 2.236573311461633295e+00 9.778443387262235831e+00
1.143667837170671397e+01 2.244860215801748105e+00 9.013339794106805414e+00
1.138448599033574027e+01 2.251579405988173299e+00 8.394226495418479317e+00
1.133099921890008588e+01 2.256712171581186865e+00 7.821111857834865511e+00
1.127685711394664736e+01 2.260233597875421996e+00 7.298379802925038184e+00
1.122153188256492840e+01 2.262137546397675614e+00 6.880136095559229226e+00
1.116564828350462513e+01 2.262438888512571022e+00 6.495879057704028625e+00
1.110922257153232451e+01 2.261109766639250562e+00 6.165704345517997176e+00
1.105267303670160217e+01 2.258196322995104310e+00 5.885466198431474005e+00
1.099690222088812597e+01 2.253687025967597179e+00 5.631082500998799922e+00
1.094230924007681871e+01 2.247605873147660471e+00 5.453665564341201311e+00
1.088953894098833253e+01 2.240055263980937461e+00 5.307324731703138454e+00
1.084665821956401643e+01 2.231886643111855140e+00 5.223404916365933737e+00
1.081878697187596217e+01 2.223188590914134011e+00 5.240472544175153402e+00
1.078869292066110575e+01 2.212086965193515109e+00 5.289339721181885778e+00
