2.202893195004833604e-01 1.549047090583959729e+01 3.618585545228238683e+06
2.302738106457352107e-01 1.512213648157655044e+01 2.918317018208143767e+06
2.409158542654602775e-01 1.478913660791478613e+01 2.335468335745539982e+06
2.522277991539151332e-01 1.450131795809341106e+01 1.907163531503659673e+06
2.642701389902036846e-01 1.422636869990629549e+01 1.533357801831657998e+06
2.770565011033769842e-01 1.398907640958835152e+01 1.227997821350078797e+06
2.906169338710018479e-01 1.377296865325775599e+01 9.895083957671188982e+05
3.049831329558120863e-01 1.358051524500759122e+01 7.945044263952168403e+05
3.201787879304984763e-01 1.340606725927317200e+01 6.360241561182935257e+05
3.362267648962017907e-01 1.325939524167892003e+01 5.099469856008852366e+05
3.531530935563077511e-01 1.311676522473413264e+01 4.082721302830438945e+05
3.709879082951918483e-01 1.299735682027904282e+01 3.278566957716748002e+05
3.897278333512719795e-01 1.289250146032632927e+01 2.640503899557567202e+05
4.094136193913466282e-01 1.280225489105114889e+01 2.107016177863617486e+05
4.300565934187038919e-01 1.272287550540486656e+01 1.693719373215467203e+05
4.516706244970055684e-01 1.265372688636220033e+01 1.359807227710567240e+05
4.742722104098354152e-01 1.259859561485214030e+01 1.093570610977267934e+05
4.978198027998302910e-01 1.254955087930430402e+01 8.795670605472970055e+04
5.223920942873646611e-01 1.250743227345151709e+01 7.087740639174492389e+04
5.479538113171229519e-01 1.247405618374580705e+01 5.713262644013029785e+04
5.745314255553932714e-01 1.244418716490891619e+01 4.606658865661497111e+04
6.020573277808687340e-01 1.243186379005054754e+01 3.718726612337846746e+04
6.305923635526078375e-01 1.241609352922028719e+01 3.010364631474263660e+04
6.600981650935566769e-01 1.240422939638157018e+01 2.441496131656841317e+04
6.905400931325142988e-01 1.240054935520096713e+01 1.979889893771357674e+04
7.219163073877413739e-01 1.239735261828143287e+01 1.607574237512539730e+04
7.541992574591812604e-01 1.239909523090553023e+01 1.310940633117784273e+04
7.873639800447251869e-01 1.240298875694331571e+01 1.068658209239887947e+04
8.213791442346720650e-01 1.240787571338650608e+01 8.729658431696720072e+03
8.562043960594741820e-01 1.241640890084255489e+01 7.142267216395877767e+03
8.917734351730820519e-01 1.242248513951063060e+01 5.854349433968383892e+03
9.280756262936723511e-01 1.243388917968804463e+01 4.811047263629232475e+03
9.650386682672135175e-01 1.244572319780529135e+01 3.951405761864365104e+03
1.002636961393437387e+00 1.245748782285373757e+01 3.265047316438919097e+03
1.040743054458595163e+00 1.246877196569991852e+01 2.696145784990496395e+03
1.079382037635400637e+00 1.247870613093255443e+01 2.233495168934403864e+03
1.118412410341946606e+00 1.248931717900299354e+01 1.853933567031849861e+03
1.157818015614692442e+00 1.249854601511839469e+01 1.541678021595378141e+03
1.197501460272520690e+00 1.250609159074662458e+01 1.285128652365268863e+03
1.237380697227276283e+00 1.251257005787519638e+01 1.073875804420305485e+03
1.277416606717599379e+00 1.251866885823313424e+01 8.995375218893944975e+02
1.317475962062918171e+00 1.252186792497876588e+01 7.538183961729511111e+02
1.357526026481243653e+00 1.252604723046727564e+01 6.333308031551448494e+02
1.397489657339564539e+00 1.252521690148194189e+01 5.340006789522261670e+02
1.437272508628473666e+00 1.252209688089855355e+01 4.516037735367638675e+02
1.476798711551129628e+00 1.251805671603661985e+01 3.821258377426495940e+02
1.516027546235863444e+00 1.251302408610438377e+01 3.240870082282713156e+02
1.554845032147607720e+00 1.250358882130848670e+01 2.755702792125812266e+02
1.593210813252298630e+00 1.249298539367845251e+01 2.349882370273925005e+02
1.631032608618356416e+00 1.248076686999628215e+01 2.009051739975294879e+02
1.668249864530507720e+00 1.246528540446648492e+01 1.717950150935685656e+02
1.704788419407683220e+00 1.244472834373521941e+01 1.470028068170806534e+02
1.740572613801758761e+00 1.242435926148367287e+01 1.269124865341048150e+02
1.775544439621390191e+00 1.240118882174452608e+01 1.094504189791626487e+02
1.809641739142817896e+00 1.237498105552441174e+01 9.460143419153727962e+01
1.842804756521765341e+00 1.234644207381414382e+01 8.162102749839895921e+01
1.874975862481330191e+00 1.231590084048449363e+01 7.116713739467942901e+01
1.906108529572282384e+00 1.228237847852065912e+01 6.192188430873246574e+01
1.936144110619442360e+00 1.224629739030582165e+01 5.404912759745668183e+01
1.965051440006698069e+00 1.220830712499410176e+01 4.721461817237879899e+01
1.992785134720852946e+00 1.216728319238124456e+01 4.120957484279258409e+01
2.019312184171930813e+00 1.212445023657462961e+01 3.640984303979819003e+01
2.044600744139452253e+00 1.207897333221925784e+01 3.206895643491515102e+01
2.068628064993405236e+00 1.203150802433093958e+01 2.829802222561178127e+01
2.091376616342699446e+00 1.198303045360564667e+01 2.496140305556192374e+01
2.112826442154118745e+00 1.193173039903178001e+01 2.214973165269091027e+01
2.132969193532839647e+00 1.187846213860884781e+01 1.969772362974778090e+01
2.151798853475084261e+00 1.182243268058105734e+01 1.757301820074994936e+01
2.169309151729557517e+00 1.176609659835431820e+01 1.576506399998667796e+01
2.185509286327929068e+00 1.170682434645539871e+01 1.412685472065644099e+01
2.200400322329359337e+00 1.164719349766662582e+01 1.268665643767928053e+01
2.213994993252121457e+00 1.158609191922472625e+01 1.138842407059187956e+01
2.226308346076506961e+00 1.152319587070303619e+01 1.027595907418193732e+01
2.237354582065784303e+00 1.145844685582646783e+01 9.329372524600115568e+00
2.247156932317013300e+00 1.139265674510110671e+01 8.464804198355295739e+00
2.255736896054297169e+00 1.132619548118218944e+01 7.694213661094121193e+00
2.263122189064448175e+00 1.125895174791743258e+01 7.015038206815601640e+00
2.269338411628140317e+00 1.119088752775701856e+01 6.409963939931559551e+00
2.274348483956263323e+00 1.112170891171857612e+01 5.873552877025790764e+00
2.278039291150084189e+00 1.105336681820967470e+01 5.388625196006269213e+00
2.280223481509064065e+00 1.098425261166466882e+01 4.994558495056183212e+00
2.280666208789004390e+00 1.091603629275194365e+01 4.642013650469541730e+00
2.279010249266199661e+00 1.084866045368172927e+01 4.356653293777307923e+00
2.274267125867333927e+00 1.078852261505886290e+01 4.159806331994960971e+00
2.266901654349270601e+00 1.072498910893979129e+01 3.993934643088087100e+00
2.257888702792981039e+00 1.065760694527685004e+01 3.832325302910044584e+00
2.247651781625370937e+00 1.058878588553258027e+01 3.704994441158134144e+00
2.236372283443345932e+00 1.051804787076875947e+01 3.578413864980916070e+00
2.224259194968984499e+00 1.044585071074756577e+01 3.456872625582692038e+00
2.211393753696384579e+00 1.037363355108694130e+01 3.357974599842012076e+00
2.197923743957501674e+00 1.030063861590291374e+01 3.265015142689783989e+00
2.183907135443506231e+00 1.022779961193685949e+01 3.179385543021502780e+00
2.169430534965944180e+00 1.015559515716732086e+01 3.103034773940879898e+00
2.154547981428132974e+00 1.008358390933614857e+01 3.036650013733309894e+00
2.139281704538189999e+00 1.001228671558469507e+01 2.969504712119402257e+00
2.123726073032977002e+00 9.941774079966359423e+00 2.913760394932867648e+00
2.107915797306065819e+00 9.872254106930185458e+00 2.864781198782998750e+00
2.091884356728362260e+00 9.804156920399920594e+00 2.830926036690755154e+00
2.075692221478378396e+00 9.737024129810141204e+00 2.797769358776436288e+00
2.059366030325320729e+00 9.671899014999135957e+00 2.769814667844300971e+00
