1.549755905054318461e+01 2.203826758202902247e-01 3.631635684326889459e+06
1.517177621368446339e+01 2.285899770427815003e-01 3.028829093127506319e+06
1.490586361191461151e+01 2.372387958309637446e-01 2.535806449202608783e+06
1.465059353755153282e+01 2.463577077551136751e-01 2.124798740015999414e+06
1.441409063148968528e+01 2.559612203069232539e-01 1.774696344435359584e+06
1.419533147391665295e+01 2.660676765817758804e-01 1.484732311433354625e+06
1.399856996796136599e+01 2.766928549333557696e-01 1.237872331002723658e+06
1.382090500987601622e+01 2.878537007471524412e-01 1.035671261649786960e+06
1.368224654431351617e+01 2.995704180285860829e-01 8.614023945080304984e+05
1.350363955531480542e+01 3.118568879896803092e-01 7.183626447481007781e+05
1.336742159156178822e+01 3.247223760584573848e-01 5.984431765206237324e+05
1.325060770488236805e+01 3.381834698493316749e-01 4.985840167139738915e+05
1.313701944126241727e+01 3.522559348987963634e-01 4.147911087325226399e+05
1.303171977532263703e+01 3.669553081273178585e-01 3.461106615261849365e+05
1.294569584077008351e+01 3.822886710899117690e-01 2.882303071639101836e+05
1.286187464715013640e+01 3.982764961740840048e-01 2.403692390980357886e+05
1.279258994094554325e+01 4.149139087721334662e-01 1.997956899100883747e+05
1.272799936655690800e+01 4.322230832769207720e-01 1.672010247379037319e+05
1.267484551515950209e+01 4.502006177893287386e-01 1.391617514205628249e+05
1.262560835368745948e+01 4.688707773363688935e-01 1.163328660182237218e+05
1.258517995277987467e+01 4.882308532474514129e-01 9.688421283935736574e+04
1.254989121736496216e+01 5.082599571908597014e-01 8.081434270879038377e+04
1.252065729357659052e+01 5.290050241221466720e-01 6.760079829232217162e+04
1.249459066937011364e+01 5.504310805296266373e-01 5.667046734662124800e+04
1.247514475692263503e+01 5.725614644454380953e-01 4.741305586719596613e+04
1.246065090350011495e+01 5.953831082001198594e-01 3.968245278699380287e+04
1.244763452094906420e+01 6.188957032512550915e-01 3.325627040425157611e+04
1.243716420674136280e+01 6.430897141898759273e-01 2.793400841765351652e+04
1.243272915069375095e+01 6.679771840654820103e-01 2.349704468017706677e+04
1.243062999315153405e+01 6.935125154190691088e-01 1.973790544052218684e+04
1.243029852248245426e+01 7.196998147637814203e-01 1.663834085542888715e+04
1.243387667303482935e+01 7.465462399276225902e-01 1.387457133985625296e+04
1.243835362826123259e+01 7.740008808095022452e-01 1.170414569686419054e+04
1.244498841198989503e+01 8.020747086347466137e-01 9.999757646503463548e+03
1.245186287034950823e+01 8.307366096637549546e-01 8.451811363868755507e+03
1.245895467278699975e+01 8.599668768267881847e-01 7.158909423689708092e+03
1.246892267547206679e+01 8.897482522848670916e-01 6.074850568124618803e+03
1.247896361466142245e+01 9.200462113077663151e-01 5.154942519981065743e+03
1.249022116456328924e+01 9.508156896779254019e-01 4.384902898299978006e+03
1.250130895481137649e+01 9.820627960604662032e-01 3.733112019730818702e+03
1.251295266316925314e+01 1.013720569622034384e+00 3.151890182766040198e+03
1.252463197994499033e+01 1.045776311520343782e+00 2.714748382477332143e+03
1.253451399470733207e+01 1.078180308504932849e+00 2.323614563535256821e+03
1.254574311533091624e+01 1.110917377828124941e+00 1.989099419152811606e+03
1.255442157858737673e+01 1.143929957104431239e+00 1.705861992194779532e+03
1.256732321429821475e+01 1.177170958170433490e+00 1.455341882147011120e+03
1.257376023569400658e+01 1.210629355317945910e+00 1.259460521242891218e+03
1.258712263945486320e+01 1.244230062062904096e+00 1.075624838814775558e+03
1.259078124697499135e+01 1.277935679111418477e+00 9.293957961102563559e+02
1.259615204466258653e+01 1.311716786384370836e+00 8.084698469882123391e+02
1.260096108475966403e+01 1.345528284071952019e+00 6.994733547792727677e+02
1.260511433724305874e+01 1.379304078809351797e+00 6.060662116577491361e+02
1.260672469420584285e+01 1.413010463047010390e+00 5.261594329969873343e+02
1.260706105511545871e+01 1.446590281228081976e+00 4.580843623232124173e+02
1.260699650963658769e+01 1.480011270028047221e+00 3.984053413954659391e+02
1.260504565075578221e+01 1.513215901183950329e+00 3.474454711523599144e+02
1.260060264540486230e+01 1.546160076412538276e+00 3.036599507950695056e+02
1.259548695233200810e+01 1.578793840209900878e+00 2.655376082335445176e+02
1.258868493395682187e+01 1.611085058527127245e+00 2.327889316861854354e+02
1.258224352596870510e+01 1.642985507580903448e+00 2.042661290793361104e+02
1.256887978213960544e+01 1.674444512043031352e+00 1.798038731845749112e+02
1.255625249690385381e+01 1.705429337864043493e+00 1.574065210264320740e+02
1.254194849331363493e+01 1.735883947237283342e+00 1.396023622517486160e+02
1.252564802376054409e+01 1.765792167245820998e+00 1.233286596623896969e+02
1.250828469670961596e+01 1.795092440658464961e+00 1.093035283896841037e+02
1.248914455760360909e+01 1.823762580578154102e+00 9.683760206147555039e+01
1.246745410190669467e+01 1.851767049580050228e+00 8.603184606368701282e+01
1.244419240029900031e+01 1.879074149208189715e+00 7.648130895781423533e+01
1.241841628904364114e+01 1.905649448842130500e+00 6.820346199778835228e+01
1.239180806784498579e+01 1.931469679297755926e+00 6.054617244811089449e+01
1.236338161706673944e+01 1.956506441942702512e+00 5.438109585392179213e+01
1.233273255710285099e+01 1.980677633311196173e+00 4.872701832060781157e+01
1.230018493872424656e+01 2.003843528199895641e+00 4.375935961124679352e+01
1.226647653587756004e+01 2.025843230714572396e+00 3.940640169368898427e+01
1.223117572797990604e+01 2.046519022211022332e+00 3.557575890041091782e+01
1.219349659486026205e+01 2.065678265497532529e+00 3.224380128200245110e+01
1.215454030567572552e+01 2.083163139867306057e+00 2.933871700755770107e+01
1.211299260071129069e+01 2.098751524606545793e+00 2.682064295488084582e+01
1.207038472654108219e+01 2.112167253634452013e+00 2.467200310982744682e+01
1.202531359152681034e+01 2.123410672935774013e+00 2.281501180108498161e+01
1.197750255838218614e+01 2.132594403618971679e+00 2.111399717776514251e+01
1.192898302673757627e+01 2.139957147327568698e+00 1.977532692098794342e+01
1.187727304563468067e+01 2.145662650350782741e+00 1.843838689231819927e+01
1.182283639815876697e+01 2.149877667504508594e+00 1.739440636382519401e+01
1.176650477258662875e+01 2.152741241212457357e+00 1.635560382655867073e+01
1.170972952574418890e+01 2.154372178182223152e+00 1.537356599821468173e+01
1.164945034869686502e+01 2.154893998270951183e+00 1.458305319807780975e+01
1.158839377457460529e+01 2.154418636387223973e+00 1.380952941449250382e+01
1.152612999596130194e+01 2.153008584520828439e+00 1.305081876696447374e+01
1.146215699109821351e+01 2.150742447738740903e+00 1.243627344927359246e+01
1.139655390147038538e+01 2.147706635546065890e+00 1.182861651432252437e+01
1.133000778778509066e+01 2.143928856456727594e+00 1.125887699865308100e+01
1.126400079890858130e+01 2.139382589397305079e+00 1.071295034579663152e+01
1.119723864160283533e+01 2.134080080131413926e+00 1.027906748192585873e+01
1.113109867100578576e+01 2.127989779871547249e+00 9.858966401491715104e+00
1.106584707856974603e+01 2.121099727445106442e+00 9.461316340428187033e+00
1.100295729555082680e+01 2.113397156438562074e+00 9.180604488616747716e+00
1.094258037147711704e+01 2.104921096992596663e+00 8.930620410173503387e+00
1.089527260257235497e+01 2.096496573502076632e+00 8.795443570783390896e+00
1.086270491934458882e+01 2.088077449632045557e+00 8.781416349376462094e+00
