2.172189274775719880e-01 1.556993081941714330e+01 3.826850323553560767e+06
2.245096888921740697e-01 1.528942372609287759e+01 3.265062918275585864e+06
2.317215914863955672e-01 1.500210003815222315e+01 2.767298195583872963e+06
2.388048810253436960e-01 1.476103711685937192e+01 2.352035540457537398e+06
2.456063794008346568e-01 1.454470049251900754e+01 2.062072329987944337e+06
2.520667517524880497e-01 1.434477423734547408e+01 1.791750462298207218e+06
2.579638972869864877e-01 1.417366701552629671e+01 1.583030194314281223e+06
2.631416222970636154e-01 1.401888279047740582e+01 1.419082194897013018e+06
2.674234089125378522e-01 1.388857310173710324e+01 1.286896734013075475e+06
2.714735916088705237e-01 1.375536968452631115e+01 1.172056182388476096e+06
2.755811886479183626e-01 1.361660573580600619e+01 1.063355221086315112e+06
2.799509187883036931e-01 1.347866458005941581e+01 9.601649943127445877e+05
2.846832176567915540e-01 1.333087759169609576e+01 8.596200080481562763e+05
2.898366802568906331e-01 1.318477978720786403e+01 7.639772328816180816e+05
2.954807135898723791e-01 1.303109020134571594e+01 6.748829177831560373e+05
3.016629446740929921e-01 1.287555694305407528e+01 5.932188763765055919e+05
3.084329195325111184e-01 1.272610295712147277e+01 5.158582621059183730e+05
3.158368077882900971e-01 1.256439650919529960e+01 4.447278960297033191e+05
3.239111766522106417e-01 1.240777654169537847e+01 3.827074816980423057e+05
3.326964921317845936e-01 1.225844371682583400e+01 3.262686071868375293e+05
3.422244152304421694e-01 1.210928532402859403e+01 2.769085577127612196e+05
3.525278028490748117e-01 1.196893166944458642e+01 2.339380497952177539e+05
3.636341386973871992e-01 1.183069081359656671e+01 1.966781624449859373e+05
3.755599188828595558e-01 1.170495080305776270e+01 1.640500255488589464e+05
3.883432639715302948e-01 1.157996855916347556e+01 1.369779090368291072e+05
4.019848873118155308e-01 1.146583843277244519e+01 1.137001310610150394e+05
4.165069994000235587e-01 1.135988995200053786e+01 9.411932581174891675e+04
4.319284969535688301e-01 1.125767370886662277e+01 7.777177668395212095e+04
4.482571489677478760e-01 1.116547296837512171e+01 6.425719135297327011e+04
4.655047704593484603e-01 1.108052942645928063e+01 5.293740446269672975e+04
4.836757921519056480e-01 1.100203603978257050e+01 4.365920615286327666e+04
5.027627893627479860e-01 1.093350983984397828e+01 3.584139906499511562e+04
5.227837176120300189e-01 1.086924180737990753e+01 2.945011419718588877e+04
5.437059505736744347e-01 1.081428252021105685e+01 2.401848894514517087e+04
5.655722466707505669e-01 1.076121458279759580e+01 1.990840819269432177e+04
5.883233292790840396e-01 1.071852585312739592e+01 1.636564959961748355e+04
6.119726169000110350e-01 1.067982363380412458e+01 1.345477404727707835e+04
6.365016639207458082e-01 1.064608770457404852e+01 1.108307870438909231e+04
6.618813886836280025e-01 1.061738075827849848e+01 9.123308167939234409e+03
6.881086996000628231e-01 1.059064411634204461e+01 7.535902197683351915e+03
7.151655435419093099e-01 1.057048493328245442e+01 6.222368251532266186e+03
7.429911459864135814e-01 1.055144004299651073e+01 5.144928949527751683e+03
7.715518044642786233e-01 1.053771803943383745e+01 4.258826168328747372e+03
8.008632952442086284e-01 1.052516122561323542e+01 3.509436065639277786e+03
8.308177989800741292e-01 1.051624707694055516e+01 2.932751814049170207e+03
8.614230366264151728e-01 1.051248714484022884e+01 2.436040293310056313e+03
8.926354838916022993e-01 1.050183440389775491e+01 2.031221477852096086e+03
9.243789072906981596e-01 1.049870197116124437e+01 1.696187676210231984e+03
9.566021962563737713e-01 1.049603788925037406e+01 1.416442698730934126e+03
9.892661496158673406e-01 1.049322775135234487e+01 1.186665792797628683e+03
1.022314192591071924e+00 1.049088203573442435e+01 9.907620467809749698e+02
1.055671852451352866e+00 1.049132189235814394e+01 8.368935654674161242e+02
1.089298268284200955e+00 1.049043448772259168e+01 7.052031982487280857e+02
1.123121179730043329e+00 1.049120583768379333e+01 5.950006199018605457e+02
1.157074387501342727e+00 1.048989444841244634e+01 5.029554709142824436e+02
1.191101565984213018e+00 1.048733451653214743e+01 4.242281402527514160e+02
1.225124108488769847e+00 1.048488229334390098e+01 3.620491016977748018e+02
1.259074988902364023e+00 1.048345266248862018e+01 3.069408337482582851e+02
1.292906412002023053e+00 1.048114324813306197e+01 2.626656005790259201e+02
1.326526018402237383e+00 1.047628026281420510e+01 2.245535289347194521e+02
1.359886407138931386e+00 1.047178792098462630e+01 1.923875190440599567e+02
1.392919530792944061e+00 1.046668555392798261e+01 1.643506772693376661e+02
1.425557506433017485e+00 1.045725872470610440e+01 1.420153778905307149e+02
1.457742358735047761e+00 1.044803692467950640e+01 1.220250249855996572e+02
1.489413890317726086e+00 1.043793372649776074e+01 1.058825003788637531e+02
1.520515159872302569e+00 1.042574252281450420e+01 9.173154895499462214e+01
1.550986114265613613e+00 1.041251062443222963e+01 7.962528712919592522e+01
1.580777927520587767e+00 1.039697787045600919e+01 6.924169545204311760e+01
1.609837479743308153e+00 1.038058280879049811e+01 6.039763836062041236e+01
1.638094856721871162e+00 1.036240368656704547e+01 5.262391502793992970e+01
1.665439587266600796e+00 1.034295467592512807e+01 4.628273780192757414e+01
1.691760818344998141e+00 1.032205883327336871e+01 4.068472611896253710e+01
1.716955338354068550e+00 1.029888344844109049e+01 3.576247789776114416e+01
1.740925266493181356e+00 1.027359403568222262e+01 3.173954281339114303e+01
1.763597436968644905e+00 1.024649411292153189e+01 2.817267157350790185e+01
1.784888242396941438e+00 1.021794142374111125e+01 2.509274850547350155e+01
1.804728818458806394e+00 1.018699583603728698e+01 2.236447475035167187e+01
1.823052598353489984e+00 1.015458606447173828e+01 2.013957119330335743e+01
1.839844963856930082e+00 1.011999574506004507e+01 1.814157053239122419e+01
1.855035716928455036e+00 1.008335557637555269e+01 1.637243235168712019e+01
1.868621011624865158e+00 1.004455230033862634e+01 1.491016782815720809e+01
1.880562564541188975e+00 1.000405877939418531e+01 1.358481591811334432e+01
1.890872631136754300e+00 9.962109039040472069e+00 1.242059396626174461e+01
1.899531442352326627e+00 9.917755583279941334e+00 1.144709312864177342e+01
1.906552609417833111e+00 9.872116382600124140e+00 1.057782732494628242e+01
1.911938303152509677e+00 9.824961626402071602e+00 9.789707986841817089e+00
1.915732751613645757e+00 9.776439190002701451e+00 9.143694863109075754e+00
1.917940371391438914e+00 9.726013952709077870e+00 8.541797760935327943e+00
1.918587419520909165e+00 9.674852339273384061e+00 8.031515781729741121e+00
1.917742674018664273e+00 9.623196439447312400e+00 7.607655707930531364e+00
1.915412144332476974e+00 9.569834639219429562e+00 7.210681423828836145e+00
1.911683283101558883e+00 9.516656772550939891e+00 6.895006347994962148e+00
1.906587233136314508e+00 9.463228566543122611e+00 6.599488505733646981e+00
1.900224078817065010e+00 9.408801149635083405e+00 6.355603941737110851e+00
1.892819227460282638e+00 9.352931463297093018e+00 6.134161707500888738e+00
1.884531723604360165e+00 9.295400758163852473e+00 5.930569329827926062e+00
1.875564875621611449e+00 9.234828882694090524e+00 5.733095946983760349e+00
1.866051825245168994e+00 9.173175041819213504e+00 5.544342948249274095e+00
1.856132879159851923e+00 9.110300553323018136e+00 5.358338640796152852e+00
1.846009668062876363e+00 9.048112910635426331e+00 5.194986205263011136e+00
