2.204755049696771052e-01 1.547386563175121310e+01 3.600801311118089594e+06
2.282353374752201791e-01 1.518177511530474888e+01 3.050195234615576919e+06
2.363844268770033397e-01 1.492374949526569416e+01 2.583595826531516388e+06
2.449653756722033338e-01 1.468433599939954526e+01 2.178852395445932634e+06
2.539723786624032420e-01 1.445744689355028179e+01 1.843986390536773484e+06
2.634448349471124606e-01 1.424955385837544064e+01 1.557605408535901690e+06
2.733748832168869103e-01 1.405700555974500432e+01 1.297548430476751179e+06
2.837795417397008246e-01 1.388925748815334593e+01 1.105387106941347010e+06
2.946894074933797958e-01 1.372515189160480276e+01 9.307735753048229963e+05
3.061109206423973661e-01 1.357770662276385032e+01 7.858361459364842158e+05
3.180659314557296447e-01 1.344423186228763534e+01 6.578696879552231403e+05
3.305433453423748391e-01 1.332563101242313763e+01 5.551600744990041712e+05
3.435589574119132794e-01 1.321075289268805975e+01 4.676775881463353289e+05
3.571435058267773410e-01 1.311107733853185842e+01 3.923358627337713260e+05
3.713185226207294520e-01 1.301939933438310604e+01 3.299957099449337693e+05
3.860531976886826255e-01 1.293609540931906032e+01 2.777905946199182072e+05
4.013773725220159960e-01 1.286207235192695109e+01 2.337776910082029644e+05
4.173218689747374976e-01 1.279932483814771693e+01 1.962352604646014806e+05
4.338649261727867690e-01 1.274125236976352227e+01 1.655300669233023364e+05
4.510138703627014078e-01 1.268982187002102258e+01 1.392599154548010847e+05
4.687958218769499585e-01 1.264616024422925200e+01 1.171757454601663485e+05
4.872239796777453336e-01 1.260763107666868521e+01 9.863100919575794251e+04
5.062480554214853212e-01 1.257386747421631945e+01 8.327508297065096849e+04
5.259253501267492359e-01 1.254349289193893213e+01 7.042446877570712240e+04
5.462427822451783044e-01 1.252298016423438831e+01 5.926329947266688396e+04
5.671970102173194972e-01 1.250293497081570493e+01 4.954071647788597329e+04
5.887839465335431566e-01 1.248759174370218084e+01 4.236698083898181358e+04
6.110166721760925679e-01 1.247825045284485768e+01 3.579307743791653047e+04
6.338638347816100138e-01 1.246932290417605671e+01 3.035214083269281400e+04
6.573464930574647314e-01 1.246515636610942401e+01 2.568619333833068595e+04
6.814699221090090298e-01 1.246205874938877223e+01 2.179767629490614490e+04
7.061594724029728321e-01 1.246383878157415026e+01 1.851635816948389038e+04
7.314690349700350147e-01 1.246505260999874487e+01 1.573124653716631474e+04
7.573748162506048764e-01 1.247042367425841469e+01 1.337462056648678845e+04
7.838357517806864294e-01 1.247887380359701659e+01 1.139313871708406077e+04
8.108728337052981683e-01 1.248534174834396104e+01 9.709356589312108554e+03
8.384499130505851383e-01 1.249407751956393753e+01 8.287303161822590482e+03
8.665506775633274872e-01 1.250581824564914513e+01 7.060552292392633717e+03
8.951560345948942343e-01 1.251890445577819833e+01 5.998209753157614614e+03
9.242492976916452108e-01 1.252759961081609497e+01 5.180379189193674392e+03
9.538018317799827894e-01 1.254039792993782321e+01 4.444043497939937879e+03
9.837783040373998533e-01 1.255394060538060685e+01 3.814012075113432275e+03
1.014168820389257375e+00 1.256723059624924943e+01 3.273930386075309798e+03
1.044926486371894336e+00 1.257958692296136682e+01 2.819393279118119608e+03
1.076026928917267922e+00 1.259202522949319203e+01 2.409356470218268441e+03
1.107432864976243936e+00 1.260451259790900380e+01 2.094972412521971819e+03
1.139148045107981400e+00 1.261766054334838572e+01 1.808631573203254902e+03
1.171082521483603145e+00 1.262936496457580660e+01 1.564544805671153881e+03
1.203249670392436022e+00 1.264116498585250170e+01 1.354243350869580127e+03
1.235582457928321221e+00 1.265088176076117676e+01 1.173905494973060968e+03
1.268052796022568929e+00 1.266439514300400049e+01 1.020089681153130186e+03
1.300629665096608045e+00 1.267009003429589775e+01 8.867699609823240507e+02
1.333260586326971531e+00 1.267745203197976167e+01 7.728026712165542449e+02
1.365921549702538318e+00 1.268359435972733884e+01 6.687537849775413861e+02
1.398562411063414501e+00 1.269125951603226099e+01 5.881559686540063012e+02
1.431132576299268155e+00 1.269350024559928336e+01 5.107634359388845269e+02
1.463612889296077579e+00 1.270086561655218027e+01 4.502818734321091370e+02
1.495943135390545020e+00 1.269855422782273102e+01 3.951545128923832522e+02
1.528095818545371243e+00 1.269861434163824576e+01 3.469900854302143784e+02
1.560029450028194375e+00 1.269717166313754575e+01 3.028946866030224783e+02
1.591691278885103644e+00 1.269741218783513226e+01 2.687740763989953621e+02
1.623060787049697362e+00 1.269056706581000427e+01 2.368358301382689888e+02
1.654100270175378418e+00 1.268815726070284455e+01 2.093222504561025517e+02
1.684742967945195957e+00 1.267936309668145789e+01 1.852507131665266229e+02
1.714985865308105373e+00 1.266873995400641206e+01 1.641762944029351559e+02
1.744770759967831930e+00 1.265839891999781308e+01 1.456359573597595158e+02
1.774071068392007122e+00 1.264844622308908129e+01 1.293481094202547865e+02
1.802861342263397004e+00 1.263430314803463794e+01 1.150825547192239924e+02
1.831089827680832061e+00 1.261564368681245973e+01 1.024050781932933489e+02
1.858738947693985066e+00 1.259930808410492098e+01 9.161151164814404524e+01
1.885776940451850292e+00 1.258120660004562374e+01 8.189693192663072807e+01
1.912177734072576740e+00 1.256126500281455449e+01 7.333057216740135686e+01
1.937915081770086534e+00 1.253680410330736095e+01 6.556681590703325924e+01
1.962960767805537854e+00 1.251344867304776542e+01 5.903457266538182324e+01
1.987299411617746259e+00 1.248822718205277305e+01 5.309786810391329226e+01
2.010903883743531129e+00 1.246043967133404706e+01 4.781853058569958392e+01
2.033756527237926548e+00 1.243270094509096424e+01 4.315269940374957969e+01
2.055841251447585005e+00 1.240202617582498057e+01 3.898843238701714142e+01
2.077112302444742209e+00 1.237019973820123653e+01 3.530337598678067934e+01
2.097445564278222374e+00 1.233732086866048405e+01 3.185470586900780532e+01
2.116692657988193282e+00 1.230205097019023164e+01 2.909110618943699933e+01
2.134691347428995023e+00 1.226625373434857202e+01 2.650954657221791777e+01
2.151253243901634971e+00 1.222901817428155802e+01 2.424881211574375328e+01
2.166162998759657565e+00 1.218983586178183032e+01 2.219631916854588027e+01
2.179114948386584594e+00 1.214994249923794989e+01 2.056894239674278069e+01
2.189726972211623046e+00 1.210725952148624884e+01 1.911637668396182832e+01
2.196524674773654429e+00 1.206861566503214256e+01 1.796877715351849858e+01
2.191064062554077374e+00 1.205569529502941784e+01 1.811346145577506306e+01
2.182000569690056846e+00 1.203656055952606430e+01 1.841292469358029038e+01
2.170913701062271439e+00 1.201295743846375963e+01 1.872373234140142984e+01
2.158279555419753137e+00 1.198346415775024454e+01 1.906090185236330825e+01
2.144403393611942210e+00 1.195213081750349460e+01 1.940586986034266559e+01
2.129432685176479101e+00 1.191660978749926691e+01 1.979160847497016817e+01
2.113443892720881845e+00 1.187700918906625702e+01 2.020617114629515498e+01
2.096538339532507234e+00 1.183393120219161432e+01 2.053683650650584269e+01
2.078785288243782059e+00 1.178800578693252099e+01 2.102201476040217543e+01
2.060269002334830013e+00 1.173765222920749807e+01 2.147986777655287582e+01
2.041031037176722407e+00 1.168430087741973544e+01 2.190885458890164017e+01
2.021185800114864151e+00 1.162791577107643270e+01 2.233199965637966855e+01
2.000799437090231780e+00 1.156733239093174070e+01 2.267209330108784471e+01
