1.550056319850616404e+01 2.205266111973948062e-01 3.623896564265647903e+06
1.521062845388350659e+01 2.279620773368879194e-01 3.083134926306365989e+06
1.494460128193759552e+01 2.357665850742012570e-01 2.616821992176855449e+06
1.471221661642493217e+01 2.439619700667043367e-01 2.223199756133891642e+06
1.449007782433955782e+01 2.525587726586563941e-01 1.893240577505481662e+06
1.429034287055206853e+01 2.615720025062564513e-01 1.606598065177907702e+06
1.410526771776617672e+01 2.710154742165908348e-01 1.364955187434148509e+06
1.393023820775872856e+01 2.809006808719258785e-01 1.162031379583423259e+06
1.377713443950130490e+01 2.912441591288836285e-01 9.826486961117219180e+05
1.363404366969274761e+01 3.020582806551965205e-01 8.338173277901315596e+05
1.350273457329371141e+01 3.133547743885556347e-01 7.068235118533117929e+05
1.337684856164901426e+01 3.251499311424443373e-01 5.991658188145841705e+05
1.326531642631745989e+01 3.374404904623784507e-01 5.065268586274322006e+05
1.316625556318171775e+01 3.502484888770355242e-01 4.292812924292900716e+05
1.307354503245004018e+01 3.635629035136276332e-01 3.639804734207227011e+05
1.298302975635931844e+01 3.774352661781688045e-01 3.075803313815232832e+05
1.291155576161018459e+01 3.918584953668014514e-01 2.606588410320992989e+05
1.284390310921798140e+01 4.068034026281913129e-01 2.209168142004502297e+05
1.278510419631050787e+01 4.223326138274852148e-01 1.867835758470635628e+05
1.273156380586528869e+01 4.384313036666213637e-01 1.571538557783213037e+05
1.268712128602559019e+01 4.550846051559740979e-01 1.343512967960241076e+05
1.264506169627844301e+01 4.723379423400346222e-01 1.125586935236685385e+05
1.260890038834336657e+01 4.901739141153714230e-01 9.663638302388606826e+04
1.257743078682132420e+01 5.085957715546423064e-01 8.207684897380579787e+04
1.255318091211423948e+01 5.276012217673520244e-01 6.953948051880137064e+04
1.253634178321462045e+01 5.472123770048153979e-01 5.903079457246264064e+04
1.251417219391827729e+01 5.674072399948439926e-01 5.032341732288539060e+04
1.250085517984234684e+01 5.882130442809968551e-01 4.274309171883937233e+04
1.249164025615824691e+01 6.095946657041806382e-01 3.642803191428776336e+04
1.248290276977971658e+01 6.315742568051048167e-01 3.108812524896111427e+04
1.248081602362925580e+01 6.541147109992561104e-01 2.642454268528139801e+04
1.247820737750887687e+01 6.772545161781149403e-01 2.258198705967958449e+04
1.247762597848544175e+01 7.009752463525392718e-01 1.932142084488248292e+04
1.248032746389100645e+01 7.252382532355159395e-01 1.650340366875589461e+04
1.248648513372108049e+01 7.500621193516191498e-01 1.410839096093510125e+04
1.249305178162937224e+01 7.754299001528094371e-01 1.209097404558923881e+04
1.250029701137430393e+01 8.013251874959052001e-01 1.036366287449785705e+04
1.251090125476874171e+01 8.277381152399257980e-01 8.891474315220842982e+03
1.252048356400238127e+01 8.546495847242343569e-01 7.636792921927102725e+03
1.253180188420877172e+01 8.820423063788566109e-01 6.571884547337527692e+03
1.254162845671972626e+01 9.098983764313716138e-01 5.659200690730280257e+03
1.255591249879154958e+01 9.382002472959923844e-01 4.873707068475402593e+03
1.256969944517837945e+01 9.669299889491999034e-01 4.205347960553841403e+03
1.258161783625471486e+01 9.960610628517270193e-01 3.632349736814248445e+03
1.259438078498738456e+01 1.025556098091316981e+00 3.140717934570218404e+03
1.261017920202627174e+01 1.055374990128092660e+00 2.720109558929555988e+03
1.262379516604304364e+01 1.085546739044118913e+00 2.357555938304511528e+03
1.263734464897582654e+01 1.116009423129280309e+00 2.027451033339406649e+03
1.264978380582960504e+01 1.146716231817890508e+00 1.761168767425670467e+03
1.266140277527292746e+01 1.177665787902988814e+00 1.545561860210672194e+03
1.267207961378361070e+01 1.208817968196928661e+00 1.346482822125099574e+03
1.269142309820514036e+01 1.240120727289091063e+00 1.173208092554668383e+03
1.269488930695335327e+01 1.271576351512345937e+00 1.024353177966575913e+03
1.270399089400689085e+01 1.303141450086360065e+00 8.879499642432793962e+02
1.271681428956476978e+01 1.334743452980212020e+00 7.835934052620135617e+02
1.272085281306598503e+01 1.366387860356642170e+00 6.873362599854574455e+02
1.272886877105705850e+01 1.398036271576475587e+00 6.028094815351729494e+02
1.273229337780887960e+01 1.429639432455066750e+00 5.299724618854129403e+02
1.273682155598307375e+01 1.461160943321115679e+00 4.664137486520325524e+02
1.274086436386183152e+01 1.492564922498792246e+00 4.078402943597321837e+02
1.274315166763122775e+01 1.523817971339045396e+00 3.622776598489844559e+02
1.274538076550720511e+01 1.554887734147095468e+00 3.200596019179221230e+02
1.274502510530441945e+01 1.585736231451524425e+00 2.833713596853979197e+02
1.274197674132768299e+01 1.616316731619144020e+00 2.509075996819645127e+02
1.273621633181181423e+01 1.646619349953797107e+00 2.224974185078433493e+02
1.273073227922256656e+01 1.676591486400413666e+00 1.976296920206307277e+02
1.272663251894686631e+01 1.706190325490421822e+00 1.757438207129802663e+02
1.271815826656390236e+01 1.735407689619988592e+00 1.565421537561388732e+02
1.270601340968949877e+01 1.764198963767746431e+00 1.395890379534627925e+02
1.269382134626603609e+01 1.792528403443692131e+00 1.246955497566386413e+02
1.268095019118216626e+01 1.820378124077917104e+00 1.114825839054991690e+02
1.266736389929221218e+01 1.847705893124927945e+00 9.977617582476865721e+01
1.265189211078428499e+01 1.874491370318507766e+00 8.959919765364661259e+01
1.263317925768311589e+01 1.900708890061354017e+00 8.045126698622367201e+01
1.261472862596896682e+01 1.926334243158775106e+00 7.242964465329495738e+01
1.259376703471555814e+01 1.951345510604505229e+00 6.490253149400909649e+01
1.257178285868692491e+01 1.975717295141486973e+00 5.873614059279172039e+01
1.254800942434434852e+01 1.999432000807394694e+00 5.304518078958824390e+01
1.252357909816529613e+01 2.022469284222512265e+00 4.798023466651110169e+01
1.249650649408836500e+01 2.044810475917499648e+00 4.343313727525050894e+01
1.246899486884256447e+01 2.066441106724312693e+00 3.936543689081945274e+01
1.243952368068078407e+01 2.087274977119887520e+00 3.575285269992090065e+01
1.240884382474254011e+01 2.107113950481782183e+00 3.259452269163815430e+01
1.237658768148435762e+01 2.125698874803108929e+00 2.975390067896754687e+01
1.234284969496152762e+01 2.142655229987835863e+00 2.728730827870756670e+01
1.230816709195303993e+01 2.157259649024227066e+00 2.520478845104409160e+01
1.228138877584995647e+01 2.162700296161359059e+00 2.414655618684574279e+01
1.225779595181373693e+01 2.158889770445396206e+00 2.396081371769775359e+01
1.223262918917065889e+01 2.151690015172861070e+00 2.402908126151497470e+01
1.220506776559148321e+01 2.142374131161377981e+00 2.418862716170839633e+01
1.217421546067610905e+01 2.131399947507339743e+00 2.444717316824516828e+01
1.213915721732403341e+01 2.119109986040311089e+00 2.470927574515994252e+01
1.210085321449688855e+01 2.105738150457830304e+00 2.505228586277073433e+01
1.205958674716177903e+01 2.091465216127512683e+00 2.536379768457034345e+01
1.201565761835556145e+01 2.076476146173478199e+00 2.570847956647987687e+01
1.197045074222607752e+01 2.060998642375973855e+00 2.606893228867586032e+01
1.192233552686777998e+01 2.045201831592205810e+00 2.631249591511019048e+01
1.187459666047189977e+01 2.029293507239031680e+00 2.665087458365789885e+01
1.182699738785208687e+01 2.013516985585556363e+00 2.704173539673106674e+01
1.178106907270720072e+01 1.998249371885277403e+00 2.741760635043322125e+01
