2.214863490286156367e-01 1.547030669163580185e+01 3.565917357215635944e+06
2.306749740629637502e-01 1.511850882540245600e+01 2.907141151402417105e+06
2.404841188086009052e-01 1.482347097847405415e+01 2.396151143850365188e+06
2.509321692981200669e-01 1.455325455667888868e+01 1.970313112046275986e+06
2.620590568187841085e-01 1.431179901586050285e+01 1.614921767709884793e+06
2.738932991829016728e-01 1.409248189253666972e+01 1.320924022116997046e+06
2.864577742585583398e-01 1.389135167261640369e+01 1.081639151744643692e+06
2.997902807982888440e-01 1.371102974892141013e+01 8.814825753726334078e+05
3.139171068515025365e-01 1.354912829411976638e+01 7.179717250868268311e+05
3.288501190600242041e-01 1.340517801628127614e+01 5.859243411378985038e+05
3.446307692961240732e-01 1.327825972529413967e+01 4.773124322128220811e+05
3.612787818846517895e-01 1.317041222129585520e+01 3.885834400937684113e+05
3.788236809664795035e-01 1.306842292742677358e+01 3.159269467389985803e+05
3.972824383328039111e-01 1.298538836331278290e+01 2.574150288819032139e+05
4.166807554713625739e-01 1.291457837764838779e+01 2.095064532060828060e+05
4.370486113229336556e-01 1.285401111153776199e+01 1.706361351162181527e+05
4.583749837164904917e-01 1.280499557016777601e+01 1.389488690437105543e+05
4.807083139987283205e-01 1.276574135606408333e+01 1.130989771274410741e+05
5.040576087972337138e-01 1.273639808891227254e+01 9.222002676419512136e+04
5.284252153091096860e-01 1.271265703995441854e+01 7.520895921093058132e+04
5.538214385861649491e-01 1.269809451913422649e+01 6.139961597161552345e+04
5.802754326115641126e-01 1.269063124762232952e+01 5.015431076477211172e+04
6.077759605547944366e-01 1.268904232202050508e+01 4.108491350958000112e+04
6.363447529273245085e-01 1.269396974968180736e+01 3.356805595819914743e+04
6.659541402761818274e-01 1.269932335090401310e+01 2.752433960694505367e+04
6.966026484203515778e-01 1.271579617625849146e+01 2.262661208857730890e+04
7.283239455034683507e-01 1.273369515209265757e+01 1.857180086933672283e+04
7.610533720598968710e-01 1.275632639331964846e+01 1.527639865587779786e+04
7.948387921763397923e-01 1.278498199930347390e+01 1.256605946351838429e+04
8.296006210310589157e-01 1.280871875490885259e+01 1.039127756922760454e+04
8.653480001781196362e-01 1.283935712818903596e+01 8.572596211074274834e+03
9.020363933206833051e-01 1.287155281355266112e+01 7.098104235886381502e+03
9.396711665744905684e-01 1.290453663169519238e+01 5.871143589271650853e+03
9.781910221876158884e-01 1.293964323928955018e+01 4.884496816385778402e+03
1.017574452344020886e+00 1.297493207545902294e+01 4.052508652648904445e+03
1.057755002139991074e+00 1.301347246296214522e+01 3.374224076556215095e+03
1.098711864882619960e+00 1.305070116431521221e+01 2.815854073285669529e+03
1.140380324574259197e+00 1.308943703815485549e+01 2.336415582728896425e+03
1.182711399356078275e+00 1.312700572813263022e+01 1.968561943965456294e+03
1.225646423625506909e+00 1.316350414561572002e+01 1.651247619628845769e+03
1.269125353363959929e+00 1.320025396752220637e+01 1.387553346901148188e+03
1.313087761953705801e+00 1.323675736069704456e+01 1.167013389006563102e+03
1.357461002292251973e+00 1.327143562107112018e+01 9.842696105916390934e+02
1.402163652140304029e+00 1.330545369959273039e+01 8.322174724304968549e+02
1.447153748449568678e+00 1.334347495540513151e+01 7.038714226524765536e+02
1.492323085716961595e+00 1.336892638416981427e+01 5.971026782141447029e+02
1.537613053255981965e+00 1.339980388607187578e+01 5.076520622388730430e+02
1.582929435973091437e+00 1.342602238483210364e+01 4.326167682745698357e+02
1.628227802184576856e+00 1.345227693536664226e+01 3.689825750731261564e+02
1.673391354377558038e+00 1.347715884567903188e+01 3.153491804517608443e+02
1.718379474534965645e+00 1.349718613383411103e+01 2.702767549368797404e+02
1.763074821392758951e+00 1.351616257123991005e+01 2.318606318221890206e+02
1.807438528284541546e+00 1.353275823905760866e+01 1.997403864152659594e+02
1.851355325949961106e+00 1.354777239553434498e+01 1.722888141030394422e+02
1.894759027940291496e+00 1.355886299255007899e+01 1.487776133734762425e+02
1.937592759392363195e+00 1.357109333828955577e+01 1.288803679393415109e+02
1.979776791877156494e+00 1.357403392509519868e+01 1.118697454839136753e+02
2.021236327493692198e+00 1.358125643502740409e+01 9.731268672448784685e+01
2.061907949224034642e+00 1.358078630650460283e+01 8.478131310095278650e+01
2.101733126475672453e+00 1.357955806411376720e+01 7.405456677269161503e+01
2.140642288869263332e+00 1.357604811231867892e+01 6.479490827529376418e+01
2.178582874212236398e+00 1.357000347246434302e+01 5.683913609098120645e+01
2.215505368235941575e+00 1.355953354137520961e+01 4.994349346327217631e+01
2.251355575963755129e+00 1.354711152755110248e+01 4.406017377998989559e+01
2.286091527190543538e+00 1.353312475457758524e+01 3.890237680059259162e+01
2.319677109194777653e+00 1.351617252828020987e+01 3.440687675168281601e+01
2.352072090824321116e+00 1.349678607667807206e+01 3.034452306208820005e+01
2.383239491168624991e+00 1.347399816280018747e+01 2.710849941503625971e+01
2.413113979017571076e+00 1.344959068711481898e+01 2.413755922442115320e+01
2.441600270369648218e+00 1.342270414900134945e+01 2.154638064449511958e+01
2.468607022425825193e+00 1.339285028242845144e+01 1.928748296794590900e+01
2.494054783001301789e+00 1.336062530170888785e+01 1.732401060510246538e+01
2.517866262725751092e+00 1.332553979646725040e+01 1.560737010098473831e+01
2.539989447293826696e+00 1.328872739003984194e+01 1.409034212897079996e+01
2.560358228649435297e+00 1.324946281994259500e+01 1.277166283077496445e+01
2.578923429391368316e+00 1.320722303169893230e+01 1.162080065753445801e+01
2.595696470405255862e+00 1.316341299118291808e+01 1.058637288915369723e+01
2.610608872956050153e+00 1.311725460576811564e+01 9.696410861357003697e+00
2.623656457950109377e+00 1.306867324635719818e+01 8.903312461753037255e+00
2.634840553259107931e+00 1.301807008532273358e+01 8.203148335550602965e+00
2.644174899950616719e+00 1.296496043870182113e+01 7.585295378214707007e+00
2.651679895702250267e+00 1.291024133100600935e+01 7.047347417712540363e+00
2.657328061804926200e+00 1.285236057938329779e+01 6.572126512810917198e+00
2.661205602894663347e+00 1.279423245989664970e+01 6.140215049938292147e+00
2.663292713915313303e+00 1.273369659283229893e+01 5.729788756746063250e+00
2.663662939867358137e+00 1.267237325267676873e+01 5.418748362592625156e+00
2.662359970476167792e+00 1.260967783429523514e+01 5.143833400700433600e+00
2.659411984511439897e+00 1.254552392431130059e+01 4.888258417681826451e+00
2.654870893339169591e+00 1.248053142444633146e+01 4.658840476133680575e+00
2.648842463260654867e+00 1.241493432137267661e+01 4.465159309961030942e+00
2.641348802722971012e+00 1.234867193628823756e+01 4.294382126665134969e+00
2.632477903449701007e+00 1.228274233645100111e+01 4.146065984838770646e+00
2.622326335432374478e+00 1.221650549388043139e+01 4.021894435306277771e+00
2.610977656302067018e+00 1.215128683035261226e+01 3.921702696651365727e+00
2.598570324084155114e+00 1.208702417737961632e+01 3.839746669794664058e+00
2.585346191796865423e+00 1.202613238138339824e+01 3.783406044769932031e+00
2.573810864036762514e+00 1.198350036866268198e+01 3.774001645315526510e+00
2.561978106400652599e+00 1.194875932943479491e+01 3.784718135859646448e+00
2.549618781013604174e+00 1.191748096720803396e+01 3.826913381636223299e+00
2.536816717364228868e+00 1.188831393691776128e+01 3.889347699568002081e+00
