2.237109633407137199e-01 1.537582475876111054e+01 3.393140491405823734e+06
2.329715675744824244e-01 1.509993353234618318e+01 2.837541902494573500e+06
2.429024969525190314e-01 1.480215519317904338e+01 2.327455138955246657e+06
2.535435480052289359e-01 1.454531509553504343e+01 1.909012275700902799e+06
2.649231530496914400e-01 1.431446331223705748e+01 1.572800002873635385e+06
2.770772092107814388e-01 1.409998157864043122e+01 1.289376670000982005e+06
2.900367426308523289e-01 1.392025459011258981e+01 1.054582702091129031e+06
3.038445287528995231e-01 1.374757288819370871e+01 8.571777120436162222e+05
3.185112390141412453e-01 1.359896380837377095e+01 6.991728996321458835e+05
3.340829440122744520e-01 1.348160621070020149e+01 5.748289108117533615e+05
3.505871816026862042e-01 1.335999473594266540e+01 4.687827548701186315e+05
3.680668396215587279e-01 1.327021585148541938e+01 3.820010406052491162e+05
3.865405559161367299e-01 1.318449088178507367e+01 3.115761088917971938e+05
4.060517184267907198e-01 1.311234467427055783e+01 2.534763859853478789e+05
4.266328431666967513e-01 1.306034524967851063e+01 2.061160336836166389e+05
4.482851760303178668e-01 1.301971083337322987e+01 1.681266163744083024e+05
4.710626895359602551e-01 1.298651695889905433e+01 1.368992106863315275e+05
4.949915185456355560e-01 1.296579330879707648e+01 1.115083087289937830e+05
5.200967758980538092e-01 1.295963092947946826e+01 9.090773163542353723e+04
5.464124730156447729e-01 1.295343929617591527e+01 7.456020921367729898e+04
5.739329729388102930e-01 1.296051079456278998e+01 6.037670247055139771e+04
6.026943524963623844e-01 1.297484474254975595e+01 4.941129241759506840e+04
6.327162422133509878e-01 1.299499859203301355e+01 4.038514473889932560e+04
6.640170975834772671e-01 1.302262602083183651e+01 3.307005199825434829e+04
6.966077654838984667e-01 1.305627900327200308e+01 2.700923868236138514e+04
7.304740636124386066e-01 1.309261482938698684e+01 2.218589717115563326e+04
7.656618024963088853e-01 1.313922838983359576e+01 1.821347494500249741e+04
8.021587201511422016e-01 1.318726062562324941e+01 1.494167868446140892e+04
8.399773622891364422e-01 1.324254258859478028e+01 1.229027515013987613e+04
8.790508937609389228e-01 1.329447191214702784e+01 1.013460654315838292e+04
9.194369320048151328e-01 1.335365696204116226e+01 8.364009016643281939e+03
9.610970011147856873e-01 1.341870120270763600e+01 6.894416350059703291e+03
1.004011908043505041e+00 1.348037358501636440e+01 5.701880702400881091e+03
1.048155557785537928e+00 1.354593051784466162e+01 4.725611125052727402e+03
1.093502018607686921e+00 1.361430630406804809e+01 3.916684387730669187e+03
1.140022807381410042e+00 1.368230708415319086e+01 3.253237311169701115e+03
1.187667645203121625e+00 1.375312541760057883e+01 2.706556758612941394e+03
1.236408878803407108e+00 1.382472468936026644e+01 2.255367698127146468e+03
1.286155203741140340e+00 1.389601650990691972e+01 1.881836728220760506e+03
1.336887518455234236e+00 1.396855738672450364e+01 1.576107619956121425e+03
1.388570926113190440e+00 1.403953767213475956e+01 1.319202246040271575e+03
1.441062710829944971e+00 1.411197315761739191e+01 1.106265944704726508e+03
1.494369301342579615e+00 1.418212277044352021e+01 9.305483934748727961e+02
1.548387687281637559e+00 1.425317696389041799e+01 7.829864680454509198e+02
1.603062520774236832e+00 1.432162733338033078e+01 6.607228438511270951e+02
1.658246039367536895e+00 1.439069023663449087e+01 5.586278354331770970e+02
1.713946965289185664e+00 1.445819950023667921e+01 4.733498162125013664e+02
1.770000027980860091e+00 1.452226933014460286e+01 4.018039122531196199e+02
1.826372314211747616e+00 1.458605665627966275e+01 3.420871521652467209e+02
1.882925077757005017e+00 1.464814025960632549e+01 2.909295681981963639e+02
1.939590784428814052e+00 1.470778771863559875e+01 2.484600719614968227e+02
1.996279696363555844e+00 1.476434252832690674e+01 2.123609782573282700e+02
2.052878541314119509e+00 1.481930794681439068e+01 1.822174839233159673e+02
2.109232916622072462e+00 1.487460947348803053e+01 1.564825192509958356e+02
2.165156272389767711e+00 1.492188513808689088e+01 1.348308099700046228e+02
2.220486376595489197e+00 1.496887982596105715e+01 1.164749650860807151e+02
2.275037804603678104e+00 1.501246998231089158e+01 1.008354060070332565e+02
2.328645762286917442e+00 1.505554727938436876e+01 8.747031209777865968e+01
2.381127680960108961e+00 1.509220266867847826e+01 7.622440005641298910e+01
2.432311570008668156e+00 1.512167520895112460e+01 6.655110386199828554e+01
2.482036602793716185e+00 1.515383366628818251e+01 5.831626157778371322e+01
2.530165626402970602e+00 1.517563079211152655e+01 5.129535669267299625e+01
2.576524190002634995e+00 1.519580425464669737e+01 4.523515954917656501e+01
2.621003605304017992e+00 1.521230202531369713e+01 4.003942678183433657e+01
2.663379787811286814e+00 1.522336540793029158e+01 3.558666593292961267e+01
2.703638378800379716e+00 1.523026081644117369e+01 3.152118227541428297e+01
2.741532339079492342e+00 1.523308561500492431e+01 2.842551215210706417e+01
2.777016849050595759e+00 1.523039875994244063e+01 2.536402879696864687e+01
2.809954449344691518e+00 1.522248169350467073e+01 2.304193280184296455e+01
2.840220889560616246e+00 1.521141304805730066e+01 2.089817681871992150e+01
2.867718583150780987e+00 1.519507275827260706e+01 1.902890960284330291e+01
2.892306321473124608e+00 1.517021932698644804e+01 1.741164627323649228e+01
2.913862812339670594e+00 1.514395693573718304e+01 1.600937363909555344e+01
2.932242378386865411e+00 1.511228747641916570e+01 1.478881391143348090e+01
2.947286776741435244e+00 1.507572867601818523e+01 1.375807401402014385e+01
2.958778923648661241e+00 1.503499422466427049e+01 1.287611966463361135e+01
2.966326525982496687e+00 1.499044377519892279e+01 1.214360841688837489e+01
2.969209960262043868e+00 1.494354848622367982e+01 1.153735551872263798e+01
2.966052947424814956e+00 1.489831677829156220e+01 1.121174890793350087e+01
2.958031891460335849e+00 1.485292428182797586e+01 1.111643927696893286e+01
2.946726062243006261e+00 1.480719499353879876e+01 1.102508440033090586e+01
2.933165589286816033e+00 1.476162241710948742e+01 1.110038337386090213e+01
2.918127069672044271e+00 1.471643536400573993e+01 1.117907641900556648e+01
2.902045062106585416e+00 1.467106678035317735e+01 1.129454113244047875e+01
2.885214636889563700e+00 1.462647551159374082e+01 1.144312950888531333e+01
2.867706773811146359e+00 1.458192804099824080e+01 1.162262894110650002e+01
2.848382964250670391e+00 1.453338924049564973e+01 1.182888117711444309e+01
2.827107262553246070e+00 1.447940635031620715e+01 1.205795604445571634e+01
2.804254536589493974e+00 1.442074707887837626e+01 1.231633255436822338e+01
2.780126861668383409e+00 1.435797530898551777e+01 1.257773897418839049e+01
2.755038086220646054e+00 1.429211493042535253e+01 1.285277009946239168e+01
2.729179558872143474e+00 1.422302760168772551e+01 1.313380781268541497e+01
2.702802248688890963e+00 1.415149719085150082e+01 1.343218503707147526e+01
2.676139130962790880e+00 1.407816969788786210e+01 1.372793120694377045e+01
2.649359784362894210e+00 1.400363492683684363e+01 1.403142686876218370e+01
2.622736988174961592e+00 1.392905517654724079e+01 1.433558854852931752e+01
2.596395433529647967e+00 1.385522456207552544e+01 1.464041097216596121e+01
2.570918804985554473e+00 1.378290619703246378e+01 1.495544709654346427e+01
2.546570352908563706e+00 1.371437524392747598e+01 1.518495267050252018e+01
2.524685170005351864e+00 1.365397115291011154e+01 1.547728547524056353e+01
