2.207578452249021606e-01 1.547798517604490343e+01 3.593722286476020236e+06
2.299638985976064920e-01 1.512808390764605448e+01 2.969223514073848259e+06
2.397646903872451551e-01 1.483225335148113366e+01 2.418235597943206318e+06
2.501853482431600773e-01 1.455174442916185384e+01 1.979894724581594113e+06
2.612403881513554182e-01 1.430412636651909963e+01 1.620130466875903308e+06
2.729647888960071711e-01 1.407786074924407949e+01 1.326132365898895077e+06
2.853813712868973340e-01 1.387573853142271396e+01 1.084091201402821345e+06
2.985242740449898791e-01 1.368989374374889145e+01 8.834629583550976822e+05
3.124203781918872269e-01 1.352324222941451204e+01 7.208212687061954057e+05
3.270709904613791075e-01 1.337215904536584965e+01 5.883593711512384471e+05
3.425130195660740506e-01 1.323895474610509559e+01 4.787060925658555934e+05
3.587751855190653982e-01 1.312349229505354309e+01 3.888564922276594443e+05
3.758569803367777240e-01 1.302038260595501029e+01 3.168842889541757759e+05
3.938058701412396889e-01 1.292870462976905976e+01 2.580042479114929156e+05
4.126121303068320811e-01 1.284833047603017064e+01 2.103274223535938945e+05
4.323157598153385961e-01 1.278280131515753659e+01 1.712767068028047797e+05
4.529043008981392116e-01 1.272543409515460588e+01 1.394460627050016483e+05
4.744400792137604683e-01 1.267939066848373386e+01 1.136252835406320955e+05
4.968573396140748555e-01 1.263610303253326350e+01 9.271197494950072723e+04
5.202262349568247402e-01 1.260471977818203371e+01 7.577709424529208627e+04
5.445309324282207042e-01 1.257912270466153615e+01 6.192626285854245361e+04
5.698108427185857305e-01 1.256029730229179542e+01 5.061144889815610077e+04
5.959845110011008362e-01 1.254837223569735016e+01 4.145317034412319481e+04
6.231282655423580064e-01 1.253924364695780902e+01 3.400946462440829782e+04
6.512002715252958041e-01 1.253860362815113305e+01 2.790725396787768477e+04
6.802124631754179473e-01 1.253975051594193424e+01 2.293911560278022444e+04
7.101588249484172000e-01 1.254423668993911534e+01 1.885997366887792668e+04
7.409654859627461398e-01 1.255363278408196948e+01 1.551692536327572816e+04
7.726817667375667220e-01 1.256579583966498248e+01 1.279386920322173319e+04
8.052609898520894927e-01 1.257928315271914954e+01 1.058908268935917840e+04
8.386839135980869164e-01 1.259555944211456868e+01 8.745131335774092804e+03
8.729362115992322924e-01 1.261455540861403612e+01 7.245939937919477416e+03
9.079411955538021495e-01 1.263386625598461066e+01 6.024640759221276312e+03
9.436952887564373782e-01 1.265479735801100780e+01 4.995861390121085606e+03
9.801516037678307258e-01 1.267568641934952467e+01 4.168723116164108433e+03
1.017243175898712826e+00 1.269713244594898427e+01 3.475374778643319587e+03
1.054971999918698389e+00 1.271945009079857591e+01 2.901855878485337598e+03
1.093255861561619469e+00 1.273990963786987152e+01 2.428124458097630395e+03
1.132061750415677803e+00 1.276222177813602165e+01 2.036246106825680954e+03
1.171305928074373615e+00 1.278404232413711838e+01 1.712122236520968272e+03
1.210954201410234576e+00 1.280515146482114552e+01 1.441142849645300885e+03
1.250923934914882629e+00 1.282392725212401885e+01 1.213744188537835726e+03
1.291178687923066670e+00 1.284807057000709740e+01 1.025223304750739544e+03
1.331616274714565895e+00 1.286529486263832389e+01 8.673367377991366993e+02
1.372200686865557628e+00 1.287787662448262083e+01 7.359957460393188740e+02
1.412862489293916113e+00 1.289277270124781793e+01 6.253081957496608538e+02
1.453496208784135213e+00 1.290569447647354195e+01 5.327735128783133405e+02
1.494072824286719836e+00 1.291834813893878930e+01 4.542311477955931309e+02
1.534498258008392346e+00 1.292581815237051401e+01 3.886912385089100894e+02
1.574707044325326599e+00 1.293367134428172527e+01 3.326042446174752172e+02
1.614633366790653390e+00 1.293859350294203203e+01 2.854831392088337907e+02
1.654194345066698713e+00 1.294165224042021300e+01 2.458043276059558195e+02
1.693340341502998392e+00 1.294153710585621297e+01 2.116699583986762150e+02
1.731979833034403171e+00 1.293963341939726241e+01 1.830512675988568390e+02
1.770052544354838275e+00 1.293856365763242522e+01 1.583348060924878951e+02
1.807515436766267136e+00 1.292948979380748931e+01 1.372894998155109931e+02
1.844276974465146157e+00 1.292066672589472809e+01 1.193324371845274072e+02
1.880308286160199627e+00 1.290983708553319786e+01 1.039277143494703779e+02
1.915519925632411358e+00 1.289717052558957811e+01 9.021925009683934604e+01
1.949885323662303271e+00 1.287925395377037141e+01 7.938158283244190727e+01
1.983339093736725234e+00 1.286177562938469165e+01 6.922835395874037090e+01
2.015837295981798061e+00 1.283928777897030038e+01 6.118529881055830799e+01
2.047341130303191203e+00 1.281609222811457904e+01 5.385277598411904165e+01
2.077808832371252024e+00 1.278995231647254016e+01 4.749326866901037647e+01
2.107205429239671357e+00 1.276193884832652259e+01 4.200132964966898896e+01
2.135493720353518032e+00 1.273129063251863080e+01 3.724449954421300646e+01
2.162649367665262723e+00 1.269851590094651428e+01 3.304732800265634296e+01
2.188647956142419027e+00 1.266320676830156700e+01 2.942635321023229622e+01
2.213469943681670937e+00 1.262629371219552787e+01 2.623112152005599285e+01
2.237097502032663776e+00 1.258701970943801740e+01 2.335766934608859557e+01
2.259518631834418922e+00 1.254614102633647832e+01 2.099829044476633300e+01
2.280721545024145591e+00 1.250296539092293990e+01 1.884845187383395881e+01
2.300583089490308097e+00 1.245770380497018870e+01 1.696415917676052132e+01
2.318775329125728479e+00 1.241179012061860476e+01 1.526712294322589081e+01
2.334770005265246251e+00 1.236346077584531322e+01 1.391995482712020582e+01
2.347314247503791140e+00 1.231434170886286239e+01 1.277112861400844857e+01
2.352810486915127619e+00 1.226870011139658168e+01 1.202968851790874183e+01
2.352543307230002601e+00 1.222013999986578803e+01 1.152375253031215507e+01
2.348337388180074647e+00 1.216965008229703926e+01 1.115398461334840796e+01
2.341217944007857543e+00 1.211582608072819411e+01 1.083050270951041760e+01
2.331838709362102247e+00 1.205862954108643414e+01 1.064124362242021249e+01
2.320608364984555028e+00 1.199831135365320556e+01 1.045277997891801114e+01
2.307923617785387904e+00 1.193570678041528055e+01 1.026183085062362821e+01
2.293998271430895297e+00 1.187032997325967365e+01 1.016355119989702693e+01
2.279069255714242903e+00 1.180346251932524559e+01 1.001635869343413177e+01
2.263231552937872149e+00 1.173406344187326944e+01 9.952746189357258189e+00
2.246603155275681107e+00 1.166228004453286893e+01 9.823349660907366498e+00
2.229368656514600033e+00 1.158905612926934303e+01 9.777838503417475735e+00
2.211559960961856142e+00 1.151398397958568864e+01 9.700554265459764736e+00
2.193282243870108505e+00 1.143773318354887536e+01 9.631286524220769252e+00
2.174566902870544105e+00 1.136041626986817121e+01 9.550328451875138569e+00
2.155524214809333206e+00 1.127947130336734105e+01 9.482731721016481430e+00
2.136178806910636219e+00 1.119881738491341494e+01 9.410458759434090936e+00
2.116601323296822379e+00 1.111702840800280434e+01 9.301504857798091663e+00
2.096849838337319749e+00 1.103256472987993497e+01 9.261496203230356272e+00
2.076957357706310070e+00 1.094755796873618792e+01 9.149216345770868841e+00
2.056996091451836595e+00 1.086193531026336423e+01 9.095407802414495535e+00
2.037009400707758378e+00 1.077525847363984113e+01 8.967072489680713687e+00
2.017015810036851597e+00 1.068764887414369724e+01 8.911492257511579140e+00
1.997336445651529457e+00 1.060003478407653077e+01 8.785570995316954068e+00
