1.545990145291043127e+01 2.207854197562960086e-01 3.569455060706316493e+06
1.520994860940808024e+01 2.277056283384405466e-01 3.086413156454579439e+06
1.497446186606375029e+01 2.349589792441604263e-01 2.667410045820761938e+06
1.475128072986909267e+01 2.425555434591965542e-01 2.290616044820578303e+06
1.454365401391815027e+01 2.505199439024622388e-01 1.972549033177414676e+06
1.435620399615496012e+01 2.588495233554656272e-01 1.692691487739217468e+06
1.418888539943446148e+01 2.675503738787877728e-01 1.456670081334570656e+06
1.404134401005486055e+01 2.766512675906024898e-01 1.246786872385958210e+06
1.386431901182440285e+01 2.861541249371462592e-01 1.069762891676818486e+06
1.374634426659372366e+01 2.960749499153916831e-01 9.171497768470994197e+05
1.359219291706522093e+01 3.064324486403284808e-01 7.878709339649426984e+05
1.347618937633606073e+01 3.172089452385680741e-01 6.741948556824099505e+05
1.337062888431284868e+01 3.284350275341466063e-01 5.762097279676635517e+05
1.326257663014964017e+01 3.401154611205290390e-01 4.939379369618467172e+05
1.317415198176234270e+01 3.522665765992221698e-01 4.228479557757748407e+05
1.308630839418930591e+01 3.648897503024171041e-01 3.620327215235793265e+05
1.301366683670636526e+01 3.779891685297979143e-01 3.092003919000337482e+05
1.294083651141643010e+01 3.915851035354213083e-01 2.650183873206804856e+05
1.288074205122635085e+01 4.056829422193399814e-01 2.270264242204042966e+05
1.282682051307401849e+01 4.202844311870485572e-01 1.943817195696051931e+05
1.277726134352423593e+01 4.354096798062366269e-01 1.660895846871862595e+05
1.273407743249078017e+01 4.510581323047674895e-01 1.423841780090371612e+05
1.269311698362700724e+01 4.671950934624580776e-01 1.219274466893100616e+05
1.266266542763930758e+01 4.838907212572449712e-01 1.045488723177968786e+05
1.263391107896166687e+01 5.011204457011163571e-01 8.974487277441019251e+04
1.261071316111796392e+01 5.188815739927881143e-01 7.693610227552127617e+04
1.259285258459484957e+01 5.371895838192597417e-01 6.516219923715359619e+04
1.257174322560917368e+01 5.560353521569700863e-01 5.667639504522280185e+04
1.256254133706944920e+01 5.754511126632247953e-01 4.873101275436094875e+04
1.255363267133328442e+01 5.953634436642625261e-01 4.181910587528366159e+04
1.254844608489131019e+01 6.158690013390345497e-01 3.595918731406416919e+04
1.254606637106395794e+01 6.368775222837655958e-01 3.096352845897046427e+04
1.254622816458493695e+01 6.584245935584079890e-01 2.666896429393784274e+04
1.254733876557038741e+01 6.805290408513958722e-01 2.294641659937143049e+04
1.255213715673732544e+01 7.031721727517877829e-01 1.980387001721580236e+04
1.255689530150922728e+01 7.262952774139559420e-01 1.710742666385083066e+04
1.256653540095715549e+01 7.499658054665114815e-01 1.477244923437388206e+04
1.257611818224014577e+01 7.741379055591559588e-01 1.262113735100301164e+04
1.258583896039673178e+01 7.988088735701471821e-01 1.103908498698740004e+04
1.259895940143351467e+01 8.239732391666737543e-01 9.555435509162443850e+03
1.261163661452426865e+01 8.496115124892318349e-01 8.290617435421590926e+03
1.262605337447373621e+01 8.757339997753682548e-01 7.197039865044308499e+03
1.264161999237872180e+01 9.022809054744098667e-01 6.236228944348706136e+03
1.265743897300697540e+01 9.292665996234719117e-01 5.423445759119498689e+03
1.267200053558373973e+01 9.566685589560770531e-01 4.718681045002749670e+03
1.269065988967537884e+01 9.844709775678838204e-01 4.107245925795896255e+03
1.270777194079331451e+01 1.012654135907725239e+00 3.581619668391302639e+03
1.272484260740945317e+01 1.041171365005454374e+00 3.123541173806855113e+03
1.274205204157724580e+01 1.070052856213521419e+00 2.726318829562409519e+03
1.275834381839246667e+01 1.099244272608232542e+00 2.382451255089047208e+03
1.277672909172101612e+01 1.128741093867913881e+00 2.088292076340071617e+03
1.279289115738044735e+01 1.158484839888134665e+00 1.809083490590955535e+03
1.280966500124114482e+01 1.188483782743604777e+00 1.601499635483918382e+03
1.282656259601886184e+01 1.218718912737627891e+00 1.404594486618789688e+03
1.284193128122790917e+01 1.249234953349990240e+00 1.235294889057883438e+03
1.285827920476087805e+01 1.279998525498146744e+00 1.085878415056179620e+03
1.287156018171012661e+01 1.310939019442611153e+00 9.552568546696016938e+02
1.288456411912836685e+01 1.341956925969695957e+00 8.420199042682411346e+02
1.289927595043383590e+01 1.373012439465522982e+00 7.426672852588251317e+02
1.291286572399858557e+01 1.404004362778553672e+00 6.566482910588908908e+02
1.292365853412346510e+01 1.434869154913206657e+00 5.810781027252904778e+02
1.293119250329738357e+01 1.465575554715817130e+00 5.149343445298156894e+02
1.294250780365623399e+01 1.495966837031594165e+00 4.575611784825131849e+02
1.294695815943182460e+01 1.526034027365743562e+00 4.071034679516209849e+02
1.295281330068121406e+01 1.555668283971679333e+00 3.609001540125486258e+02
1.295833623413279767e+01 1.584821901296568969e+00 3.217266461626697378e+02
1.295866537554293885e+01 1.613464500392208123e+00 2.904573916498556514e+02
1.295784027550548601e+01 1.641401100377274602e+00 2.586230407694545192e+02
1.295723323890354273e+01 1.668676893203486555e+00 2.344491602769652161e+02
1.295248929372514546e+01 1.695175203201597869e+00 2.111105576764432783e+02
1.294894421485737013e+01 1.720914717140588968e+00 1.907647073299260683e+02
1.293788861152661873e+01 1.745731890995840141e+00 1.727893881055399561e+02
1.292984845613027289e+01 1.769617811632406612e+00 1.568405870111265870e+02
1.291628620204898859e+01 1.792508886970781701e+00 1.428555691876900937e+02
1.290211046385940286e+01 1.814441033382499402e+00 1.303217147655302313e+02
1.288198232997756776e+01 1.835240025269130548e+00 1.192081964387139408e+02
1.286221954616407537e+01 1.854955599573007596e+00 1.093162453852520883e+02
1.284038227047628489e+01 1.873490162909570600e+00 1.005630488920402570e+02
1.281775634789259932e+01 1.890860830478975574e+00 9.270379483035890189e+01
1.279055015423884534e+01 1.907051082470758718e+00 8.574836034567046283e+01
1.276185651007593691e+01 1.921977943055452442e+00 7.949000164557394044e+01
1.273183419774616709e+01 1.935685091484098619e+00 7.384699077435057291e+01
1.269899491530296309e+01 1.948082658284206570e+00 6.894709495393252041e+01
1.266517282107546905e+01 1.959195062800181075e+00 6.444479147360910076e+01
1.262769480383771636e+01 1.969036977275384626e+00 6.046374830125642319e+01
1.258882889486468493e+01 1.977541382172449902e+00 5.683381604554548261e+01
1.254896334087667320e+01 1.984731946570142291e+00 5.364452591511663826e+01
1.250649563918638130e+01 1.990613231145549333e+00 5.076545172491622537e+01
1.246339644144343772e+01 1.995173478559052915e+00 4.803808342672572707e+01
1.241932682603452776e+01 1.998399686091300698e+00 4.600609468696373483e+01
1.237336089108181625e+01 2.000345352814454358e+00 4.397657165699267523e+01
1.232667420440241024e+01 2.000970140008823339e+00 4.222046706041523123e+01
1.227896041137419125e+01 2.000336213640363958e+00 4.066879183662383923e+01
1.223229533339703323e+01 1.998443630884792599e+00 3.934650762973931393e+01
1.218502451261096198e+01 1.995301328485207693e+00 3.823088049304317337e+01
1.213948597323024714e+01 1.990949212938885493e+00 3.718746474655383594e+01
1.209476200799403856e+01 1.985525976783092617e+00 3.650322079911291695e+01
1.205716410811059269e+01 1.979383491238218218e+00 3.630530707085227249e+01
1.204229228059372581e+01 1.974837639641652931e+00 3.625838695802332978e+01
1.203081902143788895e+01 1.968932045679905762e+00 3.681720222448895896e+01
