1.547679790413127066e+01 2.208709756740709074e-01 3.601326556365660392e+06
1.517214440063756697e+01 2.305809766879796385e-01 2.964463865728352685e+06
1.480079228270396108e+01 2.409463961464345660e-01 2.367535996068369132e+06
1.451909890148310289e+01 2.520118243746099496e-01 1.929776855467139743e+06
1.426252525171828012e+01 2.637894422267639816e-01 1.553500726642481983e+06
1.402554298593823390e+01 2.763275140168176547e-01 1.256220703537062975e+06
1.381624582217868280e+01 2.896483285758169046e-01 1.014921733791122329e+06
1.363048291847677618e+01 3.037918470348582312e-01 8.192257195066655986e+05
1.346224134044607901e+01 3.187814927961166167e-01 6.598372229751184350e+05
1.331543049268638690e+01 3.346354801144424962e-01 5.319377090757747646e+05
1.318691689225951791e+01 3.513937904987247673e-01 4.285747028747125878e+05
1.307314222830526873e+01 3.690787733222003486e-01 3.414141702886117273e+05
1.297013408934511602e+01 3.876985436308861277e-01 2.779854359214451979e+05
1.288438752304564971e+01 4.073029449906204746e-01 2.239681414742778870e+05
1.281363877643249616e+01 4.278956631706333225e-01 1.802719075064186181e+05
1.275062749910808257e+01 4.495142624041962298e-01 1.459272588220598991e+05
1.270127088157051354e+01 4.721395183787205907e-01 1.172245960325547203e+05
1.266030499020072497e+01 4.958016285936485690e-01 9.452778292884939583e+04
1.262913127293249538e+01 5.205432149409984222e-01 7.633629140501335496e+04
1.260064080901380557e+01 5.463060437062670083e-01 6.180213653691538639e+04
1.258332321731162118e+01 5.731761518489545404e-01 5.003907896666703164e+04
1.257142775881220409e+01 6.010977081935841015e-01 4.051670744355893112e+04
1.256821132216526493e+01 6.300836405323564371e-01 3.260264022964806281e+04
1.256824325436350165e+01 6.601115892447998457e-01 2.668590661509288475e+04
1.257290266272347701e+01 6.912111344682028147e-01 2.167661372399560423e+04
1.258280692778270193e+01 7.233734555333054539e-01 1.745947782237232241e+04
1.259357260226805231e+01 7.565270042152306695e-01 1.440782630459308166e+04
1.260670332624519396e+01 7.906755170512607123e-01 1.176980489567844234e+04
1.262790566159749694e+01 8.258154406678057669e-01 9.620731045624426770e+03
1.264927584702206609e+01 8.619020185526874434e-01 7.883318847692733470e+03
1.267266810238526276e+01 8.989057127050869012e-01 6.466100346302591788e+03
1.269656315927143453e+01 9.367600897621360945e-01 5.318939917227819933e+03
1.272142847928720499e+01 9.754431942570561676e-01 4.385275412457832317e+03
1.274801238922825419e+01 1.014904388611664210e+00 3.617799875572176461e+03
1.277325329822644839e+01 1.055089269871196667e+00 2.989625465042618544e+03
1.280047063169611832e+01 1.095912667479586045e+00 2.478914392492442857e+03
1.282690964769752817e+01 1.137357593599553907e+00 2.058161615483598325e+03
1.285100321735537321e+01 1.179346849113600326e+00 1.711744544503545512e+03
1.287768120781722558e+01 1.221794123300109725e+00 1.426387574922739759e+03
1.290056966391825100e+01 1.264644058328227905e+00 1.191884070607990679e+03
1.292226430909457235e+01 1.307802893982285664e+00 9.975844345418279318e+02
1.294393460482582192e+01 1.351216471813094122e+00 8.367121818864255829e+02
1.296310353215076994e+01 1.394794252441007965e+00 7.041831833788446602e+02
1.298147835597557531e+01 1.438426657757847726e+00 5.930556593923647597e+02
1.299853244811468400e+01 1.482072048898257499e+00 5.002596255592453645e+02
1.301144292363254529e+01 1.525639262388183148e+00 4.241464194087482156e+02
1.302307026582587035e+01 1.569022777928851697e+00 3.596085959383051431e+02
1.303695626570393884e+01 1.612137045382761924e+00 3.055900067160815752e+02
1.304078082141812089e+01 1.654928323971003312e+00 2.603284031256551430e+02
1.304485450072803054e+01 1.697256401211981736e+00 2.225141033117634777e+02
1.304968110425995853e+01 1.738961250499289957e+00 1.892637194716718341e+02
1.304663751608915945e+01 1.779818982543165617e+00 1.630189959561553223e+02
1.304422986271497997e+01 1.819614188360128004e+00 1.405317627358473942e+02
1.303750899764927595e+01 1.858150228160125428e+00 1.220356888149388652e+02
1.302411140258892708e+01 1.895225344914512444e+00 1.061015036767307862e+02
1.300980561032674743e+01 1.930649782126277803e+00 9.251961957233392297e+01
1.299163903721040825e+01 1.964251309718334060e+00 8.107482793409656097e+01
1.296928219235765667e+01 1.995893689065979970e+00 7.134892341693949902e+01
1.294286118462668789e+01 2.025357983990726751e+00 6.312331496941636289e+01
1.291228202521254254e+01 2.052561389231318589e+00 5.617204232426752952e+01
1.287818830718105723e+01 2.077352693501299807e+00 5.014870983573294438e+01
1.283991473291585272e+01 2.099608870516383341e+00 4.506965829782333799e+01
1.279757468663545872e+01 2.119244000057046495e+00 4.070671824952026441e+01
1.275072112244615674e+01 2.136166999024799118e+00 3.682193206358287085e+01
1.270092371562975053e+01 2.150245478023501189e+00 3.384376673380884171e+01
1.264723500263436051e+01 2.161459113366822393e+00 3.117909577676942234e+01
1.259104087678826112e+01 2.169696173741738843e+00 2.891412067199683023e+01
1.253216717993674756e+01 2.174882767837372555e+00 2.700217220218856085e+01
1.247097928184222582e+01 2.176919846342105114e+00 2.546049866367368608e+01
1.240991004137062248e+01 2.175734885447195843e+00 2.424097240275546739e+01
1.235055559137725112e+01 2.171150505456212354e+00 2.341455210999444603e+01
1.229231836201393513e+01 2.163344881585096857e+00 2.284447308697026457e+01
1.222760688816070207e+01 2.153165300508398605e+00 2.237221250257220007e+01
1.215806606623831421e+01 2.141259824568578995e+00 2.192459835928222489e+01
1.208252289194130213e+01 2.128035784734767066e+00 2.149953305609482257e+01
1.200353000833874439e+01 2.113807766468912774e+00 2.106054540972011324e+01
1.191924450035446803e+01 2.098806989386630129e+00 2.061945239596304091e+01
1.183073139796347029e+01 2.083231993892577627e+00 2.005453954006970108e+01
1.173867750690951794e+01 2.067264561424523528e+00 1.965908170167425695e+01
1.164334366425160994e+01 2.051042594716940837e+00 1.912843986986178990e+01
1.154422253733485704e+01 2.034690905577915654e+00 1.855493897992867147e+01
1.144278304878119989e+01 2.018323188220216391e+00 1.797210982706225835e+01
1.133788111760409834e+01 2.002036997240768557e+00 1.734532463268866209e+01
1.123122751905332883e+01 1.985909887059060352e+00 1.663379496823211667e+01
1.112389216788022139e+01 1.970046288443653371e+00 1.605458426226774549e+01
1.101369591805458548e+01 1.954510920300436050e+00 1.537891879505007608e+01
1.090452765331102647e+01 1.939337288758121947e+00 1.469085586486397865e+01
1.079339854596824821e+01 1.924528398827042519e+00 1.401835879986816558e+01
1.068210758147220396e+01 1.910106475033905182e+00 1.330267381704490504e+01
1.057249149468764315e+01 1.896058371114701213e+00 1.269288975446343315e+01
1.046280190841075175e+01 1.882386652245280789e+00 1.205142408870132442e+01
1.035355620939678012e+01 1.869044681118495754e+00 1.138898504339120166e+01
1.024678108869423454e+01 1.856057448606053928e+00 1.079893808935038102e+01
1.013986492555407537e+01 1.843343736519057252e+00 1.026183014239903635e+01
1.003597961456205923e+01 1.830942922389877214e+00 9.696047708791635245e+00
9.932479193225175251e+00 1.818753660829416585e+00 9.183698921092885215e+00
9.831183238915384592e+00 1.806771564579473965e+00 8.692840078679695992e+00
9.731683844935920646e+00 1.794971042649973203e+00 8.269494066209228222e+00
9.633579112121122279e+00 1.783355074047728417e+00 7.822135331275472225e+00
9.538977025432435752e+00 1.771904649649109764e+00 7.421708144171573984e+00
