2.209108588302142184e-01 1.546945228031581188e+01 3.579725679769127630e+06
2.293804061896773383e-01 1.518827424374589441e+01 3.009515749111858662e+06
2.383586322822618675e-01 1.488208859078456214e+01 2.503539740993433166e+06
2.478604752319895077e-01 1.462697278632024123e+01 2.086538230566632701e+06
2.579062237163980420e-01 1.437962779692619542e+01 1.724034649360686308e+06
2.685232419871854126e-01 1.416624056193511727e+01 1.432208478752856608e+06
2.797303454168147407e-01 1.397155284352350613e+01 1.189300676910493290e+06
2.915489919312946876e-01 1.379231510419102236e+01 9.869517799613720272e+05
3.040155785993978732e-01 1.362710438632844578e+01 8.176395108057265170e+05
3.171150254236433375e-01 1.347966877341504066e+01 6.773983865671434905e+05
3.308867635487214853e-01 1.335050345214022016e+01 5.597876364778982243e+05
3.453662091038848803e-01 1.323710150039860522e+01 4.591755182705896441e+05
3.605167671648352723e-01 1.312674690129723132e+01 3.842152409377336735e+05
3.764086367987927173e-01 1.303545045661425839e+01 3.175433581951166852e+05
3.930330520125683846e-01 1.294848930893380157e+01 2.623689916740905028e+05
4.104236186693504540e-01 1.287533080588341683e+01 2.170985336711746641e+05
4.285659237139977651e-01 1.281343891848249861e+01 1.796361749117167492e+05
4.475025418104324193e-01 1.276144077620078043e+01 1.486194001030595391e+05
4.672342162212939076e-01 1.271725606053660584e+01 1.229099507389168721e+05
4.877430168062092952e-01 1.267689409009678414e+01 1.019521756435914140e+05
5.090742083597689094e-01 1.264210017328118241e+01 8.450111661949685367e+04
5.312230932974568720e-01 1.262269763062188233e+01 7.013093302670298726e+04
5.541967865243609959e-01 1.260296216970829875e+01 5.820417121720700379e+04
5.780124974476021915e-01 1.258715109868770021e+01 4.839858763488093973e+04
6.026150787253036212e-01 1.257871787956217169e+01 4.018396179200756160e+04
6.280816671149178632e-01 1.257763784775656823e+01 3.348349173427915230e+04
6.543244555995462175e-01 1.257716698814969192e+01 2.792140680480415176e+04
6.814335365363893837e-01 1.258163098342701325e+01 2.326674182019820000e+04
7.093015433133014191e-01 1.258939007506007535e+01 1.939646457793084119e+04
7.380063311942761661e-01 1.259884955799303263e+01 1.620854787196568395e+04
7.674785046969547775e-01 1.261166266843071249e+01 1.357875222957101687e+04
7.977337899846747016e-01 1.262662690296699175e+01 1.136033968422404359e+04
8.287088813587595304e-01 1.264438883912341716e+01 9.530193615537951700e+03
8.604364398750994347e-01 1.266193861385127661e+01 8.011653923874434440e+03
8.928936013931026983e-01 1.268385600033041527e+01 6.731080244229183336e+03
9.259999780824441640e-01 1.270378041307737504e+01 5.670503206790985132e+03
9.597663274201105876e-01 1.272674496837150926e+01 4.779892679193504591e+03
9.941549874843599310e-01 1.274987150149366322e+01 4.037290514131187592e+03
1.029130006209222792e+00 1.277312498566180388e+01 3.384974273086897483e+03
1.064658513761966407e+00 1.279833891859079742e+01 2.888210477319251368e+03
1.100671603205063409e+00 1.282059106896672418e+01 2.449339811494392961e+03
1.137180505748951909e+00 1.284584275569003431e+01 2.082485746565944737e+03
1.174105321240879185e+00 1.286866339375985291e+01 1.771281627544433604e+03
1.211408594932180227e+00 1.289203934736208979e+01 1.508997948190697571e+03
1.249022820934042155e+00 1.291385931093035033e+01 1.287609961875096587e+03
1.286935276712337206e+00 1.293472632609740103e+01 1.101430078793839130e+03
1.325060271777939835e+00 1.295330891913622473e+01 9.431295549702214203e+02
1.363380306702411504e+00 1.297355334484455902e+01 8.085765658025781022e+02
1.401804561997780141e+00 1.299196531684180123e+01 6.947982375797269015e+02
1.440280364854567008e+00 1.301046298720309302e+01 5.977352203982527499e+02
1.478791646663094372e+00 1.302658630572371123e+01 5.151944959374933433e+02
1.517219573896371188e+00 1.303811404931867735e+01 4.451592648345211956e+02
1.555571102876573519e+00 1.304979023183111764e+01 3.848655350798678683e+02
1.593730021045145717e+00 1.305966399447443749e+01 3.337549750684560763e+02
1.631690456865899863e+00 1.306838955567810956e+01 2.894836546001741340e+02
1.669356813624247371e+00 1.307647217504927362e+01 2.517978171255466577e+02
1.706689638992346492e+00 1.307951612161023647e+01 2.193239125839751296e+02
1.743632292006256801e+00 1.308443548725644234e+01 1.914605148740707534e+02
1.780135467188039611e+00 1.308317092561248174e+01 1.672731607626619450e+02
1.816138321141091971e+00 1.308101085143871245e+01 1.465950590517302317e+02
1.851589560798575951e+00 1.307758025946470859e+01 1.285749224915650188e+02
1.886444081103292758e+00 1.307359762839507589e+01 1.130110214939868882e+02
1.920653546726949434e+00 1.306463482666933373e+01 9.948067068685845982e+01
1.954162478999677210e+00 1.305516409378472353e+01 8.777658906994092547e+01
1.986941552838623837e+00 1.304202241199056722e+01 7.759896413121359160e+01
2.018945589233898108e+00 1.302849271956197441e+01 6.869901378425211647e+01
2.050129869815193739e+00 1.301195266999093292e+01 6.093989951254855697e+01
2.080463206501760975e+00 1.299335396983897972e+01 5.399043608364967639e+01
2.109913225023181127e+00 1.297360725709927287e+01 4.820028456165611885e+01
2.138449059026514831e+00 1.295092599752436513e+01 4.299684557161705811e+01
2.166046807005583386e+00 1.292633004733373880e+01 3.822768257429493133e+01
2.192672873551538615e+00 1.289959075345257666e+01 3.441715558364333560e+01
2.218309988118218445e+00 1.287111849081335002e+01 3.068982034487254040e+01
2.242940144467176378e+00 1.284020312928118202e+01 2.756870408059624467e+01
2.266546179945715167e+00 1.280822865804637622e+01 2.493496931516103388e+01
2.289116581583508836e+00 1.277421625185575138e+01 2.247595960853059083e+01
2.310639622182815600e+00 1.273790531157594685e+01 2.031053414813684199e+01
2.331108149909498106e+00 1.270070129871395714e+01 1.838361149057571353e+01
2.350517980946151830e+00 1.266159415184944237e+01 1.666347243413135359e+01
2.368866188068698975e+00 1.262049160989630003e+01 1.513987587738578000e+01
2.386153618624315520e+00 1.257827508967816321e+01 1.377681162592316433e+01
2.402377344523832114e+00 1.253424847868302372e+01 1.255506721700152539e+01
2.417469139754421903e+00 1.248890417812681264e+01 1.143379424469793548e+01
2.431297971047115869e+00 1.244215337383614717e+01 1.051583031810987912e+01
2.443700106949405537e+00 1.239484170024756082e+01 9.650977821196141448e+00
2.454483035431619165e+00 1.234556857409509512e+01 8.870284311506882347e+00
2.463426032187453707e+00 1.229534215474781433e+01 8.227132866076081186e+00
2.470338248598166420e+00 1.224433697671712551e+01 7.687471525757113788e+00
2.475163707037362659e+00 1.219204885416476536e+01 7.203205540240056770e+00
2.477954851739646358e+00 1.213912666911499372e+01 6.784237056253594744e+00
2.478677062527556707e+00 1.208479526034103557e+01 6.406393396260082085e+00
2.477359965870439051e+00 1.202996174859801037e+01 6.124366435079814153e+00
2.474008451308974177e+00 1.197509373599764082e+01 5.875620006673016427e+00
2.468695271551609949e+00 1.192023070603716484e+01 5.669923879222547924e+00
2.461445706290085855e+00 1.186695651493934989e+01 5.499982413099733236e+00
2.452528473675631648e+00 1.181485763031513869e+01 5.406842710284567310e+00
2.442188152686343372e+00 1.176691077017038900e+01 5.343577743528111768e+00
2.430941726583547347e+00 1.172217383626187193e+01 5.319787955521332989e+00
2.420590600997411634e+00 1.168823722210514759e+01 5.334226958268919461e+00
2.410795230166951075e+00 1.166444700324419514e+01 5.380904701245113664e+00
