2.210387832689204024e-01 1.548803933453062776e+01 3.552495067208165303e+06
2.307711493773633438e-01 1.512480823949713660e+01 2.913046651038263459e+06
2.411716808246333887e-01 1.480020891362934776e+01 2.357010110354272183e+06
2.522776662522909774e-01 1.451344211775637660e+01 1.916423917224737583e+06
2.641231605272726379e-01 1.425742828759879544e+01 1.547678947444881080e+06
2.767373962155134648e-01 1.402431636148036986e+01 1.252190028074938105e+06
2.901480201875964449e-01 1.381187476633158973e+01 1.013135689439828275e+06
3.044086644611461168e-01 1.363164160390984669e+01 8.149087350779277040e+05
3.195173601518841999e-01 1.346615336304877353e+01 6.578440910215582699e+05
3.355186357282138321e-01 1.331775076968957805e+01 5.291982517969148466e+05
3.524438267293428795e-01 1.318961424021188478e+01 4.253590509681237745e+05
3.703186451892929165e-01 1.307718294103575118e+01 3.398091466855989420e+05
3.891615991194207758e-01 1.298066278684997066e+01 2.759606242886345717e+05
4.090041048544240665e-01 1.289575641451765442e+01 2.221247299013961165e+05
4.298712076342267041e-01 1.282427029888899028e+01 1.787362891530604102e+05
4.517551341856647085e-01 1.276484503029557693e+01 1.439082668220807391e+05
4.747063434181567065e-01 1.271934608682285628e+01 1.158966601369342388e+05
4.987309833617677990e-01 1.267784661266724022e+01 9.349623431108762452e+04
5.238409187954240487e-01 1.264879841482890122e+01 7.543923040645330912e+04
5.500439233898436475e-01 1.262756678581487968e+01 6.104922669686208246e+04
5.773548765962867035e-01 1.261437245741778312e+01 4.919962330059379019e+04
6.057538333477366921e-01 1.261388437647941529e+01 3.985958482587376056e+04
6.352576923579347223e-01 1.260544070481543599e+01 3.229348048756199569e+04
6.658780658415704989e-01 1.260860032430226418e+01 2.622649657452680185e+04
6.975813190477766490e-01 1.261726804088975662e+01 2.126461301091876157e+04
7.303616523516598402e-01 1.262747669665104588e+01 1.733290850360196782e+04
7.642011467092091337e-01 1.264576055363383666e+01 1.409760293441507019e+04
7.990819300997202834e-01 1.266550445443824557e+01 1.149669500963688915e+04
8.349880033005658841e-01 1.268819973639606502e+01 9.403960503955106105e+03
8.718785518123052247e-01 1.271220929369404473e+01 7.706164874727695860e+03
9.097017132321898458e-01 1.273843460738940436e+01 6.315059872337746128e+03
9.484455249277348177e-01 1.276812240996625469e+01 5.182865726503836413e+03
9.880475553967833502e-01 1.279554789694068617e+01 4.277009917651410433e+03
1.028470409694257626e+00 1.282697797571502818e+01 3.524282748173437540e+03
1.069656050841012007e+00 1.285515504098444239e+01 2.912660024422275455e+03
1.111546946303378913e+00 1.288753706789174913e+01 2.411775017703538651e+03
1.154080314501060744e+00 1.291648925298087214e+01 1.999517962873361512e+03
1.197156054066999209e+00 1.294473429811899479e+01 1.662232820370949412e+03
1.240757527864757792e+00 1.297436746575433197e+01 1.382155715368566234e+03
1.284780964058246600e+00 1.300056855802387723e+01 1.155610726802074851e+03
1.329155375492532265e+00 1.302983157149898119e+01 9.670019725665206352e+02
1.373798423345500064e+00 1.305375116370148270e+01 8.038514638898722069e+02
1.418638619640364862e+00 1.307746668869408424e+01 6.812366749370117986e+02
1.463568834031319099e+00 1.310017327563562262e+01 5.691034333691231950e+02
1.508520951868394855e+00 1.311940221948768581e+01 4.837822247407256100e+02
1.553394034184371719e+00 1.313802650982075804e+01 4.090794982904536141e+02
1.598110791281645016e+00 1.315274775569231736e+01 3.468691109374483403e+02
1.642565414611255825e+00 1.316601318028120460e+01 2.947863288203137699e+02
1.686711621637493330e+00 1.317705059536490175e+01 2.511785300435989825e+02
1.730412241672452556e+00 1.318554533997396128e+01 2.142243274893370995e+02
1.773622996911696559e+00 1.319159404023092286e+01 1.821999290765170372e+02
1.816238410907228928e+00 1.319515761084233318e+01 1.572560074854518462e+02
1.858190448751130042e+00 1.319462894011144094e+01 1.351539455288368288e+02
1.899393937434471047e+00 1.319502426651476945e+01 1.165001265869802864e+02
1.939767775924581050e+00 1.318748673016107809e+01 1.000203634939473005e+02
1.979255294883171867e+00 1.317981876240447647e+01 8.715068583457423301e+01
2.017772997243199473e+00 1.316799367782178543e+01 7.563559693681168028e+01
2.055270786102713299e+00 1.315379362727219004e+01 6.577719441504682152e+01
2.091686402644050702e+00 1.313787390756749929e+01 5.737502403956688113e+01
2.126958526448140763e+00 1.311785667477303718e+01 5.014921432999989293e+01
2.161043501596176419e+00 1.309556899476042169e+01 4.396843325247812828e+01
2.193896030332898484e+00 1.307084064555624003e+01 3.860367159110965929e+01
2.225478802361202657e+00 1.304296971103590153e+01 3.401476616208702097e+01
2.255751292341849013e+00 1.301224702380895337e+01 3.000968857534890333e+01
2.284685798097576992e+00 1.297977022737734920e+01 2.654731558682229675e+01
2.312258908807993230e+00 1.294435655980890409e+01 2.352248134633903121e+01
2.338447227219091928e+00 1.290616760820020481e+01 2.093191744824558498e+01
2.363169054356180521e+00 1.286623983286588313e+01 1.865780207696594317e+01
2.386290464581774184e+00 1.282391908437267958e+01 1.662352903282545213e+01
2.407667690475619349e+00 1.277895803863411928e+01 1.489860410687862746e+01
2.427174111213629804e+00 1.273226766684088851e+01 1.348086417230953060e+01
2.444658845888028065e+00 1.268318344699098787e+01 1.217630891659450398e+01
2.460022858570880544e+00 1.263097275957908039e+01 1.106572216300867240e+01
2.473143747083717869e+00 1.257772072216699222e+01 1.009663560662566972e+01
2.483888396213849603e+00 1.252204804848443587e+01 9.220186072276897349e+00
2.492147895696057880e+00 1.246411917074777165e+01 8.549746579403398883e+00
2.497772079483279395e+00 1.240452159317863234e+01 7.938677172111316516e+00
2.500578370991239918e+00 1.234291222628433538e+01 7.429578223538484849e+00
2.500378149671396155e+00 1.228132814574238019e+01 7.017219448458996034e+00
2.496757369095225165e+00 1.222412422379843910e+01 6.724279520953834854e+00
2.488541497489005661e+00 1.217573366910823118e+01 6.583560589082315673e+00
2.476832943774642803e+00 1.212238258493896126e+01 6.527553907950110812e+00
2.462702943323876514e+00 1.206374752398913230e+01 6.476391649020063923e+00
2.446744444103783334e+00 1.200035236687928020e+01 6.434258831546252999e+00
2.429344889828572995e+00 1.193297647605530010e+01 6.382957640411974332e+00
2.410808502065173275e+00 1.186140896350341656e+01 6.369757116741899594e+00
2.391315963720871185e+00 1.178707427814677544e+01 6.342662711258529207e+00
2.371086620569141434e+00 1.170850429179316876e+01 6.307406291825580880e+00
2.350275927343623561e+00 1.162847565642814196e+01 6.251968101249149257e+00
2.329096534048868072e+00 1.154491366005773934e+01 6.233851821494563517e+00
2.307662479986751336e+00 1.146059466704074303e+01 6.191794521645120675e+00
2.286129259946965586e+00 1.137483335449623212e+01 6.133056709615152258e+00
2.264575115459164234e+00 1.128827889780443172e+01 6.086273562806708171e+00
2.243053369028850330e+00 1.120220099722822482e+01 6.040325216910822803e+00
2.221685266670791137e+00 1.111621429379051662e+01 6.017530879917864617e+00
2.200497955308133857e+00 1.103161534390217291e+01 5.957418500220862612e+00
2.179544830609573491e+00 1.094785963942000606e+01 5.929823764064686031e+00
2.158880607403406149e+00 1.086509154710329916e+01 5.908486349452076958e+00
2.138557304880915666e+00 1.078598107345612256e+01 5.882832578934406698e+00
2.118614084454627289e+00 1.070934246505239251e+01 5.869067161023516555e+00
