2.383731302914612049e-01 1.510646317623783297e+01 2.423116349867075216e+06
2.522139162680080982e-01 1.469770860441376570e+01 1.847353416492372518e+06
2.666475174065187637e-01 1.434512153327103867e+01 1.415923007009884110e+06
2.816765662881323129e-01 1.403943650886042072e+01 1.090771266781920567e+06
2.973035616317528662e-01 1.377320677976793739e+01 8.442562567134945421e+05
3.135302323170711669e-01 1.354044281636902625e+01 6.564189641405032016e+05
3.303583685158129057e-01 1.333622102550484279e+01 5.125315691519370885e+05
3.477890799133585009e-01 1.315647968208872065e+01 4.018317414010056527e+05
3.658220096363219431e-01 1.299783529523197600e+01 3.162606993048381410e+05
3.844572373030394341e-01 1.285744195430040016e+01 2.498295188421376515e+05
4.036927339483021293e-01 1.273289656476687526e+01 1.980568376856402028e+05
4.235259592479175828e-01 1.262216024578760099e+01 1.575481442363557580e+05
4.439531038454353484e-01 1.252347712608789720e+01 1.257330028259979299e+05
4.649691639231560147e-01 1.243532497076754595e+01 1.006581345874411345e+05
4.865680031098345570e-01 1.235639780812761224e+01 8.082662896224430006e+04
5.087406573991226644e-01 1.228554621911649036e+01 6.509310272797906509e+04
5.314776769296478687e-01 1.222175650562264337e+01 5.257042619675897731e+04
5.547670879385562248e-01 1.216414239027426625e+01 4.257307872703386238e+04
5.785971878511552147e-01 1.211192291539556898e+01 3.456867239313131722e+04
6.029672546190424365e-01 1.206437397746799611e+01 2.813771188960516156e+04
6.279753368054737939e-01 1.202092578850383298e+01 2.294117701323649453e+04
6.537208761136626967e-01 1.198128047706935817e+01 1.872337945441257034e+04
6.802713379391823745e-01 1.194529216186421117e+01 1.529208768769080052e+04
7.076680142347956393e-01 1.191283807951654339e+01 1.249765751496169105e+04
7.359393493442730749e-01 1.188381429309608528e+01 1.022063099966614573e+04
7.650930673114602065e-01 1.185808115157556664e+01 8.364643379035536782e+03
7.951314397962708780e-01 1.183548498849944686e+01 6.851377326019879547e+03
8.260457037679487247e-01 1.181586003881928804e+01 5.617350496294242475e+03
8.578196958512124271e-01 1.179901221330759142e+01 4.610726352568969560e+03
8.904313392085487777e-01 1.178473917191471720e+01 3.789151290772402263e+03
9.238516816679100963e-01 1.177281883128353890e+01 3.118155334044426127e+03
9.580477231923224535e-01 1.176302434485419823e+01 2.569679477125271660e+03
9.929799482634503738e-01 1.175512212927325706e+01 2.120993368790186196e+03
1.028605940569760069e+00 1.174887986030465825e+01 1.753491940372165800e+03
1.064881448063216496e+00 1.174406918618731765e+01 1.452154285190365499e+03
1.101755431313618194e+00 1.174045628617135151e+01 1.204724677123744641e+03
1.139175262143401479e+00 1.173781692749797045e+01 1.001286326093465277e+03
1.177086051674397060e+00 1.173593123812262995e+01 8.337536822975854420e+02
1.215428862893031647e+00 1.173458675471275825e+01 6.955778697540538360e+02
1.254142066548648016e+00 1.173357701980473067e+01 5.814329339122590454e+02
1.293163379064328877e+00 1.173270249376825092e+01 4.869680434881709630e+02
1.332428733477257987e+00 1.173177803943296205e+01 4.086626443401942197e+02
1.371870981250697508e+00 1.173062207131449775e+01 3.436328237948153514e+02
1.411422395485384618e+00 1.172906653709677549e+01 2.895336379937631932e+02
1.451013119830198095e+00 1.172694407518381432e+01 2.444441706690722924e+02
1.490573436891597492e+00 1.172410655241581701e+01 2.067958205201513238e+02
1.530032395244949051e+00 1.172040801696024914e+01 1.752993015289127072e+02
1.569318787974019802e+00 1.171571329036163256e+01 1.489038323529090349e+02
1.608361168814008479e+00 1.170989541807183443e+01 1.267377249406599162e+02
1.647087892365458606e+00 1.170283897075231216e+01 1.080949856708290753e+02
1.685427733036718223e+00 1.169443265482850691e+01 9.237776334360469832e+01
1.723310731249073857e+00 1.168457629707909540e+01 7.910726707720750994e+01
1.760666452913769664e+00 1.167317629366368692e+01 6.788221645739653809e+01
1.797417142844385918e+00 1.166014334671903185e+01 5.836896799462994068e+01
1.833405389296444810e+00 1.164533333415576877e+01 5.030740005159242401e+01
1.868422525014337365e+00 1.162850913005484621e+01 4.347556409336811356e+01
1.902237394053749586e+00 1.160937205294438535e+01 3.768849086044306773e+01
1.934589443359328920e+00 1.158756495532402120e+01 3.278671767175919172e+01
1.965176149643188097e+00 1.156267189254632299e+01 2.863702457733701934e+01
1.993625199878406917e+00 1.153419750637415397e+01 2.513080160183470468e+01
2.019435113112403535e+00 1.150152598579056473e+01 2.218066434076568783e+01
2.041810745810184180e+00 1.146385906768910878e+01 1.972730739589369975e+01
2.058524806430536813e+00 1.142047474900500426e+01 1.780810397196591310e+01
2.062170969214124128e+00 1.136728918863308557e+01 1.669208662495319473e+01
