2.383731302914612049e-01 1.510646317623783297e+01 2.423116349867075216e+06
2.522139162680080982e-01 1.469770860441376570e+01 1.847353416492372518e+06
2.666475174065187637e-01 1.434512153327103867e+01 1.415923007009884110e+06
2.816765662881323129e-01 1.403943650886042072e+01 1.090771266781920567e+06
2.973035616317528662e-01 1.377320677976793739e+01 8.442562567134945421e+05
3.135302323170711669e-01 1.354044281636902625e+01 6.564189641405032016e+05
3.303583685158129057e-01 1.333622102550484279e+01 5.125315691519370885e+05
3.477890799133585009e-01 1.315647968208872065e+01 4.018317414010056527e+05
3.658220096363219431e-01 1.299783529523197600e+01 3.162606993048381410e+05
3.844572373030394341e-01 1.285744195430040016e+01 2.498295188421376515e+05
4.036927339483021293e-01 1.273289656476687526e+01 1.980568376856402028e+05
4.235259592479175828e-01 1.262216024578760099e+01 1.575481442363557580e+05
4.439531038454353484e-01 1.252347712608789720e+01 1.257330028259979299e+05
4.649691639231560147e-01 1.243532497076754595e+01 1.006581345874411345e+05
4.865680031098345570e-01 1.235639780812761224e+01 8.082662896224430006e+04
5.087406573991226644e-01 1.228554621911649036e+01 6.509310272797906509e+04
5.314776769296478687e-01 1.222175650562264337e+01 5.257042619675897731e+04
5.547670879385562248e-01 1.216414239027426625e+01 4.257307872703386238e+04
5.785971796197935113e-01 1.211192368321433577e+01 3.456858856473524793e+04
6.029677720475393743e-01 1.206437355293122948e+01 2.813781858719646698e+04
6.279819013703105135e-01 1.202092437541942971e+01 2.294015493686069021e+04
6.537424615664779726e-01 1.198129607476142588e+01 1.872071939995966750e+04
6.803187668617790562e-01 1.194534686874390239e+01 1.528786095317470790e+04
7.077538780465653101e-01 1.191297285027313890e+01 1.249189338123765992e+04
7.360755429012751927e-01 1.188406321503429375e+01 1.021353272211815784e+04
7.652926662998409402e-01 1.185848960338806890e+01 8.356591128007155930e+03
7.954079652649407306e-01 1.183611225600803074e+01 6.842901950404305353e+03
8.264125710727465712e-01 1.181676067273306785e+01 5.608800870105253125e+03
8.582898256300696138e-01 1.180023501817338882e+01 4.602202340759951767e+03
8.910170917568638327e-01 1.178633653745799137e+01 3.780880076694855688e+03
9.245661692841586898e-01 1.177484295704936734e+01 3.110276777006836710e+03
9.589032967441739608e-01 1.176552704124634730e+01 2.562409763547037073e+03
9.939885751333619179e-01 1.175815126873290062e+01 2.114266568952586567e+03
1.029779684385030869e+00 1.175248235389634388e+01 1.747369929835076618e+03
1.066231127025598635e+00 1.174828270239851236e+01 1.446614135591679997e+03
1.103292582158988955e+00 1.174532383891289733e+01 1.199761759951423301e+03
1.140910958745066983e+00 1.174337533930894928e+01 9.968710331590928035e+02
1.179030319554342121e+00 1.174221529041366274e+01 8.298326157051902783e+02
1.217590988459682277e+00 1.174162637999835823e+01 6.921162772388368012e+02
1.256533838085008847e+00 1.174140499412261818e+01 5.783760081082469924e+02
1.295793715196286611e+00 1.174134621748550877e+01 4.842817197029997942e+02
1.335305416901989561e+00 1.174125835138261920e+01 4.063057269494437946e+02
1.375003321499131070e+00 1.174096666937074218e+01 3.415705177377346899e+02
1.414818407219349261e+00 1.174029276367103947e+01 2.877291317270018567e+02
1.454681186562893025e+00 1.173907313781169748e+01 2.428686174023460183e+02
1.494520735964981695e+00 1.173715565926296200e+01 2.054186755639151443e+02
1.534266524365570650e+00 1.173439144947635526e+01 1.740966078413061950e+02
1.573846052469871415e+00 1.173064512532327441e+01 1.478541444526756266e+02
1.613187784669351421e+00 1.172579019475017148e+01 1.258227754446252220e+02
1.652219862504985093e+00 1.171970644618904522e+01 1.072923928494899286e+02
1.690871096680828911e+00 1.171228392366034932e+01 9.167888029548768714e+01
1.729069402277293444e+00 1.170341712895307573e+01 7.849702941429502800e+01
1.766746127784052822e+00 1.169301549337856372e+01 6.734736065497469326e+01
1.803831623092815306e+00 1.168099114241850245e+01 5.789912327859441632e+01
1.840258085980197134e+00 1.166726512427398532e+01 4.987792386134515965e+01
1.875959891668744106e+00 1.165176720598638305e+01 4.305552438085398137e+01
1.910872261325377908e+00 1.163443388343621443e+01 3.724147175888013095e+01
1.944931627032715049e+00 1.161520636444059562e+01 3.227853668487225747e+01
1.978044792886274772e+00 1.159401919212756482e+01 2.803673316330948850e+01
2.010092078416843009e+00 1.157076128687973160e+01 2.440822157088449273e+01
2.040952748430108432e+00 1.154530521831292056e+01 2.130194434753776633e+01
2.070507964754299213e+00 1.151751052719733259e+01 1.863890190961399185e+01
2.098641501568948353e+00 1.148723426553230809e+01 1.635304674504494571e+01
2.125240143067625986e+00 1.145433111392404690e+01 1.438790638229128405e+01
2.150193735481074064e+00 1.141865575885707607e+01 1.269598097735774012e+01
2.173396642715797356e+00 1.138006933489153560e+01 1.123735963259021631e+01
2.194743890479730730e+00 1.133842920804334931e+01 9.977586781065994614e+00
2.214143518431499924e+00 1.129362395447338407e+01 8.888149596203593461e+00
2.231492753743820945e+00 1.124550711703824390e+01 7.944553388224474766e+00
2.246702029116468768e+00 1.119397250028070090e+01 7.126168428197663829e+00
2.259682399609613146e+00 1.113891371150558207e+01 6.415623809749610551e+00
2.270347655909862539e+00 1.108023534728253168e+01 5.798138954308786452e+00
2.278615213076914614e+00 1.101785489043919419e+01 5.261253998103722296e+00
2.284403894367736054e+00 1.095170671555426445e+01 4.794438143720885392e+00
2.287634621494642140e+00 1.088174063242182044e+01 4.388675777674148293e+00
2.288230903537605609e+00 1.080793622038988921e+01 4.036553096841952737e+00
