1.550982551689759603e+01 2.191799393479931801e-01 3.683552447462830693e+06
1.519978636212830736e+01 2.272884173285326659e-01 3.088505943894445896e+06
1.492172957945063949e+01 2.357423428585441738e-01 2.593375781377722509e+06
1.465920451587740025e+01 2.445612947709606411e-01 2.168967085294374730e+06
1.441580886425475683e+01 2.537318064975073173e-01 1.821378336992788129e+06
1.420188073827947228e+01 2.632786879618638776e-01 1.525353041252095019e+06
1.399657798370047068e+01 2.732087000286275158e-01 1.279937694129612995e+06
1.380874122427610118e+01 2.835293342298937369e-01 1.073189148800646188e+06
1.364029286929085139e+01 2.942479062237854381e-01 9.018453699153816560e+05
1.348076914543571547e+01 3.053661284038735602e-01 7.577812302933397004e+05
1.333970877185047499e+01 3.169072828692250376e-01 6.346845042472511996e+05
1.320357067413744723e+01 3.288589604674553857e-01 5.339858650864096126e+05
1.308033510832773239e+01 3.412481009248678476e-01 4.480887484107664204e+05
1.296626725512003198e+01 3.540610953004053041e-01 3.769415500878600869e+05
1.285964794209222006e+01 3.673127711051750177e-01 3.167826778362147161e+05
1.276201420613900872e+01 3.810377989890987305e-01 2.664915990432673134e+05
1.267713254904849052e+01 3.951800011083156927e-01 2.243411341178280709e+05
1.259379936157294111e+01 4.097944363657061162e-01 1.892136397184495290e+05
1.251505955437317574e+01 4.248716270239820680e-01 1.594921693292944401e+05
1.244382126500248553e+01 4.403726180986864414e-01 1.341384807723331032e+05
1.237815827256864587e+01 4.563703505888032641e-01 1.133705905160760740e+05
1.231926153286950409e+01 4.728324460931782047e-01 9.564705383526068181e+04
1.226535379843012663e+01 4.897445738536838622e-01 8.089151042527997924e+04
1.221430580298790503e+01 5.071020031345430112e-01 6.832444761305522115e+04
1.216601109617216814e+01 5.249324379776202365e-01 5.771125659130297572e+04
1.212123394152868627e+01 5.432210081244941424e-01 4.884333132931397995e+04
1.207522723236513329e+01 5.619675599387172760e-01 4.142930526270537666e+04
1.204234774821237330e+01 5.811204640675247113e-01 3.512905949383835105e+04
1.200605324343492875e+01 6.007475212481879767e-01 2.974176304128471384e+04
1.197441223770433716e+01 6.209081575201028658e-01 2.524993952456531406e+04
1.194367100801080284e+01 6.417037785246029191e-01 2.141759573187190836e+04
1.191528590619956596e+01 6.631882020780793807e-01 1.812874585290535470e+04
1.188909405862541391e+01 6.854351263592984855e-01 1.533788473281787446e+04
1.186427725318894133e+01 7.084552937232148073e-01 1.297663832139408805e+04
1.184163829305764892e+01 7.322987659157551565e-01 1.097720481278980697e+04
1.182039304023994397e+01 7.570131553238698130e-01 9.262154042988520814e+03
1.180465761118117030e+01 7.825907216627454588e-01 7.813668845157106261e+03
1.178783427898889080e+01 8.090569834085695744e-01 6.589152411844827839e+03
1.177402636064556418e+01 8.363921440025970933e-01 5.550139280085537393e+03
1.176319159039819162e+01 8.646034271669025273e-01 4.673856251739029176e+03
1.175285915829061878e+01 8.936894309452925178e-01 3.936434574670011443e+03
1.174446976621411842e+01 9.236250563242657252e-01 3.314988805277494521e+03
1.173806677390722442e+01 9.544007804645983084e-01 2.791260970655061556e+03
1.173607970106887599e+01 9.859847074285443824e-01 2.348820433882990983e+03
1.173053714213720689e+01 1.018348707806911335e+00 1.980278579746094465e+03
1.172772934198829375e+01 1.051460245015388040e+00 1.669530299130603680e+03
1.172754866772917204e+01 1.085286914188861029e+00 1.408205618532319932e+03
1.172953849789917591e+01 1.119760321861079433e+00 1.188566531278457887e+03
1.172727684929236602e+01 1.154858693563958649e+00 1.004319536159784207e+03
1.172834080662364187e+01 1.190492784125147141e+00 8.501880084343055159e+02
1.172933925709144631e+01 1.226657031991860825e+00 7.197337546945894928e+02
1.173178016894732600e+01 1.263258005627969416e+00 6.100290215882371285e+02
1.173392661728774478e+01 1.300243813787159031e+00 5.144371982395711029e+02
1.173647035514582448e+01 1.337537380692594535e+00 4.376311301771732474e+02
1.174042351709883114e+01 1.375090034752401547e+00 3.746058053621140971e+02
1.174081610532473618e+01 1.412811721723471692e+00 3.194990596323982004e+02
1.173926740878385644e+01 1.450646900962188290e+00 2.730427889355855768e+02
1.174096676544117024e+01 1.488528041154247639e+00 2.333505353120946211e+02
1.174303930808691376e+01 1.526351412240686933e+00 1.989331780059733319e+02
1.173780756590937813e+01 1.564067975953171485e+00 1.707992366547966867e+02
1.173685321753083421e+01 1.601594334011370524e+00 1.476102290112792446e+02
1.173389178483380313e+01 1.638877226138822030e+00 1.272021784988743320e+02
1.173102070472461911e+01 1.675812832746078618e+00 1.097847140602546716e+02
1.172384834190874869e+01 1.712337449375759046e+00 9.453104290977401547e+01
1.171675849827824756e+01 1.748397925172590073e+00 8.233604278752589778e+01
1.170825245458901875e+01 1.783916413279426516e+00 7.151692217482512604e+01
1.169846890303577425e+01 1.818829172009292838e+00 6.221459119717770392e+01
1.168821934030288645e+01 1.853078780350942756e+00 5.429381477151932245e+01
1.167505589152860423e+01 1.886599236964151327e+00 4.743250447108945878e+01
1.166066816438043219e+01 1.919340130302627401e+00 4.138927730323818821e+01
1.164451426874459372e+01 1.951231226338250746e+00 3.645639478763930441e+01
1.162740910212012579e+01 1.982171079843149331e+00 3.206087666154833471e+01
1.160780970222407227e+01 2.012052905354028365e+00 2.829351943287175430e+01
1.158723404325333384e+01 2.040754300250535280e+00 2.503589237727183203e+01
1.156459846991214491e+01 2.068178936764092590e+00 2.220144840939373765e+01
1.154014769807100826e+01 2.094232364901746468e+00 1.975911067995539483e+01
1.151348327408169503e+01 2.118833390574098363e+00 1.765089148709568434e+01
1.148560459790625643e+01 2.141925303784989243e+00 1.581457049669160675e+01
1.145494855034855419e+01 2.163402514668793408e+00 1.420865581394699362e+01
1.142218320514420249e+01 2.183243748602576861e+00 1.282538174077876114e+01
1.138756625351198082e+01 2.201400002413270940e+00 1.161977742741149733e+01
1.135093452595751984e+01 2.217807502214797832e+00 1.055538473010312828e+01
1.131299021365897595e+01 2.232462444019997161e+00 9.608942001658737908e+00
1.127233334412427013e+01 2.245315514638399179e+00 8.825850580872581119e+00
1.122972940671575515e+01 2.256397783998311368e+00 8.096749086296929576e+00
1.118491249806680266e+01 2.265659236092486761e+00 7.501550160471168738e+00
1.113894493764898463e+01 2.273124689626984107e+00 6.957374049274182681e+00
1.109118283207802591e+01 2.278789963877823066e+00 6.483705454284621972e+00
1.104187435112514137e+01 2.282676851252372519e+00 6.066372088347015357e+00
1.099069733726649645e+01 2.284774500174872269e+00 5.702314656871939391e+00
1.093880955637326835e+01 2.285143070478668381e+00 5.373070241131586933e+00
1.088554958009843077e+01 2.283780164733163254e+00 5.100750597983133794e+00
1.083131684664104633e+01 2.280712261323400547e+00 4.879880249029426409e+00
1.077770781719914872e+01 2.276008744180002097e+00 4.680604382350558978e+00
1.072299803892296310e+01 2.269677840310596384e+00 4.520144116266633816e+00
1.067059654613793995e+01 2.261851511824550354e+00 4.393325085575495059e+00
1.062130617273047406e+01 2.252735671586755917e+00 4.308114519695480205e+00
1.058645618417234324e+01 2.243621062956894896e+00 4.281438811103029707e+00
1.055144612084402134e+01 2.232398006506879806e+00 4.299134689863703507e+00
1.051399612320557431e+01 2.219399436689615257e+00 4.345534192996496792e+00
