2.191799393479931801e-01 1.550982551689759603e+01 3.683552447462830693e+06
2.271501033078620335e-01 1.522078147663112624e+01 3.115897473285682965e+06
2.354528718793933995e-01 1.493288763382013329e+01 2.610829094611320645e+06
2.441107993438508816e-01 1.468263875235326310e+01 2.192513249721428845e+06
2.531066939152482598e-01 1.443653327653667517e+01 1.840193997417211533e+06
2.624655920042877066e-01 1.421979536145886058e+01 1.552110271227346268e+06
2.721935762884187260e-01 1.401883488742239869e+01 1.302394630342908204e+06
2.822994180584442736e-01 1.383414125449864329e+01 1.096347684553349856e+06
2.927994820754142302e-01 1.366331096191736094e+01 9.227876032325602137e+05
3.036608900235329145e-01 1.350667065766940667e+01 7.763822301675863564e+05
3.149380248419949013e-01 1.336553638099339025e+01 6.554143325604441343e+05
3.266242942178040343e-01 1.322303813511514825e+01 5.517336351431448711e+05
3.387157131511973063e-01 1.310195171584584273e+01 4.647562705919312430e+05
3.512367939377525894e-01 1.299209649976292980e+01 3.919805224352042424e+05
3.641918724087188086e-01 1.288543059165832894e+01 3.298565259049177985e+05
3.775484308405073208e-01 1.278929082173653775e+01 2.755528907144744880e+05
3.913384355169658990e-01 1.269847945727007144e+01 2.350921389508543944e+05
4.055840253740607415e-01 1.261524109708133956e+01 1.984465487757556839e+05
4.202588872082387295e-01 1.253887522866485327e+01 1.678157068764271389e+05
4.353963062793523853e-01 1.246533469769863167e+01 1.417763724648297939e+05
4.509752914821600900e-01 1.240354792928781258e+01 1.189949152610337042e+05
4.670001039942452969e-01 1.233935740502573708e+01 1.018708279536884947e+05
4.834452111186175460e-01 1.228345320684595876e+01 8.606260392729491286e+04
5.003618314184334892e-01 1.223203501447262020e+01 7.274570002330595162e+04
5.177146305049488140e-01 1.217881300237134568e+01 6.167923108583659632e+04
5.355127281923391935e-01 1.214035806951416951e+01 5.240463501235910371e+04
5.537535057061258037e-01 1.209899414921380689e+01 4.448992851826919650e+04
5.724057893985053935e-01 1.206004013146256604e+01 3.774275944994057500e+04
5.914874291770048087e-01 1.202265550004403138e+01 3.213490552921050039e+04
6.110358536192417311e-01 1.199086448319171438e+01 2.730311266733438970e+04
6.311186812824093328e-01 1.195931895476127949e+01 2.325594879474848494e+04
6.518003168161263794e-01 1.192955073596232118e+01 1.977971496633394054e+04
6.731204300705885268e-01 1.190263864154657547e+01 1.681708675148869224e+04
6.951466727727247941e-01 1.187732805316102791e+01 1.428208276630905675e+04
7.178733198054494391e-01 1.185299417823312140e+01 1.212904126981703848e+04
7.413253062890726719e-01 1.183072562534209027e+01 1.030925925566039950e+04
7.655582831764028429e-01 1.181061168320282029e+01 8.730504632011883587e+03
7.905768840592393154e-01 1.179583192789160684e+01 7.389381402132051335e+03
8.164688666109722881e-01 1.177843358714517841e+01 6.275250156245972903e+03
8.432786254632904654e-01 1.176514516984813952e+01 5.295790372562364610e+03
8.710243419613342697e-01 1.175371256154741495e+01 4.473017239119558326e+03
8.997369359784215259e-01 1.174357989547531567e+01 3.777613459323988991e+03
9.294200958465470563e-01 1.173563248631866607e+01 3.186324034587629740e+03
9.601031999894888980e-01 1.172610160310349414e+01 2.686669739831794686e+03
9.917296654150909996e-01 1.172408709721641351e+01 2.265484898640754182e+03
1.024337969994504993e+00 1.172158382464959026e+01 1.908986927789648007e+03
1.057865275362412927e+00 1.171955075237551469e+01 1.609269574357512965e+03
1.092305408754908669e+00 1.171991678039977458e+01 1.348546265009061017e+03
1.127626364225751132e+00 1.172176147839071447e+01 1.141905152191521665e+03
1.163767026339408650e+00 1.172584768912540731e+01 9.631372637963831949e+02
1.200695105017735909e+00 1.173123776273318519e+01 8.120462430205458304e+02
1.238355032434088621e+00 1.173464065024582936e+01 6.857252440734740730e+02
1.276692632538176664e+00 1.174422062114877718e+01 5.789621474758466775e+02
1.315630924667573920e+00 1.174787837261521695e+01 4.893526358766188764e+02
1.355120204777140680e+00 1.175431541448877049e+01 4.143934307781032089e+02
1.395064299653981266e+00 1.176216158943851475e+01 3.491403255614841328e+02
1.435321072945960896e+00 1.177060665810595275e+01 2.981688332677178437e+02
1.475775759577571344e+00 1.178063955112359906e+01 2.536117498112250530e+02
1.516283516117169716e+00 1.178592644097781772e+01 2.162747524630730709e+02
1.556684245447928161e+00 1.179148930446324428e+01 1.846596755242258041e+02
1.596830034265588782e+00 1.179768384171953599e+01 1.581403433547759221e+02
1.636624350108250914e+00 1.180239586248487704e+01 1.357787756060253059e+02
1.675886931619313014e+00 1.180615542280173003e+01 1.169100707442484719e+02
1.714513788493376101e+00 1.180734122000620268e+01 1.009655139718071695e+02
1.752364263702546943e+00 1.180901049094402033e+01 8.740144555707237828e+01
1.789338467601344407e+00 1.180601759355002045e+01 7.598644465149298810e+01
1.825299587983783667e+00 1.180246994250735426e+01 6.620092468439737843e+01
1.860185171078986066e+00 1.179715824253699274e+01 5.784455246569722675e+01
1.893853660841297026e+00 1.178852582808777250e+01 5.078842368639795524e+01
1.926239731520263732e+00 1.177860797532660264e+01 4.469183217352536275e+01
1.957272012309776432e+00 1.176507750920459117e+01 3.948826833091442268e+01
1.986844255068334952e+00 1.175043258554604897e+01 3.495858357612203093e+01
2.014937084357572239e+00 1.173280383929369464e+01 3.110211598828034596e+01
2.041497084663679740e+00 1.171234537665363895e+01 2.774431169751085235e+01
2.066444062837279105e+00 1.168985983403692153e+01 2.483998744113729984e+01
2.089787075228666247e+00 1.166432663952416071e+01 2.230531882887006745e+01
2.111492279228580404e+00 1.163685908820418469e+01 2.011634334775480326e+01
2.131542495428663031e+00 1.160620309805533878e+01 1.811804000460225694e+01
2.149922260371711413e+00 1.157280031720447688e+01 1.650302485455412693e+01
2.166627366410228905e+00 1.153816140439231752e+01 1.503327397899705709e+01
2.181673840066426173e+00 1.150081529847540551e+01 1.372939922316168726e+01
2.195071464747762935e+00 1.146099751770228181e+01 1.255085850054799401e+01
2.206780925768322632e+00 1.141828898938655001e+01 1.158669466660028569e+01
2.216827490466867001e+00 1.137479286501119091e+01 1.069718295240286388e+01
2.225203570921300500e+00 1.132851040328415415e+01 9.915401929787712731e+00
2.231924700498888026e+00 1.128045746554142781e+01 9.199596590299144339e+00
2.237013924518068908e+00 1.123104848876487338e+01 8.611316307951582871e+00
2.240470573149540012e+00 1.117982417129245221e+01 8.075169127797739321e+00
2.242341303492978888e+00 1.112707838236138613e+01 7.592705655735872305e+00
2.242651407122978391e+00 1.107361899411408324e+01 7.171281569565096881e+00
2.241431944254697939e+00 1.101849152137439347e+01 6.807019228892951190e+00
2.238733585588532193e+00 1.096211915420890293e+01 6.466346810581859117e+00
2.234595256444061206e+00 1.090582106790916583e+01 6.184998897141921859e+00
2.229073490264207091e+00 1.084871208705783552e+01 5.961588419305948960e+00
2.222242473228059012e+00 1.079201639932334444e+01 5.757734601287103793e+00
2.214182002106108271e+00 1.073518496611328743e+01 5.572898575451024961e+00
2.204979920972949703e+00 1.067944222296745060e+01 5.447761204110308952e+00
2.194784372582364362e+00 1.062577225862262331e+01 5.331657675007508423e+00
2.183889039629869799e+00 1.057611259371953416e+01 5.280433014778467715e+00
2.173468709741654514e+00 1.053631901229501189e+01 5.265321716325091828e+00
