2.383731302914612049e-01 1.510646317623783297e+01 2.423116349867075216e+06
2.522139162680080982e-01 1.469770860441376570e+01 1.847353416492372518e+06
2.666475174065187637e-01 1.434512153327103867e+01 1.415923007009884110e+06
2.816765662881323129e-01 1.403943650886042072e+01 1.090771266781920567e+06
2.973035616317528662e-01 1.377320677976793739e+01 8.442562567134945421e+05
3.135302323170711669e-01 1.354044281636902625e+01 6.564189641405032016e+05
3.303583685158129057e-01 1.333622102550484279e+01 5.125315691519370885e+05
3.477890799133585009e-01 1.315647968208872065e+01 4.018317414010056527e+05
3.658220096363219431e-01 1.299783529523197600e+01 3.162606993048381410e+05
3.844572373030394341e-01 1.285744195430040016e+01 2.498295188421376515e+05
4.036927339483021293e-01 1.273289656476687526e+01 1.980568376856402028e+05
4.235259592479175828e-01 1.262216024578760099e+01 1.575481442363557580e+05
4.439531038454353484e-01 1.252347712608789720e+01 1.257330028259979299e+05
4.649691639231560147e-01 1.243532497076754595e+01 1.006581345874411345e+05
4.865680031098345570e-01 1.235639780812761224e+01 8.082662896224430006e+04
5.087406573991226644e-01 1.228554621911649036e+01 6.509310272797906509e+04
5.314776769296478687e-01 1.222175650562264337e+01 5.257042619675897731e+04
5.547670879385562248e-01 1.216414239027426625e+01 4.257307872703386238e+04
5.785971915206297167e-01 1.211192388410717058e+01 3.456863017178587324e+04
6.029704984206639695e-01 1.206437031357853762e+01 2.813743792015290092e+04
6.280043866774162042e-01 1.202092887190922710e+01 2.293653246127009334e+04
6.538144366296790855e-01 1.198134958129128513e+01 1.871246807103158426e+04
6.804754899238953936e-01 1.194553258578132393e+01 1.527394434976929551e+04
7.080344075254917380e-01 1.191339788731520777e+01 1.247292417016273976e+04
7.365208455533016618e-01 1.188487319840857381e+01 1.019058406992218261e+04
7.659454673920234047e-01 1.185984515246853377e+01 8.330835902731651004e+03
7.963094555519562023e-01 1.183817065897843435e+01 6.815473949804760196e+03
8.276045383555074020e-01 1.181969400561531103e+01 5.580792076544477823e+03
8.598132475226049065e-01 1.180421739000382431e+01 4.574648476311036575e+03
8.929131532799624571e-01 1.179153575619641536e+01 3.754337531555205715e+03
9.268741449756520145e-01 1.178142447944086157e+01 3.085256444641738199e+03
9.616619087515452247e-01 1.177364629562022103e+01 2.539097565357211806e+03
9.972349885181892581e-01 1.176795448310708103e+01 2.092885382982947704e+03
1.033552320822165527e+00 1.176411578144678494e+01 1.727938608557648877e+03
1.070565270585292161e+00 1.176188239204747532e+01 1.429128496259716030e+03
1.108223470242577058e+00 1.176101122464887183e+01 1.184101977763686591e+03
1.146471292812582421e+00 1.176126429070705726e+01 9.829278906979229760e+02
1.185253257010268513e+00 1.176241626657659367e+01 8.174870671409100851e+02
1.224509274650771085e+00 1.176423789466223724e+01 6.812245431477700777e+02
1.264176056010886340e+00 1.176651702800550048e+01 5.687944995244998836e+02
1.304189433303735379e+00 1.176904387115565775e+01 4.758771859618966573e+02
1.344484155239321410e+00 1.177162326273660220e+01 3.989484266526212082e+02
1.384991763205971393e+00 1.177406464919519280e+01 3.351340806153585845e+02
1.425642704851477705e+00 1.177619051224840696e+01 2.821100049899978899e+02
1.466365903796478909e+00 1.177782959064246526e+01 2.379621622927473936e+02
1.507089275683390239e+00 1.177882374702915946e+01 2.011395575434842726e+02
1.547741258606989634e+00 1.177902137535942195e+01 1.703661443527006440e+02
1.588248493355902902e+00 1.177827919690379055e+01 1.445990079218712765e+02
1.628537444652596422e+00 1.177646741114915052e+01 1.229839026985557098e+02
1.668535644656631289e+00 1.177346052245447261e+01 1.048169112712567284e+02
1.708169930144566306e+00 1.176914374264412722e+01 8.951651633736679514e+01
1.747368693410898288e+00 1.176341254679262960e+01 7.660811422535884674e+01
1.786050545813233414e+00 1.175616453643421444e+01 6.569822899747300937e+01
1.823847660703564522e+00 1.174710843237019553e+01 5.651236482324336663e+01
1.857367508445727067e+00 1.173420238383704195e+01 4.927634608398994231e+01
1.881613683868175402e+00 1.170977500498988455e+01 4.403953373164988250e+01
1.901422767396109492e+00 1.167471144204455591e+01 3.963545512155997130e+01
1.917915781632248073e+00 1.163073899796159871e+01 3.582232220165190029e+01
1.931490468190046439e+00 1.157875860297382431e+01 3.248471109770033394e+01
1.942436921869300059e+00 1.151941272812882211e+01 2.953902529446821390e+01
1.950991124650312658e+00 1.145324213027363669e+01 2.692074737807614682e+01
1.957359760290311890e+00 1.138074594680515439e+01 2.457996357528163855e+01
1.961720181821719589e+00 1.130238459615681457e+01 2.247657447967083399e+01
1.964233111870908655e+00 1.121860131609117772e+01 2.057939167696986615e+01
1.965040034854287576e+00 1.112982165693396475e+01 1.886202176487660864e+01
