2.191799393479931801e-01 1.550982551689759603e+01 3.683552447462830693e+06
2.267733878591949026e-01 1.521942579462303691e+01 3.126625528492736164e+06
2.346673049762577346e-01 1.495139410836818783e+01 2.645614212537910789e+06
2.428853299575382263e-01 1.470444557634623450e+01 2.246036701624273323e+06
2.514050045217997020e-01 1.447320041511419220e+01 1.903824298961233580e+06
2.602558438153591003e-01 1.426509080657478634e+01 1.612932336535088718e+06
2.694409832217377621e-01 1.406966200781900334e+01 1.368920658173518255e+06
2.789667672931088194e-01 1.389311081276889226e+01 1.157696256355688209e+06
2.888413141912430926e-01 1.372310516487978127e+01 9.833418941221537534e+05
2.990763161647133628e-01 1.357337441223207897e+01 8.362015687678046525e+05
3.096445346316450964e-01 1.342419181035331377e+01 7.086004734674104257e+05
3.206130591989698186e-01 1.330029740171910646e+01 6.019059824577710824e+05
3.319156457675743743e-01 1.316981725471692677e+01 5.115265963168604649e+05
3.436128977509960714e-01 1.305702223397212336e+01 4.339954828046796611e+05
3.557128436221277390e-01 1.295307343122970600e+01 3.688129831299678190e+05
3.681630271760727990e-01 1.285763925831063048e+01 3.132630017500727554e+05
3.810420541290180929e-01 1.276245464808885544e+01 2.663709129927122849e+05
3.942840420861707385e-01 1.268111450306861521e+01 2.281579253871752881e+05
4.079414949607238494e-01 1.260330358812951701e+01 1.936666389041458315e+05
4.219968911533487632e-01 1.252991502728662709e+01 1.644477041821760358e+05
4.364655205633405921e-01 1.246358107412960514e+01 1.401836689045146049e+05
4.513363501637078223e-01 1.240359702709880452e+01 1.193061855630890495e+05
4.666206411599377324e-01 1.234822024727181500e+01 1.016751534862028348e+05
4.822800533295441006e-01 1.228943166214198968e+01 8.592379767605877714e+04
4.983704537298440096e-01 1.223753780324137352e+01 7.421494958323510946e+04
5.148553995651177217e-01 1.219055739234077151e+01 6.345975811904847069e+04
5.317470938065521624e-01 1.214749837316154490e+01 5.418801800215167168e+04
5.490405578574907297e-01 1.210731014189440380e+01 4.642621021132334135e+04
5.667381831837298156e-01 1.207109020806759325e+01 3.970222132937457354e+04
5.848092646680874696e-01 1.203668422121186588e+01 3.395838599026176234e+04
6.032835188285137207e-01 1.200324071864667452e+01 2.910468679055743996e+04
6.222312576508306492e-01 1.196906495466185305e+01 2.499498975056983181e+04
6.418021091431604930e-01 1.194339466428769647e+01 2.139060612874724393e+04
6.620211816055929788e-01 1.191685831393652428e+01 1.831004569200990591e+04
6.829410348807769537e-01 1.189122113817635373e+01 1.563650478260494856e+04
7.045685905275882455e-01 1.186891524722680735e+01 1.336060003365687044e+04
7.269916973580764497e-01 1.184838993318765432e+01 1.139317396740794175e+04
7.502267611442740014e-01 1.182902178547257321e+01 9.711030634467937489e+03
7.742558440689553123e-01 1.181334413421289931e+01 8.273095789299588432e+03
7.991142578769276916e-01 1.179806153370852684e+01 7.040321582986005524e+03
8.248024036938994552e-01 1.178584288179945183e+01 5.980653704349195323e+03
8.513284552756197332e-01 1.177468823274309706e+01 5.088533160715597660e+03
8.786807628420708616e-01 1.176526989366310971e+01 4.324842960519049484e+03
9.068444173490235460e-01 1.175877219303532328e+01 3.668528021974828334e+03
9.358215037156145666e-01 1.175281340549289766e+01 3.118432233475033627e+03
9.655913624853860178e-01 1.174916129476026327e+01 2.647911174539798594e+03
9.961047124872017822e-01 1.174650319858950454e+01 2.247455408124372298e+03
1.027373737180460100e+00 1.174499800734434274e+01 1.910492301453427672e+03
1.059340461006642142e+00 1.174562758361220105e+01 1.625558496081749809e+03
1.091998457187777438e+00 1.174633660402255231e+01 1.381513018278851405e+03
1.125285823376631855e+00 1.174894390225382246e+01 1.168132876691739966e+03
1.159164834882758788e+00 1.175220761981210593e+01 9.980908109214821025e+02
1.193597384424398777e+00 1.175587508794949620e+01 8.538829353813976013e+02
1.228524176285315628e+00 1.175990649039855462e+01 7.290161541589874332e+02
1.263910581543189693e+00 1.176373829040508312e+01 6.234739928957588972e+02
1.299699453280928951e+00 1.176881740863805526e+01 5.291669155990233548e+02
1.335831448779001729e+00 1.177407826560187409e+01 4.559693576481778905e+02
1.372243156270280817e+00 1.177871183057030358e+01 3.891729774385968312e+02
1.408866666393426836e+00 1.178392543520186564e+01 3.336644413532757767e+02
1.445668191526382262e+00 1.178850692407479883e+01 2.869407119206974812e+02
1.482569428838310888e+00 1.179224773457024433e+01 2.485105472969979701e+02
1.519485968405182241e+00 1.179646718667955874e+01 2.130862184049158259e+02
1.556390017845870721e+00 1.179784266900523271e+01 1.840818145753740396e+02
1.593191693574189216e+00 1.180024238653906465e+01 1.601836528471550025e+02
1.629832614843430783e+00 1.180367043030672747e+01 1.380475886757977264e+02
1.666259598915097229e+00 1.180344596594422057e+01 1.204564405192929115e+02
1.702393696410216428e+00 1.180214845619579656e+01 1.047721769761605657e+02
1.738175705703822516e+00 1.180027615274806330e+01 9.124862844733257816e+01
1.773539070924017969e+00 1.179925999231750389e+01 7.961709799854439495e+01
1.808440034768982629e+00 1.179280090309110207e+01 6.964775272546256701e+01
1.842822803131634934e+00 1.178733480135550060e+01 6.098489634957146421e+01
1.876610359526008853e+00 1.178078255660768470e+01 5.352681964097190814e+01
1.909742626241095698e+00 1.177292340407402271e+01 4.706877025714074136e+01
1.942113067501067158e+00 1.176303749295427359e+01 4.149219262154854704e+01
1.973598203104905746e+00 1.175215773816065123e+01 3.662180933067268995e+01
2.004081091279757310e+00 1.173907263258987932e+01 3.243449929836248202e+01
2.033463411355872275e+00 1.172426461567872735e+01 2.882813482747079448e+01
2.061640357488500719e+00 1.170862378553604266e+01 2.565537745179852536e+01
2.088521950487286283e+00 1.169014224764655907e+01 2.290974927563837227e+01
2.113998096384549275e+00 1.167034970943063854e+01 2.053881944790708403e+01
2.137994761607773686e+00 1.164792063723650450e+01 1.839338756903508809e+01
2.160454898819279101e+00 1.162388001176343444e+01 1.664627269486573979e+01
2.181290562967347579e+00 1.159793480162385393e+01 1.507449354992384905e+01
2.200452184526845656e+00 1.156931636520918616e+01 1.369709074219541201e+01
2.217830423585515742e+00 1.153907186051536371e+01 1.250587923529341872e+01
2.233431144583956751e+00 1.150581586954034208e+01 1.144622607968525330e+01
2.247161433141192877e+00 1.147137424624128599e+01 1.053149086985324523e+01
2.259003424743682320e+00 1.143416980182673548e+01 9.727524756703536113e+00
2.268869837318379545e+00 1.139523165873429456e+01 9.000625030179087105e+00
2.276740957120381381e+00 1.135389334134099037e+01 8.391420160884425883e+00
2.282536508994203128e+00 1.131127282838768622e+01 7.888313070368662139e+00
2.286202576290294886e+00 1.126656933694588680e+01 7.413537462766827346e+00
2.287634220005567265e+00 1.122108248879961145e+01 7.056481599220951750e+00
2.286708974194374466e+00 1.117508377224647909e+01 6.751200345879323272e+00
2.283133471673357118e+00 1.113225974002370045e+01 6.540262893584587012e+00
2.276585754079781587e+00 1.109428488118471989e+01 6.439093543750454174e+00
2.267869876659424300e+00 1.105815769710544672e+01 6.380760203893383498e+00
2.258054500956240052e+00 1.102645499838986431e+01 6.413824313148858813e+00
2.247640264490876394e+00 1.099786536248320701e+01 6.471658137725147419e+00
2.235116432008534826e+00 1.096643769003305380e+01 6.555906074377688242e+00
