2.191799393479931801e-01 1.550982551689759603e+01 3.683552447462830693e+06
2.269814649368840087e-01 1.523511084806732896e+01 3.133657573568776250e+06
2.351012538511359773e-01 1.493971896496555907e+01 2.628341452047594357e+06
2.435618939962077012e-01 1.470900872941778381e+01 2.229376313109040726e+06
2.523428586909151616e-01 1.445055444115673104e+01 1.866949048924974864e+06
2.614739665551855663e-01 1.424157245619417544e+01 1.577860712345550302e+06
2.709580175376797295e-01 1.404226828330403087e+01 1.332099627101279562e+06
2.808023746297129697e-01 1.386186547067229213e+01 1.128289038949579932e+06
2.910180756548655934e-01 1.369396836742866164e+01 9.505607206513290294e+05
3.016094616037252041e-01 1.353485683528346151e+01 8.016903148945752764e+05
3.125566318142060651e-01 1.339170284215414775e+01 6.785290131551614031e+05
3.239139949998883217e-01 1.325774290997117255e+01 5.738214767062712926e+05
3.356556309182747166e-01 1.313966686323482236e+01 4.843249917207366088e+05
3.477997946423949660e-01 1.301686345995824290e+01 4.104828171108714887e+05
3.603517817427653314e-01 1.291511813654181573e+01 3.469959523658698308e+05
3.733122983409759565e-01 1.281654751274371407e+01 2.937520427501757513e+05
3.866930865864242062e-01 1.272550670135877304e+01 2.485860974744836567e+05
4.004883690246141548e-01 1.264336006552214187e+01 2.106871937052519934e+05
4.147042780472762202e-01 1.256507897620938152e+01 1.787198649875030387e+05
4.293524138234973697e-01 1.249229934575464185e+01 1.514649401300713944e+05
4.444430294486800825e-01 1.242618539088191554e+01 1.284891843296027073e+05
4.599470647804700940e-01 1.236503303754601468e+01 1.092977832665049355e+05
4.758647682695624770e-01 1.230929607716914553e+01 9.269924929246887041e+04
4.922138078387016669e-01 1.225747689291568321e+01 7.882204383827623678e+04
5.089854711585035663e-01 1.220802888219439630e+01 6.707125112212635577e+04
5.261916236998043228e-01 1.216004954461111076e+01 5.695389233808187419e+04
5.438221557683210472e-01 1.211996037885622535e+01 4.860267242474303930e+04
5.618771599907490533e-01 1.208115832683800406e+01 4.140763970491506188e+04
5.803073379428836942e-01 1.204526327614381565e+01 3.526743806473079894e+04
5.991574485767542368e-01 1.201022295078176505e+01 3.017787871516184532e+04
6.183885192178250056e-01 1.197754358815003251e+01 2.574954315659832355e+04
6.379915568375448265e-01 1.194796791452240114e+01 2.201970147775988153e+04
6.579368953906205020e-01 1.192058533350053828e+01 1.885872108187868798e+04
6.782300587523865110e-01 1.189321358528342287e+01 1.614593599652577723e+04
6.988355140507436225e-01 1.186768283961087178e+01 1.385874182332702185e+04
7.197198061114371548e-01 1.184448533603661957e+01 1.189884790276043350e+04
7.408706747053175334e-01 1.181876827237460326e+01 1.021411548484074228e+04
7.622955874805321663e-01 1.179645770179293685e+01 8.807019702481449713e+03
7.839445342854763910e-01 1.177511413812814567e+01 7.598043093951648189e+03
8.058018207900012886e-01 1.175338865221591078e+01 6.554489949519152105e+03
8.278496841656656224e-01 1.173433221841210283e+01 5.657113429256079144e+03
8.500521277397660169e-01 1.170871091643067352e+01 4.896182864939146384e+03
8.724307753607450922e-01 1.168934357843254901e+01 4.244183032988807099e+03
8.948749443027178563e-01 1.166740387276988855e+01 3.680248553053145315e+03
9.174335683871051028e-01 1.164693802466240058e+01 3.195058925934275067e+03
9.400724524468365706e-01 1.162405846377879470e+01 2.777638730374019360e+03
9.627351189984494351e-01 1.160262224269586362e+01 2.407096566816005634e+03
9.854297957359829940e-01 1.157919590710634772e+01 2.109160254467356935e+03
1.008118526205355359e+00 1.155527922693742937e+01 1.842317584466269182e+03
1.030775226399772482e+00 1.153146243781735336e+01 1.609253530225781105e+03
1.053373813113067881e+00 1.150951816662207960e+01 1.408480260721601553e+03
1.075875252848095709e+00 1.148072259919796245e+01 1.235526314366140468e+03
1.098290411025663937e+00 1.145545885091647698e+01 1.082783558917341452e+03
1.120569441870501004e+00 1.142703867884927504e+01 9.521755945183932681e+02
1.142669860338418220e+00 1.139922190147212611e+01 8.373483272051103086e+02
1.164616945126643266e+00 1.137368929164532361e+01 7.380587895276225936e+02
1.186404469038151666e+00 1.134224662873472411e+01 6.504725602196856471e+02
1.208067077952422519e+00 1.130932823125299969e+01 5.745789318855427155e+02
1.229627208365278390e+00 1.127601152378197114e+01 5.072617478053716127e+02
1.251077172798535031e+00 1.124684289444588714e+01 4.481123769122648923e+02
1.272428100726793687e+00 1.121167963166489479e+01 3.961437552471915069e+02
1.293678884382696292e+00 1.117627206835587828e+01 3.507658172740892155e+02
1.314841147611242933e+00 1.114117520764757430e+01 3.087119169392675531e+02
1.335881717815016856e+00 1.110140406177872840e+01 2.753906631137109002e+02
1.356808043962403509e+00 1.106388861331763174e+01 2.437993171936297472e+02
1.377602389663453941e+00 1.102589582946941782e+01 2.161116843163377723e+02
1.398242689580718956e+00 1.098730167678447955e+01 1.917282137826850885e+02
1.418718078980689024e+00 1.094687569550518091e+01 1.701364844572428865e+02
1.438987027926697637e+00 1.090587626248974118e+01 1.512473399767775959e+02
1.459049394874818661e+00 1.086541421021279774e+01 1.343206120143963176e+02
1.478876391425889336e+00 1.082296723459806920e+01 1.194888448989599823e+02
1.498441841750031811e+00 1.078061891373145365e+01 1.062432783209923599e+02
1.517705805226843285e+00 1.073733728101367113e+01 9.474144331137736685e+01
1.536659201068766745e+00 1.069367130966338841e+01 8.439397545952753887e+01
1.555273022926246584e+00 1.064898606083916910e+01 7.536100815738481629e+01
1.573522910168367206e+00 1.060389969251920306e+01 6.732335074345003534e+01
1.591382868669583006e+00 1.055907533486122851e+01 6.018301110752734928e+01
1.608818117143080428e+00 1.051380009749995104e+01 5.387824088253531585e+01
1.625815183654476970e+00 1.046604634088919639e+01 4.828170825696563639e+01
1.642350326233725566e+00 1.041889639540998758e+01 4.318655486979776015e+01
1.658405487515791199e+00 1.037071309884814951e+01 3.892186639730774544e+01
1.673949382265409014e+00 1.032285924904457097e+01 3.501060627135044001e+01
1.688959957143273627e+00 1.027419595286315790e+01 3.156253303161139812e+01
1.703434121605941653e+00 1.022517464976036194e+01 2.843583872393690726e+01
1.717345306584745046e+00 1.017567889602463893e+01 2.559217780027542943e+01
1.730681335992664049e+00 1.012622848109633722e+01 2.321417453891750782e+01
1.743436185520700343e+00 1.007503114718904769e+01 2.102742666180819242e+01
1.755581160247575045e+00 1.002390624296294952e+01 1.907266354318043255e+01
1.767116519175137457e+00 9.973642319455503724e+00 1.731747991836711265e+01
1.778011881630062518e+00 9.921849337409208047e+00 1.575887128100853118e+01
1.788085319111229365e+00 9.870224574779905780e+00 1.437761655286742091e+01
1.796981838569868151e+00 9.819301150870357375e+00 1.313586187232744074e+01
1.803487605861589405e+00 9.771544967483119848e+00 1.220978701046668746e+01
1.806118563768245533e+00 9.728076882834383099e+00 1.152185854119560382e+01
1.805697987373808600e+00 9.685644921803769236e+00 1.102806448006493056e+01
1.803012325070878719e+00 9.642286113079013177e+00 1.067894561598674663e+01
1.798510746347824707e+00 9.599344962164353845e+00 1.036942044257656725e+01
1.792558038283421640e+00 9.553240688549706761e+00 1.009830453382942395e+01
1.785417475982981284e+00 9.507460073808861267e+00 9.886690006513092044e+00
1.777318078809704494e+00 9.460139270857647276e+00 9.706714069726659844e+00
