2.191799393479931801e-01 1.550982551689759603e+01 3.683552447462830693e+06
2.301299509220326167e-01 1.511584461220620668e+01 2.932887716877501924e+06
2.417153681785746688e-01 1.474266109632303312e+01 2.304297299670314882e+06
2.539286235681001980e-01 1.441714685926827144e+01 1.819665874387221644e+06
2.668214077065226841e-01 1.415395449000866002e+01 1.432295874936578097e+06
2.804082636168088727e-01 1.389835521372957317e+01 1.131788975473477505e+06
2.947026812899935511e-01 1.363641850536193267e+01 8.942986652107840637e+05
3.097238052669119557e-01 1.342772973010332294e+01 7.072697553695332026e+05
3.254967658760590798e-01 1.323491928014102825e+01 5.606029484454954509e+05
3.420580979338944672e-01 1.307454236969635453e+01 4.437688181008240208e+05
3.593576657663457574e-01 1.292849781789311692e+01 3.513354188294643536e+05
3.774667320302763640e-01 1.278510211179337830e+01 2.794676720510565210e+05
3.963900871531650383e-01 1.266786904455177698e+01 2.217528441810073273e+05
4.161221756867543031e-01 1.256035942404010264e+01 1.755496651756609208e+05
4.366845896900782842e-01 1.246305482426692990e+01 1.397707350836558908e+05
4.580761302954146075e-01 1.237571260429590048e+01 1.111945385212483525e+05
4.803132856894622438e-01 1.229542671189584446e+01 8.846470498791054706e+04
5.033375815572642686e-01 1.222260346071713144e+01 7.069006879116348864e+04
5.272091993321076364e-01 1.215906700244262240e+01 5.654651880273734423e+04
5.519033863419468000e-01 1.210291219672112639e+01 4.516441282141114789e+04
5.773784951742553240e-01 1.205069759377193250e+01 3.617398765371857735e+04
6.038491317789027590e-01 1.200273905257612839e+01 2.900702469021247089e+04
6.322694894126772436e-01 1.195660398017091275e+01 2.307477614054385413e+04
6.631735022718600048e-01 1.192197079199905296e+01 1.820134788656854289e+04
6.968460331974677402e-01 1.189109563643056866e+01 1.427509302875293542e+04
7.334631178509295468e-01 1.186924292040788309e+01 1.099477163238017420e+04
7.729633073914738972e-01 1.185339420193425219e+01 8.569786061432187125e+03
8.151292222999194648e-01 1.184832927457037677e+01 6.623571954313478273e+03
8.595925293320393346e-01 1.185070966007824644e+01 5.112805540926823596e+03
9.057596565018782853e-01 1.185768527755866231e+01 3.963854103260127431e+03
9.524679631135352098e-01 1.186724411156144221e+01 3.090243509109906427e+03
9.978916805087248987e-01 1.188122886549198753e+01 2.448071193771161688e+03
1.041887147840147909e+00 1.189166094521197259e+01 1.962321825585392617e+03
1.084681499150774941e+00 1.189905557418420301e+01 1.591068507360459535e+03
1.126486930435651512e+00 1.190456717372930306e+01 1.297072266616571596e+03
1.167331616231465752e+00 1.190150459885034451e+01 1.065129384177017073e+03
1.207388344683174797e+00 1.189794851169058276e+01 8.794837147330922562e+02
1.246716972592716077e+00 1.188959739686408845e+01 7.284842171536869273e+02
1.285352112014524151e+00 1.188080468751240915e+01 6.051897142654933077e+02
1.323276403084129305e+00 1.186251665262978605e+01 5.054659961103345154e+02
1.360538652745327814e+00 1.184426466466357297e+01 4.226904815555763548e+02
1.397110336454049584e+00 1.182137314786129600e+01 3.547202064036049478e+02
1.432966781712248894e+00 1.179235510644921270e+01 2.988387949301110211e+02
1.468103376404716442e+00 1.176420752841685591e+01 2.504638821534479405e+02
1.502457034741513597e+00 1.173108851424000676e+01 2.127835895012341894e+02
1.536003509796627142e+00 1.169518338000258417e+01 1.802978065971116735e+02
1.568699655458185571e+00 1.165491775332687752e+01 1.531232690902887157e+02
1.600558855837815431e+00 1.161249395223251746e+01 1.301235985516745757e+02
1.631329684234438915e+00 1.156754871934167106e+01 1.111370945268797357e+02
1.661166722942672092e+00 1.151869204129304691e+01 9.509331219025288817e+01
1.689969522462164475e+00 1.146785738458734905e+01 8.146376113753446191e+01
1.717665010818272497e+00 1.141412500883579106e+01 7.003630552853491054e+01
1.744222693981356764e+00 1.135758160005818773e+01 6.029307633885419193e+01
1.769596219913196267e+00 1.129866638254685007e+01 5.181326466922978824e+01
1.793749512470333540e+00 1.123758374310860120e+01 4.502869214306954149e+01
1.816643117808091956e+00 1.117452821491699666e+01 3.908526184178897012e+01
1.838247234706839484e+00 1.110891073369794668e+01 3.397987844593387763e+01
1.858531980068526046e+00 1.104228243852933034e+01 2.963003465867470965e+01
1.877487407319325952e+00 1.097253129890580858e+01 2.591112440172362241e+01
1.895080891708153192e+00 1.090140690800659407e+01 2.272863593564996876e+01
1.911309738976479267e+00 1.082832422853816112e+01 1.994228066163883639e+01
1.926125600543496796e+00 1.075490893845176110e+01 1.763451342641139519e+01
1.939416262171277161e+00 1.067949196634095799e+01 1.560212601402872146e+01
1.951099666474217953e+00 1.060262207550329094e+01 1.386407923980923051e+01
1.961094578846277692e+00 1.052513833888846406e+01 1.232734095663055029e+01
1.969333755382790763e+00 1.044681128114785196e+01 1.105375560420312908e+01
1.975770365153127317e+00 1.036789125323288197e+01 9.985084930039384687e+00
1.980397681514665109e+00 1.028763364631601718e+01 9.059218146902374258e+00
1.983201360233213251e+00 1.020764425676897069e+01 8.231143595492664389e+00
1.984192602473366041e+00 1.012628791275380813e+01 7.532679503797083953e+00
1.983403924097759008e+00 1.004479277361067346e+01 6.911372397907501686e+00
1.980888224892023430e+00 9.963533333234115830e+00 6.415176184147745708e+00
1.976685633534070563e+00 9.881946961720236899e+00 5.955326454500176503e+00
1.970864132712208727e+00 9.800261087246452618e+00 5.585180062304222481e+00
1.963530874706840290e+00 9.719713353906051623e+00 5.247956847770130828e+00
1.954736374342151528e+00 9.639568462978912677e+00 4.971102466172662382e+00
1.944618411410459657e+00 9.560231221289743786e+00 4.733798259912235018e+00
1.933256220456917029e+00 9.482107835303651200e+00 4.546247429010271901e+00
1.920782492175499900e+00 9.405203757409363874e+00 4.387467485797739819e+00
1.907300072983868944e+00 9.330506738825480539e+00 4.251685042155182614e+00
