2.383731302914612049e-01 1.510646317623783297e+01 2.423116349867075216e+06
2.522139162680080982e-01 1.469770860441376570e+01 1.847353416492372518e+06
2.666475174065187637e-01 1.434512153327103867e+01 1.415923007009884110e+06
2.816765662881323129e-01 1.403943650886042072e+01 1.090771266781920567e+06
2.973035616317528662e-01 1.377320677976793739e+01 8.442562567134945421e+05
3.135302323170711669e-01 1.354044281636902625e+01 6.564189641405032016e+05
3.303583685158129057e-01 1.333622102550484279e+01 5.125315691519370885e+05
3.477890799133585009e-01 1.315647968208872065e+01 4.018317414010056527e+05
3.658220096363219431e-01 1.299783529523197600e+01 3.162606993048381410e+05
3.844572373030394341e-01 1.285744195430040016e+01 2.498295188421376515e+05
4.036927339483021293e-01 1.273289656476687526e+01 1.980568376856402028e+05
4.235259592479175828e-01 1.262216024578760099e+01 1.575481442363557580e+05
4.439531038454353484e-01 1.252347712608789720e+01 1.257330028259979299e+05
4.649691639231560147e-01 1.243532497076754595e+01 1.006581345874411345e+05
4.865680031098345570e-01 1.235639780812761224e+01 8.082662896224430006e+04
5.087406573991226644e-01 1.228554621911649036e+01 6.509310272797906509e+04
5.314776769296478687e-01 1.222175650562264337e+01 5.257042619675897731e+04
5.547670879385562248e-01 1.216414239027426625e+01 4.257307872703386238e+04
5.785972251110392817e-01 1.211192311831011992e+01 3.456868451075033227e+04
6.029750803024198635e-01 1.206437048204402274e+01 2.813638767213129904e+04
6.280416727415095712e-01 1.202093841601521618e+01 2.293110227063139973e+04
6.539309331978502282e-01 1.198143964041673826e+01 1.869879973364703983e+04
6.807265465565152107e-01 1.194583064775480707e+01 1.525199536016581442e+04
7.084806450294642843e-01 1.191409035207396627e+01 1.244294738074404631e+04
7.372230387917400041e-01 1.188617285695478110e+01 1.015450025959079358e+04
7.669660317190138965e-01 1.186198410423210703e+01 8.290652895395869564e+03
7.977116324176497519e-01 1.184141015826639354e+01 6.773320702311483728e+03
8.294492991527970815e-01 1.182428672884844723e+01 5.538139686480923046e+03
8.621614458525393987e-01 1.181042327634172295e+01 4.532859986451333498e+03
8.958237019206903851e-01 1.179960396000125122e+01 3.714307305203809392e+03
9.304049161882222974e-01 1.179159530599406835e+01 3.047650110822492934e+03
9.658682727776239929e-01 1.178614842229265847e+01 2.504325959761325066e+03
1.002173880064596068e+00 1.178301503561063690e+01 2.061108845020480658e+03
1.039275766992585837e+00 1.178193447752124712e+01 1.699196586729904539e+03
1.077125108717786883e+00 1.178265006416779315e+01 1.403335905439145790e+03
1.115669486095074214e+00 1.178490695800196519e+01 1.161125829988961868e+03
1.154853270462473436e+00 1.178845637161592030e+01 9.625531232295520567e+02
1.194618052140030251e+00 1.179305583483509778e+01 7.995062915386756686e+02
1.234901181245018797e+00 1.179846566477334768e+01 6.654110580603920653e+02
1.275640618599625853e+00 1.180446465660909361e+01 5.549341732253541295e+02
1.316768625066062182e+00 1.181082932059102397e+01 4.637498296203143582e+02
1.358219147560743023e+00 1.181735454792558393e+01 3.883582494139993742e+02
1.399921108465741693e+00 1.182384544040960073e+01 3.259000199101132011e+02
1.441804255808131208e+00 1.183011002479183738e+01 2.740627351688525550e+02
1.483795728358268562e+00 1.183597087474957910e+01 2.309569651741859388e+02
1.525822134690679732e+00 1.184126277381505510e+01 1.950449345181299066e+02
1.567809253099470279e+00 1.184582413142505608e+01 1.650576896095463439e+02
1.609649812206009223e+00 1.184948425672710748e+01 1.399956462240989197e+02
1.651144758526172041e+00 1.185196218363445730e+01 1.190436119547143363e+02
1.692056587743374640e+00 1.185288988135735799e+01 1.015293846148499313e+02
1.732118239517625113e+00 1.185182959986963880e+01 8.688493183923692698e+01
1.771329272573317848e+00 1.184850193335064006e+01 7.456929858950617529e+01
1.810032260417560046e+00 1.184314925052872169e+01 6.410086256096568036e+01
1.848368825615499977e+00 1.183607465988527352e+01 5.516506205987976585e+01
1.886264300177145081e+00 1.182738714884263764e+01 4.754002738122549232e+01
1.923600152390185336e+00 1.181705813166808028e+01 4.103430091889018172e+01
1.960255504966994522e+00 1.180501593215233314e+01 3.548310761732223284e+01
1.996108825202715487e+00 1.179116409934155207e+01 3.074453240837039658e+01
2.031037285879258469e+00 1.177537461514536332e+01 2.669556846695505214e+01
2.064921873255364027e+00 1.175751797194231862e+01 2.323280191870061984e+01
2.097646177517066057e+00 1.173745851996505074e+01 2.026754760711135361e+01
2.129099242253825963e+00 1.171506088127845580e+01 1.772515413887830960e+01
2.159171449172423429e+00 1.169018492891619765e+01 1.554184512921492178e+01
2.187760480748765168e+00 1.166270090517513758e+01 1.366395020459050258e+01
2.214764926360607067e+00 1.163247291291542496e+01 1.204614941191143984e+01
2.240092495745586110e+00 1.159938661009302407e+01 1.065011191306170169e+01
2.263651548053206231e+00 1.156331889990569195e+01 9.443275308627590903e+00
2.285355825510188676e+00 1.152415248147823768e+01 8.398259117715086930e+00
2.305126254189977519e+00 1.148179276028335849e+01 7.491858074624519581e+00
2.322887147408577491e+00 1.143614589920981572e+01 6.704408998591871338e+00
2.338565468029530692e+00 1.138711703693498656e+01 6.019250210689353509e+00
2.352099585140464022e+00 1.133464867731917991e+01 5.422181154000114134e+00
2.363425528158415556e+00 1.127866763879863932e+01 4.901265699717805902e+00
2.372488360928050266e+00 1.121912154091813996e+01 4.446272158115729844e+00
2.379238682929695425e+00 1.115598439054302027e+01 4.048489814881056859e+00
2.383632005724162006e+00 1.108923587049625503e+01 3.700525237235688270e+00
2.385629217104327626e+00 1.101887179012623008e+01 3.396077308300684550e+00
