1.550982551689759603e+01 2.191799393479931801e-01 3.683552447462830693e+06
1.512756395285839339e+01 2.296531397506806904e-01 2.941104195565319620e+06
1.477589781938724833e+01 2.407249887262927768e-01 2.351872149026110768e+06
1.445203357630845176e+01 2.523532810915047886e-01 1.865184529930483084e+06
1.417537085800224972e+01 2.646093889661546572e-01 1.493066372257769573e+06
1.391808908908222087e+01 2.774983256840465873e-01 1.188217284120660042e+06
1.369025904113559733e+01 2.910413472878791707e-01 9.487123246982231503e+05
1.348600424890412519e+01 3.052357877667625785e-01 7.581993828044063412e+05
1.329947886488241515e+01 3.201228946758434279e-01 6.057496111484748544e+05
1.313321162199122760e+01 3.356959044743878517e-01 4.842196498811353813e+05
1.298506646947832621e+01 3.519875932820186182e-01 3.877944264878601534e+05
1.285327226048056026e+01 3.690053663743586010e-01 3.105625943225761876e+05
1.272603000168474630e+01 3.867488759869847637e-01 2.462940309418966353e+05
1.261735262167842286e+01 4.052559393829217593e-01 1.981216325756658625e+05
1.251809950683826145e+01 4.245244879199359112e-01 1.599911916923224926e+05
1.242569599445777939e+01 4.445280582589885565e-01 1.286222332932237769e+05
1.234687064957387292e+01 4.652968237897167070e-01 1.034052043693081068e+05
1.227349320476715455e+01 4.868349242613502770e-01 8.306330292876997555e+04
1.220813328042447310e+01 5.090989061437815044e-01 6.700471536535667838e+04
1.214670853208248147e+01 5.321449477058676214e-01 5.399226165604212292e+04
1.209370620322131273e+01 5.559460856892511904e-01 4.361920865602604317e+04
1.204319349465568934e+01 5.804524046939322224e-01 3.527204520015518938e+04
1.199971280125227047e+01 6.057581682403215817e-01 2.851834403396821654e+04
1.195827981133588658e+01 6.320287181134496279e-01 2.309151388027358553e+04
1.192175747812157915e+01 6.595342864184772225e-01 1.866656552951240155e+04
1.188578578181897072e+01 6.884300770566791350e-01 1.500957772292812297e+04
1.185694618918368803e+01 7.187898371946660481e-01 1.208045474933189871e+04
1.183053094996347632e+01 7.507267633668975870e-01 9.693093512663072033e+03
1.180949274494629542e+01 7.842937372880505187e-01 7.764503926850217795e+03
1.179022862615291167e+01 8.195088165699001559e-01 6.146178302053162042e+03
1.177730543093421467e+01 8.563788845754350953e-01 4.953260293306905623e+03
1.176545625311679899e+01 8.949004165231756458e-01 3.954379338105489296e+03
1.176042933737725171e+01 9.350505085777288672e-01 3.152373461253997903e+03
1.176268114751461091e+01 9.767925121970246760e-01 2.511092863363870947e+03
1.175888875278225854e+01 1.020048681666955392e+00 2.003254849441999568e+03
1.176194069973432121e+01 1.064766522339022137e+00 1.600005954609506944e+03
1.176639885350105530e+01 1.110858127882795365e+00 1.278650265152502698e+03
1.177588882376341495e+01 1.158194631139027209e+00 1.022000514845701105e+03
1.178177662109122181e+01 1.206678676009598883e+00 8.190296803704686681e+02
1.179369405692679784e+01 1.256114226133641543e+00 6.578424384388018780e+02
1.180167683185768368e+01 1.306121283002222855e+00 5.302253718919865833e+02
1.181215917824087036e+01 1.356325584312994659e+00 4.286492708338935813e+02
1.182281435215976018e+01 1.406294607862113910e+00 3.465483501790715195e+02
1.183047827230098825e+01 1.455521182686091652e+00 2.848105108150765545e+02
1.183218074525631103e+01 1.503593396151344797e+00 2.343822621333010829e+02
1.183182171722149079e+01 1.549954981806159982e+00 1.943595469968731777e+02
1.182734674523216434e+01 1.594057294487596588e+00 1.615209687368229368e+02
1.181802318075837377e+01 1.635273476664593773e+00 1.369560393176531647e+02
1.180281817893703256e+01 1.672886977397190167e+00 1.168348336966415104e+02
1.178086612074435457e+01 1.705805723708198496e+00 1.009712220316897771e+02
1.175171674694101753e+01 1.734786266165293744e+00 8.816482618793094161e+01
1.171640374192349299e+01 1.761784403311058789e+00 7.718226821773919255e+01
1.167566966792412586e+01 1.787885029982465568e+00 6.751500420862657847e+01
1.162995371880290918e+01 1.813494489264921850e+00 5.893756064664388816e+01
1.158162923475056338e+01 1.838843133874667579e+00 5.140933518904251542e+01
1.153050835362385840e+01 1.864005241988722306e+00 4.472148294876718211e+01
1.147676505187170193e+01 1.888809110144237691e+00 3.890558927344721951e+01
1.142181163010773126e+01 1.913078736386685019e+00 3.385443367906306378e+01
1.136477106538296944e+01 1.936631839453238468e+00 2.949338842370974945e+01
1.130583537381216708e+01 1.959278159748160775e+00 2.573689940421597910e+01
1.124650189416912305e+01 1.980855089708765782e+00 2.249096281645531903e+01
1.118434768796148404e+01 2.001193519817039412e+00 1.970551723474913786e+01
1.112127238083443714e+01 2.020146387652030473e+00 1.732358003460895191e+01
1.105726759376769408e+01 2.037632097930967223e+00 1.528388606304759811e+01
1.099149463750936562e+01 2.053512708368140594e+00 1.349862054694921554e+01
1.092391590643567412e+01 2.067679851534621083e+00 1.199706204578896873e+01
1.085629312954885783e+01 2.080033678025893895e+00 1.074281765628126273e+01
1.078712145114944398e+01 2.090475008170119331e+00 9.626228919087800762e+00
1.071603471570569965e+01 2.098922090696159870e+00 8.705039809831241371e+00
1.064474429155863255e+01 2.105339470332060703e+00 7.875869467645230770e+00
1.057178454289795155e+01 2.109670551387098136e+00 7.207468122295844992e+00
1.049795953430331608e+01 2.111904847738661495e+00 6.618200000984876041e+00
1.042423959796257726e+01 2.112036018410612392e+00 6.111580308709735121e+00
1.034997198011473429e+01 2.110074372220208883e+00 5.669134977542537257e+00
1.027544708097412141e+01 2.106053860422235857e+00 5.313451311828062629e+00
1.020116094112725591e+01 2.100022497848274217e+00 5.016252758166296566e+00
1.012860168081043355e+01 2.092048619827126199e+00 4.773559816004253165e+00
1.005708078037703146e+01 2.082244374503645190e+00 4.585449474151237936e+00
9.989577993861852079e+00 2.070789998021186129e+00 4.446762992954397475e+00
9.929418411823188961e+00 2.058294471867567754e+00 4.378448608827549826e+00
