1.510646317623783297e+01 2.383731302914612049e-01 2.423116349867075216e+06
1.469770860441376570e+01 2.522139162680080982e-01 1.847353416492372518e+06
1.434512153327103867e+01 2.666475174065187637e-01 1.415923007009884110e+06
1.403943650886042072e+01 2.816765662881323129e-01 1.090771266781920567e+06
1.377320677976793739e+01 2.973035616317528662e-01 8.442562567134945421e+05
1.354044281636902625e+01 3.135302323170711669e-01 6.564189641405032016e+05
1.333622102550484279e+01 3.303583685158129057e-01 5.125315691519370885e+05
1.315647968208872065e+01 3.477890799133585009e-01 4.018317414010056527e+05
1.299783529523197600e+01 3.658220096363219431e-01 3.162606993048381410e+05
1.285744195430040016e+01 3.844572373030394341e-01 2.498295188421376515e+05
1.273289656476687526e+01 4.036927339483021293e-01 1.980568376856402028e+05
1.262216024578760099e+01 4.235259592479175828e-01 1.575481442363557580e+05
1.252347712608789720e+01 4.439531038454353484e-01 1.257330028259979299e+05
1.243532497076754595e+01 4.649691639231560147e-01 1.006581345874411345e+05
1.235639780812761224e+01 4.865680031098345570e-01 8.082662896224430006e+04
1.228554621911649036e+01 5.087406573991226644e-01 6.509310272797906509e+04
1.222175650562264337e+01 5.314776769296478687e-01 5.257042619675897731e+04
1.216414239027426625e+01 5.547670879385562248e-01 4.257307872703386238e+04
1.211192313789214126e+01 5.785971904784167341e-01 3.456846449855566607e+04
1.206436957024084933e+01 6.029762759729185850e-01 2.813587174381608202e+04
1.202093840699061111e+01 6.280521984885196751e-01 2.292919949728466599e+04
1.198146648966550742e+01 6.539645326166255712e-01 1.869512076843007890e+04
1.194591800043465746e+01 6.807981509025430311e-01 1.524532932001376321e+04
1.191429251776847131e+01 7.086072003791674678e-01 1.243448444779330930e+04
1.188654163995117585e+01 7.374209114732073189e-01 1.014439524261694714e+04
1.186258993027005459e+01 7.672522103974139807e-01 8.279552335686024890e+03
1.184232323780411633e+01 7.981029936170961347e-01 6.761611115792081364e+03
1.182557523883596673e+01 8.299622606333680874e-01 5.526410151406369550e+03
1.181215633566263179e+01 8.628122919734331209e-01 4.521301506284471543e+03
1.180185089917526398e+01 8.966278385556634145e-01 3.703367172327994922e+03
1.179441954934752168e+01 9.313781246743532138e-01 3.037427816753518528e+03
1.178961635005712694e+01 9.670261414331405847e-01 2.494889908920554717e+03
1.178717985006807467e+01 1.003529756422275154e+00 2.052550730979292439e+03
1.178684951603244890e+01 1.040843647544567485e+00 1.691473106014445193e+03
1.178836692923219687e+01 1.078918879157553468e+00 1.396412971441851369e+03
1.179147349527762678e+01 1.117702514621456311e+00 1.154982399359160354e+03
1.179591559946153900e+01 1.157138462091261255e+00 9.571335507668294440e+02
1.180144771783846558e+01 1.197167879275419899e+00 7.947300319797748216e+02
1.180782926552929801e+01 1.237727973790514024e+00 6.612220252902088760e+02
1.181482788629166336e+01 1.278754858514595361e+00 5.512684220486231652e+02
1.182222726719012051e+01 1.320183131744675942e+00 4.605501057964559095e+02
1.182981684188720450e+01 1.361943939910923440e+00 3.855684352539005886e+02
1.183739554333793542e+01 1.403966610505386070e+00 3.234723420028175269e+02
1.184477164740909849e+01 1.446180080619260178e+00 2.719497723631056942e+02
1.185176601475546754e+01 1.488511739497078823e+00 2.291214649408392461e+02
1.185821063320922697e+01 1.530887441229985324e+00 1.934471136757602494e+02
1.186394447689656317e+01 1.573232765629100971e+00 1.636733062795015599e+02
1.186881549740497199e+01 1.615472637441835335e+00 1.387747637306248123e+02
1.187268730709602416e+01 1.657531563070732794e+00 1.179141657659231299e+02
1.187542780629122952e+01 1.699334595226412725e+00 1.004018153423036495e+02
1.187691028509223479e+01 1.740806084738147907e+00 8.566955561602163982e+01
1.187702768206364645e+01 1.781872346387592509e+00 7.325211000993380139e+01
1.187567302234523403e+01 1.822459377925968349e+00 6.276829620283186273e+01
1.187274942104989961e+01 1.862494708036471547e+00 5.389606758625009775e+01
1.186817037386419571e+01 1.901907257678715935e+00 4.637473567343457148e+01
1.186185333465083147e+01 1.940626997844805190e+00 3.998610412492531196e+01
1.185372822288421624e+01 1.978586272056003459e+00 3.454938292275433298e+01
1.184371834581810212e+01 2.015704587075938470e+00 2.991507819999404560e+01
1.183170766097324922e+01 2.051854349955488654e+00 2.596157213417737353e+01
1.181753736409278410e+01 2.086893259767785391e+00 2.258616160520050897e+01
1.180102325514285688e+01 2.120677218934603481e+00 1.970152686392344776e+01
1.178197407027872856e+01 2.153058818981002709e+00 1.723337249046533870e+01
1.176018106614606396e+01 2.183887845028570585e+00 1.511929171384587356e+01
1.173542866232931559e+01 2.213012157808773139e+00 1.330623720863757775e+01
1.170748915907145538e+01 2.240274057408676356e+00 1.174937708343419374e+01
1.167612346544778745e+01 2.265507019172577685e+00 1.041137401518058425e+01
1.164108193353371057e+01 2.288537205303819544e+00 9.260599499883536367e+00
1.160209768014426146e+01 2.309172324697613465e+00 8.270581308388161190e+00
1.155887924388180643e+01 2.327197452609081729e+00 7.419237255785877672e+00
1.151110853795859157e+01 2.342360172484664993e+00 6.688539266424711194e+00
1.145846624364448552e+01 2.354360776896329277e+00 6.063762771636630688e+00
1.140055926195918623e+01 2.362785029132976611e+00 5.534332129859663496e+00
1.133703439884567565e+01 2.367027411152779592e+00 5.094326318685149069e+00
