1.550982551689759603e+01 2.191799393479931801e-01 3.683552447462830693e+06
1.519305654963322816e+01 2.277941562478987825e-01 3.072678436948526185e+06
1.488752911994784611e+01 2.368135368364976401e-01 2.531435027119324543e+06
1.462239528446911407e+01 2.462107640931694152e-01 2.112575541836504824e+06
1.436246195073243648e+01 2.560254762500989156e-01 1.746231631880539469e+06
1.413663240566869028e+01 2.662650417234974087e-01 1.448596332600675523e+06
1.393232466988581209e+01 2.769377621403563694e-01 1.203197842260844074e+06
1.374073058991025320e+01 2.880563110355978673e-01 9.972391297826884547e+05
1.356413972635823484e+01 2.996212382343557135e-01 8.276716564671107335e+05
1.340329220258191967e+01 3.116449603437622673e-01 6.881041494431789033e+05
1.325991821788496061e+01 3.241376188191721908e-01 5.713204218778590439e+05
1.311981663375332730e+01 3.371134586321674065e-01 4.750585105253668735e+05
1.299536348989735934e+01 3.505738858535084046e-01 3.948908482768848771e+05
1.288077914407855928e+01 3.645499170509170495e-01 3.250928557223548414e+05
1.277721961935997186e+01 3.790062398353004069e-01 2.730436273818201735e+05
1.268125961923765921e+01 3.939495073355413490e-01 2.276354712328006281e+05
1.259526673172934608e+01 4.094288830070855201e-01 1.897315183684387302e+05
1.251442313972867559e+01 4.254248333095320689e-01 1.582602980382781534e+05
1.243985712986834535e+01 4.419123409210398701e-01 1.320450525314939732e+05
1.237015802613014337e+01 4.589694563626813828e-01 1.102345303286066919e+05
1.230605224573133682e+01 4.765046769616391731e-01 9.216438575670302089e+04
1.224828688539123434e+01 4.945608434770135120e-01 7.704026062316440220e+04
1.219414328401155601e+01 5.131369942112189442e-01 6.454981110459844786e+04
1.214648444911981606e+01 5.322357843443010772e-01 5.394772984519170859e+04
1.210203822163756371e+01 5.518499161588249491e-01 4.519115193694863410e+04
1.205977351576095202e+01 5.719492660838469966e-01 3.789766780262465181e+04
1.202010945482743409e+01 5.925492618797152389e-01 3.183360512086495874e+04
1.198526626402296280e+01 6.137629256712611170e-01 2.669762420189957629e+04
1.195323152782664167e+01 6.357586465798418240e-01 2.241905322769770282e+04
1.191852113913280498e+01 6.586555102463388378e-01 1.880095810386153607e+04
1.189342902013337522e+01 6.825646740865215500e-01 1.570002174777287837e+04
1.186834783000322702e+01 7.075354827392685841e-01 1.309443366737618635e+04
1.184518527586968517e+01 7.336431119787979460e-01 1.090974324932128729e+04
1.182716085630660885e+01 7.609260443386515194e-01 9.067531489573562794e+03
1.180956760977159270e+01 7.893979009657516865e-01 7.528643922275843579e+03
1.179739660583442884e+01 8.190821533323600079e-01 6.245094269866122886e+03
1.178623415450086398e+01 8.499815966240056309e-01 5.167446033703086869e+03
1.177967436353224961e+01 8.821048079839141076e-01 4.279584496217707056e+03
1.177291771713471391e+01 9.154237520937720252e-01 3.539191492994846158e+03
1.177161797896753548e+01 9.499329162571218399e-01 2.928653491288693203e+03
1.177326669058697206e+01 9.856099578480594925e-01 2.424265603069744429e+03
1.177411997491605078e+01 1.022405555892223816e+00 2.004302775177891817e+03
1.177994361177144533e+01 1.060282165021051659e+00 1.657725883771855479e+03
1.179017366677170742e+01 1.099145966216432013e+00 1.373032898735202707e+03
1.179484471374674293e+01 1.138790627668357036e+00 1.138798358143350015e+03
1.180413907393833917e+01 1.178941623681694750e+00 9.478304480382805650e+02
1.181305340448554908e+01 1.219340538007303465e+00 7.907711413089081134e+02
1.182295149471874041e+01 1.259602050826200692e+00 6.619353163881285127e+02
1.183044598689854965e+01 1.299369466383423211e+00 5.571416155522437066e+02
1.183585909655039181e+01 1.338115450579521415e+00 4.719380842647221925e+02
1.184056325606763949e+01 1.375143443313182834e+00 4.029342238757131440e+02
1.183846921236370875e+01 1.409230257964530164e+00 3.480775943083477841e+02
1.183260396560739558e+01 1.437451007374464629e+00 3.068520731021706638e+02
1.181569156045517310e+01 1.459638032646091155e+00 2.744439207341666815e+02
1.179255293787538506e+01 1.479026335471002263e+00 2.486171694656860041e+02
1.176623047375464814e+01 1.496724053222639572e+00 2.267998101237439244e+02
1.173257780617169566e+01 1.513332891406436786e+00 2.060806775815082972e+02
1.169141655056368911e+01 1.529192376368939454e+00 1.871457534779754894e+02
1.165038496101726295e+01 1.544536983468045577e+00 1.699009335943578378e+02
1.160530146125573836e+01 1.559637553603183013e+00 1.540210480715135759e+02
1.155690456677525546e+01 1.574494392223243278e+00 1.393796658235301322e+02
1.150691854474470510e+01 1.589251369536440528e+00 1.259561550925610192e+02
1.145316781462121192e+01 1.603975467636264307e+00 1.130711316191427898e+02
1.139864773959904198e+01 1.618683385805785635e+00 1.024147885101963880e+02
1.134290319882418530e+01 1.633438399382826756e+00 9.163814197867966982e+01
1.128378578334034188e+01 1.648228098690611265e+00 8.268208048139152311e+01
1.122415292294186173e+01 1.663034006787974084e+00 7.415918314540748213e+01
1.116389970101953288e+01 1.677877774486675078e+00 6.647697511358549605e+01
1.110284469721650247e+01 1.692724288244477959e+00 5.921001171712359223e+01
1.104050080972020353e+01 1.707549006401017255e+00 5.324487758009767191e+01
1.097809701072693223e+01 1.722325415163706186e+00 4.736818006004052251e+01
1.091482984905665887e+01 1.737020994129543583e+00 4.246702274524251663e+01
1.085143347793287383e+01 1.751593967634635041e+00 3.785471924906045160e+01
1.078752865445438403e+01 1.766009575449420499e+00 3.392537366756663175e+01
1.072297134496257343e+01 1.780224464685857821e+00 3.030670838078395946e+01
1.065891800921741606e+01 1.794200337734102035e+00 2.706970241312580683e+01
1.059508629687710624e+01 1.807890104867699632e+00 2.411865763727596246e+01
1.052985730232625095e+01 1.821256030703087392e+00 2.165316836400841538e+01
1.046581340836620555e+01 1.834264818439483191e+00 1.938753292886707769e+01
1.040211363352485208e+01 1.846869989774325260e+00 1.737823514945783288e+01
1.033807474543843696e+01 1.859024603888378868e+00 1.553628251596309617e+01
1.027419812447131342e+01 1.870673548485980886e+00 1.395914133996959272e+01
1.021110519857219501e+01 1.881686201911210610e+00 1.260841245364638574e+01
1.014773776613007072e+01 1.891982886445824574e+00 1.138014116309619439e+01
1.008494756488481592e+01 1.901463524244637160e+00 1.026032174508516626e+01
1.002248002885304956e+01 1.910044341790466227e+00 9.335901985358956878e+00
9.960557352499183281e+00 1.917646896069926887e+00 8.479844546051849008e+00
9.899043280240592324e+00 1.924177554174585802e+00 7.740699207133095783e+00
9.837602778313547347e+00 1.929590038279224151e+00 7.119484183859534632e+00
9.776692579117671755e+00 1.933767500518056792e+00 6.546608642493050745e+00
9.716449572446052230e+00 1.936700222082397227e+00 6.058637164394019337e+00
9.656564211102651285e+00 1.938293559483891260e+00 5.646677763012578843e+00
9.597701138944406907e+00 1.938514893047234455e+00 5.282583937521619255e+00
9.539274013900945093e+00 1.937286325354960592e+00 4.961816973584301849e+00
9.482279982093951176e+00 1.934541688029441264e+00 4.700297471346946310e+00
9.427618982056651831e+00 1.930241097682431572e+00 4.506802640378938740e+00
9.375193477417962384e+00 1.924286683984657076e+00 4.345647276678547222e+00
9.323591476325395533e+00 1.916820454917764538e+00 4.213668040717224450e+00
9.271699122491197542e+00 1.908068294575943735e+00 4.109315450024181970e+00
9.219565756944524182e+00 1.898238499390768608e+00 4.033767389476362375e+00
