2.191799393479931801e-01 1.550982551689759603e+01 3.683552447462830693e+06
2.272928568088499746e-01 1.524032212185761104e+01 3.126953642719515134e+06
2.357519056087773734e-01 1.491557043777793368e+01 2.586812532731221057e+06
2.445761335748514453e-01 1.465744786461167237e+01 2.166641207584078424e+06
2.537535272871888070e-01 1.441810392596562984e+01 1.814981057204426732e+06
2.633064660232429244e-01 1.419479315564526445e+01 1.523101156524605351e+06
2.732420725297889930e-01 1.400381347252219832e+01 1.280860524697551271e+06
2.835710711833153708e-01 1.382192829257879296e+01 1.076534470659698360e+06
2.942959372328727286e-01 1.363917360843795024e+01 9.029081059617326828e+05
3.054228773223008897e-01 1.348037297054108663e+01 7.566907021647794172e+05
3.169731063809685390e-01 1.334498083926266254e+01 6.342254440041666385e+05
3.289327534738953340e-01 1.321647878707889312e+01 5.330065072137211682e+05
3.413462311211320488e-01 1.307731538757061429e+01 4.486356378018582473e+05
3.541547665816460744e-01 1.296645087756224335e+01 3.762873560446713818e+05
3.674183400209706241e-01 1.285257186927673700e+01 3.167368205605436233e+05
3.811533369346780664e-01 1.276214148236221746e+01 2.661366932957473909e+05
3.953086006322232837e-01 1.267067358965101143e+01 2.239685598826156056e+05
4.099358500063436384e-01 1.259114187396370532e+01 1.887715495338738838e+05
4.250242394851695971e-01 1.251322020624509435e+01 1.577104611624308454e+05
4.405392736381738561e-01 1.244284039951351239e+01 1.345849982918456371e+05
4.565509901055340158e-01 1.237941995727854128e+01 1.131506919002874638e+05
4.730277551996499574e-01 1.231847877033528604e+01 9.545311365241720341e+04
4.899539120792770208e-01 1.226405375182821444e+01 8.044051886067485611e+04
5.073270131691257623e-01 1.221325234190101838e+01 6.803906542187280138e+04
5.251728664884023345e-01 1.216291667538162891e+01 5.760669378922769829e+04
5.434790097070232306e-01 1.212035390474269470e+01 4.872917488661469542e+04
5.622423811331423993e-01 1.208026440079917307e+01 4.127259331680728792e+04
5.814117331356265517e-01 1.204210518607899871e+01 3.498855294273845357e+04
6.011271216772725579e-01 1.200733845611846640e+01 2.964355258322634108e+04
6.217156783953066146e-01 1.197180141229873840e+01 2.494419714210977691e+04
6.434090174925516381e-01 1.194349178165451342e+01 2.115329587029856702e+04
6.663323647777270597e-01 1.191664680372658580e+01 1.776666983758632341e+04
6.904836999652544938e-01 1.189232472945907482e+01 1.490745186094402197e+04
7.158434392179799932e-01 1.187203630008899147e+01 1.243513429750742216e+04
7.423639859164966603e-01 1.185345328960110400e+01 1.038797311167478620e+04
7.699935837712954534e-01 1.183890726689594786e+01 8.659782262057840853e+03
7.986832120776454769e-01 1.182961275108678123e+01 7.232493615929247426e+03
8.283714658915070084e-01 1.182424715974584295e+01 6.010062630577672280e+03
8.589769497395760567e-01 1.181776998836077652e+01 5.016118099525609068e+03
8.904363616814566784e-01 1.181461280552686510e+01 4.196068842066115394e+03
9.226573229961626543e-01 1.181634600695299930e+01 3.503791575728515909e+03
9.556036653233753730e-01 1.181795339981515625e+01 2.928649716563021684e+03
9.891322169981159318e-01 1.182169889209214197e+01 2.459274752121187703e+03
1.023140198892087183e+00 1.182613448851840587e+01 2.064366655021248334e+03
1.057599577879013708e+00 1.183113783579987022e+01 1.739562747058137347e+03
1.092370409573526269e+00 1.183609034754140765e+01 1.466235960494710525e+03
1.127370338478902001e+00 1.184272089250851145e+01 1.241813188435044140e+03
1.162595436851825426e+00 1.185029085438573837e+01 1.051129945425222786e+03
1.197726570257619638e+00 1.185174490272003389e+01 8.949395554752461521e+02
1.232816830182721590e+00 1.185659040880928394e+01 7.623015105907700217e+02
1.267786579368259670e+00 1.186096063301076065e+01 6.519170118941436840e+02
1.302511903526303749e+00 1.186129045423774997e+01 5.584320470685911459e+02
1.336912245847739378e+00 1.186093750136711300e+01 4.797443802808132887e+02
1.370882999374868572e+00 1.185945135562098329e+01 4.136599598986190927e+02
1.404352157179783678e+00 1.185746803028651897e+01 3.551871315009907448e+02
1.437275846588717654e+00 1.185324715997308154e+01 3.099220165837426748e+02
1.469522753476111498e+00 1.184749303252945118e+01 2.696268234566164779e+02
1.501076715077003021e+00 1.183564056771434991e+01 2.346382532275241601e+02
1.531829639995339498e+00 1.182459723577043853e+01 2.051344425809598420e+02
1.561754837443706467e+00 1.181133718117486531e+01 1.790308709295457845e+02
1.590799248515039732e+00 1.179542610112084056e+01 1.580957608845198479e+02
1.618912225943304417e+00 1.177772119811299767e+01 1.393697810913321860e+02
1.646038294392723200e+00 1.175518204615857165e+01 1.232160406296564616e+02
1.672159131473849092e+00 1.173202128293443991e+01 1.086460860574014617e+02
1.697210295494646415e+00 1.170638369749465824e+01 9.697672082356741896e+01
1.721199453885689401e+00 1.167809639833148871e+01 8.642273939059674603e+01
1.744095705957921849e+00 1.164768591582383195e+01 7.718234658811296356e+01
1.765874145621014302e+00 1.161543721377207738e+01 6.906233969804559081e+01
1.786519295313518718e+00 1.158016009171326210e+01 6.177404467185906611e+01
1.806042444993149143e+00 1.154299437033268916e+01 5.585329841133467710e+01
1.824403538902967581e+00 1.150359863523188686e+01 5.035098268452641435e+01
1.841474749499821817e+00 1.146233939597076557e+01 4.540754573472399613e+01
1.857108655745629555e+00 1.141876589979174383e+01 4.136259195575939174e+01
1.871114685664088340e+00 1.137372477838791518e+01 3.775016181925419545e+01
1.883310537751597291e+00 1.132671147007541634e+01 3.443236481736789756e+01
1.893442131599993639e+00 1.127854637030829821e+01 3.185796071693111742e+01
1.901459225411879617e+00 1.122876124977372747e+01 2.955524152502337287e+01
1.907557945645194097e+00 1.117573170874470101e+01 2.754600309305381600e+01
1.911987444434261052e+00 1.112158663018783855e+01 2.574928374471498671e+01
1.914966666824123642e+00 1.106473689415730455e+01 2.418898432298554724e+01
1.916670528276815721e+00 1.100559036823105252e+01 2.265609209159919857e+01
1.917234969011672785e+00 1.094571228925025430e+01 2.143362189560276931e+01
1.916819198247396994e+00 1.088283727242728283e+01 2.023379691970564309e+01
1.915543006530352255e+00 1.081860368439183162e+01 1.911598562682392100e+01
1.913453053461303011e+00 1.075249602418255535e+01 1.809178844212027215e+01
1.910670847920410642e+00 1.068487268033533688e+01 1.707484841413206311e+01
1.907254378253015137e+00 1.061577636784363143e+01 1.623270717232723470e+01
1.903266448108555942e+00 1.054571797959707879e+01 1.539342055972994494e+01
1.898768729659227050e+00 1.047474550140630001e+01 1.460387944709609620e+01
1.893807604567077085e+00 1.040226456393319054e+01 1.386601951789858589e+01
1.888436483751370298e+00 1.032890940007984959e+01 1.316594211567005779e+01
1.882643145540484619e+00 1.025505445161450702e+01 1.251125751115586660e+01
1.876531988607383683e+00 1.018052068313426517e+01 1.184374349320282427e+01
1.870093208286703224e+00 1.010507265450320524e+01 1.125952423588403484e+01
1.863362233246830479e+00 1.003131390022297964e+01 1.074027860227439923e+01
1.856344645735101162e+00 9.955614173463198213e+00 1.023022309824814791e+01
1.848970975743716716e+00 9.881988678142269222e+00 9.755675782359489290e+00
1.841258054176921677e+00 9.810516400047887942e+00 9.318281406462253003e+00
1.833129427522545374e+00 9.741362374996791473e+00 8.958748134110807726e+00
1.824728804269901472e+00 9.678671744608417171e+00 8.703220831520628309e+00
