2.191799393479931801e-01 1.550982551689759603e+01 3.683552447462830693e+06
2.265915887783369609e-01 1.523081148508219052e+01 3.134341721458869986e+06
2.342854990321396602e-01 1.496433772270762752e+01 2.663643613020618912e+06
2.422905685324875102e-01 1.473096906174628451e+01 2.274879237143527716e+06
2.505790945960537086e-01 1.450286956694212037e+01 1.932234327033848269e+06
2.591822385853803645e-01 1.429027077665679712e+01 1.643526051800667075e+06
2.681079008399077090e-01 1.409658255052597475e+01 1.398245287594921887e+06
2.773545754351143811e-01 1.392575808195656428e+01 1.191412338286362588e+06
2.869331998566271302e-01 1.375667153972643497e+01 1.014732493717379984e+06
2.968389469801477332e-01 1.360181552449830455e+01 8.656591837735995650e+05
3.070872133407100968e-01 1.346449883120504332e+01 7.367646796073719161e+05
3.177153249308346528e-01 1.332644045543800537e+01 6.283956672852815827e+05
3.286463816910838442e-01 1.321297714906002163e+01 5.346168059609095799e+05
3.399494272082904667e-01 1.309026612985211813e+01 4.570549492852741387e+05
3.516295572634082212e-01 1.298910557655491438e+01 3.898329418199826614e+05
3.636732714750912088e-01 1.288738023847386138e+01 3.329806454402700765e+05
3.760753907600845047e-01 1.279748819034768204e+01 2.837510770252021030e+05
3.888660902633176430e-01 1.271085726558363227e+01 2.421406677265627368e+05
4.020446283046181790e-01 1.263217675550394858e+01 2.067638575654193701e+05
4.156074206929184500e-01 1.256210295175866776e+01 1.769329072807196644e+05
4.295218791216622312e-01 1.249362074079607154e+01 1.511527133105334360e+05
4.438542013686638810e-01 1.242906372896524481e+01 1.294028827156248153e+05
4.585772089226903825e-01 1.236978640719226696e+01 1.107479692271227104e+05
4.736595874815981988e-01 1.231702351688370634e+01 9.475574006269045640e+04
4.891417793898167332e-01 1.226774829555737334e+01 8.115209409267616866e+04
5.049919355321971226e-01 1.221959018835974398e+01 6.968079268801928265e+04
5.212413874418134752e-01 1.217733248578431926e+01 5.951750665601675428e+04
5.378761011629835664e-01 1.213410761149884642e+01 5.130024460975077091e+04
5.548936750813056040e-01 1.209595084800085907e+01 4.402611765691758774e+04
5.722653334800369418e-01 1.206019467260285971e+01 3.741675891631501872e+04
5.900116034068664250e-01 1.202641764852038442e+01 3.252666763469693615e+04
6.082077445998224086e-01 1.199336013524177069e+01 2.804759231335845834e+04
6.269431276389757501e-01 1.196440297468166136e+01 2.408522538017344414e+04
6.463567756417574195e-01 1.194038022625086448e+01 2.064470408981057699e+04
6.664535974849673527e-01 1.191189124279920541e+01 1.769682360918077393e+04
6.873582152313860716e-01 1.188888904899482490e+01 1.516523632627834377e+04
7.090930753949322707e-01 1.186546961300223657e+01 1.296601770622207368e+04
7.316632306400567831e-01 1.184616444156529624e+01 1.106578462098470482e+04
7.551283560911539183e-01 1.183111736582317874e+01 9.432154630432431077e+03
7.794909497082727068e-01 1.181479073782866962e+01 8.039879156351305028e+03
8.047780792448737675e-01 1.180415638056017968e+01 6.834145467511932111e+03
8.309746390161815155e-01 1.179194936704939956e+01 5.807368161094184870e+03
8.580946401893756459e-01 1.178726518671784973e+01 4.932344467599682503e+03
8.861413724367273037e-01 1.178049653011978926e+01 4.190561642035836485e+03
9.150905311254396990e-01 1.177647567475573709e+01 3.555924635024624422e+03
9.449587580416867194e-01 1.177538301083880334e+01 3.015043778191475667e+03
9.756885116346041276e-01 1.177590682825383084e+01 2.558434140433340872e+03
1.007294982632734426e+00 1.177831455628539103e+01 2.171027541723605736e+03
1.039731567779092813e+00 1.178205098569974218e+01 1.842405441860524888e+03
1.072956930313867296e+00 1.178748884230255278e+01 1.551583969319071002e+03
1.106914555006914158e+00 1.179444406415769642e+01 1.326305564100098309e+03
1.141491436409736604e+00 1.180149131103895677e+01 1.130913128366819137e+03
1.176556766174926993e+00 1.181078364861557972e+01 9.617718404671783219e+02
1.212020093862192560e+00 1.182055044381248443e+01 8.209089855687370800e+02
1.247731335200675362e+00 1.182931418383823896e+01 7.019287925076075680e+02
1.283588091213343274e+00 1.183978208920110831e+01 6.012635623137492757e+02
1.319471730775546137e+00 1.184740283157963425e+01 5.163251122635194861e+02
1.355198973152413888e+00 1.185601156140231360e+01 4.443306403384722216e+02
1.390664332623514188e+00 1.186409458192745348e+01 3.838659954134504915e+02
1.425725165831406516e+00 1.187029360761218477e+01 3.325657556487348643e+02
1.460274144721405376e+00 1.187778028323740998e+01 2.893060145137611698e+02
1.494111076363589197e+00 1.187902463295064948e+01 2.518060177312898134e+02
1.527110246670425830e+00 1.188192234267973646e+01 2.203643077529310972e+02
1.559129398830568780e+00 1.188091944203821093e+01 1.923665611642876456e+02
1.590004407597011893e+00 1.187449290061641527e+01 1.706941393647786072e+02
1.619648936531513428e+00 1.187006023317216474e+01 1.501091694603256030e+02
1.647806289346196884e+00 1.186080228101210743e+01 1.342017829034789145e+02
1.674294641070380951e+00 1.184932688268625611e+01 1.198777014680545818e+02
1.699007962010649520e+00 1.183489969921984120e+01 1.076580100988302746e+02
1.721677864649849621e+00 1.181635948294019300e+01 9.726449605576596014e+01
1.742290463982020254e+00 1.179522066695400007e+01 8.825798185868595169e+01
1.761082142949692786e+00 1.177059552053842495e+01 8.038203499456699319e+01
1.778342711054080816e+00 1.174269702580148866e+01 7.336931370788886397e+01
1.794157373962449009e+00 1.171177441513219541e+01 6.750989722625408263e+01
1.808827077247079362e+00 1.167836158307485483e+01 6.176006879499063018e+01
1.822396716911492076e+00 1.164133517467883649e+01 5.720260340351185846e+01
1.835001449770454318e+00 1.160278570187343128e+01 5.268603746295980983e+01
1.846731156556985720e+00 1.156139154538601410e+01 4.839200907222742387e+01
1.857643038932380142e+00 1.151753584102253747e+01 4.473904903343932205e+01
1.867838210573844915e+00 1.147293800240564643e+01 4.153728826462736379e+01
1.877323948121495389e+00 1.142543255438459937e+01 3.827915273554913256e+01
1.886045835285836247e+00 1.137662236168282170e+01 3.563232170411122013e+01
1.893977847457589458e+00 1.132639379198487006e+01 3.305325239569392437e+01
1.901083331280268629e+00 1.127435059920835592e+01 3.059586810664260881e+01
1.907340072878221493e+00 1.122194290341857936e+01 2.848253163512119457e+01
1.912682310124455665e+00 1.116817106022807593e+01 2.667607392520640985e+01
1.917081454848414079e+00 1.111279401885668250e+01 2.494983580292524650e+01
1.920553909063572817e+00 1.105760885878574307e+01 2.338490104450517393e+01
1.922985198369175919e+00 1.100088013285688149e+01 2.199870772674119834e+01
1.924419045016012353e+00 1.094392821346038502e+01 2.073853561670556545e+01
1.924817727492277752e+00 1.088648678894399424e+01 1.959909072850185296e+01
1.924170657329464795e+00 1.082839390206436647e+01 1.859559002764601132e+01
1.922466095752092263e+00 1.077058719218728733e+01 1.770432928580426690e+01
1.919694190083901741e+00 1.071255003244170467e+01 1.691462210274781341e+01
1.915890494922564580e+00 1.065512593296168298e+01 1.623795913723043682e+01
1.911045432496643270e+00 1.059846571907737456e+01 1.564473095755054644e+01
1.905188076220236892e+00 1.054263320891178424e+01 1.515327643552951464e+01
1.898381596459575826e+00 1.048890191954434314e+01 1.470605473600264901e+01
1.890741379244214482e+00 1.043818137353903985e+01 1.445766008126378566e+01
1.882695379080058240e+00 1.039468489226254633e+01 1.423141628791274194e+01
