1.550982551689759603e+01 2.191799393479931801e-01 3.683552447462830693e+06
1.521848955437804918e+01 2.268438916344239498e-01 3.129480486447201576e+06
1.494491677907874738e+01 2.348130920763142337e-01 2.641500739824677818e+06
1.470323404415290902e+01 2.431127247338534247e-01 2.228717663140996359e+06
1.446702597638168086e+01 2.517196863544193253e-01 1.891354554694067687e+06
1.425535249841859908e+01 2.606665519770794415e-01 1.585394677230600268e+06
1.406034766392076030e+01 2.699497051008867832e-01 1.353365785635069944e+06
1.388345702508127744e+01 2.795817695100257239e-01 1.150746141205077525e+06
1.371655388040551671e+01 2.895704329159092816e-01 9.716714150357627077e+05
1.356119192700844955e+01 2.999138422768641843e-01 8.249980322943782667e+05
1.342018451575524551e+01 3.106390777360708566e-01 6.985374125206716126e+05
1.328686712124682856e+01 3.217034135150844687e-01 5.930913234147698386e+05
1.315774637579936268e+01 3.331695165574873885e-01 5.028551493220584234e+05
1.304411357126451954e+01 3.450130612101006689e-01 4.258465466742105782e+05
1.293833373831739664e+01 3.572608381170243597e-01 3.617286154641697649e+05
1.284012705634298257e+01 3.698840338064111610e-01 3.068054050379289547e+05
1.274942709138566599e+01 3.829316909281643699e-01 2.603509202212091477e+05
1.266524351163735496e+01 3.963658713434320413e-01 2.213863869442341384e+05
1.258812107626148347e+01 4.102163349527392922e-01 1.881198283622003510e+05
1.251682591740469874e+01 4.244812810769014177e-01 1.603417668893155933e+05
1.245192203883907389e+01 4.391165503316855623e-01 1.360269263327198569e+05
1.239018661509360442e+01 4.542015682134373233e-01 1.159010453693981690e+05
1.233046504169963775e+01 4.697083055494707948e-01 9.863864499789045658e+04
1.227549640373525897e+01 4.856021691404840968e-01 8.419798811533913249e+04
1.222848926958859472e+01 5.019165390320647901e-01 7.167887893749827344e+04
1.218273825985655812e+01 5.186524647733041782e-01 6.064523828847166442e+04
1.213852963116822181e+01 5.357814714502858733e-01 5.226199354522662179e+04
1.210026352457229670e+01 5.533292242757139601e-01 4.466295428326934780e+04
1.206299179842420877e+01 5.712583009193875627e-01 3.812637856876727892e+04
1.202787251011301706e+01 5.895855912992737924e-01 3.263535130880475117e+04
1.199532841829665841e+01 6.083911642875560188e-01 2.790657188515167581e+04
1.196405793706768250e+01 6.277678738659449031e-01 2.372715645647773636e+04
1.193694287835282353e+01 6.478747377618183645e-01 2.039219751276924217e+04
1.191076190502375631e+01 6.687313594581684173e-01 1.738466945302733075e+04
1.188384972338468692e+01 6.904320730167862186e-01 1.483197146077395519e+04
1.186365353130456590e+01 7.130115203214968389e-01 1.259827193909363086e+04
1.184341989377561788e+01 7.365055525970874983e-01 1.069019244526316106e+04
1.182557140414891350e+01 7.609559133615870774e-01 9.067399937803626017e+03
1.181394480495933585e+01 7.863634834542941876e-01 7.683401142486336539e+03
1.179987333377849268e+01 8.127514587323747541e-01 6.502641826630467222e+03
1.179026918410043656e+01 8.401130977687916168e-01 5.492697957871386279e+03
1.178184906244318597e+01 8.684543323299499518e-01 4.637642776986084755e+03
1.177903503552821896e+01 8.977789399687087224e-01 3.915686122691772198e+03
1.177663254615823796e+01 9.280662334806241143e-01 3.305118216086471875e+03
1.177591154610048285e+01 9.593148051394032594e-01 2.789246856224775456e+03
1.177662433828601252e+01 9.914821319626846430e-01 2.353486903331973281e+03
1.177931554750599830e+01 1.024551900442205454e+00 1.985518721177853195e+03
1.178369812304738140e+01 1.058512155116898334e+00 1.676762801211302758e+03
1.178973016841058019e+01 1.093281244322300561e+00 1.417412675808508084e+03
1.179758841594262186e+01 1.128865460692946465e+00 1.196693821402231379e+03
1.180658226608881023e+01 1.165199509363898045e+00 1.012822956869661539e+03
1.181711838774299572e+01 1.202231430382586064e+00 8.574777270669753761e+02
1.182777985061356141e+01 1.239911498326541572e+00 7.269122914768292958e+02
1.183914499230215611e+01 1.278194405073286077e+00 6.158439374393251455e+02
1.185099320417695878e+01 1.316996328638410985e+00 5.235372018931010416e+02
1.186410364111658566e+01 1.356283838819125176e+00 4.449200494447073311e+02
1.187853069304011200e+01 1.395962911186244604e+00 3.788950949293343342e+02
1.188777438209599779e+01 1.435970558405737174e+00 3.230767731852279780e+02
1.190012129430605370e+01 1.476245397091548783e+00 2.758907504788166420e+02
1.191351254378986368e+01 1.516700431489568235e+00 2.360545555761367496e+02
1.192280551210035711e+01 1.557186839881931739e+00 2.013069436729851134e+02
1.193472736200774698e+01 1.597518850494803910e+00 1.728008191914649672e+02
1.194430504076917110e+01 1.637544582010923344e+00 1.496641130745200314e+02
1.195486870636101706e+01 1.677084151298517511e+00 1.292245572037294039e+02
1.195893419842634131e+01 1.715935530807043863e+00 1.119060671175671615e+02
1.196406196210445216e+01 1.753957562431339934e+00 9.678756571888987992e+01
1.196697298398442300e+01 1.790892295909852328e+00 8.480874215948641393e+01
1.196745978736980298e+01 1.826635374513394083e+00 7.430230402411628177e+01
1.196558459106632810e+01 1.860897899654085696e+00 6.537996995160126801e+01
1.196132067046733560e+01 1.893507034375218279e+00 5.772195961957497445e+01
1.195305038426025845e+01 1.924216546512087289e+00 5.126161379485161262e+01
1.194158431987578517e+01 1.952827804297077474e+00 4.572770168459776130e+01
1.192668303933966278e+01 1.978963563619084765e+00 4.105007930672712035e+01
1.190811259340789618e+01 2.002302134351377383e+00 3.715431198586840367e+01
1.188571633663196359e+01 2.022153670209160925e+00 3.371550884152323135e+01
1.185919573353271339e+01 2.037157023556106950e+00 3.121621960255309247e+01
1.183138204741033306e+01 2.042483335602658823e+00 2.993916804087723094e+01
1.179752347887001918e+01 2.041965607539612204e+00 2.895732448516956126e+01
1.175847928273193688e+01 2.038137401775082846e+00 2.833838527061687174e+01
1.171519007729499684e+01 2.032022226534925924e+00 2.781795636176035558e+01
1.166805348739564607e+01 2.024214076304565069e+00 2.750092859139122226e+01
1.161730977614880622e+01 2.015011332762719043e+00 2.711807452042540234e+01
1.156322381150212664e+01 2.004723128288647516e+00 2.676244547109006788e+01
1.150650628553733945e+01 1.993546760045260990e+00 2.644691038805309447e+01
1.144756754446253844e+01 1.981633357930792760e+00 2.603883552711174332e+01
1.138434600303279254e+01 1.969055817070433978e+00 2.584293281911267925e+01
1.131997073144619748e+01 1.955964286211401948e+00 2.551298690339664432e+01
1.125241668737757905e+01 1.942441328555244429e+00 2.519937261405057782e+01
1.118286836261273720e+01 1.928575196436803862e+00 2.486296179232120096e+01
1.111211105185048353e+01 1.914403737216916035e+00 2.453457303187002481e+01
1.104008139771712749e+01 1.900012433609417295e+00 2.419459841404489708e+01
1.096407139808012410e+01 1.885448839451798975e+00 2.382189220542185382e+01
1.088858216657773959e+01 1.870770175392626022e+00 2.338512547356392091e+01
1.081142383414844410e+01 1.856014290148027879e+00 2.305957026804056653e+01
1.073258418076344611e+01 1.841174861618873670e+00 2.259157080609624657e+01
1.065334069053365340e+01 1.826341064418594895e+00 2.225065127958571409e+01
1.057378689616339784e+01 1.811497473529759983e+00 2.178345659795080280e+01
1.049161561923078523e+01 1.796669001560079471e+00 2.135670057554748880e+01
1.041269943055253044e+01 1.781988729120799864e+00 2.094600610452234690e+01
1.033434710432422499e+01 1.767743290000919787e+00 2.062709376346082379e+01
