1.550982551689759603e+01 2.191799393479931801e-01 3.683552447462830693e+06
1.522746724811382357e+01 2.266067596194277223e-01 3.133710371901057661e+06
1.496418000294578832e+01 2.343173039931394641e-01 2.660745883745875675e+06
1.472135982941441945e+01 2.423407609483244074e-01 2.264400553957330529e+06
1.449696388253793344e+01 2.506481929818546450e-01 1.927939735036149155e+06
1.429295426065326424e+01 2.592746313327174978e-01 1.646557315286501544e+06
1.409159923704724804e+01 2.682199144476438146e-01 1.397454307895923732e+06
1.392269237653959912e+01 2.774992069841324405e-01 1.178615621823622845e+06
1.375364997299964820e+01 2.870949899672134986e-01 1.012351633148258785e+06
1.360107812337183653e+01 2.970260867533918159e-01 8.625804486576785566e+05
1.345655128398538736e+01 3.073049387070393990e-01 7.346678460958139040e+05
1.333058302623799207e+01 3.179426981058427470e-01 6.263918456886144122e+05
1.319974071503924939e+01 3.289203338420572109e-01 5.333189380009020679e+05
1.308831651730416823e+01 3.402654964459146947e-01 4.495850242681931122e+05
1.298620459803929172e+01 3.519685860976627945e-01 3.890090828732303926e+05
1.288682500155753097e+01 3.640686769003707579e-01 3.308478975245011388e+05
1.279272008080630130e+01 3.764925500922347568e-01 2.823173912278130301e+05
1.270936821955366192e+01 3.893228415456788660e-01 2.408329491895333049e+05
1.263178926317162976e+01 4.025478503199471647e-01 2.056474713391534751e+05
1.256029163671039406e+01 4.161290912995168068e-01 1.759201801371082256e+05
1.248986552138268813e+01 4.301063328754139992e-01 1.500460934984408959e+05
1.242849831372016389e+01 4.444930191767721972e-01 1.283574792795311369e+05
1.236830057537730454e+01 4.592543830557703211e-01 1.098779204181326058e+05
1.231370595504752075e+01 4.743870235954565917e-01 9.444501136841649713e+04
1.226261793627462104e+01 4.899179674608171164e-01 8.056863212856296741e+04
1.221517323308725800e+01 5.058226207829976673e-01 6.917205262496194337e+04
1.217383088720788997e+01 5.221265367851612993e-01 5.924580708492433041e+04
1.213193683962186675e+01 5.388156123991439950e-01 5.080661672454496147e+04
1.209368537965560186e+01 5.558906663033020834e-01 4.363460157574078039e+04
1.205833092926429373e+01 5.733178302454856601e-01 3.749052540072246484e+04
1.202296766142972473e+01 5.911391185202596876e-01 3.224350802100743749e+04
1.199411329611895027e+01 6.094248322087287839e-01 2.766686170895646501e+04
1.196263629954724905e+01 6.283383954737640220e-01 2.379588354631044058e+04
1.193741444885977820e+01 6.480030082463652530e-01 2.039591358698904878e+04
1.191083203470624774e+01 6.684904302518187569e-01 1.744402058567383574e+04
1.188743537895497582e+01 6.898526207707704749e-01 1.493468708115488153e+04
1.186762720729474729e+01 7.121664831210625657e-01 1.269751628418621294e+04
1.185005617452630844e+01 7.354382266211697550e-01 1.080912793241664622e+04
1.183179807214591861e+01 7.597140331353635645e-01 9.189263456761837006e+03
1.182034513452093094e+01 7.850141061214295224e-01 7.779710069448368813e+03
1.181084648389480485e+01 8.113480625916007494e-01 6.595182316936758980e+03
1.180365484232524587e+01 8.387174677651766386e-01 5.587212128878221847e+03
1.179888392894030069e+01 8.671352378635712732e-01 4.719225840674414030e+03
1.179699970422536204e+01 8.965624041145332512e-01 3.988183289737049563e+03
1.179578850739470397e+01 9.269281646914248052e-01 3.376356136351874738e+03
1.179886526716382278e+01 9.581888856047383607e-01 2.850993894652639483e+03
1.180207632819458397e+01 9.902572411186271184e-01 2.413881995003335305e+03
1.180664319847042698e+01 1.023070593949129581e+00 2.040578267154667174e+03
1.181527177014007890e+01 1.056522928531432370e+00 1.732515313027803359e+03
1.182318805136919160e+01 1.090565128339237466e+00 1.470681823200130793e+03
1.183636556162281650e+01 1.125050704784019695e+00 1.249817383011337370e+03
1.184280328853253117e+01 1.159946865423711504e+00 1.065115178148332461e+03
1.185587123226908979e+01 1.195158220737798205e+00 9.089578721828679591e+02
1.186469221867612056e+01 1.230543974050352540e+00 7.778077979311325407e+02
1.187383637949861459e+01 1.266045867877790609e+00 6.664674489270763615e+02
1.188736371032788774e+01 1.301555545045264717e+00 5.726293982093046679e+02
1.189308871932385614e+01 1.336957715477245401e+00 4.902752724432653508e+02
1.190127555751462651e+01 1.372240268061117652e+00 4.257070654289123013e+02
1.190648551807456457e+01 1.407163657710620575e+00 3.688406336479513925e+02
1.191539468818527503e+01 1.441757200091962954e+00 3.200331146698944167e+02
1.191757857998592307e+01 1.475909985136898861e+00 2.784516877641339079e+02
1.192087354914307262e+01 1.509437666098406794e+00 2.431831238396624713e+02
1.192268903637941868e+01 1.542388677737005720e+00 2.126594066516254600e+02
1.191795497349344224e+01 1.574633472170218873e+00 1.866776279439484085e+02
1.191572846173335343e+01 1.606073509684208478e+00 1.642312979297173285e+02
1.191009078372603547e+01 1.636684337329069372e+00 1.450489805499025522e+02
1.190328710868096529e+01 1.666361630131362181e+00 1.283668915848758729e+02
1.189246945497126084e+01 1.695076087340747772e+00 1.138735179875541945e+02
1.188011575656856067e+01 1.722765924206144161e+00 1.014602547360920539e+02
1.186507259425776262e+01 1.749379730118875820e+00 9.031883826023351958e+01
1.184834579659105103e+01 1.774881410339496979e+00 8.108181291677796310e+01
1.182920614114320834e+01 1.799244167737294120e+00 7.275587530903399625e+01
1.180749571510148854e+01 1.822411903479276285e+00 6.550730406303610209e+01
1.178306034355776255e+01 1.844400034338320005e+00 5.892427908930195457e+01
1.175655547833017067e+01 1.865136452464854155e+00 5.348293520725778905e+01
1.172839433737473236e+01 1.884646260926797545e+00 4.831165633784593183e+01
1.169678386790125124e+01 1.902910932021759649e+00 4.412700131806465720e+01
1.166347498595673926e+01 1.919924776819383450e+00 4.011581371209285152e+01
1.162863440809242555e+01 1.935702604174968089e+00 3.668616620544992202e+01
1.159077361525363692e+01 1.950211814439636315e+00 3.379029724533355505e+01
1.155146567938306390e+01 1.963496342930216132e+00 3.105244574663115031e+01
1.150977788852726569e+01 1.975556515003648927e+00 2.864749811298344895e+01
1.146657438224890768e+01 1.986413306217619912e+00 2.645659095686423257e+01
1.142191732392036307e+01 1.996076948606286594e+00 2.452460701070760152e+01
1.137515529633915889e+01 2.004580175551281762e+00 2.274774731056388788e+01
1.132658590167162238e+01 2.011938517708350194e+00 2.117883943898591781e+01
1.127655085443632110e+01 2.018184097995320059e+00 1.976537655567903329e+01
1.122595536157456664e+01 2.023346897618700346e+00 1.846477971432786092e+01
1.117260609773978608e+01 2.027447181050888059e+00 1.727598473549884517e+01
1.111885537563523485e+01 2.030528774841019235e+00 1.626447609703412667e+01
1.106327510533886382e+01 2.032620437614762743e+00 1.525775854229900652e+01
1.100737165247098837e+01 2.033722500322079796e+00 1.444487677452523577e+01
1.095097527136609550e+01 2.033777447809092642e+00 1.367054947138212206e+01
1.089474921414892528e+01 2.032654575836105870e+00 1.299684428700827432e+01
1.083983031582429568e+01 2.030178467613191984e+00 1.242995979879737511e+01
1.078686991490189584e+01 2.026217641939122238e+00 1.192650929815917316e+01
1.073510324415890516e+01 2.020786347192527366e+00 1.160143602769204563e+01
1.068661517008368733e+01 2.014072898158059566e+00 1.130181508174490368e+01
1.064156330832600617e+01 2.006219476181572592e+00 1.116973153813383490e+01
1.060433974949878433e+01 1.998014646181716092e+00 1.105712202132765043e+01
