2.383731302914612049e-01 1.510646317623783297e+01 2.423116349867075216e+06
2.522139162680080982e-01 1.469770860441376570e+01 1.847353416492372518e+06
2.666475174065187637e-01 1.434512153327103867e+01 1.415923007009884110e+06
2.816765662881323129e-01 1.403943650886042072e+01 1.090771266781920567e+06
2.973035616317528662e-01 1.377320677976793739e+01 8.442562567134945421e+05
3.135302323170711669e-01 1.354044281636902625e+01 6.564189641405032016e+05
3.303583685158129057e-01 1.333622102550484279e+01 5.125315691519370885e+05
3.477890799133585009e-01 1.315647968208872065e+01 4.018317414010056527e+05
3.658220096363219431e-01 1.299783529523197600e+01 3.162606993048381410e+05
3.844572373030394341e-01 1.285744195430040016e+01 2.498295188421376515e+05
4.036927339483021293e-01 1.273289656476687526e+01 1.980568376856402028e+05
4.235259592479175828e-01 1.262216024578760099e+01 1.575481442363557580e+05
4.439531038454353484e-01 1.252347712608789720e+01 1.257330028259979299e+05
4.649691639231560147e-01 1.243532497076754595e+01 1.006581345874411345e+05
4.865680031098345570e-01 1.235639780812761224e+01 8.082662896224430006e+04
5.087406573991226644e-01 1.228554621911649036e+01 6.509310272797906509e+04
5.314776769296478687e-01 1.222175650562264337e+01 5.257042619675897731e+04
5.547670879385562248e-01 1.216414239027426625e+01 4.257307872703386238e+04
5.785972132769713339e-01 1.211192319250449678e+01 3.456870252717753465e+04
6.029881962516129290e-01 1.206436222398631131e+01 2.813355585864020759e+04
6.281522437821164262e-01 1.202096175065726413e+01 2.291364563893278319e+04
6.542671319241859518e-01 1.198170234194440020e+01 1.865957294129827278e+04
6.814349871207443510e-01 1.194670394173655481e+01 1.518952737871920544e+04
7.097126268467467414e-01 1.191605350587895451e+01 1.236084741886604206e+04
7.391327368657401031e-01 1.188979727437613398e+01 1.005784656562243254e+04
7.697061583074836788e-01 1.186788454712626617e+01 8.185080741549551021e+03
8.014311379337735186e-01 1.185022355551125628e+01 6.663828695624675674e+03
8.342940175300566086e-01 1.183664309348276511e+01 5.429026362667849753e+03
8.682742429368652815e-01 1.182695286817932079e+01 4.427266386233459343e+03
9.033423072793357322e-01 1.182091072687289568e+01 3.614476049321291157e+03
9.394633819849310674e-01 1.181824919723807454e+01 2.954920770579362852e+03
9.765969722418995635e-01 1.181869518978755629e+01 2.419413932812406074e+03
1.014698272818225000e+00 1.182195497543230545e+01 1.984276900076334641e+03
1.053718117368618534e+00 1.182773982725399264e+01 1.630319167912584817e+03
1.093603663850118313e+00 1.183575398117400113e+01 1.342050136983328002e+03
1.134299614277080481e+00 1.184571480672371990e+01 1.106907266669874389e+03
1.175746279414993767e+00 1.185733757416032397e+01 9.148591313187423566e+02
1.217881768849404578e+00 1.187034960050918997e+01 7.577041924536047190e+02
1.260640308990570002e+00 1.188448364087581943e+01 6.288864840198974662e+02
1.303954900751586488e+00 1.189948871318679657e+01 5.230947984067948937e+02
1.347756805468388164e+00 1.191512488871333098e+01 4.360522077797799625e+02
1.391949674398907044e+00 1.193113542283710338e+01 3.643252127482720653e+02
1.436392530518975530e+00 1.194720657936878894e+01 3.051591770398455310e+02
1.480936165961770135e+00 1.196299580441695554e+01 2.562849249340531514e+02
1.525426296950624927e+00 1.197815056188166061e+01 2.158525821691723081e+02
1.569704124281400492e+00 1.199231335126441600e+01 1.823390049132427748e+02
1.613604288022888245e+00 1.200512080859382813e+01 1.545089809619771586e+02
1.656956072756410103e+00 1.201620786552959252e+01 1.313478765490972648e+02
1.699579852913008393e+00 1.202520509667285609e+01 1.120331465118370176e+02
1.741286874490076686e+00 1.203173552041217853e+01 9.589255435968556185e+01
1.781875869645620503e+00 1.203541256556465378e+01 8.237812826271601807e+01
1.821125241682967300e+00 1.203582243971517229e+01 7.103940494029106389e+01
1.858796960857806768e+00 1.203255105438339356e+01 6.151044108428647661e+01
1.894613069120330007e+00 1.202512181950854675e+01 5.349499866033337270e+01
1.928249304035809075e+00 1.201301529830135983e+01 4.674806116024081604e+01
1.959298804884936018e+00 1.199562426763071521e+01 4.107755926267785185e+01
1.987211461011928693e+00 1.197221887925156736e+01 3.633029050041909613e+01
2.011114034412520901e+00 1.194182574662666241e+01 3.240604910246116788e+01
2.029101862056509109e+00 1.190303687795202769e+01 2.930717021874637496e+01
2.038677993697652013e+00 1.185334350756465405e+01 2.704562171490978884e+01
2.039301803692304738e+00 1.179126864607959568e+01 2.547980414502130486e+01
