1.550982551689759603e+01 2.191799393479931801e-01 3.683552447462830693e+06
1.524810734483495089e+01 2.271627222893886910e-01 3.144224529111773241e+06
1.492259802265214574e+01 2.354791122854373309e-01 2.602111257054336835e+06
1.466314115861574408e+01 2.441547125402281915e-01 2.164440265560975764e+06
1.443232477732001051e+01 2.531617433215281876e-01 1.838362824155239156e+06
1.421537001334396422e+01 2.625372864645113546e-01 1.549460785672093974e+06
1.402490029429289997e+01 2.722834763686217685e-01 1.299747537426981609e+06
1.383190633606583120e+01 2.824086052222501420e-01 1.094543306230826769e+06
1.366217313659833188e+01 2.929294561036275280e-01 9.225027290537778754e+05
1.351419381244515705e+01 3.038118218465806764e-01 7.745333486600758042e+05
1.335648210041094863e+01 3.151109907295828738e-01 6.536308042460391298e+05
1.322338199238559753e+01 3.268236884399400299e-01 5.508170275910900673e+05
1.309924095372050346e+01 3.389380863947210609e-01 4.635312902990634902e+05
1.298661710865309260e+01 3.514865261779629990e-01 3.879527234970898717e+05
1.288376091741480600e+01 3.644641591647197476e-01 3.290154768846920924e+05
1.278657384297084931e+01 3.778612910497395339e-01 2.772153015113892034e+05
1.269718907556463172e+01 3.916768499588000330e-01 2.342222013732449850e+05
1.261021584693671294e+01 4.059540881949948998e-01 1.978443528172781516e+05
1.252903296077356821e+01 4.206637738140503457e-01 1.669413103302990203e+05
1.246592328472042510e+01 4.358458863063434663e-01 1.410845302675154526e+05
1.239514375957834247e+01 4.514474561298998379e-01 1.203748361286047293e+05
1.234182606128539916e+01 4.675148348470449244e-01 1.008717421922144276e+05
1.228451587290084568e+01 4.840006552440498933e-01 8.534771513886732282e+04
1.222993845304758231e+01 5.009554485584505334e-01 7.244508918208943214e+04
1.218128284805153072e+01 5.183503239734467138e-01 6.142031901080138050e+04
1.213735076906448107e+01 5.361920005767610853e-01 5.210996298006941652e+04
1.209619372802611892e+01 5.544775364371614668e-01 4.416790694024699769e+04
1.205615696468865927e+01 5.731740449603057730e-01 3.752982145285586012e+04
1.202056466698966553e+01 5.923054648148365908e-01 3.188251782329233538e+04
1.198841910127674382e+01 6.119958507479127396e-01 2.710421674631160568e+04
1.195560648006618365e+01 6.324062228292360865e-01 2.306972909732608605e+04
1.192530600084073100e+01 6.536376274514900109e-01 1.953570635773850881e+04
1.190190214437100913e+01 6.758073992988236078e-01 1.652947113531871219e+04
1.187808968717148872e+01 6.989788553451318220e-01 1.393839983081108585e+04
1.185725614133123607e+01 7.231917346811645997e-01 1.175285137656971710e+04
1.183891415280805148e+01 7.484990380857824421e-01 9.919911318358246717e+03
1.182277578521149053e+01 7.749248599756652922e-01 8.289414308772009463e+03
1.181233524289485537e+01 8.024877844390284620e-01 6.958966314405404773e+03
1.180041546934048391e+01 8.311937457094132897e-01 5.828474777210419234e+03
1.179443745413157529e+01 8.610523314890982105e-01 4.872598968914486250e+03
1.179019430965720794e+01 8.920696409024010398e-01 4.073983184212589549e+03
1.178903004836345048e+01 9.242075793360208236e-01 3.410013466606802922e+03
1.178862445960393224e+01 9.574870110648815436e-01 2.845477983687268079e+03
1.179331997581167535e+01 9.918662608116626256e-01 2.376807900989687369e+03
1.180137263522441948e+01 1.027310009967822957e+00 1.986199343713008602e+03
1.180698605019956915e+01 1.063791691908973380e+00 1.661304466224561111e+03
1.181647305805410575e+01 1.101278252019736392e+00 1.388893102736225956e+03
1.182799159914138620e+01 1.139701920458396245e+00 1.162649371717876193e+03
1.184261806037650544e+01 1.179021672068770288e+00 9.728750892263573178e+02
1.185638569620232730e+01 1.219184769005837943e+00 8.152907280454942338e+02
1.187174566291040456e+01 1.260114854490904879e+00 6.841137717707357524e+02
1.188878395445819436e+01 1.301751074889674564e+00 5.709563992232740475e+02
1.190465457226049217e+01 1.344022387551298436e+00 4.834853536177791398e+02
1.192200174624016462e+01 1.386827607747155744e+00 4.074350043545468338e+02
1.194303884219382006e+01 1.430009499242155258e+00 3.440481776629332558e+02
1.195860714417337434e+01 1.473397756264001712e+00 2.909806402482594194e+02
1.197419434484410594e+01 1.516835682898059812e+00 2.468029344980606652e+02
1.199243182055191781e+01 1.560136775346043114e+00 2.099245374948215215e+02
1.200516504749709945e+01 1.603139285145956050e+00 1.790712630648642119e+02
1.201759263281574341e+01 1.645695398175425206e+00 1.530925688265526219e+02
1.203016519074612667e+01 1.687581726575617891e+00 1.314350556332701672e+02
1.204025327648604815e+01 1.728650641179983571e+00 1.131423176192423199e+02
1.204737627442864145e+01 1.768756711861174669e+00 9.736543413993744878e+01
1.205230303907537248e+01 1.807663169790456825e+00 8.490859917200745599e+01
1.205502652086419069e+01 1.845316149118977789e+00 7.397174051329156441e+01
1.205403558490926308e+01 1.881501929163131637e+00 6.472222464164072164e+01
1.205064451061878117e+01 1.916038514483687782e+00 5.685693274546023446e+01
1.204369497001695777e+01 1.948782127461535785e+00 5.018306800996132466e+01
1.203342825159169038e+01 1.979610251371930030e+00 4.451228694991736745e+01
1.201997166073656409e+01 2.008412913568113467e+00 3.961123682176486227e+01
1.200227542106097722e+01 2.034975197796811131e+00 3.546893560105700516e+01
1.198124763955289218e+01 2.059228956112876485e+00 3.192757379849885169e+01
1.195678436522738686e+01 2.080964993983023259e+00 2.888424798261340598e+01
1.192840525191853907e+01 2.100077179501678160e+00 2.630418813605280093e+01
1.189633651668610526e+01 2.116377897983400036e+00 2.410567219716261533e+01
1.186090288934785164e+01 2.129615621476348863e+00 2.225741722110272747e+01
1.182219288903244525e+01 2.139517744241839381e+00 2.071888933824756407e+01
1.178063654092126633e+01 2.145521432560523412e+00 1.952159739050936693e+01
1.173938061023534907e+01 2.146995550551654475e+00 1.859234163680158503e+01
1.169635191726188594e+01 2.144235830985534275e+00 1.804307571114170017e+01
1.165680348793313925e+01 2.138018131885338846e+00 1.782668265928320039e+01
1.162237718893939942e+01 2.129171127924212037e+00 1.778887480024551593e+01
1.158145843754912718e+01 2.117387352813104417e+00 1.785577743860041622e+01
1.153373443541410914e+01 2.103517845050043800e+00 1.794712197392740904e+01
1.148095191393881009e+01 2.088061372447900688e+00 1.802806024195889378e+01
1.142266364066281703e+01 2.071369595940624198e+00 1.811746246524019810e+01
1.135899412427112587e+01 2.053681614782327358e+00 1.818485614173538067e+01
1.129042140205577027e+01 2.035204565353754713e+00 1.823515652168304157e+01
1.121773668270850877e+01 2.016126279341352578e+00 1.820525496497254281e+01
1.114025890514865580e+01 1.996605639083948391e+00 1.815245839262653149e+01
1.105907537234222637e+01 1.976764837574633837e+00 1.814648918650564724e+01
1.097340335415721668e+01 1.956788886455021359e+00 1.803233379956881777e+01
1.088516776167555733e+01 1.936804570115420177e+00 1.779190500759976956e+01
1.079322098252963613e+01 1.916964744300568624e+00 1.764095486763167742e+01
1.070097502507992715e+01 1.897422956729843957e+00 1.737184094954714553e+01
1.060458785255281100e+01 1.878230929695741791e+00 1.700063292087038391e+01
1.050842761333441899e+01 1.859562546305365771e+00 1.670595076325572137e+01
1.041252970449053272e+01 1.841420867868474032e+00 1.633466608921650831e+01
1.031819928429479205e+01 1.823974268193199855e+00 1.595694543317236835e+01
1.022742300494798329e+01 1.807271044838017371e+00 1.557167856251306937e+01
