2.191799393479931801e-01 1.550982551689759603e+01 3.683552447462830693e+06
2.276791226532720036e-01 1.519034567265322444e+01 3.070700113098740578e+06
2.365611941015970665e-01 1.490174820440194203e+01 2.546672699084470049e+06
2.458332000009103568e-01 1.462410797815424246e+01 2.113775797949083615e+06
2.554998755380688547e-01 1.437265421858975678e+01 1.764181370891854865e+06
2.655798970634229428e-01 1.417966149548262855e+01 1.463064968442691024e+06
2.760817923294122678e-01 1.394581373783617551e+01 1.217438895982385380e+06
2.870162844706690142e-01 1.375456361972031871e+01 1.012836520572318812e+06
2.984044210800103070e-01 1.357944539477335155e+01 8.433962301399621647e+05
3.102014509709349888e-01 1.342215355357170381e+01 7.020423673113449477e+05
3.224713378730911795e-01 1.327182212112180792e+01 5.854818461680011824e+05
3.352110099158450152e-01 1.313788805129792969e+01 4.876569009907179279e+05
3.484210666203699236e-01 1.301302605785358679e+01 4.073145251772729680e+05
3.621124222566229345e-01 1.289983383655783022e+01 3.390481167756225914e+05
3.762899639391619755e-01 1.279557298612327187e+01 2.828729598124822951e+05
3.909630524810969177e-01 1.269846313437285623e+01 2.345169397025639191e+05
4.061327920641629730e-01 1.261135462780104177e+01 1.972679461158697377e+05
4.218088696627863010e-01 1.252438522039161484e+01 1.646588024540604965e+05
4.379676881032301683e-01 1.245818007106360703e+01 1.377753619462606439e+05
4.546508781716117054e-01 1.238737899656254271e+01 1.152171868859745009e+05
4.718497626682495727e-01 1.232162831752171428e+01 9.655421693895969656e+04
4.895403342902623356e-01 1.226399198491208864e+01 8.093615779075385944e+04
5.077202515400222049e-01 1.221149758325207202e+01 6.792467014357638254e+04
5.264180113745532408e-01 1.216161329850235973e+01 5.688368803735023539e+04
5.456174571933160022e-01 1.211544841413155460e+01 4.781339054087364639e+04
5.653203718688435409e-01 1.207290279143653322e+01 4.017442800133374112e+04
5.854711392233110656e-01 1.203494892296804508e+01 3.345800141611854633e+04
6.062076600228243350e-01 1.199895393317583014e+01 2.842788183055508125e+04
6.276824438719778021e-01 1.196304927382410099e+01 2.391501353222216494e+04
6.501105954685502120e-01 1.193333216069501113e+01 2.006092621385979874e+04
6.735835457598715603e-01 1.190495230644537372e+01 1.679302940548324113e+04
6.981937916610886363e-01 1.187952032075387798e+01 1.404346223458017266e+04
7.240066743738053923e-01 1.185708049157035937e+01 1.168804286433169545e+04
7.510693007332548410e-01 1.183558284657487114e+01 9.724898196008783998e+03
7.794131698770320194e-01 1.181937521999661733e+01 8.107662802909831953e+03
8.090634469299806675e-01 1.180884287794069998e+01 6.679572617638225893e+03
8.400298106704870982e-01 1.179915473151378258e+01 5.528861750496070272e+03
8.723128028647297860e-01 1.179359917690342208e+01 4.572685454792887867e+03
9.059226073061134032e-01 1.179067213438302097e+01 3.777015203506701710e+03
9.408105087023931334e-01 1.179142995204872690e+01 3.118119618685807836e+03
9.769992740222839256e-01 1.179369379005093954e+01 2.573639258385269841e+03
1.014416492952267657e+00 1.180291969964870269e+01 2.124215739934913017e+03
1.053046186795397743e+00 1.180813866733247153e+01 1.755387764171339086e+03
1.092837177223794143e+00 1.182224994290016085e+01 1.450063447138353013e+03
1.133740421008415877e+00 1.183195038161631096e+01 1.197873481705818904e+03
1.175663037284987888e+00 1.184761042541943254e+01 9.915953333302708188e+02
1.218574023746227919e+00 1.186224880521087144e+01 8.202361973425206543e+02
1.262369652412477006e+00 1.188123033760035341e+01 6.807960419799986767e+02
1.306979987499220730e+00 1.190150830896157075e+01 5.656264152540122723e+02
1.352319000750188627e+00 1.191735716145552182e+01 4.703288240035329864e+02
1.398291230311977440e+00 1.193522689137786763e+01 3.921113154564454248e+02
1.444795213471299355e+00 1.195525064786079383e+01 3.272668307546280744e+02
1.491722676632190270e+00 1.197795876432632056e+01 2.733264007156001867e+02
1.538980311441186855e+00 1.199439525648853611e+01 2.278308124325908182e+02
1.586454913317049353e+00 1.201550446396321270e+01 1.925348110325635673e+02
1.634034627513878402e+00 1.203162339993093255e+01 1.619835854897223157e+02
1.681613010346620030e+00 1.205219081839148387e+01 1.357498543954964987e+02
1.729063482194993950e+00 1.206587277612773157e+01 1.148959449345337305e+02
1.776293836980802565e+00 1.208168183846268740e+01 9.775288222680467243e+01
1.823118116276071232e+00 1.209504217700910544e+01 8.260706506568618579e+01
1.869332367554194851e+00 1.210752089665924913e+01 7.072975039826695820e+01
1.914660172577153041e+00 1.211806134584652028e+01 6.047280793829809653e+01
1.958861459602468269e+00 1.212605189824722274e+01 5.188741101411577006e+01
2.001694887853786131e+00 1.213185407265527083e+01 4.470744147043902217e+01
2.042870083471228781e+00 1.213436439149831259e+01 3.851894019951512860e+01
2.082139685192637923e+00 1.213391577773578689e+01 3.361419387417969773e+01
2.119203701230008896e+00 1.213002600955240950e+01 2.939140607412255690e+01
2.153750183609969504e+00 1.212251531063080456e+01 2.583408868914185064e+01
2.185342661984419621e+00 1.211048713330372806e+01 2.287323626933665466e+01
2.213474179603017955e+00 1.209367287963324067e+01 2.041075447595333259e+01
2.237300235860416375e+00 1.207198657293665534e+01 1.839408388650252135e+01
2.255300381710169777e+00 1.204516380679345033e+01 1.684593170756271974e+01
2.268268004120113979e+00 1.201183292104743039e+01 1.558667728878537950e+01
2.277504227400299452e+00 1.197235075552844741e+01 1.453733806501904269e+01
2.283724656726711100e+00 1.192851404055532427e+01 1.363199607861782958e+01
2.287599291402860224e+00 1.187959716710734348e+01 1.278111241112027763e+01
2.289505434033882736e+00 1.182626333834575405e+01 1.210391558563311953e+01
2.289752015545316155e+00 1.176981749780962616e+01 1.144207582244814247e+01
2.288598630124901501e+00 1.170967537079040177e+01 1.083818725860866827e+01
2.286256592633811202e+00 1.164695648781997228e+01 1.023909769314788676e+01
2.282880559951791621e+00 1.158166749482489521e+01 9.746842891570270950e+00
2.278583658598908546e+00 1.151454105361984404e+01 9.256368095274977392e+00
2.273479377493771825e+00 1.144394096768105840e+01 8.791325761782168513e+00
2.267682118093155452e+00 1.137283998833791188e+01 8.341038390404055036e+00
2.261281823400315361e+00 1.129924041863372963e+01 7.946712048959467367e+00
2.254331095995665724e+00 1.122473542606714147e+01 7.534120385703491962e+00
2.246903067072427707e+00 1.114902209582053239e+01 7.163277296740647060e+00
2.239031296881506705e+00 1.107164822713333763e+01 6.810927480900506481e+00
2.230799086768702200e+00 1.099477919187576092e+01 6.506995938122025258e+00
2.222214668385701142e+00 1.091564981599700523e+01 6.176749897136887490e+00
2.213309712073352920e+00 1.083720650922165873e+01 5.899688850082463354e+00
2.204069913888346832e+00 1.075916389149823083e+01 5.626502228890864821e+00
2.194465619830168190e+00 1.068160951769642963e+01 5.376815372831565298e+00
2.184505942876344253e+00 1.060518267372569667e+01 5.144742622703224910e+00
2.174133903097196452e+00 1.052985394639194361e+01 4.925960013737356036e+00
2.163313735705099994e+00 1.045687597053250606e+01 4.757259204084957283e+00
2.152115235666411941e+00 1.038667459028377671e+01 4.590565054870515027e+00
2.140555129838738857e+00 1.032004426111859452e+01 4.469272831549871761e+00
2.129154058620787549e+00 1.026347090696130948e+01 4.405208954172004532e+00
2.117719810474974373e+00 1.021646922595799367e+01 4.357973899899309167e+00
