1.550982551689759603e+01 2.191799393479931801e-01 3.683552447462830693e+06
1.528554856837616605e+01 2.257837260078017494e-01 3.222827570460393094e+06
1.501916431346340097e+01 2.325913028343113420e-01 2.767005551570093259e+06
1.479914599206165704e+01 2.396461275449408290e-01 2.390363573198782746e+06
1.459282942644095371e+01 2.469390788968523764e-01 2.069302423573810607e+06
1.440148347059603751e+01 2.544741926214356131e-01 1.793575828601202695e+06
1.428485600405618960e+01 2.622585026498059912e-01 1.551906459175268887e+06
1.404885852054192696e+01 2.702971548373072630e-01 1.348459009385111509e+06
1.389612919574207694e+01 2.785942966944000010e-01 1.167152479270335520e+06
1.375072622952818691e+01 2.871554949579290805e-01 1.012268372330348240e+06
1.361687874534693954e+01 2.959891278215440180e-01 8.675969299789072247e+05
1.348429011224156504e+01 3.050728926114332218e-01 7.592568408349293750e+05
1.336678666105499680e+01 3.144474888733315154e-01 6.589170520133968676e+05
1.325640195193996895e+01 3.240898552850464132e-01 5.724427614290959900e+05
1.314980269290047410e+01 3.340291694622939955e-01 4.957511891444469802e+05
1.305318056660704329e+01 3.442413680420682298e-01 4.313259717362005031e+05
1.296059845001933475e+01 3.547557467063823244e-01 3.734283032199323061e+05
1.287571472092086111e+01 3.655571796952907793e-01 3.246309741535684443e+05
1.279379995173225026e+01 3.766462255861300901e-01 2.792063736859932542e+05
1.271654846360309854e+01 3.880504524061926808e-01 2.444464239830938168e+05
1.264803070998040013e+01 3.997499317690153542e-01 2.108697540695237985e+05
1.258073682003566951e+01 4.117505783317574886e-01 1.847901200377612840e+05
1.251772368473773156e+01 4.240636481526268153e-01 1.608067509162809001e+05
1.245948550401270793e+01 4.366765406252585691e-01 1.399557289208338188e+05
1.240453870336423314e+01 4.496095428145350237e-01 1.218044131218901457e+05
1.235522477488265203e+01 4.628423174993188116e-01 1.060388866301111702e+05
1.230733809030929038e+01 4.763716118796839094e-01 9.210122346747256233e+04
1.226197339642721573e+01 4.902121641638043092e-01 8.034142790007857548e+04
1.222045084086876443e+01 5.043470734534947209e-01 7.009580285533548158e+04
1.218217674192794497e+01 5.188004209496095420e-01 6.100680874702121218e+04
1.214401075468855318e+01 5.335593508669337348e-01 5.327976106677538337e+04
1.210870344940209797e+01 5.486224390530862749e-01 4.654932016071092221e+04
1.207757176856467574e+01 5.639909913903914385e-01 4.062850363277813449e+04
1.204292723639666463e+01 5.796168143269305739e-01 3.522018571447082650e+04
1.201535519811374719e+01 5.955822601876518130e-01 3.099558927520699945e+04
1.198776034009178559e+01 6.119263026232598657e-01 2.714115981765062679e+04
1.196365285169037662e+01 6.287800124035756166e-01 2.346697011321804530e+04
1.193845616026096046e+01 6.462117900410118132e-01 2.065082064190458186e+04
1.191549109249339722e+01 6.642768142197030823e-01 1.800293024296831936e+04
1.189379624268310742e+01 6.829719240834490890e-01 1.566243231768788428e+04
1.187461866299966751e+01 7.023977372772222116e-01 1.360296213529389388e+04
1.185798821697514605e+01 7.225527358092806995e-01 1.180733703674190110e+04
1.184059326341630580e+01 7.434681510865381870e-01 1.022678828649422030e+04
1.182826464170378067e+01 7.651578166953365567e-01 8.866244759942226665e+03
1.181755914364143401e+01 7.876275564437321686e-01 7.652930168066504848e+03
1.180799081185261024e+01 8.108956464190467672e-01 6.600229787129464967e+03
1.180024053609583135e+01 8.349615503909117997e-01 5.703882247906041812e+03
1.179559556574111490e+01 8.598223259180992617e-01 4.915498486767799477e+03
1.179242236443605663e+01 8.854865700710414789e-01 4.234867032574496079e+03
1.179017503387664512e+01 9.119484613647538263e-01 3.650784398598054395e+03
1.179088809792650139e+01 9.391873501179298644e-01 3.144567752119487523e+03
1.180239662137225665e+01 9.672210224012849356e-01 2.709398572916462854e+03
1.179720005780636072e+01 9.959956492138235529e-01 2.332416721956048605e+03
1.180216296603632209e+01 1.025513377872464105e+00 2.009145062591359192e+03
1.180895563998936382e+01 1.055760281868262096e+00 1.729517683525620669e+03
1.182192157587230241e+01 1.086707140710307939e+00 1.492205346542926463e+03
1.182740228334026078e+01 1.118328529849023756e+00 1.284957808292530672e+03
1.183704153983871166e+01 1.150593698345497184e+00 1.108557695685698491e+03
1.184835379402619004e+01 1.183473830152065087e+00 9.574563076645405317e+02
1.186310484688174682e+01 1.216941463289109349e+00 8.266640717207952775e+02
1.187384239274761200e+01 1.250940435549245500e+00 7.141874669629222581e+02
1.188828134696846561e+01 1.285448849025014439e+00 6.178512156007084286e+02
1.190232952507196273e+01 1.320402060535684985e+00 5.352443668716219918e+02
1.191743615639122744e+01 1.355725016699786512e+00 4.634857663117119273e+02
1.193222518099940466e+01 1.391316404721175903e+00 4.027414363662024357e+02
1.194902853957213651e+01 1.427097203847243811e+00 3.502122899713422726e+02
1.196100025448695270e+01 1.462982599730800137e+00 3.032257117433621261e+02
1.197428812192273462e+01 1.498858633163703269e+00 2.660361405284983789e+02
1.198945362424931460e+01 1.534636610448289806e+00 2.322693344882660824e+02
1.200451801865353119e+01 1.570249698099469349e+00 2.033775618662129716e+02
1.201384120536000744e+01 1.605589006124571227e+00 1.784006761341195784e+02
1.202463893101767844e+01 1.640545436530150392e+00 1.569302491442436462e+02
1.203614130563542162e+01 1.675071036355627152e+00 1.382618642749221465e+02
1.204200208808491901e+01 1.709008923261099211e+00 1.221859667064110511e+02
1.205016134337358658e+01 1.742361925050255334e+00 1.081938589564126545e+02
1.205558173075168860e+01 1.774933957631635195e+00 9.604898150540779511e+01
1.205780824473860413e+01 1.806740482960272232e+00 8.555008634537566081e+01
1.206083540444490865e+01 1.837686997062027761e+00 7.627950458811596945e+01
1.205882577493729002e+01 1.867608180967619491e+00 6.794443736698248415e+01
1.205631615984604821e+01 1.896519125974966524e+00 6.100861077560728063e+01
1.205230114999604041e+01 1.924302663655596213e+00 5.513137829098000253e+01
1.204521242391198932e+01 1.950915450690997144e+00 4.966116864421348254e+01
1.203589915420166001e+01 1.976300954561345469e+00 4.505538595192873430e+01
1.202468214856432738e+01 2.000363678717368643e+00 4.089588631199450219e+01
1.201111662047053130e+01 2.023051720802045317e+00 3.727630461788807992e+01
1.199449620009971618e+01 2.044341001820180637e+00 3.402058760033830254e+01
1.197637832735454211e+01 2.064146568667339032e+00 3.119339081540217862e+01
1.195568536323122544e+01 2.082418248501722413e+00 2.867333531010813275e+01
1.193231985321510891e+01 2.099099914268891531e+00 2.645561561219643565e+01
1.190685402948160387e+01 2.114133094937365343e+00 2.450522791648124254e+01
1.187936549716528667e+01 2.127462029739728866e+00 2.277771992506235321e+01
1.184897685433131009e+01 2.139029916122477726e+00 2.126409919467653964e+01
1.181690124031878497e+01 2.148769495272850882e+00 1.994368974422203777e+01
1.178266381630386839e+01 2.156588490752600951e+00 1.877401219643309815e+01
1.174613919354382396e+01 2.162414414783488059e+00 1.778164321202070397e+01
1.170880651579327392e+01 2.166100853409918425e+00 1.693404721490399822e+01
1.167083957735288813e+01 2.167447552876589523e+00 1.624585314556321336e+01
1.164417617007605088e+01 2.165887693640626832e+00 1.586329911105625179e+01
1.163418611134655123e+01 2.160532799560878292e+00 1.608722512046783137e+01
1.162177765524271322e+01 2.152769700661578245e+00 1.633965526219884268e+01
