1.510646317623783297e+01 2.383731302914612049e-01 2.423116349867075216e+06
1.469770860441376570e+01 2.522139162680080982e-01 1.847353416492372518e+06
1.434512153327103867e+01 2.666475174065187637e-01 1.415923007009884110e+06
1.403943650886042072e+01 2.816765662881323129e-01 1.090771266781920567e+06
1.377320677976793739e+01 2.973035616317528662e-01 8.442562567134945421e+05
1.354044281636902625e+01 3.135302323170711669e-01 6.564189641405032016e+05
1.333622102550484279e+01 3.303583685158129057e-01 5.125315691519370885e+05
1.315647968208872065e+01 3.477890799133585009e-01 4.018317414010056527e+05
1.299783529523197600e+01 3.658220096363219431e-01 3.162606993048381410e+05
1.285744195430040016e+01 3.844572373030394341e-01 2.498295188421376515e+05
1.273289656476687526e+01 4.036927339483021293e-01 1.980568376856402028e+05
1.262216024578760099e+01 4.235259592479175828e-01 1.575481442363557580e+05
1.252347712608789720e+01 4.439531038454353484e-01 1.257330028259979299e+05
1.243532497076754595e+01 4.649691639231560147e-01 1.006581345874411345e+05
1.235639780812761224e+01 4.865680031098345570e-01 8.082662896224430006e+04
1.228554621911649036e+01 5.087406573991226644e-01 6.509310272797906509e+04
1.222175650562264337e+01 5.314776769296478687e-01 5.257042619675897731e+04
1.216414239027426625e+01 5.547670879385562248e-01 4.257307872703386238e+04
1.211192080525903769e+01 5.785966539536481212e-01 3.456863574193656677e+04
1.206436131723174476e+01 6.029907463453949568e-01 2.813271177947678734e+04
1.202096614104343963e+01 6.281718721006060990e-01 2.291060544251194733e+04
1.198175324158740018e+01 6.543256144456005563e-01 1.865296600139829752e+04
1.194685885526127045e+01 6.815553449550574294e-01 1.517901331137405214e+04
1.191638982169660821e+01 7.099185955099320822e-01 1.234726547539618696e+04
1.189040646297890369e+01 7.394477773171216350e-01 1.004200818245754635e+04
1.186886657269774403e+01 7.701533113900453920e-01 8.168035625815141429e+03
1.185167427995144962e+01 8.020327636951994910e-01 6.646392505835523480e+03
1.183866561504611070e+01 8.350721785961201515e-01 5.411834848344123202e+03
1.182963730719998097e+01 8.692490337022213964e-01 4.410787935262703286e+03
1.182434539102705706e+01 9.045342508980852569e-01 3.599144625165341040e+03
1.182252175623385959e+01 9.408915111676862120e-01 2.940760057295217393e+03
1.182388409759063919e+01 9.782806362498267516e-01 2.406573579750086992e+03
1.182813065323677471e+01 1.016655066309597233e+00 1.972743547478631626e+03
1.183497492321860811e+01 1.055966613783772212e+00 1.620041780632349401e+03
1.184410769773081462e+01 1.096160703255782298e+00 1.332965101653419197e+03
1.185524351024802137e+01 1.137181399847010388e+00 1.098934623874720273e+03
1.186809391099390965e+01 1.178969012770444191e+00 9.078678752283097992e+02
1.188237631969841779e+01 1.221456777177304831e+00 7.516162468782362112e+02
1.189777076583603233e+01 1.264534735441549929e+00 6.237145323192646629e+02
1.191390265198560705e+01 1.308066593331737026e+00 5.188960185588715603e+02
1.193039124690695729e+01 1.351915589693779340e+00 4.328708714993147737e+02
1.194684347810277281e+01 1.395937270697195309e+00 3.621583450150545787e+02
1.196286811666038474e+01 1.439984238543549067e+00 3.039028077325962158e+02
1.197806726293251423e+01 1.483903608006603703e+00 2.558148492772763234e+02
1.199206300079839593e+01 1.527539300046654169e+00 2.160281077480270824e+02
1.200447335229161006e+01 1.570728363372779324e+00 1.830427651447545259e+02
1.201490686006286701e+01 1.613300440561027393e+00 1.556175386898757154e+02
1.202298753287525024e+01 1.655078838330378055e+00 1.327693825225970841e+02
1.202832657174143272e+01 1.695872817028473589e+00 1.136885975263410131e+02
1.203051574925720857e+01 1.735471625007174223e+00 9.772196387625997716e+01
1.202912485232534046e+01 1.773640776067626046e+00 8.433777577476745080e+01
1.202369318604615778e+01 1.810120330424537460e+00 7.310196947347196783e+01
1.201372074340826934e+01 1.844608250924993254e+00 6.366231406925793124e+01
1.199863779601348490e+01 1.876738285340709522e+00 5.573272106248968072e+01
1.197776778518201191e+01 1.906037189308937618e+00 4.908915642340149788e+01
1.195027165092005461e+01 1.931824322472141864e+00 4.356348048492052527e+01
1.191503842201726293e+01 1.952897069019303045e+00 3.907144334549802522e+01
1.187053857423314263e+01 1.965890212698796269e+00 3.579164665304297444e+01
