1.510646317623783297e+01 2.383731302914612049e-01 2.423116349867075216e+06
1.469770860441376570e+01 2.522139162680080982e-01 1.847353416492372518e+06
1.434512153327103867e+01 2.666475174065187637e-01 1.415923007009884110e+06
1.403943650886042072e+01 2.816765662881323129e-01 1.090771266781920567e+06
1.377320677976793739e+01 2.973035616317528662e-01 8.442562567134945421e+05
1.354044281636902625e+01 3.135302323170711669e-01 6.564189641405032016e+05
1.333622102550484279e+01 3.303583685158129057e-01 5.125315691519370885e+05
1.315647968208872065e+01 3.477890799133585009e-01 4.018317414010056527e+05
1.299783529523197600e+01 3.658220096363219431e-01 3.162606993048381410e+05
1.285744195430040016e+01 3.844572373030394341e-01 2.498295188421376515e+05
1.273289656476687526e+01 4.036927339483021293e-01 1.980568376856402028e+05
1.262216024578760099e+01 4.235259592479175828e-01 1.575481442363557580e+05
1.252347712608789720e+01 4.439531038454353484e-01 1.257330028259979299e+05
1.243532497076754595e+01 4.649691639231560147e-01 1.006581345874411345e+05
1.235639780812761224e+01 4.865680031098345570e-01 8.082662896224430006e+04
1.228554621911649036e+01 5.087406573991226644e-01 6.509310272797906509e+04
1.222175650562264337e+01 5.314776769296478687e-01 5.257042619675897731e+04
1.216414239027426625e+01 5.547670879385562248e-01 4.257307872703386238e+04
1.211192389844350181e+01 5.785971736035400159e-01 3.456825044767436339e+04
1.206435851433675310e+01 6.029927664802318121e-01 2.813217216775736961e+04
1.202097298708330975e+01 6.281880872473134536e-01 2.290813689170947328e+04
1.198178864712783387e+01 6.543721618541321616e-01 1.864740378111513201e+04
1.194697509154111081e+01 6.816507321998109825e-01 1.517063951591555815e+04
1.191665787225721473e+01 7.100818625162766962e-01 1.233641828019501554e+04
1.189089131273056310e+01 7.396969351945874571e-01 1.002958693017935002e+04
1.186964550937330287e+01 7.705059819641287833e-01 8.154702545499397274e+03
1.185282500448612630e+01 8.025063632552094095e-01 6.632834683681113347e+03
1.184026188833869853e+01 8.356831523953377472e-01 5.398479227707485734e+03
1.183175158045230368e+01 8.700136980162905820e-01 4.397987542070193740e+03
1.182704709525860665e+01 9.054676291614669470e-01 3.587131958434385979e+03
1.182587958225955660e+01 9.420091560666749020e-01 2.929792957853488133e+03
1.182795209673472492e+01 9.795962403561412346e-01 2.396636989773060122e+03
1.183297046666172214e+01 1.018183059873091434e+00 1.963824405048980680e+03
1.184063619294807701e+01 1.057720458868631974e+00 1.612114636393320325e+03
1.185063819198139612e+01 1.098153227050783887e+00 1.325945096650702908e+03
1.186268596108981122e+01 1.139425638712125988e+00 1.092790282609859105e+03
1.187648855940586046e+01 1.181477342088004479e+00 9.024942253122766260e+02
1.189176355593543200e+01 1.224245016712950829e+00 7.469225392078783443e+02
1.190823836301503391e+01 1.267662684296207765e+00 6.195161843548434035e+02
1.192565581200111957e+01 1.311662658129493453e+00 5.149701726340869072e+02
1.194376514082519591e+01 1.356174542981877673e+00 4.290199644455730663e+02
1.196233213504512172e+01 1.401126587807100643e+00 3.582099973473738714e+02
1.198113603932863747e+01 1.446444846945324381e+00 2.997586925856246012e+02
1.199996060180399837e+01 1.492054257153852204e+00 2.514083299503615478e+02
1.201860991468007356e+01 1.537877255917199815e+00 2.113278073178893521e+02
1.203689404118217610e+01 1.583836821745880918e+00 1.780367598949163437e+02
1.205463850392601088e+01 1.629854337803667619e+00 1.503240858954887926e+02
1.207167481091421024e+01 1.675850743438630497e+00 1.272078419240522464e+02
1.208785077495165972e+01 1.721746546154649060e+00 1.078846684163692089e+02
1.210302199692998926e+01 1.767463096804045897e+00 9.169816804167781754e+01
1.211705378820494161e+01 1.812920497299777667e+00 7.811140514298301696e+01
1.212981972053681545e+01 1.858040410708128753e+00 6.668227928532358817e+01
1.214120459221045500e+01 1.902744622450489143e+00 5.704951686853376458e+01
1.215100122983354325e+01 1.946849301271378785e+00 4.892877047908790189e+01
1.215888741939805051e+01 1.990134652799922854e+00 4.207986455078318500e+01
1.216460240322783015e+01 2.032454062932923744e+00 3.629203328428049247e+01
1.216789669092533011e+01 2.073662399125422606e+00 3.139151022856144735e+01
1.216853050973097616e+01 2.113614259695502984e+00 2.723363274795492828e+01
1.216626153335324823e+01 2.152164189521411419e+00 2.369891876606844150e+01
1.216085158003294531e+01 2.189163260411575607e+00 2.068781027409155371e+01
1.215205242126995344e+01 2.224458244214110980e+00 1.811810216187753042e+01
1.213961733297059098e+01 2.257892331473100089e+00 1.592123953804108893e+01
1.212328887550276413e+01 2.289300488294964797e+00 1.403964653291048670e+01
1.210279273086559293e+01 2.318506175659268642e+00 1.242631393084602820e+01
1.207784486469894780e+01 2.345318713287934731e+00 1.104133513742225148e+01
1.204813875970374681e+01 2.369527599231970427e+00 9.851961971348307756e+00
1.201332472159869624e+01 2.390884162290822790e+00 8.831094664167920882e+00
1.197304986350113865e+01 2.409103788267473067e+00 7.956532704404177814e+00
1.192685460851443047e+01 2.423802048622630156e+00 7.211100471489830355e+00
1.187425162359262742e+01 2.434454894574665573e+00 6.582614903632627801e+00
1.181460076294867179e+01 2.440289017097621027e+00 6.065103943478085569e+00
1.174702956696821765e+01 2.440826063137641277e+00 5.645011026768846030e+00
