1.550982551689759603e+01 2.191799393479931801e-01 3.683552447462830693e+06
1.515694757574150486e+01 2.293676687278834170e-01 2.952574507065792102e+06
1.479507039241133803e+01 2.400578767176519412e-01 2.369431444242304191e+06
1.448544210308810420e+01 2.513302277842668908e-01 1.890713583522005472e+06
1.420150855992044825e+01 2.631662488248447951e-01 1.527840878104928182e+06
1.395633030362047045e+01 2.756030692916145997e-01 1.227936245592927793e+06
1.372776784699581754e+01 2.886525594877163980e-01 9.878227050853439141e+05
1.352065835579060682e+01 3.023163275093586622e-01 7.941303809611049946e+05
1.333922477371928572e+01 3.166335878182887642e-01 6.371103452585211489e+05
1.318515971045306401e+01 3.315916061900080480e-01 5.129702628044486628e+05
1.302415679273284255e+01 3.472192932372910601e-01 4.137838659139609663e+05
1.288918304881574528e+01 3.635408667242994163e-01 3.337366988251918810e+05
1.276527373480389116e+01 3.805315497520548318e-01 2.684293068067717250e+05
1.265757349499058471e+01 3.982387768835358166e-01 2.164132393886047939e+05
1.255599674136081312e+01 4.166530402777194886e-01 1.744909944996465929e+05
1.246685142302690963e+01 4.357888972535591265e-01 1.410860954632814974e+05
1.238223260124025948e+01 4.556159582867675417e-01 1.145653974559477210e+05
1.230831998070230604e+01 4.761885265394785183e-01 9.231213986692662002e+04
1.223984326980041715e+01 4.974535952193362420e-01 7.491567369427123049e+04
1.218061378720274313e+01 5.194509407344403140e-01 6.015626398835304281e+04
1.212376752521144319e+01 5.421456534744231170e-01 4.930288171121761843e+04
1.207398189101065711e+01 5.655624490190102049e-01 4.005974495039541944e+04
1.202586203492886696e+01 5.896237412217918417e-01 3.262270259644176986e+04
1.198471478204997887e+01 6.145876329251737102e-01 2.629845565199612247e+04
1.194647841848013314e+01 6.407940576894789464e-01 2.157339341173818320e+04
1.191069148239933817e+01 6.685040009719561693e-01 1.744464714127051411e+04
1.188082163174122030e+01 6.978729610393279437e-01 1.407009503726936418e+04
1.185426160163848230e+01 7.290370256137482796e-01 1.129584311288109166e+04
1.183296509923358641e+01 7.620603826116696400e-01 9.046284239769196574e+03
1.181722003910112662e+01 7.970067265615465857e-01 7.230070077320435303e+03
1.180541946746833482e+01 8.339100910845848036e-01 5.755484599030603931e+03
1.180036828087987466e+01 8.727834378628630541e-01 4.579609150984126245e+03
1.179590922854527335e+01 9.136108351845028119e-01 3.640239346659495823e+03
1.180182784342232516e+01 9.563702265890973164e-01 2.886948689571537216e+03
1.181058755395637938e+01 1.001028148520830552e+00 2.290718125627800418e+03
1.182745381524230410e+01 1.047510693530476100e+00 1.819716499109688812e+03
1.183610501531088133e+01 1.095749903326584951e+00 1.446313483364491958e+03
1.185451512666541163e+01 1.145638766429078581e+00 1.150290647360062394e+03
1.187553719876881786e+01 1.197087999679071313e+00 9.157867508655883739e+02
1.189859044477092453e+01 1.249974674736698210e+00 7.295662725987724571e+02
1.192316137000880083e+01 1.304127627877846862e+00 5.830699964805754689e+02
1.194859978995769900e+01 1.359374736594104238e+00 4.670922051169846441e+02
1.197630202136754818e+01 1.415404933649621944e+00 3.749957149008851047e+02
1.200159274570646417e+01 1.471906135642155666e+00 3.025907133749777245e+02
1.203117550964150517e+01 1.528567874235703394e+00 2.448370349439243228e+02
1.205285365503597461e+01 1.585026298613074314e+00 1.990535978810452491e+02
1.207536062091379847e+01 1.641020887034069453e+00 1.626264301824644178e+02
1.209526751000071343e+01 1.696205021848283145e+00 1.334214010293242154e+02
1.211235333523125490e+01 1.750215046907960481e+00 1.101448330310163755e+02
1.212617888035858371e+01 1.802798543454677160e+00 9.138294688158242707e+01
1.213570505178381254e+01 1.853648811703930477e+00 7.630866587701756032e+01
1.214055983566214358e+01 1.902524625874922881e+00 6.401098050814184148e+01
1.214204348729226801e+01 1.949107027393125469e+00 5.409781806668353710e+01
1.213809836808449028e+01 1.993212084969760323e+00 4.595990868206963853e+01
1.212833830685524461e+01 2.034634240902557067e+00 3.930403584056454491e+01
1.211407372882202615e+01 2.073120136220580889e+00 3.383211343901221824e+01
1.209362284815344601e+01 2.108574146792348891e+00 2.932961989921516732e+01
1.206870962125898039e+01 2.140830918967200347e+00 2.558502889240347500e+01
1.203842050574698774e+01 2.169778474604299845e+00 2.246305748071817732e+01
1.200291804670103879e+01 2.195306769717013218e+00 1.986690571538246175e+01
1.196217357670376558e+01 2.217372288728635343e+00 1.769822813068134693e+01
1.191569081134353780e+01 2.235874071911738259e+00 1.582053254979167001e+01
1.186492051084842458e+01 2.250813811928609631e+00 1.435438612422975346e+01
1.180967265500468244e+01 2.262136644369599381e+00 1.308866944408391575e+01
1.175066951701773554e+01 2.269843262251789895e+00 1.203024389476999545e+01
1.168739390839696846e+01 2.273923945781081368e+00 1.114988137764399667e+01
1.162228934181850093e+01 2.274364095259254093e+00 1.043387068138944151e+01
1.155535819085133120e+01 2.271166229749151277e+00 9.886498291894785240e+00
1.148907724001868580e+01 2.264366678904651931e+00 9.489153839545176439e+00
1.142826597408122247e+01 2.254014509698698099e+00 9.268133753175890277e+00
1.136265979173538199e+01 2.240191219432398295e+00 9.123095678558568622e+00
1.128985861975847449e+01 2.223898714302481761e+00 8.997426245421429769e+00
1.121036256549072085e+01 2.205792649106100178e+00 8.879043614670020901e+00
1.112601674425337350e+01 2.186361179070555494e+00 8.754924123095021216e+00
1.103726998060146869e+01 2.166048409628952509e+00 8.624860395967449023e+00
1.094553783393619284e+01 2.145178228268084020e+00 8.491038708728524398e+00
1.085094280931410538e+01 2.124074768077309994e+00 8.358083899625459168e+00
1.075802604846672672e+01 2.102977089911052921e+00 8.204951980815735624e+00
1.066866708321122736e+01 2.082288164587782209e+00 8.120558560503230439e+00
1.059292437634345596e+01 2.063665438866305379e+00 8.067105537768275880e+00
