2.191799393479931801e-01 1.550982551689759603e+01 3.683552447462830693e+06
2.283425210507352698e-01 1.516088483676194976e+01 3.028288447705989704e+06
2.379314279039606017e-01 1.484875269067191716e+01 2.471142686617663130e+06
2.479861114488496610e-01 1.457428364729631554e+01 2.034726567569069332e+06
2.585010389335709591e-01 1.430314237764264362e+01 1.663006063500632765e+06
2.694948955573749916e-01 1.407231875444753477e+01 1.364763511427334743e+06
2.809813557607805379e-01 1.385616925313317616e+01 1.119256648217492970e+06
2.929813284522244654e-01 1.365777424980216281e+01 9.196539554564267164e+05
3.054664236259844734e-01 1.348001195017188358e+01 7.561989202191482764e+05
3.184945312905055892e-01 1.331795899222343138e+01 6.215398411767045036e+05
3.320486992810091631e-01 1.317508310162441099e+01 5.097798226572500425e+05
3.461487208152035921e-01 1.303369699632807688e+01 4.200861580423662090e+05
3.608248964651369906e-01 1.291333605634969572e+01 3.448915338759564911e+05
3.760232531616280460e-01 1.279860694682653666e+01 2.837256235453155241e+05
3.918151426616199307e-01 1.269354326949675382e+01 2.321051593929631927e+05
4.081815121734856944e-01 1.260128178047505187e+01 1.928179978362511902e+05
4.251396798579334946e-01 1.251449962509826008e+01 1.586039915464164806e+05
4.426466083592134892e-01 1.243488268805831076e+01 1.311641282366841333e+05
4.607851926871185944e-01 1.236393992254511964e+01 1.080486579421606293e+05
4.794761294419014330e-01 1.229648670160518087e+01 8.950126592179553700e+04
4.987453902432616437e-01 1.223559307927694739e+01 7.399176234665866650e+04
5.186168624643258118e-01 1.218616196508594740e+01 6.054043251118711487e+04
5.390530044820411870e-01 1.213147880810697465e+01 5.077648807900605607e+04
5.600805465767720870e-01 1.208433878213690171e+01 4.202287220609705400e+04
5.816350927573160634e-01 1.204196064527239152e+01 3.487088586941968970e+04
6.038363858119994987e-01 1.200362249932663694e+01 2.896755220446778912e+04
6.269352600307713796e-01 1.196610153405088361e+01 2.404739727475126710e+04
6.511667554202630326e-01 1.193226688894305099e+01 1.991655608929336086e+04
6.766860458405923318e-01 1.190246268494652959e+01 1.642539711134726167e+04
7.036032440723355430e-01 1.187562041456909157e+01 1.350211308231826297e+04
7.319965506364992658e-01 1.185127295135265690e+01 1.109216002596089675e+04
7.619267048271889387e-01 1.183409891396889080e+01 9.051052115516582489e+03
7.934327739260836898e-01 1.181783314408774466e+01 7.330630906189738198e+03
8.265331212579837272e-01 1.180743687579204604e+01 6.019260458073147674e+03
8.612503773360028481e-01 1.180165916258033221e+01 4.897251090813373594e+03
8.975670721670043761e-01 1.179899332781117494e+01 3.981350753032950252e+03
9.354816648321940820e-01 1.180025016940592586e+01 3.229415795601011268e+03
9.749611448873763964e-01 1.180606594175279156e+01 2.620509421471525457e+03
1.015978957354813694e+00 1.181488274643355574e+01 2.128560524224108121e+03
1.058469309238665668e+00 1.182545332278342620e+01 1.727013811530048088e+03
1.102359562833086892e+00 1.184016177528391900e+01 1.403674488954269236e+03
1.147501907662020093e+00 1.185772097565532235e+01 1.141192633566169889e+03
1.193747497414289427e+00 1.187511472911566734e+01 9.301551481603834191e+02
1.240941948647373172e+00 1.189462593046924610e+01 7.591070810652939826e+02
1.288881013820652566e+00 1.191602327280634555e+01 6.210084188462201382e+02
1.337448047046078115e+00 1.193897527511738232e+01 5.093249533302165446e+02
1.386416770054645031e+00 1.196358332947428416e+01 4.191806756551110880e+02
1.435635110329234632e+00 1.198480676186578187e+01 3.459741554556846381e+02
1.484901011690444195e+00 1.200100181076807537e+01 2.865116259448022333e+02
1.534064112829937709e+00 1.202083353686946943e+01 2.381060043530448525e+02
1.582928735171628132e+00 1.204045823345100175e+01 1.984154610021895735e+02
1.631321575317028261e+00 1.205518480493095801e+01 1.660534684201680022e+02
1.679019036037614043e+00 1.206879715390912011e+01 1.394495593455518474e+02
1.725863149763226190e+00 1.208084045591019873e+01 1.171605244771032801e+02
1.771692176560780041e+00 1.208917894836094398e+01 9.962923207269882653e+01
1.816307500756901172e+00 1.209605915988719360e+01 8.464853837732724173e+01
1.859596699130701580e+00 1.209733408370847307e+01 7.225280619527811155e+01
1.901396853041578128e+00 1.209639381941124192e+01 6.198689972613703247e+01
1.941612161785813306e+00 1.209226071478214770e+01 5.334424256171341483e+01
1.980121864363121542e+00 1.208495545317659392e+01 4.608076637416930765e+01
2.016839006365632514e+00 1.207335936568354384e+01 3.980300307722122000e+01
2.051675579511915704e+00 1.205859784263065393e+01 3.485948430087708516e+01
2.084557545499597264e+00 1.203977629450553266e+01 3.049608389520221152e+01
2.115456739837079603e+00 1.201806921215144541e+01 2.680363107068428619e+01
2.144327972261923509e+00 1.199249209143160222e+01 2.364329885948239607e+01
2.171137531227845141e+00 1.196310545212184628e+01 2.094858365161762492e+01
2.195878088426967079e+00 1.193053286815223935e+01 1.862993439909635995e+01
2.218551464857720035e+00 1.189428674895185623e+01 1.662959183220273118e+01
2.239169329613526660e+00 1.185527339893821974e+01 1.490970590552133679e+01
2.257745698078034824e+00 1.181290158348556396e+01 1.341526794984311266e+01
2.274314594554860403e+00 1.176831216559845217e+01 1.210911232638334667e+01
2.288913397929477789e+00 1.172013253571008740e+01 1.097850178330511284e+01
2.301583177910227818e+00 1.166956547665940747e+01 9.994809407537486479e+00
2.312375558217280247e+00 1.161553818015606154e+01 9.095876140763484941e+00
2.321345560060796842e+00 1.156051956472883369e+01 8.360556467776643075e+00
2.328553523932300529e+00 1.150236862360215184e+01 7.679107948967600628e+00
2.334065946013633930e+00 1.144248951007753057e+01 7.074542750560498305e+00
2.337944519070557448e+00 1.138081864061534887e+01 6.551301905626547573e+00
2.340262158245892010e+00 1.131728389042339167e+01 6.101978448447546555e+00
2.341091661149432568e+00 1.125199038240126903e+01 5.686050414670682507e+00
2.340490165142387724e+00 1.118542764840757364e+01 5.301558873113930481e+00
2.338556927734237068e+00 1.111760174821622904e+01 4.981643249370227622e+00
2.335344132605074119e+00 1.104882922568003423e+01 4.686009858412486295e+00
2.330928263838289549e+00 1.097947059322908991e+01 4.407911090750238792e+00
2.325373571484522284e+00 1.090799334525970465e+01 4.171967623267865299e+00
2.318773905916013955e+00 1.083701635459073742e+01 3.956361282348511921e+00
2.311171459047670407e+00 1.076489887077888064e+01 3.772942993845579185e+00
2.302660554493999090e+00 1.069328016861339847e+01 3.598481482628637984e+00
2.293280261017229815e+00 1.062050750332583782e+01 3.434449800656136365e+00
2.283106665031908733e+00 1.054811626019150772e+01 3.300681834311200546e+00
2.272211156516112052e+00 1.047552726899056630e+01 3.166022474627692596e+00
2.260642743016965550e+00 1.040324278581552697e+01 3.056986248325311184e+00
2.248457752126324483e+00 1.033138864482814867e+01 2.953759705361084453e+00
2.235729191939988869e+00 1.025962213985846994e+01 2.854004365837450319e+00
2.222507144938179469e+00 1.018800281489800774e+01 2.777923465396005653e+00
2.208864911245330021e+00 1.011769896413124847e+01 2.694597304690190320e+00
2.194880479621823532e+00 1.004913475047481697e+01 2.637637599297343982e+00
2.180642063561209820e+00 9.982918482828859297e+00 2.585649679213083196e+00
2.166249437000511424e+00 9.919679979111577950e+00 2.543628079956472998e+00
2.152210245534312172e+00 9.862401973297671987e+00 2.518144814116571872e+00
