1.550982551689759603e+01 2.191799393479931801e-01 3.683552447462830693e+06
1.522717901647664362e+01 2.270159596177502015e-01 3.122915128542442806e+06
1.493533743670660741e+01 2.351730814431284289e-01 2.621698329902469181e+06
1.467579058561656069e+01 2.436727043914789503e-01 2.207069530028674286e+06
1.444951082571987655e+01 2.524978765089114230e-01 1.862291801960207289e+06
1.423456735891511471e+01 2.616751675807119648e-01 1.570383338374808198e+06
1.403583134582278191e+01 2.712093575738314666e-01 1.325925588224803796e+06
1.385194479891662844e+01 2.811069692404307707e-01 1.118547442591399886e+06
1.368617121056031216e+01 2.913794669853508879e-01 9.458618766519209603e+05
1.352753872286314163e+01 3.020167019345213477e-01 7.967951755703602685e+05
1.338362815362960134e+01 3.130401430071474422e-01 6.737185261496456806e+05
1.325062466408738970e+01 3.244662321694420370e-01 5.682538966711868998e+05
1.312751087274508066e+01 3.362767368121551970e-01 4.805770027981560561e+05
1.301249285629842412e+01 3.484996614726408315e-01 4.036253543569015455e+05
1.290572014120769850e+01 3.611251315618672630e-01 3.436016617780710803e+05
1.280975377576619323e+01 3.741692344460824105e-01 2.903621946528604603e+05
1.272145360537922620e+01 3.876349624543444783e-01 2.457414648227768485e+05
1.263215367776581743e+01 4.015321177144489107e-01 2.081563569534392736e+05
1.256060198894852675e+01 4.158304222917709736e-01 1.763044356288824929e+05
1.248637628769315455e+01 4.305760396871523565e-01 1.495648134539876191e+05
1.242224142666155373e+01 4.457571171194413817e-01 1.265495152608972858e+05
1.235989398367309455e+01 4.613763501086282082e-01 1.074562486081593233e+05
1.229803725166936701e+01 4.774052372789492349e-01 9.126107811871165177e+04
1.225080452010682386e+01 4.938640159452675205e-01 7.763023791563328996e+04
1.220403884694130170e+01 5.107547002673933356e-01 6.590771384021698032e+04
1.215456713505199993e+01 5.280804206232911913e-01 5.604743490326815663e+04
1.211607462303578053e+01 5.458344825889029917e-01 4.771265042659555911e+04
1.207768097220544767e+01 5.640169944405990510e-01 4.062550564698573726e+04
1.204267325133987043e+01 5.825713065673776558e-01 3.466239238553628093e+04
1.200576605991643397e+01 6.016088400526952151e-01 2.952166846227695714e+04
1.197452028387894885e+01 6.212978855226668484e-01 2.491299729872128955e+04
1.194109921232106863e+01 6.418017989058903972e-01 2.120260856689013599e+04
1.191661599964105278e+01 6.631753717268068504e-01 1.815347060197156316e+04
1.189208023115389778e+01 6.855577915663791932e-01 1.538376808116276152e+04
1.186912243267203770e+01 7.089951596665181599e-01 1.298943202592685338e+04
1.185161431491693129e+01 7.335253027121049207e-01 1.095657732958681117e+04
1.183320490063835528e+01 7.591914389529161866e-01 9.227031986595580747e+03
1.182139317796868561e+01 7.860091095395603800e-01 7.746351958799631575e+03
1.181166685357978707e+01 8.140086302028892717e-01 6.501902169523181328e+03
1.180450380865279136e+01 8.431815330969236744e-01 5.443712743459931517e+03
1.180019318678960971e+01 8.735471727751530358e-01 4.556951571217924538e+03
1.179768752312074120e+01 9.050952804587317768e-01 3.813278085270704196e+03
1.180011114592044130e+01 9.377992788158615589e-01 3.190828900155551764e+03
1.180239473337639211e+01 9.716688507427441168e-01 2.667820684577419797e+03
1.180901941294123070e+01 1.006665644359992173e+00 2.230247693712889941e+03
1.181961188806593377e+01 1.042758145656707214e+00 1.864100157353715758e+03
1.183165341391385539e+01 1.079926325996305669e+00 1.558776486997985103e+03
1.184487177001840763e+01 1.118098632918713475e+00 1.304116984061535504e+03
1.186055311681639424e+01 1.157252871577867825e+00 1.091868449050470645e+03
1.187621234720961994e+01 1.197326872632375805e+00 9.155536091161155809e+02
1.189356890346879858e+01 1.238269869852198557e+00 7.676000870551246180e+02
1.191333351299122967e+01 1.279998672654052649e+00 6.450591724262044409e+02
1.193453398453773850e+01 1.322458240235551363e+00 5.419170801251716512e+02
1.195350106520637823e+01 1.365583571246000272e+00 4.545699301758345996e+02
1.197458672074181329e+01 1.409284600941314025e+00 3.846064736288964241e+02
1.199652082823625321e+01 1.453487223969172515e+00 3.248133424425427052e+02
1.201975312306746879e+01 1.498102049442462613e+00 2.748370800644885890e+02
1.203851882429902176e+01 1.543055023689108296e+00 2.319445947322832637e+02
1.205947231856762158e+01 1.588236143497798958e+00 1.977249465291610875e+02
1.208310332087241434e+01 1.633576617422731081e+00 1.674413265135002007e+02
1.210125564370771123e+01 1.678971609342097882e+00 1.432413919557784538e+02
1.211968712850532803e+01 1.724335305418692288e+00 1.221945292020558611e+02
1.213779514962407369e+01 1.769575762657855655e+00 1.046154821210053854e+02
1.215570522399375797e+01 1.814590868687119274e+00 8.963098961716029578e+01
1.217136567768725719e+01 1.859297145818830987e+00 7.700347754860334248e+01
1.218586632405743941e+01 1.903543281447036328e+00 6.627779706579894992e+01
1.219918445895765835e+01 1.947193785381309938e+00 5.719954462444503207e+01
1.221065735693723298e+01 1.990087289240140889e+00 4.930172889285922366e+01
1.222050217414464690e+01 2.032089110440284507e+00 4.296693584149879541e+01
1.222836459132074438e+01 2.073075830797727281e+00 3.740558303226055870e+01
1.223425739553151637e+01 2.112906501716616425e+00 3.265072404472788747e+01
1.223725726025275939e+01 2.151482394216160721e+00 2.860218767547107532e+01
1.223755803756512428e+01 2.188684345128546926e+00 2.513509366737774897e+01
1.223615701553647916e+01 2.224402701368656921e+00 2.215900068274500967e+01
1.223166460552902635e+01 2.258568348167537376e+00 1.961570440164938134e+01
1.222465380674357682e+01 2.291058021306242587e+00 1.740271020431807614e+01
1.221564165305354521e+01 2.321840672308565168e+00 1.550109586937743877e+01
1.220334958056304409e+01 2.350843267817973814e+00 1.385828792593724046e+01
1.218788223117947567e+01 2.377986240790685546e+00 1.243443014692015325e+01
1.217010352479143798e+01 2.403225028631962967e+00 1.120067606581919151e+01
1.214887846825470241e+01 2.426556244007322949e+00 1.012179013460552213e+01
1.212540684037269578e+01 2.447910190949745157e+00 9.181546378473701253e+00
1.209922689084182856e+01 2.467302061494495380e+00 8.360787728126576113e+00
1.207029171786880362e+01 2.484685906437050562e+00 7.644482572686311705e+00
1.203826817985656383e+01 2.500064082187717585e+00 7.014864801877372713e+00
1.200451291257266284e+01 2.513446810657281372e+00 6.464864635826213402e+00
1.196785007196564976e+01 2.524822597177337258e+00 5.978705790869802250e+00
1.192803266481178248e+01 2.534190205622174119e+00 5.540313903872688073e+00
1.188609653688458323e+01 2.541585665956679563e+00 5.173993236603838142e+00
1.184276974518867043e+01 2.547018015216451214e+00 4.855581079116308096e+00
1.179677667012426134e+01 2.550502756700208096e+00 4.555591894464428471e+00
1.174926763828740484e+01 2.552061756959726591e+00 4.317376528577402617e+00
1.169959050122548661e+01 2.551729567325606851e+00 4.099410953980680006e+00
1.164869256152191390e+01 2.549529957426611926e+00 3.900804721563668309e+00
1.159721482378693125e+01 2.545472372781413029e+00 3.745423648554055518e+00
1.154430010869785228e+01 2.539632698190645854e+00 3.623665150778616173e+00
1.149264588203873849e+01 2.532060318331352367e+00 3.511738719752705684e+00
1.144457570622747511e+01 2.523067383991256740e+00 3.441308710750372146e+00
1.142527486390413394e+01 2.516117659619206304e+00 3.469764465583832891e+00
1.140463765969669829e+01 2.506293297515767460e+00 3.516113468213971860e+00
