1.550982551689759603e+01 2.191799393479931801e-01 3.683552447462830693e+06
1.515465431653857209e+01 2.284998259025091405e-01 3.007923855119268410e+06
1.484381611163565928e+01 2.382536451061550986e-01 2.457237382256155368e+06
1.456003454044718382e+01 2.484934692346234819e-01 2.017179245431370800e+06
1.428961758418685157e+01 2.592069793462657978e-01 1.643164926485897275e+06
1.405220453477130249e+01 2.704204653152996185e-01 1.344288922610520618e+06
1.384336608428132109e+01 2.821416865526826800e-01 1.100938844272059156e+06
1.364242428762857706e+01 2.943800316403579198e-01 8.992331553503727773e+05
1.346530742235224665e+01 3.071456922361393005e-01 7.353793346038847230e+05
1.329216693198527288e+01 3.204834166195794642e-01 6.025625175638057990e+05
1.314591087097940125e+01 3.343350186430414372e-01 4.943661814963719808e+05
1.301109308512337748e+01 3.487583715208263380e-01 4.049021750862017507e+05
1.289044725454183826e+01 3.637811720540772287e-01 3.293481502750496147e+05
1.277325143802801399e+01 3.793606777795939244e-01 2.718470099212354398e+05
1.267404597149552714e+01 3.955359140202294732e-01 2.240173288611923053e+05
1.257808487734184943e+01 4.122986922393482856e-01 1.836367675871467800e+05
1.249354792950496851e+01 4.296766234478626711e-01 1.511557741045012081e+05
1.241229214922547008e+01 4.476644285451586991e-01 1.242507335992679582e+05
1.234222960325405438e+01 4.662529962842556497e-01 1.022926001472977805e+05
1.227860347979102684e+01 4.854245732642547551e-01 8.426964149861778424e+04
1.221968983166604339e+01 5.052114919651560232e-01 6.946174639222264523e+04
1.216414802291807895e+01 5.256019132560867391e-01 5.732560148070530704e+04
1.211368996637703965e+01 5.465929031432816831e-01 4.734923813783503283e+04
1.206922825870092986e+01 5.681845889405837680e-01 3.914619890468425001e+04
1.202570200372118414e+01 5.903044326140545195e-01 3.241903345196629016e+04
1.198693594872206880e+01 6.132052621607687604e-01 2.688290589873503995e+04
1.195120863371574238e+01 6.371466598825265004e-01 2.220019416118579829e+04
1.191648005845716796e+01 6.623272523275703927e-01 1.827755364804166311e+04
1.188875287224641930e+01 6.888915819380898586e-01 1.502862299333873671e+04
1.186431862302207740e+01 7.169520028978719761e-01 1.229059432387859488e+04
1.183864871952565601e+01 7.465541255062964066e-01 1.005805106144990168e+04
1.182394580811500973e+01 7.777671925333019542e-01 8.173852445024578628e+03
1.181260498755721144e+01 8.106304971190243513e-01 6.643692808869684995e+03
1.180511064939418908e+01 8.451354216283862852e-01 5.390286726611155245e+03
1.180035671040114842e+01 8.813124176145303856e-01 4.360519250841353823e+03
1.179853148989243827e+01 9.191457851209051677e-01 3.530020954429510311e+03
1.180288762579328932e+01 9.586028387342566681e-01 2.856258153963351106e+03
1.181069830033729851e+01 9.996672600737365189e-01 2.310507821157536455e+03
1.182099873486631836e+01 1.042278019890772178e+00 1.867028699673613801e+03
1.183831655422807039e+01 1.086383303454697025e+00 1.511579960167734043e+03
1.184993754221684625e+01 1.131901313637899031e+00 1.224714093160634775e+03
1.186923768529331369e+01 1.178776570151309544e+00 9.930536662631521949e+02
1.189079385966950575e+01 1.226883369761055276e+00 8.003629370250521333e+02
1.191149854750402248e+01 1.276142649993593725e+00 6.553600448920793724e+02
1.193488584219161375e+01 1.326383730546478290e+00 5.338420326530348348e+02
1.196023334682521266e+01 1.377405232262505663e+00 4.357721065248495051e+02
1.198791245696978791e+01 1.428988909880316349e+00 3.565875676425843608e+02
1.201142874536829197e+01 1.480909345466526084e+00 2.929617316935422195e+02
1.203250185347627266e+01 1.532972499861027682e+00 2.412984932726555769e+02
1.205541446459959154e+01 1.584896603445404173e+00 1.996429148289726072e+02
1.207961774939246169e+01 1.636524601348600783e+00 1.656197876964037050e+02
1.209598666969164427e+01 1.687606885186436312e+00 1.380068772531592458e+02
1.211324751128227462e+01 1.737933026254445013e+00 1.153348691115507734e+02
1.212706558945284385e+01 1.787354363229230358e+00 9.691776320789577426e+01
1.213888000318073779e+01 1.835574056911289498e+00 8.179067272596756766e+01
1.214769208117841970e+01 1.882548118609297605e+00 6.927851683432683672e+01
1.215246912076042918e+01 1.927979520445608275e+00 5.893582942338356645e+01
1.215512561454235652e+01 1.971804510897205764e+00 5.036826652285784434e+01
1.215253277919481967e+01 2.013873505680436882e+00 4.322044478817212365e+01
1.214674124440257863e+01 2.054053275859260452e+00 3.725396794153046187e+01
1.213729570545425140e+01 2.092265878985746674e+00 3.227174413609931491e+01
1.212413204398211164e+01 2.128384434280308657e+00 2.808924364796100193e+01
1.210719103018881526e+01 2.162387969370088925e+00 2.452793404892115348e+01
1.208618806191966577e+01 2.194180378965858047e+00 2.153125407073295250e+01
1.206155706720360854e+01 2.223764330042697690e+00 1.898310344555647333e+01
1.203341400932860594e+01 2.251091956586864562e+00 1.678962681391151435e+01
1.200137111930357570e+01 2.276162902140995037e+00 1.492051648215180570e+01
1.196619463074958212e+01 2.298978326364403912e+00 1.332355235825698436e+01
1.192697225454516818e+01 2.319559936035748393e+00 1.194232192304682982e+01
1.188429904096947531e+01 2.337927205514069851e+00 1.071188011483928193e+01
1.183950531161789854e+01 2.354117425827503052e+00 9.710351004787463935e+00
1.179061602247341511e+01 2.368181523045381986e+00 8.813959555714168559e+00
1.173993960544524917e+01 2.380164551801452699e+00 8.032598627584309980e+00
1.168584462218740683e+01 2.390132363155283546e+00 7.343483477030316564e+00
1.162969353596936273e+01 2.398151462060122974e+00 6.741010735909400253e+00
1.157122447910889029e+01 2.404292140551735901e+00 6.212555575007927544e+00
1.151051005331124166e+01 2.408623987095867225e+00 5.746087675667428840e+00
1.144824233677915259e+01 2.411228522768196658e+00 5.333177458839749363e+00
1.138350954006089566e+01 2.412184100978528090e+00 4.966518759237199099e+00
1.131763864987699364e+01 2.411572718611817212e+00 4.641096985895075022e+00
1.125014293735848625e+01 2.409473178208143107e+00 4.351699944267106268e+00
1.118186619562027495e+01 2.405979256726426652e+00 4.085429463996995025e+00
1.111235662308672723e+01 2.401161187902600247e+00 3.865500931573328636e+00
1.104181614904698705e+01 2.395098365317166245e+00 3.661213152207793975e+00
1.097014415973128543e+01 2.387885784065131300e+00 3.471130864718528830e+00
1.089810741944574346e+01 2.379590320953515192e+00 3.313796591185329099e+00
1.082611226626197265e+01 2.370294251249167594e+00 3.159911874218044314e+00
1.075369096869503416e+01 2.360072396640494397e+00 3.027427653078519132e+00
1.068087317099187494e+01 2.348996672240940775e+00 2.912203033069356461e+00
1.060846627976503065e+01 2.337135723949976374e+00 2.807044248950921972e+00
1.053578976143026757e+01 2.324574231462332108e+00 2.718833185649852435e+00
1.046363066049158697e+01 2.311360558574010682e+00 2.635052014127823306e+00
1.039179439238420599e+01 2.297574366444710137e+00 2.554690489844360535e+00
1.032049652830520081e+01 2.283266615545156419e+00 2.486386630829342970e+00
1.025018478210052031e+01 2.268494211822528417e+00 2.431929342268912553e+00
1.017988592123967884e+01 2.253318200616431621e+00 2.384498666335208572e+00
1.011179760543494055e+01 2.237914460151654072e+00 2.334876563757095180e+00
1.005535142342072774e+01 2.223897508777716414e+00 2.318875543205002110e+00
1.000197395999684247e+01 2.209174967060179018e+00 2.304245656413950183e+00
9.950199504197353662e+00 2.193771556318064864e+00 2.308704486992754212e+00
