2.191799393479931801e-01 1.550982551689759603e+01 3.683552447462830693e+06
2.298166453175062018e-01 1.511326460052766940e+01 2.930171028163514566e+06
2.410563530459429449e-01 1.476061563624713635e+01 2.329927965673478320e+06
2.528813256215802219e-01 1.444065617897381770e+01 1.849858236033738591e+06
2.653508324743122926e-01 1.415678517752832910e+01 1.471595884519891115e+06
2.784729674640335495e-01 1.390395013907988186e+01 1.173206020368452882e+06
2.922732046083273971e-01 1.366813263249247790e+01 9.298327449779072776e+05
3.067352423786275373e-01 1.346557266608020598e+01 7.415358096748797689e+05
3.219132150200729736e-01 1.327819291249552869e+01 5.896171709774646442e+05
3.378113836307704010e-01 1.311293104581034896e+01 4.715820364814043278e+05
3.544507515389089258e-01 1.296030052421723155e+01 3.711616192787488690e+05
3.718231950816935361e-01 1.282679574502708952e+01 2.992430510131304618e+05
3.899647964602215300e-01 1.270432938660683853e+01 2.391941070737610862e+05
4.088802477104411248e-01 1.259688894756537181e+01 1.913681336526583473e+05
4.285628748080367312e-01 1.249592129143437091e+01 1.528242903335922165e+05
4.490452666484652244e-01 1.240809038119710372e+01 1.224185173754456773e+05
4.702966978423328004e-01 1.233033871219371846e+01 9.803701281607932469e+04
4.923255989153377810e-01 1.225858064091272048e+01 7.874210923892669962e+04
5.151318542966504266e-01 1.219132886352732292e+01 6.324926590431691875e+04
5.387259026602886358e-01 1.213268515283803595e+01 5.090778308312543231e+04
5.630985215404069599e-01 1.208027709853501186e+01 4.090756882984473486e+04
5.881848181864027802e-01 1.203074881410307384e+01 3.266862210396778028e+04
6.142764952537498324e-01 1.198562507526124143e+01 2.662256442251223052e+04
6.418569138819812947e-01 1.194451126987108047e+01 2.140568447570270291e+04
6.712098604043690298e-01 1.190785633649108632e+01 1.710619449310005803e+04
7.025821450060175666e-01 1.187794319322816250e+01 1.361738096200658947e+04
7.360830621075513669e-01 1.185235197500284343e+01 1.079711319083961462e+04
7.718142003250834104e-01 1.183286129287087718e+01 8.525186051258928273e+03
8.098332668776118126e-01 1.181946425896659569e+01 6.701332609047577535e+03
8.501755610781468464e-01 1.181311956493892623e+01 5.260320193868303249e+03
8.928466843134369446e-01 1.181145417624688854e+01 4.121765964955473464e+03
9.378391015699317768e-01 1.181377877387038922e+01 3.221838962866485417e+03
9.851081865357633749e-01 1.182367260415215249e+01 2.521405447158681909e+03
1.034605800857536284e+00 1.184089584997571620e+01 1.971248034681898162e+03
1.086222771734674852e+00 1.186044514318837884e+01 1.542984221076653739e+03
1.139893322742010495e+00 1.188361299675444904e+01 1.206604847970802439e+03
1.195479546796589965e+00 1.191099627810801920e+01 9.464742201782605662e+02
1.252819673492504560e+00 1.194261707745123857e+01 7.430842927848640329e+02
1.311775228011470062e+00 1.197358285269283584e+01 5.848931029678263940e+02
1.372155279154344321e+00 1.200783185391600050e+01 4.613460942565146183e+02
1.433775968637049480e+00 1.204262898957862760e+01 3.647713464971967596e+02
1.496427963987665866e+00 1.208026229418580932e+01 2.893887738628163788e+02
1.559872084035062834e+00 1.211889731840731166e+01 2.302643603620392980e+02
1.623690812517534221e+00 1.215095780725287078e+01 1.839486325052465929e+02
1.687223285886808144e+00 1.218635739364139958e+01 1.476405828332097485e+02
1.749680972264695100e+00 1.221723433300713424e+01 1.187439598929920663e+02
1.809947099560898387e+00 1.224526451276796024e+01 9.733857271213678075e+01
1.867306689020299837e+00 1.226723322697463026e+01 8.026242843214807010e+01
1.921555292851226726e+00 1.228184952150731135e+01 6.661227905271336169e+01
1.972538250860706111e+00 1.229056554742767382e+01 5.578166562857739308e+01
2.020159052995091908e+00 1.229436311410134408e+01 4.711326256282244884e+01
2.064374824228317529e+00 1.228832671535963073e+01 4.008434863061277298e+01
2.104969229875296222e+00 1.227683655255479245e+01 3.421011509310876164e+01
2.142113920303306163e+00 1.225880848572739801e+01 2.968484748182931554e+01
2.175763470455875481e+00 1.223387803935184337e+01 2.578729359592993831e+01
2.205831501376237735e+00 1.220281613885282823e+01 2.255409408232688051e+01
2.232552048748135398e+00 1.216620964292440732e+01 1.982320777088182240e+01
2.255776247352732522e+00 1.212305373115441753e+01 1.761586925628969169e+01
2.275739979243674327e+00 1.207500184509009422e+01 1.571216386024055289e+01
2.292481653138675579e+00 1.202144076035657605e+01 1.403663286376852071e+01
2.306130419328610515e+00 1.196365564463190800e+01 1.270787353437188649e+01
2.316813714486027020e+00 1.190117322185724014e+01 1.150083615043814866e+01
2.324561203470500104e+00 1.183453547020206464e+01 1.051788145477623537e+01
2.329624721788186470e+00 1.176453082490909807e+01 9.649988731892340965e+00
2.332114629543910134e+00 1.169139603220141765e+01 8.897709124229383093e+00
2.332151907082984810e+00 1.161500097975054402e+01 8.245125357289223800e+00
2.329903450006661103e+00 1.153642334708678518e+01 7.657621345908331101e+00
2.325518374914414821e+00 1.145453024438982581e+01 7.170116684231557791e+00
2.319135557693842387e+00 1.137176335743000699e+01 6.761758219343081855e+00
2.310926953572236542e+00 1.128696375028502885e+01 6.373192768197177394e+00
2.300967098427798341e+00 1.120071294701935827e+01 6.063086483330159204e+00
2.289484431125175412e+00 1.111438743119454386e+01 5.784989740846555151e+00
2.276572706967288529e+00 1.102752527550557282e+01 5.528488608851972685e+00
2.262390428077067472e+00 1.093960094869462196e+01 5.333160225899454154e+00
2.247062200875480364e+00 1.085239580012137672e+01 5.150465311081975806e+00
2.230721004212444125e+00 1.076570412675475730e+01 4.979981707645980471e+00
2.213507655620866377e+00 1.067966805559406396e+01 4.861563949655240968e+00
2.195442769997497212e+00 1.059369138341211780e+01 4.739414270885781377e+00
2.176792988396270001e+00 1.050947619608835737e+01 4.664018864073346649e+00
2.158776188057088152e+00 1.043374588912470635e+01 4.593900789073749991e+00
