2.191799393479931801e-01 1.550982551689759603e+01 3.683552447462830693e+06
2.274765286126141650e-01 1.518916598732066880e+01 3.075237370337418281e+06
2.361380870673150112e-01 1.490328944896102215e+01 2.566259978613142390e+06
2.451728071701099743e-01 1.464253594688646487e+01 2.148871027940017171e+06
2.545821226648969371e-01 1.440698902227525657e+01 1.789167211864775280e+06
2.643850068920282625e-01 1.417688088293476412e+01 1.498646169991665054e+06
2.745884519195032625e-01 1.397451310306602501e+01 1.250030058017886477e+06
2.852048406163549266e-01 1.378821100180952897e+01 1.043971293548241025e+06
2.962344017346799641e-01 1.361099120434958110e+01 8.738986305781692499e+05
3.076884623114748418e-01 1.345857684209933147e+01 7.297515292107660789e+05
3.195720219069262957e-01 1.330794952194463754e+01 6.114621879989699228e+05
3.319037000478861632e-01 1.317435040329816331e+01 5.111140014794160379e+05
3.446806028275186118e-01 1.304605500352784198e+01 4.275904034335833276e+05
3.579167947365656244e-01 1.293504285327725611e+01 3.583123602973929374e+05
3.716130223660089604e-01 1.282920718478710675e+01 2.999757713477210491e+05
3.857835784085210662e-01 1.273071147085232546e+01 2.514453075583661266e+05
4.004188662069576021e-01 1.264253720760409294e+01 2.111559065377044317e+05
4.155514513373381735e-01 1.256483461580440064e+01 1.767959649964936834e+05
4.311291592305566134e-01 1.248536767093273170e+01 1.484474023994769668e+05
4.472171759261859281e-01 1.241562136955841567e+01 1.247600524653431348e+05
4.637869704027309248e-01 1.235127203460785239e+01 1.049796599633734295e+05
4.808267310747927903e-01 1.229054520167199627e+01 8.827199652692551899e+04
4.983369807919519334e-01 1.223724564128299264e+01 7.428535437126205943e+04
5.163386753621089786e-01 1.218867965927370278e+01 6.256462098084645550e+04
5.348240427536861130e-01 1.214210048348368254e+01 5.263969165589783370e+04
5.537870915317573139e-01 1.210374804925761971e+01 4.442691946498360630e+04
5.731962795986729198e-01 1.206064983667050861e+01 3.747237821793110925e+04
5.930812860770089401e-01 1.202114270092959458e+01 3.165889271229508813e+04
6.136483780323737092e-01 1.198759753700074704e+01 2.673975630533217554e+04
6.351282095685751861e-01 1.195544858577367542e+01 2.256866714954718918e+04
6.576809365899252136e-01 1.192108707713637905e+01 1.897004013850525371e+04
6.814281294867955419e-01 1.189724751847004924e+01 1.587572092783640073e+04
7.064532461814585496e-01 1.187487507470152259e+01 1.325318502555444320e+04
7.328082396277100230e-01 1.185501371997402664e+01 1.104499865555309589e+04
7.605427993484250582e-01 1.183921676828802383e+01 9.174512665591506448e+03
7.896928499405391211e-01 1.182494720703026836e+01 7.608455157715749920e+03
8.202701968599862559e-01 1.181796514952852206e+01 6.283074165087845358e+03
8.522927859135821516e-01 1.181326918421236627e+01 5.203100808399898597e+03
8.857583647392295312e-01 1.181063145744677456e+01 4.291077163377669422e+03
9.206709266721838647e-01 1.181302484983024748e+01 3.536894670113723805e+03
9.570012859166860952e-01 1.182113780758703570e+01 2.917470964422976976e+03
9.947419308097115165e-01 1.182902078778271893e+01 2.403054316952097906e+03
1.033855144238270629e+00 1.184205413228721682e+01 1.981082987822614314e+03
1.074286937252938223e+00 1.185750085318411884e+01 1.633398642211246397e+03
1.116001159808398091e+00 1.187573121914620522e+01 1.340065707600368341e+03
1.158958010542606720e+00 1.189633874080031362e+01 1.111222766125577436e+03
1.203061132043718562e+00 1.191861306018978617e+01 9.137302545872150858e+02
1.248250911970913091e+00 1.194273997653613151e+01 7.591126802665579589e+02
1.294420056616045311e+00 1.196773524000600908e+01 6.286056490714167921e+02
1.341443894794155156e+00 1.199506508137494620e+01 5.217486998237420721e+02
1.389123891494142393e+00 1.202243990103302629e+01 4.331507436253447167e+02
1.437337863727432774e+00 1.204986728484164438e+01 3.585351959221418383e+02
1.485863200632543624e+00 1.207820816445987155e+01 3.016523065654801030e+02
1.534552884695211006e+00 1.210549215568360637e+01 2.525447725991406855e+02
1.583222648462381477e+00 1.213441883438498969e+01 2.123464135746366424e+02
1.631709585968528886e+00 1.215704889335084893e+01 1.782187937718010744e+02
1.679836887605376861e+00 1.218098684816310850e+01 1.511099082726409222e+02
1.727382639492135219e+00 1.220308528991910713e+01 1.283669991402781818e+02
1.774232053739010606e+00 1.222358497615820738e+01 1.092496721556432249e+02
1.820163831674620480e+00 1.224097142215593692e+01 9.326678614646296239e+01
1.865124574095033738e+00 1.225799013191486253e+01 8.009903151472073546e+01
1.908809192440008351e+00 1.227008935786185084e+01 6.892800100233165495e+01
1.951217252818474579e+00 1.227762490037090615e+01 5.957636143200208068e+01
1.992105293695996870e+00 1.228445140586369533e+01 5.165437048335078885e+01
2.031405495667428784e+00 1.228700704895992324e+01 4.501349940160697116e+01
2.069003668463319290e+00 1.228647412941678141e+01 3.936647687638070181e+01
2.104763783476137906e+00 1.228272641474293891e+01 3.443330379196130053e+01
2.138597782384602297e+00 1.227527930504789566e+01 3.052253795798504754e+01
2.170458643905449403e+00 1.226432960671173333e+01 2.701452901834015563e+01
2.200258506558952831e+00 1.224939399048230548e+01 2.403216035039850240e+01
2.227942678260547815e+00 1.223105733210979196e+01 2.146802677889275301e+01
2.253475626070240878e+00 1.220925126717209430e+01 1.924803777306773611e+01
2.276794140032990743e+00 1.218358763956909385e+01 1.733319835781271934e+01
2.297897640865758984e+00 1.215557105103300550e+01 1.567758390192346418e+01
2.316788670066113109e+00 1.212264554389332361e+01 1.424956380569657810e+01
2.333482072244341676e+00 1.208787117582643589e+01 1.299583446288736077e+01
2.348011736583630604e+00 1.204811279866023099e+01 1.190502622066278349e+01
2.360405487772136102e+00 1.200630710554978897e+01 1.094957306552056053e+01
2.370693955107003870e+00 1.196138696717206606e+01 1.010741032406944839e+01
2.378939010217142602e+00 1.191433460296640234e+01 9.375706148702807496e+00
2.385196091560787934e+00 1.186439388150120600e+01 8.730572499456654256e+00
2.389517034722343336e+00 1.181166599421795027e+01 8.160628318007905335e+00
2.391974548321885052e+00 1.175747949818266314e+01 7.662891718578753952e+00
2.392629281617362658e+00 1.170073751565257147e+01 7.223566421978724783e+00
2.391551440188564470e+00 1.164221530325449372e+01 6.815754522465852894e+00
2.388823408020905870e+00 1.158280308788465618e+01 6.495949811972764110e+00
2.384517307823251109e+00 1.152136976586927197e+01 6.196825942006364940e+00
2.378727205040660930e+00 1.145906259828857010e+01 5.917820106882229148e+00
2.371530620779814136e+00 1.139636827472466329e+01 5.708850398921364366e+00
2.363014688150209430e+00 1.133239167264954261e+01 5.512330986131868116e+00
2.353276397007240561e+00 1.126922702894339068e+01 5.329802178597256912e+00
2.342419964287393519e+00 1.120544890848148079e+01 5.206751507618882613e+00
2.330556526694831820e+00 1.114244198486017012e+01 5.090905036379496984e+00
2.317818570038201909e+00 1.108077428838583955e+01 4.999763398616156707e+00
2.304333275352631549e+00 1.102072184705775371e+01 4.917122191671724707e+00
2.290291262251509252e+00 1.096231824094457430e+01 4.884484755558642810e+00
2.275934068994219128e+00 1.090809265591541077e+01 4.851220804458850289e+00
2.261644526869526217e+00 1.085823193529113517e+01 4.868601980680024255e+00
2.247216574091128294e+00 1.081180983166436071e+01 4.893083516544314726e+00
2.231372374906924083e+00 1.076327246104390234e+01 4.919431282585666310e+00
