2.191799393479931801e-01 1.550982551689759603e+01 3.683552447462830693e+06
2.273760009855829711e-01 1.522271722244387426e+01 3.113809865510352422e+06
2.359270684235673377e-01 1.491405284590703317e+01 2.585095380399750546e+06
2.448456710181239060e-01 1.465086015493060145e+01 2.154227403497394174e+06
2.541271327281370840e-01 1.441004343490342343e+01 1.811193547627038788e+06
2.637927892768074933e-01 1.418820821214935535e+01 1.514518096401559887e+06
2.738490144186870312e-01 1.399050119277016258e+01 1.268806278139649658e+06
2.843073148244976145e-01 1.380157026080272153e+01 1.062758150164717110e+06
2.951628766771030032e-01 1.362875162257184591e+01 8.872116430392786860e+05
3.064403771335957871e-01 1.346725320844399043e+01 7.438989160653009312e+05
3.181479948229527510e-01 1.332192219563906832e+01 6.243956490380801260e+05
3.302729123775488551e-01 1.319112417786443459e+01 5.232240210464671254e+05
3.428457987148585406e-01 1.306406469345205501e+01 4.386877854102719575e+05
3.558698269779441148e-01 1.294915895860691890e+01 3.685054615859981277e+05
3.693085024665611615e-01 1.284714788282467879e+01 3.093187234837217256e+05
3.832405836951094380e-01 1.274742975613744100e+01 2.567703847078776744e+05
3.976280162177929789e-01 1.266213430308153320e+01 2.177541201296069194e+05
4.124461104798265998e-01 1.257591205720673067e+01 1.834314800238012394e+05
4.277643303448913636e-01 1.250277498754194561e+01 1.541468830454029958e+05
4.435480473106765964e-01 1.242961954532821878e+01 1.298582611383749027e+05
4.598211064520431601e-01 1.236560828623266950e+01 1.093214343414191826e+05
4.765360277944728495e-01 1.230691761806030549e+01 9.228522928794182371e+04
4.937236488883754992e-01 1.225230326324795804e+01 7.765675066179262649e+04
5.113816658634019463e-01 1.220220776697791365e+01 6.542335455392017320e+04
5.295151836206019036e-01 1.215373933981194199e+01 5.534597341065022920e+04
5.481160254811877630e-01 1.211111153927245887e+01 4.673575687876110169e+04
5.671936064762251872e-01 1.206934614313991716e+01 3.910443171525532671e+04
5.866579414035533180e-01 1.203305569935681163e+01 3.350055084763318155e+04
6.067599324454358012e-01 1.199774067981836367e+01 2.826668419907252246e+04
6.276682720818359540e-01 1.196562324875065109e+01 2.393625629866781310e+04
6.496249754395101439e-01 1.193611399713995525e+01 2.016231667210134037e+04
6.727484357047768260e-01 1.190776888626526109e+01 1.681918196056634770e+04
6.971133073024781135e-01 1.188308138654352675e+01 1.415347123790815385e+04
7.227938368918934708e-01 1.186241852302744881e+01 1.184468404202092461e+04
7.498399795905730247e-01 1.184506566776768466e+01 9.874626841696319389e+03
7.782773786547095840e-01 1.183240705350850241e+01 8.177052022388807927e+03
8.081525732857125499e-01 1.182350783922093562e+01 6.786455705986122666e+03
8.394599473055350813e-01 1.181795776281887100e+01 5.623126094820285289e+03
8.722073938217109745e-01 1.181552680299348168e+01 4.645394308589777211e+03
9.064100098172468423e-01 1.181750690798467573e+01 3.840837915978438559e+03
9.420394828078106908e-01 1.182249344545921765e+01 3.168352030228339117e+03
9.790883902696638774e-01 1.183110804174248010e+01 2.613817778008383812e+03
1.017515924812596895e+00 1.184264189674381740e+01 2.154618001509425540e+03
1.057305459211236309e+00 1.186510950201546066e+01 1.777923754716530084e+03
1.098388405056922146e+00 1.188052619851896807e+01 1.467640910873617486e+03
1.140741467595730363e+00 1.189592209229042652e+01 1.213184630292108750e+03
1.184290466157315480e+00 1.191899390184529572e+01 1.002222468083118656e+03
1.228973769173523634e+00 1.194643542407021819e+01 8.252280786442444196e+02
1.274702080615436994e+00 1.196899298152752777e+01 6.872521553868480169e+02
1.321412644993789520e+00 1.199617878007288851e+01 5.706852542607938403e+02
1.369015436368673733e+00 1.202638187844009288e+01 4.730445097155816256e+02
1.417417004114010615e+00 1.205743967677104322e+01 3.938427069193749617e+02
1.466532954348372497e+00 1.208509152855469537e+01 3.283132230010865555e+02
1.516232177520707491e+00 1.211591325250441642e+01 2.735259020185804388e+02
1.566421895428605771e+00 1.214612629029337931e+01 2.293304012074024172e+02
1.616974544449250040e+00 1.217962516309235532e+01 1.921593031607521880e+02
1.667706354592371154e+00 1.220655824741641027e+01 1.615218526466346702e+02
1.718426560996678010e+00 1.223628158938851662e+01 1.361420139821499902e+02
1.768975354257528831e+00 1.226417305466381436e+01 1.149258674295933957e+02
1.819138241923536237e+00 1.229021055151217823e+01 9.748866610191649329e+01
1.868765384239808425e+00 1.231641691314228915e+01 8.286482440488109091e+01
1.917633168523189102e+00 1.233889311358800889e+01 7.065576244454867094e+01
1.965613981742760030e+00 1.236133834535029408e+01 6.044028816245113234e+01
2.012523506627735603e+00 1.237842951044431672e+01 5.190005923520548237e+01
2.058208448176303662e+00 1.239437229995477097e+01 4.473233518017422483e+01
2.102487020038197318e+00 1.240739841241438590e+01 3.871589247466972239e+01
2.145281587261222089e+00 1.241767891186104578e+01 3.361314621734188535e+01
2.186388098874504582e+00 1.242476736099444423e+01 2.929688404707717453e+01
2.225699448318453566e+00 1.242774380298592440e+01 2.565901628357545761e+01
2.263146087500953474e+00 1.242866365402522000e+01 2.252807910070710307e+01
2.298557675714153259e+00 1.242520354696142526e+01 1.989601436654866973e+01
2.331911557162327231e+00 1.241861503380724407e+01 1.762416212609159416e+01
2.363094788415565084e+00 1.240832363846372211e+01 1.568840484757190801e+01
2.392025027345601629e+00 1.239458178297101121e+01 1.395802572304250155e+01
2.418660991891396161e+00 1.237718070581200536e+01 1.253523727981919578e+01
2.442946308127887711e+00 1.235541111608383602e+01 1.133898512453838059e+01
2.464838360964141994e+00 1.233162055808539215e+01 1.027140361478825348e+01
2.484307092322818100e+00 1.230332332177357024e+01 9.348999665620077337e+00
2.501309994259818037e+00 1.227139355350626104e+01 8.543812224456239335e+00
2.515829753836811289e+00 1.223650447504455840e+01 7.850005316655233933e+00
2.527852242260515858e+00 1.219825641368732683e+01 7.248218509572216028e+00
2.537368931875380706e+00 1.215694609874213405e+01 6.721477432556393516e+00
2.544340107644393445e+00 1.211271355840228381e+01 6.273352412385167831e+00
2.548771089576423954e+00 1.206571847586896062e+01 5.870571970760492420e+00
2.550614472403684552e+00 1.201622505235965654e+01 5.544580252618533045e+00
2.549835541679937201e+00 1.196483568567344413e+01 5.288015013534594466e+00
2.546399424755872332e+00 1.191273334111634696e+01 5.072926336329321551e+00
2.540330930645589458e+00 1.186355693409819168e+01 4.921772442205423204e+00
2.531564590677549020e+00 1.182991872271605693e+01 4.889357927199936782e+00
2.519429358112133421e+00 1.179262212527971521e+01 4.918105213209884141e+00
2.504999578825022777e+00 1.175176050233304359e+01 4.972575629156180455e+00
2.488797510915776279e+00 1.170709787141511171e+01 5.026390636086981445e+00
2.471145784660810918e+00 1.165939586887377821e+01 5.094638404554684641e+00
2.452288170779542753e+00 1.160838326395772135e+01 5.170252530207954500e+00
2.432379790891651794e+00 1.155401742950581756e+01 5.256415519946346926e+00
2.411564754468195293e+00 1.149777430934050138e+01 5.342550001635551382e+00
2.389978079426856805e+00 1.143929832432716687e+01 5.433956349060312441e+00
2.367695826346825516e+00 1.137758111103834935e+01 5.532043129226784650e+00
2.344822992355052094e+00 1.131445806458754788e+01 5.629472279200946616e+00
2.321459405828784739e+00 1.124895673776265959e+01 5.733224682757370516e+00
