1.550982551689759603e+01 2.191799393479931801e-01 3.683552447462830693e+06
1.520517957452209679e+01 2.274050454249488540e-01 3.080105486965566408e+06
1.490880568910492165e+01 2.359894371464445750e-01 2.572832250490520149e+06
1.466036831249194528e+01 2.449403343939553501e-01 2.164878386488152668e+06
1.440765158931546175e+01 2.542581167436881451e-01 1.799803246314150048e+06
1.418431345118266407e+01 2.639635944799798017e-01 1.506568931694774656e+06
1.398323597782196970e+01 2.740628625801428409e-01 1.260573809287833981e+06
1.379761024829645066e+01 2.845659582709332835e-01 1.055683412702126428e+06
1.362363520201516565e+01 2.954709594933279115e-01 8.846479094627937302e+05
1.346342752358422956e+01 3.067972880778699341e-01 7.396160819252731744e+05
1.331939188555465670e+01 3.185583772598805097e-01 6.189404286300017266e+05
1.318972059533857966e+01 3.307404468120079266e-01 5.206312410055497894e+05
1.305806478150932470e+01 3.433704471287196691e-01 4.357128386602287646e+05
1.294619414844732042e+01 3.564507906619573951e-01 3.657730899931751774e+05
1.284192294290540381e+01 3.699715687216846849e-01 3.066808249255051487e+05
1.274253350698736043e+01 3.839703699546684890e-01 2.569892111578836630e+05
1.265557928650576258e+01 3.984161704833644735e-01 2.161367996137516748e+05
1.257303986841631094e+01 4.133345143990281856e-01 1.817961307137047115e+05
1.249676313091996604e+01 4.287379960742868645e-01 1.509721609493596188e+05
1.242467702433384424e+01 4.446182386497521954e-01 1.284860624174484401e+05
1.236377509561435417e+01 4.609630845254097942e-01 1.078983230451350828e+05
1.230242572764932341e+01 4.777714642113486399e-01 9.098130930160589924e+04
1.224755335197440687e+01 4.950516455302334529e-01 7.655447320216771914e+04
1.219716982885436707e+01 5.128109743249027463e-01 6.398551793159446242e+04
1.214915223556309165e+01 5.310436290684803495e-01 5.454503688205276558e+04
1.210904592700715199e+01 5.497480826743675886e-01 4.610254042182349804e+04
1.206665953370277222e+01 5.689251724094737117e-01 3.894006601626027259e+04
1.202912578384315445e+01 5.885109067828838691e-01 3.260574619836350394e+04
1.199401470114756663e+01 6.087445763671243126e-01 2.785678378571113717e+04
1.196190207286478113e+01 6.298384973694094446e-01 2.350336189468288649e+04
1.193255346925166549e+01 6.520035852895579298e-01 1.965307200479551466e+04
1.190522248238680092e+01 6.753448011793234951e-01 1.661180461164161534e+04
1.188081327287121880e+01 6.999636965775359876e-01 1.387303496877924226e+04
1.186142849920880238e+01 7.259248065533886463e-01 1.146285579772948586e+04
1.184441792741908905e+01 7.532707151716890870e-01 9.626414690821626209e+03
1.183275320191427937e+01 7.820254560565682578e-01 7.992704632804743596e+03
1.182297532047938304e+01 8.122389498927556906e-01 6.625874289378093636e+03
1.181773743403524968e+01 8.439111289834134721e-01 5.482146337841460081e+03
1.181640018818699112e+01 8.770286490493169884e-01 4.520183418976333996e+03
1.181975865816088955e+01 9.116245884378453290e-01 3.729580054206845944e+03
1.182509402918723396e+01 9.476621611734737938e-01 3.075954884892554674e+03
1.183257678695991899e+01 9.851343561485932376e-01 2.539545950615673519e+03
1.184744246605365348e+01 1.024005569246439595e+00 2.089052281236715771e+03
1.186278483349507340e+01 1.064230543609370416e+00 1.723750038992280224e+03
1.188205165258893992e+01 1.105760407082088115e+00 1.421208069282920860e+03
1.190253679607762294e+01 1.148513831314819988e+00 1.173558489402015994e+03
1.193005537991553133e+01 1.192345254600437388e+00 9.693624007651335432e+02
1.195043450508688743e+01 1.237145680830141092e+00 8.015015349281728732e+02
1.197614889889698020e+01 1.282745148484151887e+00 6.661116239909417800e+02
1.200309774930240714e+01 1.329037727893508158e+00 5.536565636609399235e+02
1.202981458486901367e+01 1.375866472078249636e+00 4.611461084624215232e+02
1.205956139701624963e+01 1.423060459581816373e+00 3.854326518807008597e+02
1.208533771575675608e+01 1.470520808402503432e+00 3.225571318092446518e+02
1.211139987889092318e+01 1.518000826865417041e+00 2.709633558618685356e+02
1.213734606287955309e+01 1.565396685224318629e+00 2.284279131647617191e+02
1.216120227274766563e+01 1.612589618791461010e+00 1.928949708823587912e+02
1.218455590288091450e+01 1.659376044104040826e+00 1.630650227943313553e+02
1.220645682405939247e+01 1.705580987843628993e+00 1.392269601542650719e+02
1.222247590715730148e+01 1.751134513618014088e+00 1.188007565391610001e+02
1.224031536436783973e+01 1.795882509186514708e+00 1.017523959257761987e+02
1.225313529447168648e+01 1.839625236689373722e+00 8.717326859812986584e+01
1.226418262944215165e+01 1.882303847963146426e+00 7.549536298977749027e+01
1.227405438602428767e+01 1.923751762229626072e+00 6.502142469666948443e+01
1.227780090199515506e+01 1.963932122942689373e+00 5.672468327171475977e+01
1.228002071557230224e+01 2.002666570315588590e+00 4.945007976973666075e+01
1.227933597271845478e+01 2.039909449457230739e+00 4.325579666405088375e+01
1.227514140168844570e+01 2.075597276594606022e+00 3.798214296124415057e+01
1.226784843225177646e+01 2.109622380196547020e+00 3.347592092073808345e+01
1.225754399331221300e+01 2.141969374219028222e+00 2.962393904566584268e+01
1.224362751572310692e+01 2.172570669945507404e+00 2.627671990760260812e+01
1.222646275437677055e+01 2.201387132664889723e+00 2.338031870182070193e+01
1.220623931737537404e+01 2.228391645233031237e+00 2.089882446818574380e+01
1.218298465742340753e+01 2.253566902239626302e+00 1.867196272860741146e+01
1.215695530999303209e+01 2.276914092952344593e+00 1.686553768478289683e+01
1.212782548554214124e+01 2.298420789006705434e+00 1.522295514818300610e+01
1.209556999711120540e+01 2.318095904870451918e+00 1.379252615624946898e+01
1.206033532367424499e+01 2.335963621850591032e+00 1.253388242739616842e+01
1.202264224937906967e+01 2.352029539414401071e+00 1.143623262697338383e+01
1.198186206979177371e+01 2.366338425739229923e+00 1.046050377108061724e+01
1.193872311854847901e+01 2.378905291803159461e+00 9.601114813393779812e+00
1.189410334764705368e+01 2.389790862952602346e+00 8.839840116192675623e+00
1.184611615743425084e+01 2.399016128928578073e+00 8.165547405974860951e+00
1.179637372533273876e+01 2.406642042678415638e+00 7.567954342100584597e+00
1.174525075309037625e+01 2.412706489490687112e+00 7.032400196136498138e+00
1.169180197311646019e+01 2.417283550038039408e+00 6.552198013118063713e+00
1.163643798775221505e+01 2.420396299966630416e+00 6.129348449067651750e+00
1.157973749911580796e+01 2.422130979592843847e+00 5.744493040324794464e+00
1.152167809474571847e+01 2.422527787574700664e+00 5.386725322630040225e+00
1.146171552402240756e+01 2.421656227801419092e+00 5.093049226155001996e+00
1.140099072811157477e+01 2.419569725936797866e+00 4.802131275175832492e+00
1.134117962259588808e+01 2.416169923414677623e+00 4.564210409838631577e+00
1.128745001092526579e+01 2.410624865806311856e+00 4.396258476629452794e+00
1.123520336572062917e+01 2.402742016214259646e+00 4.296506960182944646e+00
1.118599631015406537e+01 2.392911361430715367e+00 4.215602390299308944e+00
1.113926849665362440e+01 2.381530679548209406e+00 4.180105437915117683e+00
1.109381304302966065e+01 2.368861826323887865e+00 4.184564248426204891e+00
1.104892605088687141e+01 2.355114075985498712e+00 4.196142714959437470e+00
1.100466505914370607e+01 2.340480311688577952e+00 4.212611140425774003e+00
1.096022300484037437e+01 2.325113838130576926e+00 4.264894311140232652e+00
1.091569975265861814e+01 2.309137575602977055e+00 4.316240197761672448e+00
