2.191799393479931801e-01 1.550982551689759603e+01 3.683552447462830693e+06
2.269826126544807754e-01 1.520849823860343264e+01 3.105295678385698237e+06
2.351035173308289039e-01 1.494112574661030379e+01 2.632444312211576849e+06
2.435654351850657373e-01 1.468534989589150719e+01 2.216548795056153089e+06
2.523560090000027123e-01 1.445261754353227346e+01 1.849377584583611693e+06
2.614808351872165426e-01 1.424140022511596904e+01 1.576934462560314685e+06
2.709665766429852907e-01 1.404649697705190903e+01 1.332493746982792858e+06
2.808132096668821132e-01 1.386029980388018679e+01 1.123300145493126707e+06
2.910310496489281751e-01 1.369198013424853677e+01 9.497973202988294652e+05
3.016237477473974193e-01 1.353694877603682833e+01 8.011308990923068486e+05
3.125732549638870483e-01 1.339012564540323069e+01 6.772668312818361446e+05
3.239328820005894505e-01 1.326196079857511911e+01 5.730870152521521086e+05
3.356767630951889569e-01 1.313145450762000976e+01 4.854306922757507418e+05
3.478238854786012135e-01 1.301986208115290466e+01 4.100528270548422006e+05
3.603986519608491923e-01 1.291483067363096282e+01 3.469368658065219643e+05
3.733419232844045199e-01 1.281541012466989393e+01 2.933448047087267041e+05
3.867250428978675214e-01 1.272504764839711910e+01 2.487458417567440192e+05
4.005238525510239622e-01 1.264241211210219973e+01 2.108884720633252291e+05
4.147432274605917235e-01 1.256515413381963064e+01 1.783757543075692665e+05
4.293940236659387066e-01 1.249439097442655466e+01 1.513589246466337936e+05
4.444882437051660418e-01 1.242533091837663761e+01 1.284286265241886140e+05
4.599952870500935709e-01 1.236659739768241373e+01 1.090061840167668415e+05
4.759171790743955133e-01 1.230907619419459209e+01 9.251210630462915287e+04
4.922699907619302873e-01 1.225608770271736958e+01 7.865534385058259068e+04
5.090456171064030588e-01 1.220834834406877434e+01 6.701054658990111784e+04
5.262558521522905375e-01 1.216259725266349712e+01 5.700682762770802947e+04
5.438906552638118619e-01 1.211990434905169600e+01 4.851129107018106879e+04
5.619499074752066781e-01 1.208161097371769088e+01 4.133831792492169916e+04
5.803839313473203587e-01 1.204571758709955098e+01 3.523975766550999106e+04
5.992401013321799752e-01 1.200893670718832773e+01 3.015061274533024334e+04
6.184880858107785206e-01 1.197844965323920441e+01 2.573227589329724651e+04
6.381296480720455300e-01 1.194820040450163035e+01 2.199249303095080541e+04
6.581486306639509065e-01 1.192110675551009713e+01 1.881922899597548530e+04
6.785445338468970577e-01 1.189326862335967583e+01 1.613083183336300499e+04
6.993086236372244580e-01 1.186722985086631255e+01 1.381143086220141595e+04
7.204377285335546999e-01 1.184488239780202790e+01 1.185009261964219331e+04
7.419096285207316122e-01 1.182107795445074494e+01 1.016889998501820810e+04
7.636960582768630434e-01 1.179943862786387321e+01 8.732339056588594758e+03
7.857818368397530007e-01 1.177672149873543006e+01 7.519077101947897063e+03
8.081874404149664848e-01 1.175424716091347221e+01 6.473728344534305506e+03
8.308815934366486911e-01 1.173675320732314731e+01 5.575378628292474787e+03
8.538246217783973524e-01 1.171611668016274876e+01 4.808645585693368048e+03
8.770269110410749969e-01 1.169636859911442350e+01 4.154850089259318338e+03
9.004363473416540087e-01 1.167887035981939192e+01 3.590315069346182099e+03
9.240368049616003443e-01 1.165477519986782617e+01 3.105081574146422099e+03
9.478275003868761317e-01 1.163789318465912892e+01 2.686991009668609422e+03
9.717889366288077202e-01 1.161765810439599989e+01 2.333009962944556264e+03
9.958454908389811067e-01 1.159809584111140701e+01 2.023735115162853162e+03
1.020022110715516295e+00 1.157735568427758643e+01 1.745332072893761051e+03
1.044272989503683968e+00 1.155678175584503542e+01 1.530210455193764801e+03
1.068578572884901545e+00 1.153467399060718712e+01 1.332556615244589466e+03
1.092889723526589085e+00 1.151267312905840789e+01 1.153666691013616401e+03
1.117199498110538203e+00 1.149001870350534560e+01 1.013956416464215749e+03
1.141476620450559754e+00 1.146766267184919563e+01 8.860901180014367355e+02
1.165675704853151640e+00 1.144586706971242585e+01 7.750237379201272461e+02
1.189773472090561057e+00 1.141860274530459840e+01 6.795155528135546774e+02
1.213753602428953249e+00 1.139683932585453796e+01 5.959116040855010397e+02
1.237578387759742382e+00 1.136712153433203376e+01 5.233682523094679482e+02
1.261217398411775159e+00 1.133757596102355691e+01 4.607819731659974991e+02
1.284641246471065479e+00 1.131184509489485812e+01 4.054910764126992149e+02
1.307809317774970559e+00 1.128371816624356683e+01 3.573489519401518351e+02
1.330711762875028015e+00 1.125403560781517598e+01 3.155234320790988249e+02
1.353309228978881729e+00 1.121942012606816874e+01 2.788444345737814274e+02
1.375579481477020360e+00 1.118721375043203103e+01 2.467474083667598848e+02
1.397493005747389994e+00 1.115306449042400061e+01 2.188369167736653367e+02
1.419019847262190437e+00 1.111801633371996445e+01 1.941074414076265953e+02
1.440139447499691805e+00 1.108281968322973654e+01 1.727960889470967913e+02
1.460828199417828710e+00 1.104600174847328198e+01 1.536134878515671005e+02
1.481059618354454877e+00 1.100831032693438694e+01 1.370722167115588093e+02
1.500803626026983695e+00 1.096907166446213111e+01 1.222147044782293221e+02
1.520050475929715539e+00 1.092867881350283987e+01 1.092743473776886560e+02
1.538776001513553648e+00 1.088748904932609207e+01 9.772882914054345349e+01
1.556961852675898816e+00 1.084556511784149180e+01 8.764403422292950552e+01
1.574588019442162645e+00 1.080290783647576092e+01 7.829111459856578392e+01
1.591637993336068257e+00 1.075813337360150790e+01 7.067464716557562099e+01
1.608100670523713527e+00 1.071337939463279731e+01 6.332232034275155996e+01
1.623956222644041381e+00 1.066716232319461888e+01 5.708889568747633803e+01
1.639198329212770089e+00 1.062013640469105802e+01 5.175718847398431421e+01
1.653814075404718142e+00 1.057170235714437290e+01 4.676144421571029142e+01
1.667793935771694658e+00 1.052316030798099611e+01 4.218023425523700354e+01
1.681130449052756992e+00 1.047344086474496194e+01 3.838315998530205775e+01
1.693816028290127340e+00 1.042260704766919766e+01 3.484989577169209696e+01
1.705847446974044557e+00 1.037079958816615566e+01 3.168973593228225027e+01
1.717218364384971663e+00 1.031831723594674877e+01 2.875914411571865159e+01
1.727930303105698062e+00 1.026555644243557985e+01 2.630902617703558022e+01
1.737978480005253790e+00 1.021190778887686612e+01 2.396195001350615783e+01
1.747365533110790015e+00 1.015742230322024398e+01 2.190201479852215627e+01
1.756093213281203269e+00 1.010273479352968984e+01 2.006666939648251358e+01
1.764165636347916788e+00 1.004771608566037422e+01 1.848035530616246191e+01
1.771582111504662604e+00 9.990849522623371115e+00 1.691779282454701772e+01
1.778351982190758962e+00 9.935097336725766226e+00 1.560673906030501712e+01
1.784480732705081119e+00 9.877890732926260853e+00 1.437929534244997498e+01
1.789977041698118443e+00 9.820824781364100531e+00 1.323240038883242953e+01
1.794843448032811040e+00 9.762754007229050401e+00 1.222164064802706740e+01
1.798982228251966076e+00 9.705481027082237588e+00 1.135937978250624525e+01
1.801410578631498671e+00 9.652962513297632441e+00 1.061500908082398631e+01
1.800658536950108468e+00 9.607269573644744654e+00 1.013676782219831018e+01
1.797948628517021641e+00 9.559124069399002721e+00 9.755263463759629161e+00
1.793857454315087807e+00 9.508271661414788412e+00 9.403170765004038145e+00
1.788831311337449437e+00 9.460136739049415766e+00 9.078534959096058898e+00
