1.550982551689759603e+01 2.191799393479931801e-01 3.683552447462830693e+06
1.523519582670153483e+01 2.269297227697091579e-01 3.132760075456161983e+06
1.493911912197367009e+01 2.349935956832642503e-01 2.624512975399672985e+06
1.469393495722441756e+01 2.433930331402114899e-01 2.229908475584749598e+06
1.446104456091971358e+01 2.521096232317808772e-01 1.876300349241270451e+06
1.424943225275466929e+01 2.611701763096303530e-01 1.589030833561628591e+06
1.404859986946600614e+01 2.705801158960166042e-01 1.339868330294002080e+06
1.386912838164164086e+01 2.803457542737194941e-01 1.132678712839860469e+06
1.370073613141520319e+01 2.904757417534751252e-01 9.596246360724902479e+05
1.354359063615275360e+01 3.009729792457039310e-01 8.097099291640701704e+05
1.340438838397987809e+01 3.118379210978896032e-01 6.850201697463411838e+05
1.326352158618722221e+01 3.230822855771154911e-01 5.803340520510523347e+05
1.314138575558263611e+01 3.347324228884214770e-01 4.917245997758787707e+05
1.302963319585316526e+01 3.467552911959277395e-01 4.171841667635046178e+05
1.292247230591512697e+01 3.591913410499466552e-01 3.526495518668816076e+05
1.282369043326924896e+01 3.720268379651865409e-01 2.991138270871198038e+05
1.273400202719817287e+01 3.852813407528541401e-01 2.530813216681280173e+05
1.264961213332179746e+01 3.989515978546242514e-01 2.148471609570492874e+05
1.256593816630651972e+01 4.130138789883994743e-01 1.822407447779892245e+05
1.250181808986458876e+01 4.275195726130793794e-01 1.545923231382112426e+05
1.243517824848512277e+01 4.424313231706810123e-01 1.312673762614880980e+05
1.237370100048927135e+01 4.577812302299717473e-01 1.116369710190086771e+05
1.231919831146306343e+01 4.735554719460819406e-01 9.474524545627309999e+04
1.226549958945866869e+01 4.897411855489167687e-01 8.061092443388910033e+04
1.221621647525712007e+01 5.063343962828804612e-01 6.820946655318842386e+04
1.216987188493314775e+01 5.233596161877124286e-01 5.856832778115003748e+04
1.212871046495343919e+01 5.408057200758142891e-01 4.991593243556803645e+04
1.208759470095142063e+01 5.586701029412860509e-01 4.260420488503729575e+04
1.205188588446908682e+01 5.769124062715429435e-01 3.630440586870183324e+04
1.201672397405625148e+01 5.956294609403594009e-01 3.102940836599241811e+04
1.198532655796440594e+01 6.150284165476799236e-01 2.643513841241129921e+04
1.195491101193073824e+01 6.354019355492502852e-01 2.251143296443064901e+04
1.192736619729733327e+01 6.568681784155341319e-01 1.893539840542230377e+04
1.190144863648551521e+01 6.795542542045637235e-01 1.611272673662534726e+04
1.188042198954500428e+01 7.035186734613014803e-01 1.357441425647490178e+04
1.186359969132527148e+01 7.288095781342660562e-01 1.139787449901484251e+04
1.185040725380810755e+01 7.554714401508335619e-01 9.538234781266437494e+03
1.183772524272199611e+01 7.835487447634049696e-01 7.969424515539081767e+03
1.183445439586547288e+01 8.130504701032417181e-01 6.639473964411555244e+03
1.183152570854044150e+01 8.439884550887309933e-01 5.523975460987860060e+03
1.183214557738666528e+01 8.763742231584935594e-01 4.593929009381371543e+03
1.183867925721914283e+01 9.102060354860753710e-01 3.813283290659035174e+03
1.184614180102279413e+01 9.454817299960296406e-01 3.165311695994154434e+03
1.186130415331393628e+01 9.821747938924551002e-01 2.623030017957193195e+03
1.187521360647218316e+01 1.020263616094829295e+00 2.176123758564004220e+03
1.189585995362662096e+01 1.059682287047150950e+00 1.804238620011707553e+03
1.191827616837213810e+01 1.100345360407010364e+00 1.497560230542599811e+03
1.194395361489895180e+01 1.142159716923163870e+00 1.244944505140380215e+03
1.196981096173853842e+01 1.185018523167138849e+00 1.035009104630096544e+03
1.199787647870653196e+01 1.228830727932971101e+00 8.621982726720988239e+02
1.202947011381663955e+01 1.273447471027316258e+00 7.197745268248580714e+02
1.205859900496074211e+01 1.318759595069322055e+00 6.018986850598315641e+02
1.209007963440619804e+01 1.364675581051846720e+00 5.043081557789791418e+02
1.212158857295176695e+01 1.410998534178120378e+00 4.240102291714463831e+02
1.215403424729374926e+01 1.457638743581413765e+00 3.569154600548552594e+02
1.218458046964965114e+01 1.504437940077291591e+00 3.016288889395393653e+02
1.221577241413226034e+01 1.551275328265404374e+00 2.552589407595751823e+02
1.224377799490175533e+01 1.598028838427978382e+00 2.159674886893355108e+02
1.227315373337845195e+01 1.644471748352531293e+00 1.845206872883630353e+02
1.229973019734070760e+01 1.690593795834212987e+00 1.577238385387421999e+02
1.232303220126767762e+01 1.736089517278512906e+00 1.352461800130039080e+02
1.234602249371818239e+01 1.780979858907814517e+00 1.162584012460420837e+02
1.236669892020657180e+01 1.825121505709315528e+00 1.002431787471829523e+02
1.238504206800117835e+01 1.868325031994243490e+00 8.666659965858475800e+01
1.240133016093159846e+01 1.910434700461624002e+00 7.527578802894143450e+01
1.241295577203489664e+01 1.951441894131729304e+00 6.558912103879428912e+01
1.242290421515657428e+01 1.991165236902013191e+00 5.732190821193507446e+01
1.242964711269706868e+01 2.029591713204329295e+00 5.033639075741056246e+01
1.243379680308171764e+01 2.066548194837091401e+00 4.423870752185471389e+01
1.243422687625956868e+01 2.102035377277147177e+00 3.907539695482011410e+01
1.243165227168167419e+01 2.135899267329569806e+00 3.461697906454408269e+01
1.242610720126197954e+01 2.168132328806383402e+00 3.063138225561829842e+01
1.241694429885772699e+01 2.198645628700749644e+00 2.745976996085573774e+01
1.240485280987862993e+01 2.227454564779723256e+00 2.458077392846966092e+01
1.238965612836144103e+01 2.254439651161205926e+00 2.208523236690316693e+01
1.237111150365994483e+01 2.279657312367130650e+00 1.988707635431194021e+01
1.234972833198643549e+01 2.303033239650666975e+00 1.800374521842997666e+01
1.232524758548425936e+01 2.324558039961723388e+00 1.633491869534212526e+01
1.229797600869846086e+01 2.344243027229868659e+00 1.481859388481513307e+01
1.226688189474146817e+01 2.362093734668317069e+00 1.359524253483555434e+01
1.223329394707485562e+01 2.378105308815586127e+00 1.245925176225473052e+01
1.219737644781857000e+01 2.392258069370019058e+00 1.147227019085210031e+01
1.215871752666193117e+01 2.404549442329316555e+00 1.059363250259758438e+01
1.211733768840319669e+01 2.414999769052505130e+00 9.818665034442959794e+00
1.207350770676359275e+01 2.423604923316154292e+00 9.129257068746841952e+00
1.202821441975977201e+01 2.430381294675755033e+00 8.520383159542701534e+00
1.198002973684146966e+01 2.435356394061257035e+00 7.992561467111443108e+00
1.193032887642954343e+01 2.438554738495884777e+00 7.497242219326416546e+00
1.187844146528850864e+01 2.440010641459795515e+00 7.105765584392981893e+00
1.182570348836289931e+01 2.439759885136685291e+00 6.719667633520914229e+00
1.177058449999809753e+01 2.437833683966236897e+00 6.423048925930852526e+00
1.171473903646002412e+01 2.434283834189513662e+00 6.145823337517630769e+00
1.165835978801641026e+01 2.429169587275466835e+00 5.892169345430994021e+00
1.160141750217281498e+01 2.422547706550420177e+00 5.712247371145015684e+00
1.154481866868337647e+01 2.414501334642216612e+00 5.526759744401441132e+00
1.148925915838486844e+01 2.405149214861202811e+00 5.407916640773124506e+00
1.143626991844142538e+01 2.394704626501506173e+00 5.323303917170014721e+00
1.139340437964942687e+01 2.384389025649968907e+00 5.282639656208075074e+00
1.136302984136547423e+01 2.374501529910062914e+00 5.308913669523561474e+00
1.133357403528797214e+01 2.363438265498414736e+00 5.362888983658353759e+00
