1.550982551689759603e+01 2.191799393479931801e-01 3.683552447462830693e+06
1.521631508028779045e+01 2.267730596096436402e-01 3.123171997358305845e+06
1.497388944203987116e+01 2.346651832313057517e-01 2.666306185162673704e+06
1.471277250116635926e+01 2.428825778368748078e-01 2.239955454304587562e+06
1.447352238386423373e+01 2.514001646944324375e-01 1.903644030674200039e+06
1.426658223729587860e+01 2.602498059304307887e-01 1.610170667532525957e+06
1.407296380976151973e+01 2.694333226172069273e-01 1.369257985682834871e+06
1.389592269103864730e+01 2.789573328659518681e-01 1.159137056566867512e+06
1.372401462971206065e+01 2.888307710593177036e-01 9.844606761929909699e+05
1.357065282305370779e+01 2.990643591952996116e-01 8.376886216775961220e+05
1.343044376169286735e+01 3.096303774017987731e-01 7.089496715136142448e+05
1.330484861695819809e+01 3.205976278604029672e-01 6.015148542498223251e+05
1.317598738497760635e+01 3.318975209726897635e-01 5.114841906878575683e+05
1.305927869455553925e+01 3.435938347071418320e-01 4.335232212062688777e+05
1.295312850111084657e+01 3.556898654220851941e-01 3.689408715131446952e+05
1.285635000236834991e+01 3.681527836723222369e-01 3.104574060786142945e+05
1.276206989231205036e+01 3.810148674838692018e-01 2.666741875966300722e+05
1.267651903691793613e+01 3.942540775359413274e-01 2.272593005745595437e+05
1.260348938453511636e+01 4.079088970620978749e-01 1.931113756151170528e+05
1.252983471355027767e+01 4.219626456624648858e-01 1.646172056681240501e+05
1.246275093053733762e+01 4.364278301618869094e-01 1.401064515926409804e+05
1.240363378469256439e+01 4.512951206200169207e-01 1.193590129733833310e+05
1.234280326309736786e+01 4.665758253745704853e-01 1.017559069337503606e+05
1.228695988583894128e+01 4.822318358542808658e-01 8.601966353390652512e+04
1.223907109469436882e+01 4.983191272881496436e-01 7.426935901265981374e+04
1.219104747995251969e+01 5.148012066096909756e-01 6.344760108893682627e+04
1.214947242084836532e+01 5.316886852535045449e-01 5.414565952819052472e+04
1.210814539196283768e+01 5.489786324186041178e-01 4.645339832151503651e+04
1.207179584781609272e+01 5.666724744160396288e-01 3.968083902512969507e+04
1.203627962072334157e+01 5.847390406666332918e-01 3.396343900127775851e+04
1.200419559547645676e+01 6.032769548143275262e-01 2.913601360243521412e+04
1.197284234068701103e+01 6.226711107455477068e-01 2.489409841068271999e+04
1.194438511832919936e+01 6.430137965290041446e-01 2.118365279384986570e+04
1.191727442072222942e+01 6.644829227751111178e-01 1.802674700313978610e+04
1.189524643386248748e+01 6.871377172208190665e-01 1.524990836709101495e+04
1.187714325987663777e+01 7.110448806020850387e-01 1.287200903165085583e+04
1.185845836857288838e+01 7.362464904128481757e-01 1.083300814945252569e+04
1.184672054883747627e+01 7.627749162930392846e-01 9.096682579079180869e+03
1.184039285995327795e+01 7.906760154420086062e-01 7.618732810010654248e+03
1.183337504711623644e+01 8.199543484858143882e-01 6.370129586242317600e+03
1.183442497636359469e+01 8.506172978541753915e-01 5.318113932845388263e+03
1.183460104015829728e+01 8.826730959150704825e-01 4.433691184516907015e+03
1.184084014225399528e+01 9.161232687114578832e-01 3.696716160537988799e+03
1.185093991937385738e+01 9.509681678815261607e-01 3.052247619131903775e+03
1.186279884604426194e+01 9.871658915527447009e-01 2.557443010368548585e+03
1.187815796612340336e+01 1.024713037972371676e+00 2.130506063052363515e+03
1.189993034905260672e+01 1.063578985627147366e+00 1.773952953897905900e+03
1.192065192537639717e+01 1.103718103293606978e+00 1.476111122841807855e+03
1.194627423482630668e+01 1.145040850777836461e+00 1.230198340768791240e+03
1.197334196470785095e+01 1.187430731443853915e+00 1.025290798599679192e+03
1.200170945606152983e+01 1.230778832975816695e+00 8.567733972515923142e+02
1.203412158145880184e+01 1.274925673333404008e+00 7.169439625168047314e+02
1.206284229193266988e+01 1.319745801188775269e+00 6.017111626103276194e+02
1.209415006936718662e+01 1.365094034683258961e+00 5.056602090013220732e+02
1.212868515305219042e+01 1.410820017982128416e+00 4.257241312601079812e+02
1.215997454024871161e+01 1.456724734481727346e+00 3.597364900961758281e+02
1.218947002579411709e+01 1.502607685548531746e+00 3.051640615127339515e+02
1.222050134068692095e+01 1.548316627045530192e+00 2.592848037006809250e+02
1.224865145410407763e+01 1.593626180677361948e+00 2.210432609775797062e+02
1.227461303699955408e+01 1.638330235485184083e+00 1.894769054220391808e+02
1.230072840135711409e+01 1.682184560268713325e+00 1.629333464139551211e+02
1.232230340872804852e+01 1.724930324650903790e+00 1.407203432311995925e+02
1.234127501405878391e+01 1.766268598047028071e+00 1.221400253836849998e+02
1.235577092172362867e+01 1.805931257307260562e+00 1.065250562248639881e+02
1.236817594866903214e+01 1.843482415963471732e+00 9.351872404310510944e+01
1.237377367429987629e+01 1.878351576826874370e+00 8.261519072753179671e+01
1.237463610628106281e+01 1.909724472441509002e+00 7.382210249221060394e+01
1.236858382084563424e+01 1.935205146528597542e+00 6.690767795046554056e+01
1.235380565908348416e+01 1.951816583290337803e+00 6.218576964143801433e+01
1.233039786670632942e+01 1.961890625787434450e+00 5.870122315988394490e+01
1.229986922411657702e+01 1.967391094555649866e+00 5.602016646352414853e+01
1.226405891548772864e+01 1.969492894835540353e+00 5.388306358844877053e+01
1.222311496819243182e+01 1.969005154693357351e+00 5.203916616943212148e+01
1.217855443026568629e+01 1.966420834318542310e+00 5.047920762957626550e+01
1.213010694912566301e+01 1.962124913255826941e+00 4.913164042982080559e+01
1.207816587755577586e+01 1.956424537554866561e+00 4.791896025645569779e+01
1.202307555595638533e+01 1.949580429194722964e+00 4.678488433151169801e+01
1.196605916098993916e+01 1.941740976733863366e+00 4.557502639811725231e+01
1.190636226921351692e+01 1.933010189766128706e+00 4.483187405439867490e+01
1.184506985758940978e+01 1.923548180967725285e+00 4.390622144279635819e+01
1.178059813079058848e+01 1.913446701424787788e+00 4.304686804576834191e+01
1.171452272924535265e+01 1.902789302251497228e+00 4.224736745176511477e+01
1.164627135294917792e+01 1.891681533358176237e+00 4.141786394219965928e+01
1.157624161088892478e+01 1.880142874397128239e+00 4.062664012047954287e+01
1.150495883715397127e+01 1.868244458881246572e+00 3.985464169715041294e+01
1.143233594718689439e+01 1.856039940571039049e+00 3.908814486653180609e+01
1.135763333909402562e+01 1.843573005108032570e+00 3.834717251023693052e+01
1.128283176198184634e+01 1.830877860575059080e+00 3.757947213837019973e+01
1.120584976818158651e+01 1.817996807272514115e+00 3.668886180099175220e+01
1.112709840010591833e+01 1.804941448472774823e+00 3.608289861942608212e+01
1.104881428620970851e+01 1.791789273826386975e+00 3.534204732568062468e+01
1.096882713480697369e+01 1.778495258993446182e+00 3.461699527502585738e+01
1.088735215787339961e+01 1.765168545281396550e+00 3.371637307838969377e+01
1.080550336013308232e+01 1.751759292450606242e+00 3.309254816399555921e+01
1.072319588256412537e+01 1.738318657280967461e+00 3.222843512896703544e+01
1.063969206078929375e+01 1.724857512999765419e+00 3.146867963590371886e+01
1.055536277202113915e+01 1.711405495453323544e+00 3.082640520913968629e+01
1.047221113397386638e+01 1.697958722964359790e+00 2.997072208794111248e+01
1.038675119823720472e+01 1.684545774016114050e+00 2.925100663115527055e+01
1.030096334674389347e+01 1.671200359063637064e+00 2.857334273346929976e+01
