2.383731302914612049e-01 1.510646317623783297e+01 2.423116349867075216e+06
2.522139162680080982e-01 1.469770860441376570e+01 1.847353416492372518e+06
2.666475174065187637e-01 1.434512153327103867e+01 1.415923007009884110e+06
2.816765662881323129e-01 1.403943650886042072e+01 1.090771266781920567e+06
2.973035616317528662e-01 1.377320677976793739e+01 8.442562567134945421e+05
3.135302323170711669e-01 1.354044281636902625e+01 6.564189641405032016e+05
3.303583685158129057e-01 1.333622102550484279e+01 5.125315691519370885e+05
3.477890799133585009e-01 1.315647968208872065e+01 4.018317414010056527e+05
3.658220096363219431e-01 1.299783529523197600e+01 3.162606993048381410e+05
3.844572373030394341e-01 1.285744195430040016e+01 2.498295188421376515e+05
4.036927339483021293e-01 1.273289656476687526e+01 1.980568376856402028e+05
4.235259592479175828e-01 1.262216024578760099e+01 1.575481442363557580e+05
4.439531038454353484e-01 1.252347712608789720e+01 1.257330028259979299e+05
4.649691639231560147e-01 1.243532497076754595e+01 1.006581345874411345e+05
4.865680031098345570e-01 1.235639780812761224e+01 8.082662896224430006e+04
5.087406573991226644e-01 1.228554621911649036e+01 6.509310272797906509e+04
5.314776769296478687e-01 1.222175650562264337e+01 5.257042619675897731e+04
5.547670879385562248e-01 1.216414239027426625e+01 4.257307872703386238e+04
5.785971561133809171e-01 1.211192345280398541e+01 3.456857405976300652e+04
6.030459466482344100e-01 1.206433163290465060e+01 2.812157880172226942e+04
6.285612322355419446e-01 1.202107921660190293e+01 2.285069021743433404e+04
6.554004849656294152e-01 1.198269168381993843e+01 1.852968415860148525e+04
6.836706170453450415e-01 1.194969003231600446e+01 1.499742240303976178e+04
7.134189211490490345e-01 1.192240937787152077e+01 1.212146640449983352e+04
7.446612457761507819e-01 1.190101240052582376e+01 9.788764918287453838e+03
7.773936916423452859e-01 1.188549913098501776e+01 7.902665234953761683e+03
8.115988559414458736e-01 1.187575373566997072e+01 6.381518533173070864e+03
8.472490710565598881e-01 1.187156242207109713e+01 5.156446583227190786e+03
8.843103615066090217e-01 1.187263910206261031e+01 4.170868258110023817e+03
9.227397753374884104e-01 1.187865809533268369e+01 3.378333018499044556e+03
9.624656895163761217e-01 1.188922379031511056e+01 2.741087740530617339e+03
1.003389595824647929e+00 1.190387196318568108e+01 2.228802248080581194e+03
1.045408368215290817e+00 1.192210603298078375e+01 1.816676503127207980e+03
1.088417089117635239e+00 1.194340560119799477e+01 1.484717015972293666e+03
1.132308110922108702e+00 1.196726482539067327e+01 1.216822642006529350e+03
1.176971153948013882e+00 1.199317813268068633e+01 1.000246265724742443e+03
1.222293384473237765e+00 1.202066127461383971e+01 8.247181419600385652e+02
1.268157761390465321e+00 1.204924248866051784e+01 6.821129955612663025e+02
1.314443079237025858e+00 1.207846414161805093e+01 5.659662234261254525e+02
1.361028707531173776e+00 1.210789816096820815e+01 4.710968472326774190e+02
1.407786257193472057e+00 1.213712412444473365e+01 3.934011696864180863e+02
1.454587866749682101e+00 1.216574765649331091e+01 3.295937389838391027e+02
1.501295433943710123e+00 1.219336848824403496e+01 2.770356320009797741e+02
1.547775208102303512e+00 1.221963437702518007e+01 2.336264618144117833e+02
1.593882957966519909e+00 1.224417804948555677e+01 1.976730520916104012e+02
1.639469865598662146e+00 1.226664105585168763e+01 1.678118769850799481e+02
1.684381760200980516e+00 1.228667388369580671e+01 1.429373541711804023e+02
1.728464882614396236e+00 1.230396267928442100e+01 1.221702374671942266e+02
1.771547902764166071e+00 1.231813771466942775e+01 1.047822884101431242e+02
1.813460333905007049e+00 1.232888556817763082e+01 9.018832094855075354e+01
1.854014392902647357e+00 1.233584209093375428e+01 7.790936056954765832e+01
1.893014831733916159e+00 1.233866213704025050e+01 6.755692112573439090e+01
1.930248728463339392e+00 1.233697877412392074e+01 5.881054006013123114e+01
1.965481173523475400e+00 1.233040185530393273e+01 5.140981905269347862e+01
1.998446876925557891e+00 1.231850866133427047e+01 4.514088174978243018e+01
2.028840634493306094e+00 1.230084700032176315e+01 3.983017261857538216e+01
2.056291377761937156e+00 1.227690930390317803e+01 3.533591776119156691e+01
2.080315896294617328e+00 1.224606447103573181e+01 3.154859947430629674e+01
2.100228412705428038e+00 1.220759105247697818e+01 2.838970553264933017e+01
2.114838134864408303e+00 1.216061427615929702e+01 2.583109794965371009e+01
2.121728870363700725e+00 1.210407208144628122e+01 2.394059432900095175e+01
