2.191799393479931801e-01 1.550982551689759603e+01 3.683552447462830693e+06
2.270970827592840857e-01 1.521785647731321056e+01 3.111977187076487578e+06
2.353418174122367534e-01 1.494731791735581794e+01 2.626106813620700501e+06
2.439373999926553183e-01 1.467370325254928254e+01 2.200062840354902670e+06
2.528650245369267191e-01 1.444149781688190970e+01 1.852948589408272179e+06
2.621510907750162489e-01 1.423241433138448109e+01 1.562243194327775622e+06
2.718027172373224110e-01 1.402256271740573546e+01 1.311570589093070943e+06
2.818254924367135095e-01 1.384634607274338336e+01 1.104868347893829690e+06
2.922340102335451717e-01 1.367502963962183493e+01 9.314440402773082023e+05
3.030199070802463424e-01 1.351187479181734119e+01 7.862041177669188473e+05
3.141849830229334617e-01 1.337239155732221541e+01 6.625855558523680083e+05
3.257698302704348792e-01 1.324255180973467283e+01 5.587194224482768914e+05
3.377451927909646545e-01 1.311422948360512208e+01 4.708209553869181545e+05
3.501410430770695026e-01 1.299863088574041292e+01 3.978469891965145944e+05
3.629672439298886610e-01 1.289579683300290291e+01 3.355768379802740528e+05
3.761943199513357317e-01 1.279480729573257491e+01 2.840984471449143020e+05
3.898636597112744573e-01 1.270470471900108933e+01 2.411037244244161702e+05
4.039602861821576796e-01 1.262291919119630279e+01 2.025594473522237677e+05
4.184957204868892111e-01 1.254732936741415905e+01 1.710062761538992927e+05
4.334744444501747451e-01 1.247565991083408399e+01 1.448082597450588946e+05
4.489027937499122656e-01 1.240990133985236810e+01 1.223948196778703859e+05
4.647598957627809835e-01 1.234815081488335409e+01 1.039807719342513301e+05
4.810336908870725403e-01 1.229214904442115497e+01 8.814003565819207870e+04
4.977725222430198770e-01 1.224058247715246139e+01 7.466123909736845235e+04
5.149412710796381631e-01 1.219113014845214238e+01 6.341576026462788286e+04
5.325515406432809185e-01 1.214563248962356745e+01 5.374474907929408801e+04
5.505976352776591476e-01 1.210570594209088746e+01 4.579818062719446607e+04
5.690822528791721346e-01 1.206642627274538171e+01 3.889746368544026336e+04
5.879539490714144057e-01 1.203056454903444639e+01 3.306523167628657393e+04
6.079617640406994594e-01 1.199688863717830323e+01 2.803408158237371026e+04
6.294460515730804229e-01 1.196552354770680537e+01 2.359089504473953639e+04
6.524799272335864986e-01 1.193804130170833488e+01 1.980159115029416716e+04
6.770474879152604819e-01 1.191472226410741442e+01 1.652839753559536257e+04
7.031500343156054100e-01 1.189518550869886404e+01 1.372954588547742242e+04
7.307713189608350257e-01 1.188027638911528960e+01 1.139147557553364641e+04
7.598761677905682133e-01 1.187150572129247017e+01 9.422179699386932043e+03
7.904444687801434055e-01 1.186614889530469164e+01 7.790622358632713258e+03
8.223994777206319329e-01 1.186809592257648838e+01 6.391679623013713353e+03
8.557178335864177310e-01 1.187216996328090168e+01 5.309957983077562858e+03
8.903284973260330304e-01 1.188038091863963075e+01 4.387235927051000544e+03
9.261737402228845673e-01 1.189283883838838562e+01 3.620065728496726933e+03
9.631691536404698439e-01 1.190668487797779207e+01 2.996383096269957605e+03
1.001203159836197898e+00 1.192645183464643210e+01 2.479617374519928489e+03
1.040232283728810270e+00 1.194292164641079879e+01 2.057037147351950807e+03
1.080111634944278975e+00 1.196750050303054458e+01 1.708941903385437172e+03
1.120728380748712505e+00 1.199114277446077814e+01 1.423748047369126880e+03
1.162003919370444560e+00 1.201525706906835822e+01 1.188011175529663205e+03
1.203781060470854536e+00 1.204118743656434987e+01 9.938064186869353307e+02
1.246020467141257804e+00 1.206932791471355593e+01 8.329371568944761748e+02
1.288471081897718085e+00 1.209342977058837221e+01 7.008024426935801330e+02
1.331184644019796970e+00 1.211787734228673585e+01 5.911061043530994539e+02
1.373834223713844116e+00 1.214574571690478599e+01 4.999990298023348032e+02
1.416372920457435791e+00 1.216539982485054594e+01 4.245036827655590059e+02
1.458726329271042399e+00 1.218854868055015572e+01 3.610873981727369255e+02
1.500674411535319885e+00 1.220827087585256265e+01 3.062903498178518475e+02
1.542186383111021630e+00 1.222924031074261286e+01 2.640756923070915718e+02
1.583075022450735725e+00 1.224267351255806524e+01 2.269386281198637221e+02
1.623216352130143925e+00 1.225660042549976758e+01 1.956876704816356778e+02
1.662522073488869712e+00 1.226734023863794931e+01 1.693685135144294236e+02
1.700890048420366840e+00 1.227623208034139601e+01 1.464791499092180231e+02
1.738175716752967448e+00 1.228204777286636862e+01 1.280107946046652501e+02
1.774329729990663296e+00 1.228556330009497621e+01 1.119678094051756858e+02
1.809292335026621901e+00 1.228381528598581696e+01 9.821293534448334128e+01
1.842910248856352018e+00 1.228068780300319851e+01 8.642413969435199306e+01
1.875191914194842990e+00 1.227479627389965522e+01 7.633309803999046039e+01
1.906013067607387645e+00 1.226497533758266023e+01 6.761291582759308483e+01
1.935336914159958788e+00 1.225189127447069204e+01 6.018277850636435033e+01
1.963144547416869168e+00 1.223542729066816648e+01 5.366098556037703560e+01
1.989362251392886360e+00 1.221658615618122568e+01 4.804457486998258986e+01
2.013952126328955483e+00 1.219392969893990575e+01 4.310709014784972481e+01
2.036949371523700592e+00 1.216882630697730683e+01 3.884272202369680826e+01
2.058288938036744398e+00 1.213932940335783606e+01 3.514333081042693863e+01
2.077981682139141029e+00 1.210845641733118150e+01 3.182678651765602496e+01
2.096048616217380367e+00 1.207365194676479447e+01 2.895694832273279928e+01
2.112459536249598813e+00 1.203630547150356911e+01 2.646624294448090353e+01
2.127240353973994136e+00 1.199667737133255940e+01 2.424729954982030478e+01
2.140417532786327737e+00 1.195451248355815643e+01 2.224664924546375033e+01
2.152017665572538263e+00 1.190938579144778586e+01 2.046780695887753510e+01
2.162063324089619876e+00 1.186277861151138246e+01 1.887842414042718175e+01
2.170586746097542097e+00 1.181349927549543999e+01 1.756326059041482779e+01
2.177639889365130088e+00 1.176141495651896918e+01 1.627921346547870129e+01
2.183242593833771839e+00 1.170801328259274321e+01 1.523067075241664980e+01
2.187448396880282253e+00 1.165252141528622154e+01 1.424807032401736961e+01
2.190301864193278991e+00 1.159581631380302724e+01 1.335495913730253115e+01
2.191853469863870529e+00 1.153734546132625560e+01 1.256870294436483881e+01
2.192154219566785134e+00 1.147764240184618600e+01 1.184886979807402696e+01
2.191247259459764063e+00 1.141641762141128247e+01 1.120962482631449397e+01
2.189169585386101513e+00 1.135411869105953642e+01 1.063646203878314367e+01
2.185973095221120488e+00 1.129069971201553102e+01 1.011373264166616970e+01
2.181688599954124452e+00 1.122665793556935832e+01 9.649009255396137519e+00
2.176365634266601123e+00 1.116260499184336830e+01 9.232526934084926751e+00
2.170059525536038425e+00 1.109761748903951784e+01 8.851900775944008259e+00
2.162814132130690847e+00 1.103217357176087887e+01 8.522210538268238267e+00
2.154681788693713962e+00 1.096643044252162547e+01 8.224777450892723607e+00
2.145716352673310290e+00 1.090142496294889796e+01 7.955477613641337875e+00
2.135982857349457475e+00 1.083679130629724341e+01 7.729850978103621095e+00
2.125520559755849082e+00 1.077198013496017737e+01 7.525293014604901742e+00
2.114386553711705918e+00 1.070807321190118166e+01 7.352270184272826192e+00
2.103177771519917361e+00 1.064901181777628381e+01 7.195044678422601869e+00
2.093121319096745037e+00 1.060531072707346034e+01 7.170197978602761424e+00
