2.383731302914612049e-01 1.510646317623783297e+01 2.423116349867075216e+06
2.522139162680080982e-01 1.469770860441376570e+01 1.847353416492372518e+06
2.666475174065187637e-01 1.434512153327103867e+01 1.415923007009884110e+06
2.816765662881323129e-01 1.403943650886042072e+01 1.090771266781920567e+06
2.973035616317528662e-01 1.377320677976793739e+01 8.442562567134945421e+05
3.135302323170711669e-01 1.354044281636902625e+01 6.564189641405032016e+05
3.303583685158129057e-01 1.333622102550484279e+01 5.125315691519370885e+05
3.477890799133585009e-01 1.315647968208872065e+01 4.018317414010056527e+05
3.658220096363219431e-01 1.299783529523197600e+01 3.162606993048381410e+05
3.844572373030394341e-01 1.285744195430040016e+01 2.498295188421376515e+05
4.036927339483021293e-01 1.273289656476687526e+01 1.980568376856402028e+05
4.235259592479175828e-01 1.262216024578760099e+01 1.575481442363557580e+05
4.439531038454353484e-01 1.252347712608789720e+01 1.257330028259979299e+05
4.649691639231560147e-01 1.243532497076754595e+01 1.006581345874411345e+05
4.865680031098345570e-01 1.235639780812761224e+01 8.082662896224430006e+04
5.087406573991226644e-01 1.228554621911649036e+01 6.509310272797906509e+04
5.314776769296478687e-01 1.222175650562264337e+01 5.257042619675897731e+04
5.547670879385562248e-01 1.216414239027426625e+01 4.257307872703386238e+04
5.785971829663925092e-01 1.211192311952096290e+01 3.456868255981501716e+04
6.031047770661027707e-01 1.206430399592332492e+01 2.810939088425941736e+04
6.289096855972858835e-01 1.202120993704104279e+01 2.279784634120258852e+04
6.562731029547612671e-01 1.198354651919656710e+01 1.843150210687571234e+04
6.852814027007644304e-01 1.195203742386021695e+01 1.486248963739808096e+04
7.159627878059867667e-01 1.192711640511776139e+01 1.196292850238623396e+04
7.483164749842291519e-01 1.190895400809545635e+01 9.619008539813261450e+03
7.823258612061765316e-01 1.189753497554613126e+01 7.731586399180730041e+03
8.179626165950071304e-01 1.189269524157989011e+01 6.216198134636755640e+03
8.551710543607350390e-01 1.189414123002302048e+01 5.002250135166013933e+03
8.938640982793660816e-01 1.190144843142479480e+01 4.031295247294774072e+03
9.339505606474680643e-01 1.191410953621879720e+01 3.255189241116468565e+03
9.753379140899061106e-01 1.193157574461342385e+01 2.634628630906363014e+03
1.017928068614204928e+00 1.195327819523122415e+01 2.137940362693777843e+03
1.061624650295519556e+00 1.197865184960346596e+01 1.739723693784422949e+03
1.106326560467236986e+00 1.200714286356997462e+01 1.419882789169581429e+03
1.151928126472694380e+00 1.203820461469801728e+01 1.162413326354764195e+03
1.198324110449756619e+00 1.207132205667648250e+01 9.545981604868103432e+02
1.245402342202292401e+00 1.210599222883242732e+01 7.864819116048450951e+02
1.293048469972555514e+00 1.214173421743550030e+01 6.500527108131744853e+02
1.341142431515062849e+00 1.217808770415708253e+01 5.390569382552653224e+02
1.389563653625313089e+00 1.221462078468560186e+01 4.484760564475648721e+02
1.438184309837305941e+00 1.225091104506906703e+01 3.743484698777202198e+02
1.486872354323523160e+00 1.228655204901425257e+01 3.135064289425239963e+02
1.535489844340649501e+00 1.232115374606057934e+01 2.634241660201166155e+02
1.583892929594599153e+00 1.235433202550959386e+01 2.220824167834786067e+02
1.631932742548919402e+00 1.238571502363492449e+01 1.878589955816995882e+02
1.679450468974185595e+00 1.241493405321267218e+01 1.594514417102369066e+02
1.726280890533181012e+00 1.244161750297421065e+01 1.358063266219078287e+02
1.772245254678788795e+00 1.246539766469391708e+01 1.160742119017359641e+02
1.817155622987295160e+00 1.248588656981712752e+01 9.956826621928894383e+01
1.860803240503618339e+00 1.250269386937919691e+01 8.572962836945021081e+01
1.902985002230110023e+00 1.251542034965736150e+01 7.409754768218589049e+01
1.943518057250295472e+00 1.252370454010558021e+01 6.429296183970988920e+01
1.982213117340431152e+00 1.252719977389396711e+01 5.600744923090191207e+01
2.018868876233748555e+00 1.252555147087568344e+01 4.898876040171540325e+01
2.053263762197205633e+00 1.251839564042744790e+01 4.303206437898197123e+01
2.085151993537544879e+00 1.250534710727690779e+01 3.797010023700677550e+01
2.114253884066182643e+00 1.248599034220586823e+01 3.366667537008084565e+01
2.140230360855048808e+00 1.245985683249127618e+01 3.001095733704944024e+01
2.162669387985705960e+00 1.242644502588441036e+01 2.691636467275437283e+01
2.181008405361268387e+00 1.238514091119118632e+01 2.431684393523065069e+01
2.194392042733263715e+00 1.233525805053925417e+01 2.217729328122447896e+01
2.201065559068302591e+00 1.227642799812949548e+01 2.053289821166131546e+01
