1.510646317623783297e+01 2.383731302914612049e-01 2.423116349867075216e+06
1.469770860441376570e+01 2.522139162680080982e-01 1.847353416492372518e+06
1.434512153327103867e+01 2.666475174065187637e-01 1.415923007009884110e+06
1.403943650886042072e+01 2.816765662881323129e-01 1.090771266781920567e+06
1.377320677976793739e+01 2.973035616317528662e-01 8.442562567134945421e+05
1.354044281636902625e+01 3.135302323170711669e-01 6.564189641405032016e+05
1.333622102550484279e+01 3.303583685158129057e-01 5.125315691519370885e+05
1.315647968208872065e+01 3.477890799133585009e-01 4.018317414010056527e+05
1.299783529523197600e+01 3.658220096363219431e-01 3.162606993048381410e+05
1.285744195430040016e+01 3.844572373030394341e-01 2.498295188421376515e+05
1.273289656476687526e+01 4.036927339483021293e-01 1.980568376856402028e+05
1.262216024578760099e+01 4.235259592479175828e-01 1.575481442363557580e+05
1.252347712608789720e+01 4.439531038454353484e-01 1.257330028259979299e+05
1.243532497076754595e+01 4.649691639231560147e-01 1.006581345874411345e+05
1.235639780812761224e+01 4.865680031098345570e-01 8.082662896224430006e+04
1.228554621911649036e+01 5.087406573991226644e-01 6.509310272797906509e+04
1.222175650562264337e+01 5.314776769296478687e-01 5.257042619675897731e+04
1.216414239027426625e+01 5.547670879385562248e-01 4.257307872703386238e+04
1.211192298959107028e+01 5.785966826870347912e-01 3.456851402916410007e+04
1.206428824459452542e+01 6.031431916779707025e-01 2.810134132940237760e+04
1.202129500769584602e+01 6.291133705707727675e-01 2.276716875742821139e+04
1.198405122227998731e+01 6.567570892431875418e-01 1.837759544007695513e+04
1.195335839730643279e+01 6.861444150758129190e-01 1.479148913335664838e+04
1.192967823884773892e+01 7.172928553149022779e-01 1.188183985972789924e+04
1.191318016068870023e+01 7.501934578408924192e-01 9.534119965476616926e+03
1.190382786442242669e+01 7.848229927836433140e-01 7.647730027174262432e+03
1.190140995554975589e+01 8.211345811414052509e-01 6.136884341553161903e+03
1.190556774793037853e+01 8.590511844886092874e-01 4.929967323716909050e+03
1.191581643993852957e+01 8.984888393796459649e-01 3.966923019962825947e+03
1.193162363200091569e+01 9.393620476737721825e-01 3.198626389367649608e+03
1.195242320134724778e+01 9.815863116958569723e-01 2.585401303197693323e+03
1.197764208698847455e+01 1.025069950221647597e+00 2.095200990598955286e+03
1.200672747527175410e+01 1.069727956989735995e+00 1.702732952146447133e+03
1.203912027640205729e+01 1.115465427552044586e+00 1.387833372924319065e+03
1.207430598384580733e+01 1.162189435905825130e+00 1.134601321330604378e+03
1.211177174174899029e+01 1.209803343592992908e+00 9.304292759022060864e+02
1.215105057724952786e+01 1.258210005061567882e+00 7.653694041950328710e+02
1.219167930480961815e+01 1.307305893031077026e+00 6.315535068249988626e+02
1.223324452175132748e+01 1.356990720320965460e+00 5.227618776829986018e+02
1.227534168850691465e+01 1.407158583566356036e+00 4.340573814354424371e+02
1.231759150572256445e+01 1.457702036547657176e+00 3.615216124231332628e+02
1.235963718075962170e+01 1.508510868985587949e+00 3.020314741009071327e+02
1.240113055884228110e+01 1.559471460535474696e+00 2.531017956290538109e+02
1.244178220505370547e+01 1.610475054180110055e+00 2.127424162615953662e+02
1.248125652531254914e+01 1.661400123599697798e+00 1.793562896394523136e+02
1.251927344123666508e+01 1.712130256364972070e+00 1.516585190598270856e+02
1.255557169532679573e+01 1.762547398659691789e+00 1.286204616366078142e+02
1.258987082592565265e+01 1.812528417671773306e+00 1.094032635210106292e+02
1.262192674908445333e+01 1.861952287505397319e+00 9.332917212414818664e+01
1.265149692440827245e+01 1.910694151316224998e+00 7.984941682145606023e+01
1.267834820217807668e+01 1.958629260676759021e+00 6.851579300526719862e+01
1.270225225330648300e+01 2.005631661494364337e+00 5.896185576209512647e+01
1.272298900453700732e+01 2.051573328809020769e+00 5.088736146886076739e+01
1.274035246637556718e+01 2.096327790657980028e+00 4.404710968270193661e+01
1.275413315689025850e+01 2.139766300282144318e+00 3.823871783391486900e+01
1.276412103992549341e+01 2.181757116571233723e+00 3.329458253809808355e+01
1.277011699219477237e+01 2.222170709302707436e+00 2.907602941568183752e+01
1.277192243274937233e+01 2.260875506161393655e+00 2.546897725385065669e+01
1.276934348118832396e+01 2.297736906824761061e+00 2.237825883954233319e+01
1.276217977258235159e+01 2.332621042995517424e+00 1.972460567864237646e+01
1.275023668781924435e+01 2.365389566461712612e+00 1.744167131965555839e+01
1.273332356968565549e+01 2.395902282168900665e+00 1.547454537976824795e+01
1.271123621933885950e+01 2.424015652559905476e+00 1.377635878522576185e+01
1.268377567171372888e+01 2.449579151120742981e+00 1.230873445601545946e+01
1.265074057106960836e+01 2.472444842815698873e+00 1.103858317646996667e+01
1.261197337234195004e+01 2.492537079332369565e+00 9.936442558973057615e+00
1.256741984161467407e+01 2.509840673761504881e+00 8.976427354294408190e+00
1.251708924919046950e+01 2.524359303058324233e+00 8.137553164768538849e+00
1.246103593165936552e+01 2.536107591942490025e+00 7.402155262641461064e+00
1.239935229741006317e+01 2.545111420887466558e+00 6.755739412443756642e+00
1.233215655164327096e+01 2.551402758536177817e+00 6.185987224625550063e+00
1.225959900089215893e+01 2.555023860549558989e+00 5.682728401992294565e+00
1.218185182177983705e+01 2.556023499608011118e+00 5.237272139339353316e+00
