2.191799393479931801e-01 1.550982551689759603e+01 3.683552447462830693e+06
2.270245654976142669e-01 1.520978259580083680e+01 3.112400974577683490e+06
2.351909258410941617e-01 1.493484469981307861e+01 2.614630738035805523e+06
2.437014565766614793e-01 1.468171749854986530e+01 2.204215722235999536e+06
2.525373648959099437e-01 1.445627070275780568e+01 1.862773996090719244e+06
2.617278941067734954e-01 1.426006506584685063e+01 1.552681790120065678e+06
2.712716774749690529e-01 1.403835686901063973e+01 1.323292237758238334e+06
2.811824997031616702e-01 1.385006611824457856e+01 1.119381328656668309e+06
2.914696664892530986e-01 1.368607482207512582e+01 9.425277688361547189e+05
3.021194005483092138e-01 1.353097609037491011e+01 7.981829945000478765e+05
3.131625793813157532e-01 1.338070729120654612e+01 6.718988139906126307e+05
3.246049382584871301e-01 1.325221576559150272e+01 5.670160745493374998e+05
3.364310192464751714e-01 1.312726653711188085e+01 4.794975656053578714e+05
3.486694573412527642e-01 1.301341337476542570e+01 4.058905561826435733e+05
3.613178901386095432e-01 1.290746931741525572e+01 3.430326039686696022e+05
3.743821941716188317e-01 1.280696040011839365e+01 2.897923137814555666e+05
3.878695405349951719e-01 1.271728995916445193e+01 2.453390914269675850e+05
4.017861286992554515e-01 1.263705131984669272e+01 2.075831461450057686e+05
4.161183402664223596e-01 1.255719124624763694e+01 1.763474473478249565e+05
4.308824453536819754e-01 1.248663542033440343e+01 1.479680017954317445e+05
4.460878670527337331e-01 1.242032540992599188e+01 1.265542176590706513e+05
4.617329341750022187e-01 1.235925789690325338e+01 1.071297108838935383e+05
4.777896574173250421e-01 1.230239137215550826e+01 9.093077798917314794e+04
4.942761400917728976e-01 1.224933949541629374e+01 7.724390229674066359e+04
5.111957824228516856e-01 1.220019386419591712e+01 6.567676864538106020e+04
5.285517820538098155e-01 1.215518826027865806e+01 5.583214797031773924e+04
5.463365178774810538e-01 1.211470939792284440e+01 4.749433470210074302e+04
5.645510251538238267e-01 1.207427452835494819e+01 4.042204711949636112e+04
5.831365995414342640e-01 1.203958967221761256e+01 3.449188232699171931e+04
6.021843549675995888e-01 1.200567191871974337e+01 2.936782328156817312e+04
6.215718038999219486e-01 1.197393090387608972e+01 2.507649795857186109e+04
6.413990483166222001e-01 1.194389116168535558e+01 2.144880971364974175e+04
6.616319347299997045e-01 1.191528757867454758e+01 1.832911025616581537e+04
6.822863785217008203e-01 1.188727196396075492e+01 1.564049467182066473e+04
7.032920055238798263e-01 1.186429005136507264e+01 1.341666982830752750e+04
7.246981055140189198e-01 1.183992585514270424e+01 1.149308179476351688e+04
7.465051290918404137e-01 1.181650709399266752e+01 9.863782622321350573e+03
7.686622365165505233e-01 1.179532983964792159e+01 8.384370148190631880e+03
7.911647047319253501e-01 1.177394090439223007e+01 7.262980629922965818e+03
8.140150835258623818e-01 1.175268585074818795e+01 6.242503835054767478e+03
8.372181570242247517e-01 1.173392121260572907e+01 5.372815959412248048e+03
8.607183901605122145e-01 1.171476795612424660e+01 4.619426237276315987e+03
8.845144550368190250e-01 1.169592786575840471e+01 3.979790726518739120e+03
9.085631093569944694e-01 1.168275363002427980e+01 3.429233434510223560e+03
9.328752411926599653e-01 1.165780088338472886e+01 2.939564030697506041e+03
9.573926943043385984e-01 1.163928349173032828e+01 2.559279203956268248e+03
9.821284712847530018e-01 1.162143118936819697e+01 2.212841891537591437e+03
1.007038441273550244e+00 1.160248305483228926e+01 1.916708879695840551e+03
1.032093067957130073e+00 1.158332036171136892e+01 1.659640569175675182e+03
1.057267710082360423e+00 1.156437187100727293e+01 1.439725705018434155e+03
1.082534373865136512e+00 1.154430950669417122e+01 1.241787254943160406e+03
1.107862910160760217e+00 1.152306104096501826e+01 1.087401811216450369e+03
1.133213123295128577e+00 1.150335784714856757e+01 9.466317171310413414e+02
1.158557870916857802e+00 1.148220569754559506e+01 8.247838636405783745e+02
1.183884917315041863e+00 1.146310332978593927e+01 7.200802446433856403e+02
1.209117355459392584e+00 1.143888196180004613e+01 6.285718206594427784e+02
1.234261185951390782e+00 1.141280922311156587e+01 5.508840681337821934e+02
1.259271819965290806e+00 1.138812090712150216e+01 4.824539196350189059e+02
1.284116721036808073e+00 1.136186373803527339e+01 4.223537857392508954e+02
1.308760776723969510e+00 1.133726336529854706e+01 3.706749895758429147e+02
1.333172229120451302e+00 1.130865971371174616e+01 3.262997837544949675e+02
1.357315816797057817e+00 1.128020180933491723e+01 2.871657762077414304e+02
1.381162859849873747e+00 1.125154376076011431e+01 2.522552050444402312e+02
1.404680630908852867e+00 1.121954492019888150e+01 2.236601506051746924e+02
1.427840398614800943e+00 1.118837908317528118e+01 1.976435870502960199e+02
1.450612403190186361e+00 1.115615262312201672e+01 1.749858061886177154e+02
1.473006221050987774e+00 1.112271471672601741e+01 1.551464976412436272e+02
1.495057094886766080e+00 1.108816590926805290e+01 1.376007082879162908e+02
1.516794238342997980e+00 1.105105372932765206e+01 1.221719045553928282e+02
1.538226400991334897e+00 1.101420417986028433e+01 1.085869449610331259e+02
1.559370176738520186e+00 1.097705243503405903e+01 9.657607508801264373e+01
1.580217316249515669e+00 1.093844562446010826e+01 8.556910766315731109e+01
1.600788760773581343e+00 1.089800622673264385e+01 7.653658738034232556e+01
1.621037488752818945e+00 1.085750519910954281e+01 6.817731218503301704e+01
1.640988228017251194e+00 1.081635759880160386e+01 6.079915661779968161e+01
1.660611762271903213e+00 1.077401766417611384e+01 5.421748336600612816e+01
1.679895172890974786e+00 1.073162971714793912e+01 4.843513920936875650e+01
1.698802416386242076e+00 1.068907991865246920e+01 4.323191451347525316e+01
1.717334157437374387e+00 1.064394035214631629e+01 3.865599265141275254e+01
1.735454606957652413e+00 1.059977697461444990e+01 3.461145880068425384e+01
1.753136320645460433e+00 1.055514517154386667e+01 3.090053277646866192e+01
1.770364691559798587e+00 1.050908905836687346e+01 2.778733032238191925e+01
1.787119860342240907e+00 1.046326219489003151e+01 2.496570639438499128e+01
1.803337762932354371e+00 1.041716947715870312e+01 2.243980825157235870e+01
1.818914137163158307e+00 1.037035893899776617e+01 2.014981831317583172e+01
1.833727109361027452e+00 1.032389654220635755e+01 1.824101134050416206e+01
1.847632202954442970e+00 1.027681960987386667e+01 1.645545470231884622e+01
1.860486524762421601e+00 1.022983611895949885e+01 1.498273507828253059e+01
1.872162894552506396e+00 1.018140044697644697e+01 1.361008041391575141e+01
1.882512066882517043e+00 1.013406617658552733e+01 1.249004556629967411e+01
1.891510199370502354e+00 1.008489274316346496e+01 1.144671841156845282e+01
1.899084114973943915e+00 1.003592730655060805e+01 1.059202551869478626e+01
1.905205368383368736e+00 9.986581464564244115e+00 9.818505010311499248e+00
1.909809317597193523e+00 9.936549262773072044e+00 9.150136001967624111e+00
1.912882017128101131e+00 9.886537223765243354e+00 8.568579383455567466e+00
1.914377811529694329e+00 9.836486895327606561e+00 8.048797084499508259e+00
1.914260100502336526e+00 9.786191861611369447e+00 7.635190894712259535e+00
1.912507077971146163e+00 9.736087872262316978e+00 7.292801959255691635e+00
1.909075938167333231e+00 9.688236686131263653e+00 6.993847988126692172e+00
1.904098348373963301e+00 9.646528657431932885e+00 6.814645515064097658e+00
