1.550982551689759603e+01 2.191799393479931801e-01 3.683552447462830693e+06
1.520716422181667760e+01 2.268881177606828503e-01 3.114574896481247619e+06
1.498336223737898365e+01 2.349070365256157866e-01 2.628743331523514353e+06
1.470313548384640967e+01 2.432585007361065532e-01 2.223062218880361877e+06
1.446213356830445917e+01 2.519217864547899088e-01 1.880510031308901263e+06
1.425715242674479200e+01 2.609273423063693254e-01 1.595949704153198749e+06
1.408585097597788405e+01 2.702770590866196976e-01 1.345901190636534011e+06
1.388187000940030735e+01 2.799783448777931061e-01 1.141251726149878232e+06
1.370725273409064116e+01 2.900410501049201506e-01 9.626964702201680047e+05
1.355328967693012210e+01 3.004632019210971561e-01 8.163708535654327134e+05
1.340526442516141969e+01 3.112678776179736984e-01 6.838832363084082026e+05
1.328118454429752227e+01 3.224188960435657170e-01 5.854300651368153049e+05
1.315089135627750672e+01 3.339795341439512621e-01 4.971738154960421962e+05
1.303821217946125444e+01 3.459166428746575095e-01 4.204012974005384021e+05
1.292935651996950241e+01 3.582602532717643062e-01 3.565849438991388306e+05
1.283283332576529467e+01 3.709955606547190032e-01 3.030179914844210143e+05
1.274200754039834038e+01 3.841638258920905824e-01 2.544750254333730554e+05
1.265855256313877142e+01 3.977199622914905919e-01 2.177155695134268899e+05
1.258269137013161476e+01 4.116621119156106956e-01 1.850446415969321970e+05
1.250947125437709495e+01 4.260531566444687446e-01 1.576061284725504811e+05
1.244196714146482563e+01 4.408345462953932592e-01 1.335585684575146297e+05
1.238203930068672243e+01 4.560578404580341583e-01 1.137282369519889471e+05
1.232499306710806941e+01 4.717141003251128506e-01 9.563126752734357433e+04
1.227077887245553711e+01 4.877601582063540442e-01 8.232299099848650803e+04
1.221933823470901892e+01 5.042067163682339981e-01 7.038009237392342766e+04
1.217487318992045964e+01 5.210881470001083038e-01 5.988037381953856675e+04
1.213245737619258335e+01 5.383865271572251254e-01 5.102123376323391858e+04
1.209178054041514372e+01 5.560984218683560076e-01 4.353324047537420120e+04
1.205528518477526667e+01 5.741901719585623676e-01 3.718915441173180443e+04
1.202201221047625346e+01 5.926887581362900725e-01 3.181402262830943073e+04
1.198987567740236138e+01 6.115754999377948087e-01 2.719358214228826546e+04
1.196075869834824523e+01 6.308641949704915097e-01 2.328138264599749891e+04
1.193086929546577935e+01 6.505554147463076253e-01 1.997007982805104257e+04
1.190424609906658659e+01 6.706542106517924262e-01 1.709117605437708335e+04
1.187632468293590016e+01 6.911505536180920783e-01 1.468811871874736971e+04
1.185493089183502669e+01 7.120594579209600372e-01 1.258133163170730404e+04
1.183126689244622654e+01 7.333527484686525044e-01 1.081405014086663869e+04
1.180984572410326905e+01 7.550150100547525778e-01 9.300093570832972546e+03
1.178823781172203411e+01 7.770894595151726092e-01 7.986668606290179923e+03
1.176881024757588357e+01 7.995121367602940898e-01 6.869646223214939710e+03
1.174844405317754692e+01 8.222952652682343766e-01 5.927575307516649445e+03
1.173040704393674361e+01 8.454263393753331801e-01 5.073929926987644649e+03
1.171146321553932879e+01 8.688914431012854100e-01 4.400262738889628963e+03
1.169487142686037728e+01 8.926824253167194856e-01 3.793214923546758655e+03
1.167596564558064998e+01 9.167332702644696019e-01 3.261975929091426224e+03
1.165808877780793118e+01 9.410713144905007432e-01 2.832844657786339212e+03
1.164150510677346873e+01 9.656398965144237234e-01 2.450301937936571903e+03
1.162403543301551778e+01 9.904645605696278388e-01 2.121473837376274332e+03
1.160632430277390803e+01 1.015467597086662233e+00 1.838607512462684099e+03
1.158854828647502444e+01 1.040624144905285542e+00 1.588166555526296634e+03
1.157457284221653282e+01 1.065944976742489780e+00 1.375318925239588225e+03
1.155176706993578328e+01 1.091392235857262305e+00 1.204389125844756109e+03
1.153294333525384374e+01 1.116903130057201210e+00 1.048518126821080841e+03
1.151634394986678345e+01 1.142477553176097782e+00 9.131795767763393314e+02
1.149473234895326357e+01 1.168085628848125390e+00 7.966779663764705219e+02
1.147597976491375604e+01 1.193665491910435250e+00 6.952510263679613445e+02
1.145613520729569323e+01 1.219218400432196869e+00 6.075925848652220793e+02
1.143547850255377085e+01 1.244738286142492045e+00 5.325466129541414375e+02
1.140909984248960640e+01 1.270256754708305902e+00 4.657375052578964869e+02
1.138888685462016603e+01 1.295791107936099085e+00 4.083257187826869199e+02
1.136517571655143932e+01 1.321355478981323328e+00 3.577894595122708097e+02
1.133730579701610353e+01 1.346925338320233312e+00 3.141483991160488358e+02
1.131205284381788623e+01 1.372525192891278722e+00 2.755667427467643051e+02
1.128761697965833655e+01 1.398125651376612044e+00 2.409160921571774736e+02
1.125908341945085489e+01 1.423718527493529340e+00 2.125739019202586917e+02
1.123194030581770875e+01 1.449275905416447685e+00 1.869966145440750154e+02
1.120452629219207097e+01 1.474790172754451234e+00 1.643932816180213479e+02
1.117669640801048381e+01 1.500204162742248659e+00 1.438934058848008419e+02
1.114670753033596462e+01 1.525504752092297300e+00 1.275144801427528307e+02
1.111692503292337442e+01 1.550662116769419452e+00 1.118227888955280918e+02
1.108702435527370866e+01 1.575632019288666141e+00 9.890234810110453623e+01
1.105587413565151067e+01 1.600373080715962626e+00 8.709022476888036124e+01
1.102451132954415769e+01 1.624864628645659392e+00 7.734380533838461247e+01
1.099274338089625225e+01 1.649056708357597323e+00 6.836690486185317184e+01
1.095977387752567367e+01 1.672907407908214461e+00 6.063676665454914883e+01
1.092665057016772856e+01 1.696388091594037695e+00 5.347312638767169091e+01
1.089308766633069503e+01 1.719459903308466098e+00 4.768268957959253385e+01
1.085880054271426509e+01 1.742100260079412211e+00 4.238180417578231385e+01
1.082343969160289632e+01 1.764107027769627356e+00 3.760936477557060442e+01
1.078869699051408126e+01 1.784016864576429606e+00 3.388437015542201891e+01
1.075452743427129043e+01 1.799184306018233537e+00 3.096433080862443177e+01
1.071906163503460974e+01 1.809439173763408792e+00 2.884228689936416856e+01
1.068213834727779599e+01 1.814960721632030705e+00 2.726927911682907180e+01
1.064644626705755215e+01 1.816047764594445724e+00 2.621317621369971462e+01
1.060803374933675869e+01 1.813737813467265703e+00 2.549405977273689672e+01
1.056742691606752516e+01 1.809223873814746364e+00 2.491458193617582140e+01
1.052215181872631256e+01 1.803105390197603963e+00 2.443604511713097338e+01
1.047439201935092612e+01 1.795772078857455822e+00 2.399914800985946073e+01
1.042425942382886994e+01 1.787460694864835498e+00 2.357247363788748373e+01
1.037042601664520269e+01 1.778381309147491596e+00 2.317834538005006806e+01
1.031377532235769401e+01 1.768625678901734721e+00 2.278420713701444811e+01
1.025500438729088337e+01 1.758358594366685290e+00 2.237805627434678613e+01
1.019362121368857821e+01 1.747656423954399907e+00 2.197174933901520077e+01
1.013020606784531097e+01 1.736581548889234439e+00 2.156163209959399651e+01
1.006397329978348587e+01 1.725248565154203106e+00 2.106969001384594264e+01
9.995936666207104082e+00 1.713708778644750907e+00 2.068637838492804804e+01
9.926336365788412053e+00 1.701996742609185542e+00 2.023161640726077692e+01
9.855485725741230496e+00 1.690164901833491884e+00 1.970896666408194164e+01
9.781894379612076307e+00 1.678277264491641496e+00 1.922250907625307903e+01
9.706307802102397631e+00 1.666355955732030436e+00 1.877462932829766373e+01
