1.550982551689759603e+01 2.191799393479931801e-01 3.683552447462830693e+06
1.519622017260114610e+01 2.273979493515665140e-01 3.079153564286416396e+06
1.493156137481365597e+01 2.359744548491036209e-01 2.597720456023738254e+06
1.464775607215264586e+01 2.449172188218013968e-01 2.149737820998254698e+06
1.440779316000715760e+01 2.542263969966122583e-01 1.808329798348943004e+06
1.418734245561289775e+01 2.639220907181138442e-01 1.507527866051440127e+06
1.398192017286942956e+01 2.740111022135346408e-01 1.262160172949595610e+06
1.379566203705614846e+01 2.845031843323931331e-01 1.056777557017701212e+06
1.362359932632656978e+01 2.953960009746374182e-01 8.845036324461551849e+05
1.346627139876855850e+01 3.067117720195313701e-01 7.402500537346904166e+05
1.332681683516399040e+01 3.184586230310532118e-01 6.216049306448540883e+05
1.318321226843401206e+01 3.306266330086340965e-01 5.207357012699349434e+05
1.306214528740095027e+01 3.432420941770163991e-01 4.362673735723126447e+05
1.294497714495960849e+01 3.563062502217245742e-01 3.664588811235394678e+05
1.284330748406169853e+01 3.698090516879021794e-01 3.075002669406632776e+05
1.274524294966515470e+01 3.837918537716463185e-01 2.580747538323438785e+05
1.265386033049110992e+01 3.982223776721186548e-01 2.162928818442575284e+05
1.257234701111210384e+01 4.131187680422886421e-01 1.818972472367000883e+05
1.249703279706480075e+01 4.284977872736225324e-01 1.527098421911940386e+05
1.242789179253676046e+01 4.443613977846340712e-01 1.286905093710446672e+05
1.236217588953412516e+01 4.606854319455019886e-01 1.083260053645136068e+05
1.230266450686873902e+01 4.774714491547447648e-01 9.112942163744560094e+04
1.224872920434158630e+01 4.947289265189157570e-01 7.692834485956977005e+04
1.219751448231868807e+01 5.124625942661210631e-01 6.488760575331463042e+04
1.215011284746084108e+01 5.306726016841344373e-01 5.473943098538229970e+04
1.210819766238583028e+01 5.493515788906592201e-01 4.626156841264928516e+04
1.206591355361076445e+01 5.685032251438754125e-01 3.907649089739981719e+04
1.202911801477342557e+01 5.880563626834530710e-01 3.310887278588056506e+04
1.199624124916696921e+01 6.080858096960291004e-01 2.795239592920436189e+04
1.196240166578883013e+01 6.285591065127204002e-01 2.356440961841842727e+04
1.193246926582995293e+01 6.494993913895019677e-01 2.013483768771855830e+04
1.190136611887530371e+01 6.709079754557787378e-01 1.706731321267577005e+04
1.187434611898590298e+01 6.928023328708780015e-01 1.450256576536247121e+04
1.185038657233002013e+01 7.151075416631428316e-01 1.231465663723521720e+04
1.182432223938461036e+01 7.379058255666230970e-01 1.047133669271771214e+04
1.180412711827625927e+01 7.611210085721770158e-01 8.913236328577808308e+03
1.178271444175046589e+01 7.848138572176518446e-01 7.578891718196856345e+03
1.175859117876853155e+01 8.089243134964345661e-01 6.465502766134792182e+03
1.174167343969478239e+01 8.334338337447801948e-01 5.516812969529937618e+03
1.172200708483792297e+01 8.583459062632197156e-01 4.704311196409065815e+03
1.171007829715106752e+01 8.836416619432806430e-01 4.018366761543317352e+03
1.168050892914729388e+01 9.093005032945467025e-01 3.436644086424064881e+03
1.166578165449731586e+01 9.352769095720530057e-01 2.935661134446147116e+03
1.164635950455605773e+01 9.615610811219873488e-01 2.512621121125831905e+03
1.162882069425703335e+01 9.881211682112353012e-01 2.155771424930554531e+03
1.161123589816004298e+01 1.014904964517890473e+00 1.849874778628155582e+03
1.159190949047465047e+01 1.041913362237758323e+00 1.589150587012347614e+03
1.157421164576110328e+01 1.069104022760069217e+00 1.366883140048096038e+03
1.155519349068224244e+01 1.096449576574400675e+00 1.176480348419783013e+03
1.153583114999168657e+01 1.123895750661874970e+00 1.009497314086895017e+03
1.151504075596616516e+01 1.151389537047077916e+00 8.745962619885582399e+02
1.149522613000007176e+01 1.178940884481982865e+00 7.512158785577761364e+02
1.147229727742455374e+01 1.206471666984957780e+00 6.546079824881084051e+02
1.145276706256972865e+01 1.233937524844048950e+00 5.671367188612089194e+02
1.143188555160418751e+01 1.261332793140806707e+00 4.919385636762632430e+02
1.140786688697016693e+01 1.288572937360983328e+00 4.253452253128397729e+02
1.138065962690786570e+01 1.315663096608165716e+00 3.720467262665763428e+02
1.135721765593184074e+01 1.342519735703547878e+00 3.240639695714002642e+02
1.132737940537018773e+01 1.369126643901993123e+00 2.829311331093717286e+02
1.130104558843774498e+01 1.395432503985313488e+00 2.461909407975286967e+02
1.127134115731389841e+01 1.421402546115128063e+00 2.163808665541702396e+02
1.124184832611101648e+01 1.447001143279242008e+00 1.898205426031915124e+02
1.120929636063880963e+01 1.472180288979952456e+00 1.666768968476509940e+02
1.117677299434659055e+01 1.496911499907101151e+00 1.465253722510766750e+02
1.114262491975613045e+01 1.521147855771988189e+00 1.284588400052144834e+02
1.110829281172940419e+01 1.544861105676211821e+00 1.132879669825716320e+02
1.107214909283243287e+01 1.568022287777762092e+00 1.001522626691080262e+02
1.103385669778653266e+01 1.590590406982033134e+00 8.875197496783361828e+01
1.099547925981718954e+01 1.612544303876055185e+00 7.901208323175569603e+01
1.095526769301365100e+01 1.633859431029208942e+00 7.012921245341546239e+01
1.091465506735033131e+01 1.654496517220427565e+00 6.216882550663224549e+01
1.087243076972641909e+01 1.674442587895446977e+00 5.561100999055296512e+01
1.082903947479573681e+01 1.693671123897833253e+00 4.963551745889895983e+01
1.078452690592114749e+01 1.712166410294459151e+00 4.443597856483672359e+01
1.073885079840897028e+01 1.729907156141073044e+00 3.961975671492829321e+01
1.069238255117692660e+01 1.746884643149592575e+00 3.556449392265631104e+01
1.064404562779118990e+01 1.763077329902295487e+00 3.210569943663300307e+01
1.059562147598605719e+01 1.778480653767317676e+00 2.890577138900244236e+01
1.054514369299770671e+01 1.793085534669996761e+00 2.609298416700508838e+01
1.049387366711049552e+01 1.806882747642928111e+00 2.356791559563756167e+01
1.044303897974542217e+01 1.819869679512805316e+00 2.133428338313931505e+01
1.039034997862036214e+01 1.832046471791562769e+00 1.934082198794763841e+01
1.033659929504739239e+01 1.843403614687532333e+00 1.751607172013648750e+01
1.028243459949417193e+01 1.853789539210036974e+00 1.601485088927694278e+01
1.022921563318150717e+01 1.862611829337164737e+00 1.462374406728180887e+01
1.017812603727706566e+01 1.868490981117653105e+00 1.358335050606129002e+01
1.012381853601698189e+01 1.873044661102083452e+00 1.266284404817150033e+01
1.006689693164215171e+01 1.876797882547817320e+00 1.176977225259103932e+01
1.000806925784061008e+01 1.879819594520871773e+00 1.094892046649647099e+01
9.948566082206369288e+00 1.882135596929984667e+00 1.019129980847381667e+01
9.887805264290234319e+00 1.883682392323066335e+00 9.509051794991622231e+00
9.827308460315054006e+00 1.884355707852190864e+00 8.870764654462822918e+00
9.767102459695150785e+00 1.884018046001688651e+00 8.328757501199341107e+00
9.709944646616710529e+00 1.882382810393568695e+00 7.893766849893061988e+00
9.654492451640203754e+00 1.879177472044160968e+00 7.510920514865523145e+00
9.599644225118558083e+00 1.874393786652213567e+00 7.217168211510335496e+00
9.546839209294700979e+00 1.868228234869674376e+00 6.992666940991306035e+00
9.493885353582600217e+00 1.860825696677325558e+00 6.795090272924269037e+00
9.440746199845699849e+00 1.852372056629142172e+00 6.628356698506908451e+00
9.387475535227036261e+00 1.842998796898579483e+00 6.475787027758389769e+00
