2.383731302914612049e-01 1.510646317623783297e+01 2.423116349867075216e+06
2.522139162680080982e-01 1.469770860441376570e+01 1.847353416492372518e+06
2.666475174065187637e-01 1.434512153327103867e+01 1.415923007009884110e+06
2.816765662881323129e-01 1.403943650886042072e+01 1.090771266781920567e+06
2.973035616317528662e-01 1.377320677976793739e+01 8.442562567134945421e+05
3.135302323170711669e-01 1.354044281636902625e+01 6.564189641405032016e+05
3.303583685158129057e-01 1.333622102550484279e+01 5.125315691519370885e+05
3.477890799133585009e-01 1.315647968208872065e+01 4.018317414010056527e+05
3.658220096363219431e-01 1.299783529523197600e+01 3.162606993048381410e+05
3.844572373030394341e-01 1.285744195430040016e+01 2.498295188421376515e+05
4.036927339483021293e-01 1.273289656476687526e+01 1.980568376856402028e+05
4.235259592479175828e-01 1.262216024578760099e+01 1.575481442363557580e+05
4.439531038454353484e-01 1.252347712608789720e+01 1.257330028259979299e+05
4.649691639231560147e-01 1.243532497076754595e+01 1.006581345874411345e+05
4.865680031098345570e-01 1.235639780812761224e+01 8.082662896224430006e+04
5.087406573991226644e-01 1.228554621911649036e+01 6.509310272797906509e+04
5.314776769296478687e-01 1.222175650562264337e+01 5.257042619675897731e+04
5.547670879385562248e-01 1.216414239027426625e+01 4.257307872703386238e+04
5.785972227819200508e-01 1.211192458632358715e+01 3.456853884037711396e+04
6.029415434128488904e-01 1.206438865992372556e+01 2.814323639946748517e+04
6.277259116292766006e-01 1.202088356384396484e+01 2.298001465662070041e+04
6.528678168173750462e-01 1.198069801860751227e+01 1.882432596310516965e+04
6.783774201649371838e-01 1.194314790650340363e+01 1.546238974310769481e+04
7.043105273186699433e-01 1.190778833773440581e+01 1.272835887331357662e+04
7.307047955346930301e-01 1.187430822676576803e+01 1.049642357904128221e+04
7.575880987100920283e-01 1.184249313831546502e+01 8.669296921965207730e+03
7.849765726002876365e-01 1.181215495115079328e+01 7.169825983676946635e+03
8.128785562076421556e-01 1.178315012469450807e+01 5.937421814604033898e+03
8.412921742567979200e-01 1.175532766439097543e+01 4.922932654641114823e+03
8.702106300150048712e-01 1.172855765113743409e+01 4.086683958178758076e+03
8.996197294912506859e-01 1.170270183390999463e+01 3.396726227195012143e+03
9.295013041323767489e-01 1.167763796211946570e+01 2.826751321006579019e+03
9.598282413779847255e-01 1.165321710816859380e+01 2.355432094622859495e+03
9.905729517188686106e-01 1.162931355606495032e+01 1.965279086598225149e+03
1.021702127961244599e+00 1.160578939456145164e+01 1.641995261017202210e+03
1.053178754853775878e+00 1.158251242696445793e+01 1.373789147599638454e+03
1.084962026349059361e+00 1.155934294066345913e+01 1.151040136964850035e+03
1.117007893556795528e+00 1.153615237582106445e+01 9.658398812738764718e+02
1.149269815054180466e+00 1.151280674779109248e+01 8.116612861246073862e+02
1.181699544510703248e+00 1.148918180600613859e+01 6.831502549808009235e+02
1.214244428628133310e+00 1.146514678790496689e+01 5.758956345363899345e+02
1.246850899029950277e+00 1.144058233723809082e+01 4.862666732525737530e+02
1.279463921351543076e+00 1.141537113527616043e+01 4.112559971351948889e+02
1.312026772049414758e+00 1.138940048007514960e+01 3.483949672264975561e+02
1.344480733542790407e+00 1.136256424637942253e+01 2.956440587405562042e+02
1.376768432257486685e+00 1.133475892364652182e+01 2.513070719424448782e+02
1.408828659448416287e+00 1.130589062447183579e+01 2.139902757498400661e+02
1.440601978770835512e+00 1.127586616154806265e+01 1.825316308347559868e+02
1.472027600948782489e+00 1.124460315568919810e+01 1.559746783176059068e+02
1.503045406091984448e+00 1.121202140843422512e+01 1.335177828995129232e+02
1.533595250228376061e+00 1.117804991258029723e+01 1.145000987856273440e+02
1.563617941718157489e+00 1.114262254472936142e+01 9.836909613830363242e+01
1.593055507395411352e+00 1.110567747349441348e+01 8.466447273669220408e+01
1.621849563964450791e+00 1.106716395959154120e+01 7.300330341355127928e+01
1.649943980855863579e+00 1.102703301488812926e+01 6.306412357572411054e+01
1.677284832579256424e+00 1.098524496606745693e+01 5.458029998788994419e+01
1.703818694215505802e+00 1.094176457522187285e+01 4.732583505827850701e+01
1.729494991051393704e+00 1.089656370441037048e+01 4.111374219233120186e+01
1.754265220624022348e+00 1.084962035261237112e+01 3.578394153176662940e+01
1.778082255498149467e+00 1.080091836217034995e+01 3.120628194198495819e+01
1.800903159760761651e+00 1.075044693392853290e+01 2.726594065660995625e+01
1.822687255396061579e+00 1.069820149798874631e+01 2.386951053566136238e+01
1.843395241899177694e+00 1.064418475390450425e+01 2.093725221736346498e+01
1.862992470782167675e+00 1.058840345855884557e+01 1.840166870492220141e+01
1.881446539885915481e+00 1.053087212026816566e+01 1.620526234526637666e+01
1.898728598653544264e+00 1.047160606962554041e+01 1.429987625516895910e+01
1.914812929741655623e+00 1.041063256663891501e+01 1.264436230485791235e+01
1.929677520616093434e+00 1.034797987815908726e+01 1.120351382158114184e+01
1.943303175881518019e+00 1.028368281482681290e+01 9.947613514956556102e+00
1.955674381242786808e+00 1.021778048812343975e+01 8.851144992688528390e+00
1.966779380372016162e+00 1.015031913637616157e+01 7.892430586512301005e+00
1.976608333740641710e+00 1.008135098383886152e+01 7.052961265030312177e+00
1.985051951986886554e+00 1.001106460828101774e+01 6.320226403676854510e+00
1.991575700459302212e+00 9.939847780219114526e+00 5.693508303267147852e+00
