1.550982551689759603e+01 2.191799393479931801e-01 3.683552447462830693e+06
1.518515316473992449e+01 2.276281029884814622e-01 3.076789813390296418e+06
1.489990682802180899e+01 2.364544807053633457e-01 2.554345257043819409e+06
1.463511215277645228e+01 2.456669114576547630e-01 2.127967802396150306e+06
1.439058926131030880e+01 2.552693967306254308e-01 1.765356669956849189e+06
1.415539434918003536e+01 2.652794287580145793e-01 1.470841560349842068e+06
1.395510483155994841e+01 2.757061691753816546e-01 1.226689115289648762e+06
1.376328090677556482e+01 2.865603017438320133e-01 1.021686573453605059e+06
1.358819162050710361e+01 2.978425990967089598e-01 8.520339231785826851e+05
1.342915533934698225e+01 3.095679658288938985e-01 7.093532097118860111e+05
1.328410114886930060e+01 3.217404372584841132e-01 5.915383741534254514e+05
1.314589254619568237e+01 3.343847082957212002e-01 4.928720588351871702e+05
1.302293125265828344e+01 3.474777796662086304e-01 4.119556317697924096e+05
1.290708152768168127e+01 3.610551340497457073e-01 3.439334164438556763e+05
1.280193623162580430e+01 3.751092776866198908e-01 2.869589564132046653e+05
1.270558938730242104e+01 3.896537728284634183e-01 2.400052810827283247e+05
1.261880962459913746e+01 4.046892688805242000e-01 2.010714033841304190e+05
1.253550399635649981e+01 4.202129774689553621e-01 1.679920127446063561e+05
1.246048009661671330e+01 4.362521247345261810e-01 1.405479150370722928e+05
1.239284483839444206e+01 4.527689365951476641e-01 1.176429345958824706e+05
1.232834760534814578e+01 4.698125271967868444e-01 9.879717392843085690e+04
1.227285929984907220e+01 4.873474970026286934e-01 8.260938124908559257e+04
1.221650744774101405e+01 5.053498802887836927e-01 6.932239081195507606e+04
1.216752844496516772e+01 5.238716368536994183e-01 5.829981123596391990e+04
1.212205563691606436e+01 5.428911607220874291e-01 4.898383076013930258e+04
1.207984032590503887e+01 5.624062142460302116e-01 4.118957400273271924e+04
1.204121914824256834e+01 5.823617696416401035e-01 3.471468591981088684e+04
1.200304014902080318e+01 6.028418055128245134e-01 2.905882549754250795e+04
1.197023666019381416e+01 6.237470991085624084e-01 2.466003097478650670e+04
1.193892826924893136e+01 6.451717868365882680e-01 2.061933009944909645e+04
1.190789179643394746e+01 6.671124592734583025e-01 1.747024843874275030e+04
1.187698253760177636e+01 6.895407100327541894e-01 1.486834205047532487e+04
1.185419000224215225e+01 7.125038586560225040e-01 1.255415002102811559e+04
1.182859502256945206e+01 7.359686674504448689e-01 1.063598135438402278e+04
1.180556496477976225e+01 7.599366827148057446e-01 8.990841998175512344e+03
1.178383332961455565e+01 7.843954052193978788e-01 7.612338629479873816e+03
1.176262245433988340e+01 8.093337399615814221e-01 6.462332297996567831e+03
1.174244532205313618e+01 8.347592395080255523e-01 5.477493657302931751e+03
1.171982499747800510e+01 8.606276773661480917e-01 4.650607305062580053e+03
1.170426005998146302e+01 8.869405301793771290e-01 3.947504032733091208e+03
1.168485947692384919e+01 9.136685164939482018e-01 3.357071339163616358e+03
1.166729020100164327e+01 9.407726040248362009e-01 2.853995000482882915e+03
1.164923990511119989e+01 9.682361446605963762e-01 2.430750263898235971e+03
1.163698815452771917e+01 9.960152959030077469e-01 2.071492009979749582e+03
1.161315845540922176e+01 1.024075455753828745e+00 1.769624092800605695e+03
1.159532634946216234e+01 1.052415602959456908e+00 1.500502286238384158e+03
1.157772221115087952e+01 1.080942582388534801e+00 1.290855796340513052e+03
1.156053423609376551e+01 1.109664103059492035e+00 1.107313971317380265e+03
1.154039998064898498e+01 1.138523831486186078e+00 9.492403948383501984e+02
1.152215007705696515e+01 1.167452903416420051e+00 8.154246183547287501e+02
1.150598385028371595e+01 1.196447069236124205e+00 7.002803525818420667e+02
1.148432826920444327e+01 1.225446787679717708e+00 6.031279819041662904e+02
1.146065077596325033e+01 1.254383450000924771e+00 5.198262719368809712e+02
1.143925442734566467e+01 1.283245160491224501e+00 4.489616980223868836e+02
1.141386189972997478e+01 1.311951041062298318e+00 3.859020734963778523e+02
1.139209481427784887e+01 1.340489553503892983e+00 3.363221546105576181e+02
1.136528267846312090e+01 1.368787164849873728e+00 2.916413902629138875e+02
1.133972068520941789e+01 1.396790761619686405e+00 2.534306608106617773e+02
1.131149356457579813e+01 1.424474537900999760e+00 2.205306529570115401e+02
1.128492275064458461e+01 1.451793239848023109e+00 1.921657706983604612e+02
1.125274884734055902e+01 1.478696988118404887e+00 1.677051903169337379e+02
1.122184935913345605e+01 1.505120164601840838e+00 1.467818199633539393e+02
1.118926505419900508e+01 1.531057125095985905e+00 1.285845144608722137e+02
1.115504606796412013e+01 1.556445393869125171e+00 1.122818242794070329e+02
1.112006191206885042e+01 1.581242719858499512e+00 9.915260629231147504e+01
1.108432703683606846e+01 1.605425448326460725e+00 8.735170375634156414e+01
1.104615392825210662e+01 1.628954813466056084e+00 7.674531183639761878e+01
1.100695112553760602e+01 1.651794125959971327e+00 6.812143455059364783e+01
1.096693189511220190e+01 1.673918431731696854e+00 6.029439524973127362e+01
1.092551458701831812e+01 1.695293089782776930e+00 5.332328367138875791e+01
1.088270180593557512e+01 1.715901550439265399e+00 4.738491478163093262e+01
1.083809853198861184e+01 1.735712649780940753e+00 4.233111859688760603e+01
1.079279763800406045e+01 1.754707915817244279e+00 3.778863244886395734e+01
1.074710018449185434e+01 1.772872268511227034e+00 3.376648826547201310e+01
1.069870683730838756e+01 1.790187746405351055e+00 3.013836320596445972e+01
1.065033244999977668e+01 1.806643980043150854e+00 2.714356132518105369e+01
1.060025092124483237e+01 1.822230975891196092e+00 2.440574080588333672e+01
1.054897987470743992e+01 1.836933804762768130e+00 2.189985553054428280e+01
1.049763798455822972e+01 1.850766848076512261e+00 1.982294590289039959e+01
1.044456557853523826e+01 1.863709527142576317e+00 1.785871129343716746e+01
1.039002301091439584e+01 1.875764042333874837e+00 1.618616456269106862e+01
1.033578205152177176e+01 1.886939144551661895e+00 1.473153677034335018e+01
1.028047359403443650e+01 1.897237010881356323e+00 1.335936770139106322e+01
1.022430214332567822e+01 1.906662407795672420e+00 1.220664385915778460e+01
1.016746325188047706e+01 1.915222988294026818e+00 1.110872907645070207e+01
1.010980703649694945e+01 1.922927083133328052e+00 1.018683900589282132e+01
1.005187889592127171e+01 1.929797686293164061e+00 9.307144511230479367e+00
9.992994658666344066e+00 1.935821105535903586e+00 8.549780877766647080e+00
9.935135297836293233e+00 1.940633608905460550e+00 7.886866587099936154e+00
9.879936616271754346e+00 1.943229405221079897e+00 7.382066222087815710e+00
9.825996128645257954e+00 1.943739028603049812e+00 6.923855089405084762e+00
9.771472635207986812e+00 1.942428783794917901e+00 6.569525258555211522e+00
9.715121522229130946e+00 1.939482626831571688e+00 6.235114884070474872e+00
9.660010262650919444e+00 1.935117944640651899e+00 5.978851041295637714e+00
9.602689751012027486e+00 1.929496567819118713e+00 5.724115002158071341e+00
9.545842684832988922e+00 1.922773501293771226e+00 5.525747844587111324e+00
9.488106397569158190e+00 1.915069595088710663e+00 5.329958236108548242e+00
9.431088976287757220e+00 1.906521266659875424e+00 5.169667970809798341e+00
9.374077455400792402e+00 1.897191262052127625e+00 5.027498633882312440e+00
9.318902333639504931e+00 1.887187929869972969e+00 4.920424225930928763e+00
