2.383731302914612049e-01 1.510646317623783297e+01 2.423116349867075216e+06
2.522139162680080982e-01 1.469770860441376570e+01 1.847353416492372518e+06
2.666475174065187637e-01 1.434512153327103867e+01 1.415923007009884110e+06
2.816765662881323129e-01 1.403943650886042072e+01 1.090771266781920567e+06
2.973035616317528662e-01 1.377320677976793739e+01 8.442562567134945421e+05
3.135302323170711669e-01 1.354044281636902625e+01 6.564189641405032016e+05
3.303583685158129057e-01 1.333622102550484279e+01 5.125315691519370885e+05
3.477890799133585009e-01 1.315647968208872065e+01 4.018317414010056527e+05
3.658220096363219431e-01 1.299783529523197600e+01 3.162606993048381410e+05
3.844572373030394341e-01 1.285744195430040016e+01 2.498295188421376515e+05
4.036927339483021293e-01 1.273289656476687526e+01 1.980568376856402028e+05
4.235259592479175828e-01 1.262216024578760099e+01 1.575481442363557580e+05
4.439531038454353484e-01 1.252347712608789720e+01 1.257330028259979299e+05
4.649691639231560147e-01 1.243532497076754595e+01 1.006581345874411345e+05
4.865680031098345570e-01 1.235639780812761224e+01 8.082662896224430006e+04
5.087406573991226644e-01 1.228554621911649036e+01 6.509310272797906509e+04
5.314776769296478687e-01 1.222175650562264337e+01 5.257042619675897731e+04
5.547670879385562248e-01 1.216414239027426625e+01 4.257307872703386238e+04
5.785972030041958147e-01 1.211192421205171321e+01 3.456845198609743966e+04
6.029527556673731636e-01 1.206438287712299662e+01 2.814089164276654628e+04
6.278393905750678794e-01 1.202089996255628357e+01 2.296246774282892511e+04
6.532674948448974339e-01 1.198096482687282638e+01 1.877673308131039812e+04
6.792416400224853268e-01 1.194414127824970073e+01 1.538458030087645784e+04
7.057607505226759503e-01 1.191005947029679390e+01 1.262900355686918010e+04
7.328195636413558089e-01 1.187838017027519477e+01 1.038551172274171404e+04
7.604081401576504584e-01 1.184880791595100291e+01 8.555794348535862810e+03
7.885119842396922651e-01 1.182105061253312428e+01 7.060419310131480415e+03
8.171133707056891238e-01 1.179485587658551538e+01 5.836430019511101818e+03
8.461904309868016894e-01 1.176997508246923729e+01 4.832857607007521437e+03
8.757177317845975528e-01 1.174617514407064078e+01 4.008569898859054319e+03
9.056690090362816692e-01 1.172324188544077828e+01 3.330502232463026758e+03
9.360093732111286480e-01 1.170095745481347826e+01 2.771787387387633771e+03
9.667076944567138952e-01 1.167912977000419872e+01 2.310752739185780229e+03
9.977248689969335782e-01 1.165756728112290475e+01 1.929661250567132811e+03
1.029023986975398319e+00 1.163609704355778263e+01 1.614177463298079374e+03
1.060560275676740050e+00 1.161453738116334478e+01 1.352565471790529500e+03
1.092291837291940571e+00 1.159273470862177824e+01 1.135294809509317474e+03
1.124172348613491357e+00 1.157053490308565102e+01 9.545722884052904647e+02
1.156153416427352365e+00 1.154779027098675037e+01 8.039985100444345107e+02
1.188185446639130838e+00 1.152436481507581334e+01 6.783399075020676037e+02
1.220216523796632702e+00 1.150012724648399676e+01 5.733111750275887744e+02
1.252195428405976418e+00 1.147495901971774934e+01 4.853898417974267545e+02
1.284067140368644333e+00 1.144874326194654124e+01 4.116668034803699356e+02
1.315777157603287506e+00 1.142137393902442000e+01 3.497483631849729022e+02
1.347269554121375057e+00 1.139275078137675479e+01 2.976616493405878145e+02
1.378490181741569121e+00 1.136278510599846747e+01 2.537735007352141849e+02
1.409381006495160849e+00 1.133139028499893897e+01 2.167375893007668992e+02
1.439885900781431749e+00 1.129848934177212527e+01 1.854311637780093349e+02
1.469948452743625733e+00 1.126401161016806185e+01 1.589286414868377904e+02
1.499512680413092935e+00 1.122789256907953437e+01 1.364534693762125528e+02
1.528522981597226549e+00 1.119007641785241702e+01 1.173652618266674352e+02
1.556924628790475662e+00 1.115051263912853408e+01 1.011266290595039266e+02
1.584664024735375376e+00 1.110915884638783702e+01 8.728930378430845849e+01
1.611687729814076375e+00 1.106597624844051531e+01 7.548232789043282764e+01
1.637945675881080421e+00 1.102093584622945777e+01 6.538798596346435943e+01
1.663387344634812193e+00 1.097401322223735143e+01 5.674760889624727866e+01
1.687965665071490262e+00 1.092519063868866880e+01 4.933847456239229956e+01
1.711634743930142921e+00 1.087445675061593420e+01 4.297560100117019033e+01
1.734350691130375877e+00 1.082180640372554947e+01 3.750203710671646462e+01
1.756072692545223912e+00 1.076724132597034256e+01 3.278578491309755805e+01
1.776761942022711871e+00 1.071076403865622062e+01 2.871716649744836758e+01
1.796382461862626512e+00 1.065239036531294481e+01 2.520078752268814526e+01
1.814901085478544562e+00 1.059213738577533093e+01 2.215668789293347629e+01
1.832287448697504040e+00 1.053002913601658008e+01 1.951830437618750125e+01
1.848514453719751982e+00 1.046609386785501172e+01 1.722733264579198575e+01
1.863558020295631668e+00 1.040036693559314251e+01 1.523507383493524259e+01
1.877397079195977536e+00 1.033288810497798060e+01 1.350022622831721186e+01
1.890013492761742908e+00 1.026370317004788113e+01 1.198691443797755163e+01
1.901394850654168023e+00 1.019285866549400943e+01 1.066510644479587100e+01
1.911528093444026855e+00 1.012041383971017972e+01 9.508723638144347845e+00
1.920361332075010585e+00 1.004650224088917376e+01 8.497746912188949509e+00
1.927627985752566664e+00 9.971364573649985630e+00 7.621923669831601522e+00
1.932770545163615905e+00 9.895244975617487171e+00 6.877863451498429370e+00
1.933464127223574414e+00 9.822217754171003179e+00 6.330412684416788949e+00
