1.550982551689759603e+01 2.191799393479931801e-01 3.683552447462830693e+06
1.525353035571814608e+01 2.270385529817323389e-01 3.153099037570008542e+06
1.495791015788768519e+01 2.352213600141247474e-01 2.631727807770456187e+06
1.467726084269415843e+01 2.437492049973871144e-01 2.199114278757186607e+06
1.444747956447201709e+01 2.526013318392003604e-01 1.859768856926953187e+06
1.423316998915184683e+01 2.618114165597351661e-01 1.567452988363776123e+06
1.403664999354991849e+01 2.713783829200489550e-01 1.321105084101626649e+06
1.385473010303365093e+01 2.813118226740087824e-01 1.114051216613634722e+06
1.368436397621453615e+01 2.916234289269105107e-01 9.426070450613473076e+05
1.352805711578701953e+01 3.022959430516019008e-01 7.939521742096462986e+05
1.338222273695844322e+01 3.133756167387194425e-01 6.695687342898322968e+05
1.325329843839009314e+01 3.248364018460852543e-01 5.649188154708853690e+05
1.312236136622860272e+01 3.366949885074977944e-01 4.775862531305517768e+05
1.300955973941416310e+01 3.489651384630858555e-01 4.037099824689492816e+05
1.290581014663609416e+01 3.616502000529572824e-01 3.415199789474697900e+05
1.280881047349146229e+01 3.747463470736971947e-01 2.883151205519633950e+05
1.271453922409112813e+01 3.882697609140066120e-01 2.439917924946202838e+05
1.263202979950835747e+01 4.022277349043699712e-01 2.065834831251640280e+05
1.255591700234220021e+01 4.165975158781266008e-01 1.748171891454404104e+05
1.248333221488672962e+01 4.314010665557673763e-01 1.479862681843180326e+05
1.241778853576576225e+01 4.466515143483229533e-01 1.255295998625303182e+05
1.235828622771230201e+01 4.623403503651419832e-01 1.063928884050331399e+05
1.229996026835076428e+01 4.784443866740172302e-01 9.034210657460764924e+04
1.224859910928818429e+01 4.949774446909105952e-01 7.670790234966865683e+04
1.219889033885628216e+01 5.119476730515460927e-01 6.512591884724093688e+04
1.215495966873501210e+01 5.293540573112012204e-01 5.542480648445786210e+04
1.211322214035461187e+01 5.471915036069024962e-01 4.706680404580888717e+04
1.207389668961823226e+01 5.654599187412452377e-01 4.014112721574886382e+04
1.203808734874936270e+01 5.840990381011748056e-01 3.416827852058115968e+04
1.200409596539382306e+01 6.032008552157451797e-01 2.912145199782811687e+04
1.197156657729613727e+01 6.226693076234421920e-01 2.485601216931491217e+04
1.194648307127646625e+01 6.425993554921095585e-01 2.101951707278268805e+04
1.191276900935859473e+01 6.629749722271207624e-01 1.815488603802167563e+04
1.188670298760541222e+01 6.838034936134217423e-01 1.550688634749494668e+04
1.186214236666426380e+01 7.050561973461592080e-01 1.326530756369497612e+04
1.183872793103508236e+01 7.267790029245572159e-01 1.133040033014825531e+04
1.181653172229827220e+01 7.489534270429273333e-01 9.650974046786706822e+03
1.179435776798719715e+01 7.715641011581090281e-01 8.307646813098539496e+03
1.177643996612053812e+01 7.946120737185062843e-01 7.111751030975819958e+03
1.175531975354443581e+01 8.180799836946646142e-01 6.094240995643939641e+03
1.173674333441736906e+01 8.419719861790924131e-01 5.234819120951015975e+03
1.171915703780836182e+01 8.662694369320395049e-01 4.489907853608468031e+03
1.170286265827329153e+01 8.909506545659330312e-01 3.854226731709184151e+03
1.168461617628209837e+01 9.159997239713458805e-01 3.314169625509596699e+03
1.166777380604716186e+01 9.413880438578191567e-01 2.847937485988639310e+03
1.165212473483038025e+01 9.671001797944805967e-01 2.451591197902457225e+03
1.163632597442962968e+01 9.930899082528110711e-01 2.112344628842010025e+03
1.162080056160886166e+01 1.019363580101191324e+00 1.819916212886971607e+03
1.160420018547231358e+01 1.045881953856724333e+00 1.570564180301881606e+03
1.158847662615702845e+01 1.072585863764873082e+00 1.356915413360196681e+03
1.157158368738937249e+01 1.099479228296541322e+00 1.173266786878243465e+03
1.155446554673077486e+01 1.126517148296154236e+00 1.015995988819868671e+03
1.153713589765764702e+01 1.153659664851040656e+00 8.808287621879371727e+02
1.151828622213765385e+01 1.180870175497746644e+00 7.632367021249037862e+02
1.150163365653428293e+01 1.208120294342378553e+00 6.631748680583173154e+02
1.148251334565346049e+01 1.235370883016476240e+00 5.764065938223220655e+02
1.146255542365635627e+01 1.262573451176728589e+00 5.022546248089071241e+02
1.144624709512389771e+01 1.289703855897696982e+00 4.383108446382418038e+02
1.142316096211544618e+01 1.316704847058866257e+00 3.820806143840216009e+02
1.140050039420045280e+01 1.343568233166158921e+00 3.338870431356401696e+02
1.137682623232380585e+01 1.370212074184427697e+00 2.924253059431603106e+02
1.135321121647914033e+01 1.396631580231895375e+00 2.563740774177698540e+02
1.132777425097561697e+01 1.422773393351553839e+00 2.250370495579915655e+02
1.130255667786993357e+01 1.448599306405488285e+00 1.978084062394635225e+02
1.127527331031837932e+01 1.474083539506437335e+00 1.741347450503899950e+02
1.124754467462710039e+01 1.499185775631630690e+00 1.534611421794746491e+02
1.121905992846915900e+01 1.523851287393812814e+00 1.355056340036373683e+02
1.118918412258897632e+01 1.548076962303992499e+00 1.198148941767207134e+02
1.115736865816122858e+01 1.571811117321243678e+00 1.061276724001304075e+02
1.112475021965912347e+01 1.595017109727555615e+00 9.416701852767769765e+01
1.109163577888819141e+01 1.617677570422072497e+00 8.336288635606102559e+01
1.105565438676497436e+01 1.639720446381027985e+00 7.446898701857149661e+01
1.101996493404664612e+01 1.661072478105768857e+00 6.636974882572442880e+01
1.098306145105240539e+01 1.681627986533225538e+00 5.929458152485794642e+01
1.094534906601852065e+01 1.701313779938424142e+00 5.309650497193378271e+01
1.090542154460513302e+01 1.720050246485353762e+00 4.772329203546475895e+01
1.086505574315849110e+01 1.737768842453429441e+00 4.299370346463371817e+01
1.082343785730692787e+01 1.754407508617358058e+00 3.879005761582240552e+01
1.078031671931181812e+01 1.769899839500088667e+00 3.502155238593823583e+01
1.073627203152387644e+01 1.784208574633204814e+00 3.182479752340626078e+01
1.069003565074697093e+01 1.797284806363247167e+00 2.910615602009524849e+01
1.064291588335092165e+01 1.809092679687411165e+00 2.662135645309895082e+01
1.059448306471572998e+01 1.819606597893283384e+00 2.443604291375233828e+01
1.054554933869633437e+01 1.828795854582320191e+00 2.250757695461055974e+01
1.049451728284895324e+01 1.836660863812631161e+00 2.079619629784744106e+01
1.044345351399799604e+01 1.843180471371959506e+00 1.929180550879495826e+01
1.039022107068423928e+01 1.848371466637555027e+00 1.795927096177559790e+01
1.033657157346424782e+01 1.852234696835894479e+00 1.679183074676567600e+01
1.028243012823640079e+01 1.854766807617949542e+00 1.573249365870369942e+01
1.022753872993579627e+01 1.856001666514201842e+00 1.483154512637822187e+01
1.017183233468794334e+01 1.855949811609005629e+00 1.398199423840928723e+01
1.011598765053640570e+01 1.854644820443040576e+00 1.327780053646234926e+01
1.005965960602139297e+01 1.852115808925493878e+00 1.266613707380470188e+01
1.000353715630739337e+01 1.848404505939232445e+00 1.213056038869470576e+01
9.948697963530099386e+00 1.843560859701523613e+00 1.167164654360800746e+01
9.893232306027483602e+00 1.837632600614817147e+00 1.132425401041474089e+01
9.839335907584688456e+00 1.830693496406242682e+00 1.096128178589608559e+01
9.786474048807393800e+00 1.822843351685617064e+00 1.071389865223313365e+01
9.736617026099546379e+00 1.814102818111103854e+00 1.054701494149102281e+01
9.683370185757524951e+00 1.804220963851799864e+00 1.037871969425189356e+01
