1.550982551689759603e+01 2.191799393479931801e-01 3.683552447462830693e+06
1.519619825913348876e+01 2.275272289854063379e-01 3.084075564416534733e+06
1.490040570866472969e+01 2.362468442398759638e-01 2.562563138067916036e+06
1.464012248603219746e+01 2.453379902929561096e-01 2.137563315573247150e+06
1.439309526402058204e+01 2.548199217516157744e-01 1.765754465527156368e+06
1.417133005925957789e+01 2.646840061492392038e-01 1.489821278613439528e+06
1.397053565784681872e+01 2.749617656164424773e-01 1.243131668901729165e+06
1.377704573258432852e+01 2.856579553611497957e-01 1.037396066337812459e+06
1.360366843414965565e+01 2.967653032984545192e-01 8.650000438691084273e+05
1.344156718577005627e+01 3.083138391242680187e-01 7.241215608711906243e+05
1.329776910177408666e+01 3.203058301775519312e-01 6.059614030500196386e+05
1.316144256067670959e+01 3.327307414227292925e-01 5.050340866853123880e+05
1.303773556773903941e+01 3.456144564160994470e-01 4.231651699309970718e+05
1.292983126695111018e+01 3.589628625941513329e-01 3.531628206866118126e+05
1.281859896115240005e+01 3.727800530235619303e-01 2.956161413136622286e+05
1.272220371745395795e+01 3.870744306493956177e-01 2.477547327321126650e+05
1.263443067699419053e+01 4.018551311616354038e-01 2.049904054750638898e+05
1.255626237673739176e+01 4.171065466560057167e-01 1.737179295921028825e+05
1.247710891978307934e+01 4.328374176988109001e-01 1.446402580202148238e+05
1.240825191501898139e+01 4.490793696431233384e-01 1.224614540091133240e+05
1.234405945727292320e+01 4.657965630207641650e-01 1.027674601241355558e+05
1.228503378271778956e+01 4.829773393125503800e-01 8.630824577435594983e+04
1.223799292185487708e+01 5.006756294789226347e-01 7.247322923995733436e+04
1.218273649844371853e+01 5.188512156114808427e-01 6.105159729716697620e+04
1.213585705667363079e+01 5.375135372902072328e-01 5.134389608105667867e+04
1.209166107952269087e+01 5.566609795895727242e-01 4.332965508309927100e+04
1.205123736937123802e+01 5.762608995982664295e-01 3.620312932285200077e+04
1.201685135826376793e+01 5.963219869013545171e-01 3.083391264101511842e+04
1.197699363442026765e+01 6.168477358752045836e-01 2.592556431546918247e+04
1.194867113662543900e+01 6.378823934662363193e-01 2.205616099007039156e+04
1.192089763380247369e+01 6.594155369129377497e-01 1.844947885289280748e+04
1.188987205695997673e+01 6.814563717112660512e-01 1.577444343639155159e+04
1.186360670266115669e+01 7.040295255429902532e-01 1.335374714901958032e+04
1.183681833175689313e+01 7.271193944093160555e-01 1.131152193472607723e+04
1.181572010079119295e+01 7.507389162310097452e-01 9.588716525477366304e+03
1.179250517129282905e+01 7.748687216024250368e-01 8.126442823834168848e+03
1.177462450990912046e+01 7.995094170115367715e-01 6.832474017529219054e+03
1.175138735568506476e+01 8.246479530606616315e-01 5.854462553608748749e+03
1.173301884335177903e+01 8.502784052182124075e-01 4.966583840648230762e+03
1.171231073862275807e+01 8.763748899826827587e-01 4.225210897537722303e+03
1.169653950401834130e+01 9.029388017137969236e-01 3.590362449401562117e+03
1.167980954405977911e+01 9.299032066224015569e-01 3.054697791636765942e+03
1.166153903113146129e+01 9.572779869577692224e-01 2.603003236916291371e+03
1.164607665177769213e+01 9.850222436991818986e-01 2.218871921241669952e+03
1.162923870232189039e+01 1.013082989632770436e+00 1.893481218171563796e+03
1.161694905283216706e+01 1.041467489013188974e+00 1.608052403444843094e+03
1.159645934795661226e+01 1.070112586450955972e+00 1.383368106321367804e+03
1.158016343917405955e+01 1.098973233411516537e+00 1.185412876697419733e+03
1.156321044664650088e+01 1.128032907697326115e+00 1.015066469218148427e+03
1.154670731917584803e+01 1.157233978056926293e+00 8.701605144774670180e+02
1.152899258326266185e+01 1.186528401803250699e+00 7.481029946462447242e+02
1.151203024356451188e+01 1.215885314274759876e+00 6.437818498349458878e+02
1.149070846890633391e+01 1.245255934257420538e+00 5.544711698951547305e+02
1.147085120776705303e+01 1.274593912706807552e+00 4.755269497801962189e+02
1.145000533724189218e+01 1.303829547260167754e+00 4.134621165106916578e+02
1.142908213765312198e+01 1.332940300616973994e+00 3.575753532767926117e+02
1.140612765437879261e+01 1.361856202125588888e+00 3.100180455088965346e+02
1.138289552397207061e+01 1.390556247655032385e+00 2.690071653049824931e+02
1.135835954530372938e+01 1.418968789009712461e+00 2.340638015582017317e+02
1.133187230843751969e+01 1.447069693666171331e+00 2.035991770777334864e+02
1.130567192123742082e+01 1.474781595223888742e+00 1.775857816042069146e+02
1.127782801997155815e+01 1.502089052788791568e+00 1.544215390599418356e+02
1.124808295994681018e+01 1.528926885069626707e+00 1.358255076412974915e+02
1.121739200847532736e+01 1.555259486183045547e+00 1.191000601473944442e+02
1.118552520656383997e+01 1.581051643845305277e+00 1.045768206821764750e+02
1.115238125043317297e+01 1.606252515727206731e+00 9.163015916617992218e+01
1.111789939718997289e+01 1.630829895729713597e+00 8.104851675475791239e+01
1.108119370609223786e+01 1.654752526301090931e+00 7.156851518230811848e+01
1.104468278724721131e+01 1.677979428014899410e+00 6.329483960558742695e+01
1.100643580262663690e+01 1.700465903265273360e+00 5.612122426241480611e+01
1.096647120503344475e+01 1.722149815110608717e+00 4.985553990312865125e+01
1.092576072613150018e+01 1.742977835866524883e+00 4.433130888419175619e+01
1.088360841662416689e+01 1.762912534667454345e+00 3.953442621913048072e+01
1.083954986136696341e+01 1.781893076321112268e+00 3.518531686962187166e+01
1.079540576533440621e+01 1.799917246364040491e+00 3.154834378114723847e+01
1.074932773862951407e+01 1.816925178229501059e+00 2.842884616514464113e+01
1.070209352224973642e+01 1.832905657486467943e+00 2.559700318585565881e+01
1.065309447676666998e+01 1.847842939086177472e+00 2.309896339177196722e+01
1.060317567074899614e+01 1.861722124755796903e+00 2.083416238117242258e+01
1.055196273522528649e+01 1.874542580655431889e+00 1.888528454371189014e+01
1.050086310748216789e+01 1.886304427550756113e+00 1.717504228694964397e+01
1.044734534065742793e+01 1.896990261213524542e+00 1.569801185305510671e+01
1.039353070658513900e+01 1.906645813792682276e+00 1.434153754458904650e+01
1.033850975246039994e+01 1.915244560612440416e+00 1.312921821518597021e+01
1.028240450725189170e+01 1.922776290236348107e+00 1.205342589120945540e+01
1.022586565076444920e+01 1.929161146592248244e+00 1.111053313429407829e+01
1.016926726843461459e+01 1.934303650453859769e+00 1.026052459570362707e+01
1.011227499524084905e+01 1.938070103164740043e+00 9.505185362029349605e+00
1.005490193921198738e+01 1.940334798615668932e+00 8.893701714748752707e+00
9.998811071545693707e+00 1.940927970111953949e+00 8.359971904778566554e+00
9.943074541930212007e+00 1.939602239473702916e+00 7.899853016696960495e+00
9.888493981606432115e+00 1.936386044287549568e+00 7.564602940989884061e+00
9.834189633442450784e+00 1.931578491265714570e+00 7.245111376637040301e+00
9.776524375885692564e+00 1.925474851935534693e+00 6.976503197592042405e+00
9.718504949849256391e+00 1.918300112200102658e+00 6.734615294208429859e+00
9.658936927690467300e+00 1.910242845731998207e+00 6.527575716538585482e+00
9.597427737495962674e+00 1.901413439016745421e+00 6.305912595546343091e+00
9.535229190159006052e+00 1.891963079329181729e+00 6.123508835806637407e+00
9.472054092375341128e+00 1.882066027385210560e+00 5.929336270981503176e+00
9.412118649688947514e+00 1.871910480129823195e+00 5.773240417209608566e+00
