2.191799393479931801e-01 1.550982551689759603e+01 3.683552447462830693e+06
2.272766089068278539e-01 1.520486055460470887e+01 3.086383102773786988e+06
2.357157908653520484e-01 1.492282041654532776e+01 2.592947768744116649e+06
2.445210974810856086e-01 1.465102857134555414e+01 2.172352566217193380e+06
2.536757513534934616e-01 1.442186516367657134e+01 1.824441198095454136e+06
2.632060170146258704e-01 1.420217837224472568e+01 1.532822049695301568e+06
2.731178505295118186e-01 1.400003370883780640e+01 1.281782169537259033e+06
2.834198307365261571e-01 1.381646305247887341e+01 1.074739707381774439e+06
2.941179267357226235e-01 1.364247204921193912e+01 9.030002138001614949e+05
3.052131853207080137e-01 1.348473529985685992e+01 7.586863057991223177e+05
3.167307741546772637e-01 1.333865742980753843e+01 6.375440800571998116e+05
3.286598847027945025e-01 1.320907268368640963e+01 5.359627807324668393e+05
3.410172718027788541e-01 1.308326152590908009e+01 4.495248694710264099e+05
3.538023415814301464e-01 1.297143724612245741e+01 3.780981121275454643e+05
3.670290728689892812e-01 1.286593270128493849e+01 3.185446073414562270e+05
3.807251041650919765e-01 1.276585514671380039e+01 2.673656238124186639e+05
3.948334132765219384e-01 1.267351342215636656e+01 2.258504383796545153e+05
4.094140591559382036e-01 1.259411353123261890e+01 1.899353460369796085e+05
4.244643949788124981e-01 1.251790071366548851e+01 1.599035913484217308e+05
4.399238783031874100e-01 1.244677242654760185e+01 1.348058969447086856e+05
4.558836867543309412e-01 1.238282349390462400e+01 1.137747450096950779e+05
4.723081114172266726e-01 1.232085307325984047e+01 9.619611786895728437e+04
4.891808656530979293e-01 1.226665344394438328e+01 8.115182661241508322e+04
5.064955655688886393e-01 1.221478831649606001e+01 6.866055273863031471e+04
5.242831552108275783e-01 1.216744664002185417e+01 5.801894500328879803e+04
5.425277933275504116e-01 1.212429405530061999e+01 4.911456247814599919e+04
5.612287592142942705e-01 1.208077649386901342e+01 4.159977619685158425e+04
5.803365759956792269e-01 1.204428056407028791e+01 3.525787786506031262e+04
5.999009077230070819e-01 1.200987411287650986e+01 2.995549119696053094e+04
6.199120689261763406e-01 1.197489226665080686e+01 2.544064525347787639e+04
6.404032938864091529e-01 1.194486953623908043e+01 2.158825471131350059e+04
6.613835589060828024e-01 1.191647171844820541e+01 1.837762533960293149e+04
6.828660217465751803e-01 1.188889014825440960e+01 1.560707590761147367e+04
7.048682802408626769e-01 1.186304084872401532e+01 1.327633262541035947e+04
7.273841791889363861e-01 1.183823949052592539e+01 1.130870597528869985e+04
7.504328088330316504e-01 1.181645653576681987e+01 9.620270540546040138e+03
7.739737919709359648e-01 1.179645382460222081e+01 8.178817371401137279e+03
7.980540203791219867e-01 1.177486443414617767e+01 6.965115108844908718e+03
8.226324691316664328e-01 1.175546423780795280e+01 5.934519858455919348e+03
8.476897066016105819e-01 1.173797547810698561e+01 5.061678415056312588e+03
8.732468610533237197e-01 1.172035301800616480e+01 4.316618596698071997e+03
8.992650047418534465e-01 1.170392197811042045e+01 3.684798187172344569e+03
9.257229186177367009e-01 1.168640663701785343e+01 3.144105368923083006e+03
9.526004543275140568e-01 1.167171573164970155e+01 2.686769024173908292e+03
9.798628816320945623e-01 1.165791479905343841e+01 2.294989697015908860e+03
1.007485899324825906e+00 1.164075270097234593e+01 1.964876260714772343e+03
1.035447868443951869e+00 1.162719944701275487e+01 1.683804566852579455e+03
1.063709548028414220e+00 1.161246509158889850e+01 1.436257890529879433e+03
1.092234394868646818e+00 1.160054759052632178e+01 1.240749037687658983e+03
1.120967598493912032e+00 1.158234736656923758e+01 1.065190755825502947e+03
1.149903636820007291e+00 1.156822439803197433e+01 9.161639551977691553e+02
1.178970634418659902e+00 1.155211492075963520e+01 7.896780311586820744e+02
1.208157073243692370e+00 1.153885264902067398e+01 6.798649919996489643e+02
1.237381625356355652e+00 1.152032534157185495e+01 5.873079589010565087e+02
1.266629887526382392e+00 1.150192515375456459e+01 5.079625343346272643e+02
1.295851077384878813e+00 1.148472002580111706e+01 4.397352168438482067e+02
1.324989734860305246e+00 1.146491982560564438e+01 3.807907872611343691e+02
1.354005332518731786e+00 1.144740762257128175e+01 3.306530894510826215e+02
1.382842877985551722e+00 1.142630863714128608e+01 2.874369468128746803e+02
1.411460458555986897e+00 1.140700547256328434e+01 2.502580655892224399e+02
1.439819608677003426e+00 1.138267601562822584e+01 2.180793476334911816e+02
1.467875037464441812e+00 1.135915876672425107e+01 1.906781912502654563e+02
1.495574120983067745e+00 1.133499447504899571e+01 1.667239473860029193e+02
1.522871258212780576e+00 1.130916100931083967e+01 1.461280452529517220e+02
1.549722795972132028e+00 1.128222255126047457e+01 1.281333947843669705e+02
1.576093898324880227e+00 1.125433378808818041e+01 1.121531611022283101e+02
1.601951093326101194e+00 1.122491984726173264e+01 9.925345889924763298e+01
1.627239746112488561e+00 1.119479489924121296e+01 8.750061605722133606e+01
1.651931174837665939e+00 1.116322117024001415e+01 7.700002561346815355e+01
1.675986021519444202e+00 1.112975092197880222e+01 6.842698020153720506e+01
1.699388445028592542e+00 1.109545840051020882e+01 6.063001461881874832e+01
1.722100823663897495e+00 1.106053318403341379e+01 5.365623461088804902e+01
1.744078144692872367e+00 1.102315824981227088e+01 4.771238643417079572e+01
1.765310101104352158e+00 1.098474191066209293e+01 4.271768897110464991e+01
1.785775861478539506e+00 1.094562457780454245e+01 3.814610774362424195e+01
1.805451593752155359e+00 1.090571239337845810e+01 3.398654710991369399e+01
1.824326029884862033e+00 1.086492946747697808e+01 3.058105114574917849e+01
1.842367070676572460e+00 1.082159517289820982e+01 2.744888916625503938e+01
1.859567948915265889e+00 1.077835922637521904e+01 2.467892990398378927e+01
1.875902025612733892e+00 1.073283118501831801e+01 2.224007898033478980e+01
1.891328253344950250e+00 1.068677647594081748e+01 2.009724851890146269e+01
1.905793907718866365e+00 1.063972614626332636e+01 1.814396453273143806e+01
1.919277376155765102e+00 1.059221050734796954e+01 1.644103532100142573e+01
1.931762154114254670e+00 1.054370506126705109e+01 1.499598517233450323e+01
1.943202562923901366e+00 1.049352094203329067e+01 1.362921299156048427e+01
1.953581542579291508e+00 1.044312343112822283e+01 1.248801566476192271e+01
1.962916600844745396e+00 1.039163037090393438e+01 1.143858622553576154e+01
1.971188945203419696e+00 1.033959535929664142e+01 1.050868656943722534e+01
1.978400026053800831e+00 1.028633915046616387e+01 9.687116292199657863e+00
1.984549017663433945e+00 1.023298622208061559e+01 8.936412918700773034e+00
1.989663924515138627e+00 1.017840591915779669e+01 8.259565809484950449e+00
1.993742507945453823e+00 1.012324297544039453e+01 7.665921937022847743e+00
1.996804635242802606e+00 1.006735200621390192e+01 7.152303274443566394e+00
1.998887497594377782e+00 1.001146436197631040e+01 6.656685350778118959e+00
1.999997425366771164e+00 9.954235868819633737e+00 6.231420920860585966e+00
2.000173551173179742e+00 9.898081960652728384e+00 5.849700779446224352e+00
1.999387268303244092e+00 9.840369579674796086e+00 5.514641042171371410e+00
1.997564820162747168e+00 9.783568648636359555e+00 5.200318708023376146e+00
1.994579267574676962e+00 9.727738314261614505e+00 4.954384913528456558e+00
1.990370481748079401e+00 9.676055899702957319e+00 4.752082811936145568e+00
