2.191799393479931801e-01 1.550982551689759603e+01 3.683552447462830693e+06
2.269718809476626298e-01 1.520633430435610300e+01 3.105255310252606869e+06
2.350816350770984220e-01 1.494154035620334753e+01 2.629543499023916200e+06
2.435312760973308011e-01 1.468247503638406037e+01 2.216393616036303807e+06
2.523006323157280795e-01 1.444865337350617374e+01 1.871431298331928207e+06
2.614196646294447146e-01 1.424146899311635117e+01 1.576885150980710518e+06
2.708903054474779415e-01 1.404365630041852420e+01 1.333623362583153415e+06
2.807204272975262205e-01 1.386564806044229492e+01 1.126275221986083779e+06
2.909211421288102062e-01 1.369312249497128597e+01 9.502660288789132610e+05
3.014950725577990598e-01 1.353340331735371826e+01 8.037157731422217330e+05
3.124259982012007053e-01 1.339453161683877092e+01 6.808205457517445320e+05
3.237621768702387826e-01 1.326052262898813261e+01 5.735521940562396776e+05
3.354881611620102455e-01 1.313447200732510289e+01 4.856843665426262305e+05
3.476127776339592024e-01 1.302754351902463270e+01 4.108985981192277395e+05
3.601486004779411165e-01 1.291686938542882324e+01 3.478307724741255515e+05
3.730813759251619399e-01 1.282027657180903368e+01 2.950251209224487538e+05
3.864395261971751983e-01 1.272626637280227690e+01 2.495040251654502354e+05
4.002126171034918189e-01 1.264426526244408677e+01 2.114084138565290777e+05
4.144004552304156319e-01 1.256686805798937989e+01 1.797046060783218127e+05
4.290233271250852853e-01 1.249476433127044928e+01 1.521086821059457434e+05
4.440853310754602212e-01 1.243163278882715694e+01 1.288662603390004806e+05
4.595628088009183210e-01 1.236721194805615909e+01 1.096741138184120355e+05
4.754502907754919461e-01 1.231129467964802515e+01 9.301894299749155471e+04
4.917739938637232799e-01 1.225753215373153004e+01 7.822382301392096269e+04
5.085096203899667211e-01 1.220948557000645174e+01 6.740907807862292975e+04
5.256831340850284251e-01 1.216175910846405017e+01 5.732310454500020569e+04
5.432808880114956551e-01 1.212091305434343980e+01 4.881504888202148868e+04
5.613020858634879540e-01 1.208134751966990272e+01 4.161627487015140650e+04
5.796979223091339728e-01 1.204442282368407291e+01 3.554842286803808383e+04
5.985085037025432708e-01 1.201241216894576702e+01 3.026954144990816712e+04
6.176741048047866833e-01 1.197972863016144274e+01 2.589020841677769931e+04
6.371524696800290322e-01 1.194890459240864544e+01 2.215180843285090668e+04
6.568768999727976343e-01 1.192041130739634625e+01 1.900801741338742795e+04
6.768145677162955565e-01 1.189348719814106836e+01 1.629849781417704617e+04
6.969373592169161302e-01 1.187039396745744213e+01 1.403224839912180687e+04
7.171071889430219448e-01 1.184329394194711860e+01 1.208402580269509417e+04
7.373429614172792856e-01 1.181719771452092083e+01 1.045439795298133140e+04
7.575988182390952508e-01 1.179370884653674878e+01 9.040526893064801698e+03
7.778316534701483764e-01 1.177101628727447746e+01 7.843743179142702502e+03
7.978668135261691718e-01 1.174703424338480318e+01 6.828097251974498249e+03
8.178229676758517197e-01 1.172006589377777530e+01 5.955596115869340792e+03
8.383658515361154251e-01 1.169316611889253110e+01 5.183570815211096487e+03
8.597661851104200226e-01 1.167158201973135689e+01 4.495516617803999907e+03
8.822176612456597011e-01 1.164281320478270487e+01 3.890244629356805945e+03
9.057169497161486893e-01 1.162083775034368749e+01 3.347295262031020684e+03
9.302762742984468369e-01 1.159911175571150643e+01 2.874903981094057599e+03
9.558782996189003622e-01 1.157525701596038026e+01 2.465812993660640586e+03
9.825505557382702149e-01 1.155557133304810691e+01 2.107394851574077165e+03
1.010253404699188673e+00 1.153606841560311835e+01 1.787049340022937258e+03
1.038971417723127955e+00 1.152359285800020494e+01 1.534267502448684581e+03
1.068686556614951266e+00 1.150364899459989765e+01 1.305570302419208247e+03
1.099350093005389661e+00 1.148918137765860514e+01 1.110460961685312895e+03
1.130917391910428282e+00 1.147694918887918902e+01 9.443694172281479950e+02
1.163365184688648357e+00 1.146546330240722789e+01 8.026043520401229898e+02
1.196621563293359447e+00 1.145960669825607070e+01 6.817182223522197546e+02
1.230635011332061213e+00 1.145137978581918325e+01 5.795848461994468153e+02
1.265355392753711117e+00 1.144066395334114183e+01 4.927801179468759187e+02
1.300708602362244282e+00 1.143760603967309208e+01 4.193510974952756669e+02
1.336628805043214019e+00 1.143212462788010342e+01 3.569904937745324673e+02
1.373052904995629708e+00 1.142636268672923805e+01 3.040347053255711671e+02
1.409889866012386639e+00 1.142225562222627033e+01 2.597949247722493737e+02
1.447072867070606783e+00 1.142201137985443715e+01 2.203130518679558634e+02
1.484526393378185594e+00 1.141621084135118558e+01 1.892029027107157049e+02
1.522153098578477026e+00 1.141390094071690875e+01 1.623662038099463700e+02
1.559906054239561968e+00 1.141160195051944193e+01 1.391164517451834115e+02
1.597666779806943493e+00 1.140907775408936864e+01 1.194825046119348144e+02
1.635328585552018765e+00 1.140620028025096566e+01 1.029013998397236520e+02
1.672853536207876912e+00 1.140296378902153407e+01 8.872711477024562043e+01
1.710017970610652194e+00 1.139941398107218617e+01 7.659207013704322264e+01
1.746709948884613617e+00 1.139547265112752861e+01 6.636792381129743035e+01
1.782780341883094977e+00 1.139023799314314012e+01 5.758597873976592041e+01
1.818105046331779162e+00 1.138357391448314893e+01 5.016881056521253868e+01
1.852580473527271288e+00 1.137586212571694766e+01 4.379866702334652473e+01
1.886051049131122426e+00 1.136684984678901422e+01 3.835730566762878624e+01
1.918442259506089487e+00 1.135607123012985120e+01 3.371212029401871746e+01
1.949631727356996302e+00 1.134408157150790153e+01 2.960634178595249111e+01
1.979516291277647611e+00 1.133025940530356479e+01 2.629950597949908797e+01
2.008002273751835709e+00 1.131446784990940380e+01 2.333061453813740016e+01
2.035015701074858629e+00 1.129688611770713358e+01 2.078910491073385458e+01
2.060491117291319618e+00 1.127636314164914033e+01 1.857689184433353446e+01
2.084358560394211857e+00 1.125463923218641504e+01 1.666532759890430526e+01
2.106563445033122317e+00 1.123080307169893644e+01 1.496304494178519917e+01
2.127027222810079721e+00 1.120429190108294826e+01 1.352627444931438205e+01
2.145744694544827968e+00 1.117536873729225810e+01 1.232334471931937436e+01
2.162666402625024187e+00 1.114444394350885226e+01 1.122890224724195996e+01
2.177738488297213060e+00 1.111120405049829429e+01 1.027299113434948552e+01
2.190984914304354270e+00 1.107671732588601543e+01 9.437277632274584604e+00
2.202331686688253853e+00 1.103916016675321821e+01 8.705977792692612738e+00
2.211799680045225092e+00 1.100008172655980587e+01 8.081464795301512183e+00
2.219339412272052670e+00 1.095840470209923723e+01 7.542084690276514181e+00
2.224997240582512692e+00 1.091537306413768249e+01 7.054519004310725094e+00
2.228756299592664636e+00 1.087092404284550362e+01 6.609646141338560099e+00
2.230573145331955498e+00 1.082483479966197493e+01 6.229671275448406931e+00
2.230430852072513126e+00 1.077736494782235788e+01 5.943022349564847318e+00
2.228331747752590353e+00 1.072921637886206980e+01 5.664317363658858184e+00
2.224252186218568017e+00 1.068155488929623864e+01 5.474537174594948929e+00
2.218204932816246977e+00 1.063513103300124918e+01 5.312204076021415311e+00
2.210335655055822190e+00 1.059140744230267117e+01 5.230961761041752922e+00
2.201066119021685363e+00 1.055018875412275214e+01 5.178252379155405372e+00
2.191291515370232368e+00 1.051611390034283211e+01 5.176227664926734917e+00
