2.383731302914612049e-01 1.510646317623783297e+01 2.423116349867075216e+06
2.522139162680080982e-01 1.469770860441376570e+01 1.847353416492372518e+06
2.666475174065187637e-01 1.434512153327103867e+01 1.415923007009884110e+06
2.816765662881323129e-01 1.403943650886042072e+01 1.090771266781920567e+06
2.973035616317528662e-01 1.377320677976793739e+01 8.442562567134945421e+05
3.135302323170711669e-01 1.354044281636902625e+01 6.564189641405032016e+05
3.303583685158129057e-01 1.333622102550484279e+01 5.125315691519370885e+05
3.477890799133585009e-01 1.315647968208872065e+01 4.018317414010056527e+05
3.658220096363219431e-01 1.299783529523197600e+01 3.162606993048381410e+05
3.844572373030394341e-01 1.285744195430040016e+01 2.498295188421376515e+05
4.036927339483021293e-01 1.273289656476687526e+01 1.980568376856402028e+05
4.235259592479175828e-01 1.262216024578760099e+01 1.575481442363557580e+05
4.439531038454353484e-01 1.252347712608789720e+01 1.257330028259979299e+05
4.649691639231560147e-01 1.243532497076754595e+01 1.006581345874411345e+05
4.865680031098345570e-01 1.235639780812761224e+01 8.082662896224430006e+04
5.087406573991226644e-01 1.228554621911649036e+01 6.509310272797906509e+04
5.314776769296478687e-01 1.222175650562264337e+01 5.257042619675897731e+04
5.547670879385562248e-01 1.216414239027426625e+01 4.257307872703386238e+04
5.785971720166420695e-01 1.211192399391321040e+01 3.456786985289168661e+04
6.029548521883258960e-01 1.206437953818482178e+01 2.814050226697471589e+04
6.278625281682623793e-01 1.202090388185693826e+01 2.295873811777738229e+04
6.533479209408635802e-01 1.198101912894137122e+01 1.876728184185080318e+04
6.794287331663667606e-01 1.194434273346408837e+01 1.536774019200260773e+04
7.061159751599052070e-01 1.191056308891607607e+01 1.260422968779330404e+04
7.334125145312938576e-01 1.187938029882229252e+01 1.035375660611091917e+04
7.613154075794649200e-01 1.185054211080014497e+01 8.517926598126367026e+03
7.898159979296490718e-01 1.182380215328680251e+01 7.018207310077588772e+03
8.188991856178624573e-01 1.179891733234033246e+01 5.791278623451677049e+03
8.485469745073659364e-01 1.177566631074348535e+01 4.786173091202322212e+03
8.787366366061514222e-01 1.175383142049144780e+01 3.961611714667912565e+03
9.094407394633436947e-01 1.173319365965867256e+01 3.284251941694137713e+03
9.406289274647969822e-01 1.171355187152210497e+01 2.727044613463617225e+03
9.722667555883744983e-01 1.169470711803237251e+01 2.268057335522578342e+03
1.004316883604687849e+00 1.167646109923964204e+01 1.889440582151532226e+03
1.036738295055211312e+00 1.165862836641435685e+01 1.576652844018935639e+03
1.069488979846256349e+00 1.164102884917430636e+01 1.317860257161707750e+03
1.102523196028847741e+00 1.162349000227965767e+01 1.103425481612412796e+03
1.135791794272723587e+00 1.160584281389750672e+01 9.254895742546702877e+02
1.169245221945900859e+00 1.158793233380586685e+01 7.775953125883223720e+02
1.202831391545872597e+00 1.156959899223292076e+01 6.544754220891663863e+02
1.236495556915183203e+00 1.155070568836031875e+01 5.518306183511231211e+02
1.270181583311891460e+00 1.153111105958180360e+01 4.661096477127588287e+02
1.303833660553727736e+00 1.151068746999512804e+01 3.944081698744000732e+02
1.337393266372934653e+00 1.148931302056255888e+01 3.343361505220277081e+02
1.370801162555892017e+00 1.146687164273673964e+01 2.839210995093219481e+02
1.403997853089181902e+00 1.144325636763000098e+01 2.415467368137790061e+02
1.436922413485576477e+00 1.141836631161348237e+01 2.058707513611726370e+02
1.469514623414569732e+00 1.139210971745196765e+01 1.757815731338344563e+02
1.501714047761668835e+00 1.136440094143916468e+01 1.503714559138505251e+02
1.533459994084698907e+00 1.133516193049990228e+01 1.288623374682640588e+02
1.564693483032204790e+00 1.130431927832252015e+01 1.106344643411600259e+02
1.595354598424704839e+00 1.127181147494557223e+01 9.516169177196017870e+01
1.625385252252431023e+00 1.123757968779441008e+01 8.200425110826601838e+01
1.654729128575647801e+00 1.120157315917972340e+01 7.079599311671546502e+01
1.683330011635721490e+00 1.116374933887883358e+01 6.123439961554436195e+01
1.711133748813743027e+00 1.112407060499723777e+01 5.306338073714934467e+01
1.738088407034781735e+00 1.108250651761382599e+01 4.606868610301137323e+01
1.764143744106209111e+00 1.103903344903336681e+01 4.007196968193411379e+01
1.789251876393884721e+00 1.099363208166508166e+01 3.492166308190312662e+01
1.813367365013558663e+00 1.094629244077559171e+01 3.049166689862899560e+01
1.836447088994173304e+00 1.089700898792613337e+01 2.667448977118845832e+01
1.858450734770918711e+00 1.084578227182746701e+01 2.338019242261519537e+01
1.879341067158770473e+00 1.079261912462178152e+01 2.053299848897966839e+01
1.899083838086192522e+00 1.073753167703064015e+01 1.806764073626016653e+01
1.917647668969702845e+00 1.068053793487143643e+01 1.592969486109456589e+01
1.935003315435229965e+00 1.062166414736510056e+01 1.407334468653672488e+01
1.951082924473676261e+00 1.056096064667604217e+01 1.246039824193293555e+01
1.965754478067329947e+00 1.049843274500769930e+01 1.106133704835178833e+01
1.978862775663517315e+00 1.043401531231247148e+01 9.849423062496310166e+00
1.990238452491591925e+00 1.036759962594159745e+01 8.801458235736937752e+00
1.999697206817758310e+00 1.029904869751919527e+01 7.896710942156327739e+00
2.007046012653900036e+00 1.022818801757546758e+01 7.117554452294539757e+00
2.012145388618092667e+00 1.015479416657028722e+01 6.446605135284479537e+00
2.014892821495543274e+00 1.007870870023589305e+01 5.868929070141446935e+00
2.015186825953139582e+00 9.999867746763216658e+00 5.372396629502654619e+00
