1.550982551689759603e+01 2.191799393479931801e-01 3.683552447462830693e+06
1.521206660786272735e+01 2.268783822553785412e-01 3.087784442654919811e+06
1.494631142177675720e+01 2.348819475268393575e-01 2.632852553425655235e+06
1.469506354595709041e+01 2.432188750654455389e-01 2.234600042036751751e+06
1.446966041011723902e+01 2.518671450899355735e-01 1.883295439979155315e+06
1.424982074142989141e+01 2.608562238791571897e-01 1.596748523307086900e+06
1.405636023526054501e+01 2.701882244456266791e-01 1.350868793054980692e+06
1.387747074139196179e+01 2.798711827448678857e-01 1.143177071732260985e+06
1.370720867697290934e+01 2.899137002906822524e-01 9.665855788538469933e+05
1.355310564080295777e+01 3.003152925840836263e-01 8.192706258528396720e+05
1.341096848566933453e+01 3.110780105244005389e-01 6.919223730681980960e+05
1.328335069051329853e+01 3.222247242132256217e-01 5.868838112570358207e+05
1.315080699289525690e+01 3.337491045044159721e-01 4.950687871616830816e+05
1.303957656770387885e+01 3.456729097135217699e-01 4.219335256986439344e+05
1.293613246420311036e+01 3.579859447102800574e-01 3.577736643886258244e+05
1.283471434023862656e+01 3.706952841507462071e-01 3.034488048689241405e+05
1.274367865748911299e+01 3.838203942192932594e-01 2.576050178538309119e+05
1.266149567285104993e+01 3.973648835152903680e-01 2.163882919494774542e+05
1.258543330010728312e+01 4.112723519573407982e-01 1.856064130234516633e+05
1.251042642187412390e+01 4.256274311044248582e-01 1.579165518459027226e+05
1.244528386907144224e+01 4.403702429072362534e-01 1.343757982311746455e+05
1.238583960626987945e+01 4.555591786216190431e-01 1.129717642409795080e+05
1.232720986440127575e+01 4.711753420678936877e-01 9.619713182229801896e+04
1.227372101344521838e+01 4.871845474363584172e-01 8.272804134830951807e+04
1.222431234840603587e+01 5.035879913616108094e-01 7.055167887386286748e+04
1.217687528651248208e+01 5.204282949812616410e-01 6.009112117172388389e+04
1.213477664229740505e+01 5.376830867736293040e-01 5.127789381899001455e+04
1.209444928638328598e+01 5.553506577157873991e-01 4.383944274930280517e+04
1.205792321904726094e+01 5.733981310295145351e-01 3.748043464508166653e+04
1.202496429154478541e+01 5.918463659306399949e-01 3.205349840282348669e+04
1.199107545040877376e+01 6.107069787671234318e-01 2.737949896071449621e+04
1.195719027954447711e+01 6.299980889555977237e-01 2.348094432153351954e+04
1.193223380885434182e+01 6.497540249591917672e-01 1.989666617302472514e+04
1.190450585736629385e+01 6.699915055808371989e-01 1.709875384021507489e+04
1.187797006267041589e+01 6.907083259134887410e-01 1.475937931713084436e+04
1.185701186631214199e+01 7.119430998814526568e-01 1.261871164435649735e+04
1.183378332989646076e+01 7.336904629011637979e-01 1.081587250442715049e+04
1.181099902633172150e+01 7.559418056492837046e-01 9.258568675628584970e+03
1.179307817545655723e+01 7.787122460065902807e-01 7.945152935367108512e+03
1.177495491391018412e+01 8.020145462279791859e-01 6.802763445052454699e+03
1.175728085110783283e+01 8.258214293445969023e-01 5.829360202315741844e+03
1.174112554427454569e+01 8.501198838960908333e-01 5.006947883087724222e+03
1.172499948812691883e+01 8.749213960872211926e-01 4.289838904490490677e+03
1.171137504528268813e+01 9.001902493742409694e-01 3.680940098801833756e+03
1.169840158926947637e+01 9.259309698530525656e-01 3.161708020295174720e+03
1.168455200600595134e+01 9.521027680624790657e-01 2.714951505687803092e+03
1.167080236724167008e+01 9.786934058834955152e-01 2.319209239738493125e+03
1.165790130010638137e+01 1.005667800555443137e+00 2.008680825668667239e+03
1.164613873531657617e+01 1.033015354445860012e+00 1.728439652254663315e+03
1.163374009713648682e+01 1.060692328116528138e+00 1.481162139950259188e+03
1.162627883005645835e+01 1.088689934881097887e+00 1.284093953498838800e+03
1.161062737553421265e+01 1.116947011798744782e+00 1.100575506600272547e+03
1.159802589576317899e+01 1.145437798126705209e+00 9.580422142377938144e+02
1.158625484983651432e+01 1.174120310582112969e+00 8.277848413166371984e+02
1.157426921425141764e+01 1.202973152050184069e+00 7.156656302563917507e+02
1.156061250299215004e+01 1.231944809113904471e+00 6.206573490572295668e+02
1.154866426716814232e+01 1.260994233256393038e+00 5.384706747906773217e+02
1.153453238179053209e+01 1.290072376920988084e+00 4.677838737525801776e+02
1.152291407050776151e+01 1.319154873689010410e+00 4.068339428676104603e+02
1.150485985330918304e+01 1.348186026918333003e+00 3.543218422807263437e+02
1.149035797404507520e+01 1.377121537603134716e+00 3.091043999219317016e+02
1.147467589308925184e+01 1.405926152514255678e+00 2.697199932565893619e+02
1.145834989257683567e+01 1.434539680815593909e+00 2.359074119564636192e+02
1.143843112717825150e+01 1.462941431276982396e+00 2.066870428228634182e+02
1.141871534526703336e+01 1.491074145202897494e+00 1.802447583977244108e+02
1.139880783196413105e+01 1.518908632757015598e+00 1.591137699009710786e+02
1.137788889822428118e+01 1.546376373994124309e+00 1.399464780750536192e+02
1.135534995525374313e+01 1.573455173577294808e+00 1.232899993233497469e+02
1.133216736128458280e+01 1.600104120385414719e+00 1.087608349811933834e+02
1.130762064652452104e+01 1.626289938352696529e+00 9.566637741828128583e+01
1.128175995028291290e+01 1.651963661031930375e+00 8.509175040887680552e+01
1.125505422606868855e+01 1.677092418974827970e+00 7.538825626108807398e+01
1.122712352045051887e+01 1.701648434217214234e+00 6.699145889136691778e+01
1.119785698595445389e+01 1.725600286587611443e+00 5.954878659863353363e+01
1.116751898335043691e+01 1.748917077387944330e+00 5.309816171163011944e+01
1.113656638803137078e+01 1.771572613551507969e+00 4.735015833289751441e+01
1.110354137842696076e+01 1.793529601359930226e+00 4.216712065178586499e+01
1.107026782109178420e+01 1.814769925739745382e+00 3.771893640744665532e+01
1.103549630933785686e+01 1.835290274581814263e+00 3.384230668987787993e+01
1.099991870623737533e+01 1.855048620173455509e+00 3.039214146912797077e+01
1.096193586600871228e+01 1.874037701373095555e+00 2.744921966440482208e+01
1.092382990753161032e+01 1.892239492221924335e+00 2.475115752089041621e+01
1.088458428172432413e+01 1.909631658985183833e+00 2.234668717915069891e+01
1.084489427597167932e+01 1.926145526244898765e+00 2.015173590430899964e+01
1.080362006566078215e+01 1.941683010443324697e+00 1.834586922878913384e+01
1.076042129910011091e+01 1.956133243538522581e+00 1.663618150683955932e+01
1.071802500970591510e+01 1.969405212827589180e+00 1.517877962023469962e+01
1.067322436878208514e+01 1.981366421789912291e+00 1.388401698415925445e+01
1.062886519689556941e+01 1.991929719306547275e+00 1.279886329196202333e+01
1.058256117013588771e+01 2.000968953152839624e+00 1.181331488825266440e+01
1.053644419055197545e+01 2.008360205342823335e+00 1.095896706196437265e+01
1.048916161209108644e+01 2.013900798508121426e+00 1.022875829992551644e+01
1.044197611699528849e+01 2.017365119042303867e+00 9.614535757313566577e+00
1.039673780740716325e+01 2.018266158710954716e+00 9.140011448231636138e+00
1.036656062171563342e+01 2.014514465429518175e+00 8.982635440657094961e+00
1.033763713764545678e+01 2.007402890439898169e+00 8.952448283956437436e+00
1.030544257970352362e+01 1.997974401394171595e+00 8.949117409833894143e+00
1.026798284661297878e+01 1.986760044866052288e+00 8.979981109232424430e+00
1.022726332010043038e+01 1.974142482182643210e+00 9.025017777586434420e+00
1.018211093358363506e+01 1.960447624164461278e+00 9.073578794489375099e+00
