2.383731302914612049e-01 1.510646317623783297e+01 2.423116349867075216e+06
2.522139162680080982e-01 1.469770860441376570e+01 1.847353416492372518e+06
2.666475174065187637e-01 1.434512153327103867e+01 1.415923007009884110e+06
2.816765662881323129e-01 1.403943650886042072e+01 1.090771266781920567e+06
2.973035616317528662e-01 1.377320677976793739e+01 8.442562567134945421e+05
3.135302323170711669e-01 1.354044281636902625e+01 6.564189641405032016e+05
3.303583685158129057e-01 1.333622102550484279e+01 5.125315691519370885e+05
3.477890799133585009e-01 1.315647968208872065e+01 4.018317414010056527e+05
3.658220096363219431e-01 1.299783529523197600e+01 3.162606993048381410e+05
3.844572373030394341e-01 1.285744195430040016e+01 2.498295188421376515e+05
4.036927339483021293e-01 1.273289656476687526e+01 1.980568376856402028e+05
4.235259592479175828e-01 1.262216024578760099e+01 1.575481442363557580e+05
4.439531038454353484e-01 1.252347712608789720e+01 1.257330028259979299e+05
4.649691639231560147e-01 1.243532497076754595e+01 1.006581345874411345e+05
4.865680031098345570e-01 1.235639780812761224e+01 8.082662896224430006e+04
5.087406573991226644e-01 1.228554621911649036e+01 6.509310272797906509e+04
5.314776769296478687e-01 1.222175650562264337e+01 5.257042619675897731e+04
5.547670879385562248e-01 1.216414239027426625e+01 4.257307872703386238e+04
5.785972044012324123e-01 1.211192265432709192e+01 3.456884082573260821e+04
6.029558268645947017e-01 1.206437925499470332e+01 2.814016695091051952e+04
6.278704956229346212e-01 1.202090403866402468e+01 2.295743026514278608e+04
6.533759003808217170e-01 1.198103769847964095e+01 1.876404743818918359e+04
6.794931856039251317e-01 1.194441260128968274e+01 1.536175699781778712e+04
7.062378268040303553e-01 1.191073575942481533e+01 1.259587646783242417e+04
7.336145001230752749e-01 1.187972369552652019e+01 1.034298362269748213e+04
7.616227544814830885e-01 1.185113713625164955e+01 8.505239750548855227e+03
7.902544495248123857e-01 1.182473611815668235e+01 7.004119604261511995e+03
8.194968998990057596e-01 1.180029189478370988e+01 5.776314348365222941e+03
8.493324916334935581e-01 1.177758677011493837e+01 4.770799625908747657e+03
8.797378580648090862e-01 1.175639948532429635e+01 3.946222949606768452e+03
9.106871627558484894e-01 1.173652359219890862e+01 3.269208095461799076e+03
9.421498820443146016e-01 1.171775209571602794e+01 2.712619856124299531e+03
9.740894044533954244e-01 1.169987767952036961e+01 2.254383790336069978e+03
1.006471005660130702e+00 1.168271084856486119e+01 1.876617810591632860e+03
1.039250704213387833e+00 1.166605409300301943e+01 1.564756328627893936e+03
1.072388403557783088e+00 1.164973343827759322e+01 1.306929355800561780e+03
1.105836286800953028e+00 1.163356537854565786e+01 1.093445292961536779e+03
1.139544814190913469e+00 1.161737856388704238e+01 9.164277189738546667e+02
1.173463583700277368e+00 1.160101008375376352e+01 7.694082563766894509e+02
1.207540368171663436e+00 1.158430377123512400e+01 6.471213717211458061e+02
1.241718423307790253e+00 1.156711062240993648e+01 5.452352590257077054e+02
1.275942091543879497e+00 1.154928568232858410e+01 4.602187141660172074e+02
1.310153318799171185e+00 1.153069453292127733e+01 3.891533897938429050e+02
1.344291812991563084e+00 1.151121172344675081e+01 3.296649529660173812e+02
1.378299148070831537e+00 1.149071851590581161e+01 2.797758381899375877e+02
1.412113960068972274e+00 1.146910178642449907e+01 2.378739086319993135e+02
1.445674070215414719e+00 1.144625549524715069e+01 2.026140031459714237e+02
1.478916668468807982e+00 1.142208468140599464e+01 1.729015804875841411e+02
1.511736695392466912e+00 1.139647993630651790e+01 1.478473911535837431e+02
1.543969534218620820e+00 1.136926854603623305e+01 1.267173715391961508e+02
1.575440446196767041e+00 1.134022127869868513e+01 1.088970311168087619e+02
1.605968723581840063e+00 1.130908015994841342e+01 9.385884930855614527e+01
1.635368682409473307e+00 1.127556927927135888e+01 8.115824125932822142e+01
1.663448563067544628e+00 1.123939680108503225e+01 7.042196453978196757e+01
1.690009987394791802e+00 1.120026354343592701e+01 6.133615178890219255e+01
1.714845132988395138e+00 1.115786331065708126e+01 5.364079782638962257e+01
1.737733507554713341e+00 1.111188318150666632e+01 4.711865746854688553e+01
1.758438081190079716e+00 1.106201225774533192e+01 4.158952091323529032e+01
1.776692091443215604e+00 1.100792726120734244e+01 3.690656422063185715e+01
1.792193883078998295e+00 1.094931798396653733e+01 3.294883403816987055e+01
1.804578285948326588e+00 1.088589421600384455e+01 2.962130689415561591e+01
1.813299636664271297e+00 1.081754643888529266e+01 2.686619416946019001e+01
1.816727285216940491e+00 1.074616146301299935e+01 2.477755228941756371e+01
