1.510646317623783297e+01 2.383731302914612049e-01 2.423116349867075216e+06
1.469770860441376570e+01 2.522139162680080982e-01 1.847353416492372518e+06
1.434512153327103867e+01 2.666475174065187637e-01 1.415923007009884110e+06
1.403943650886042072e+01 2.816765662881323129e-01 1.090771266781920567e+06
1.377320677976793739e+01 2.973035616317528662e-01 8.442562567134945421e+05
1.354044281636902625e+01 3.135302323170711669e-01 6.564189641405032016e+05
1.333622102550484279e+01 3.303583685158129057e-01 5.125315691519370885e+05
1.315647968208872065e+01 3.477890799133585009e-01 4.018317414010056527e+05
1.299783529523197600e+01 3.658220096363219431e-01 3.162606993048381410e+05
1.285744195430040016e+01 3.844572373030394341e-01 2.498295188421376515e+05
1.273289656476687526e+01 4.036927339483021293e-01 1.980568376856402028e+05
1.262216024578760099e+01 4.235259592479175828e-01 1.575481442363557580e+05
1.252347712608789720e+01 4.439531038454353484e-01 1.257330028259979299e+05
1.243532497076754595e+01 4.649691639231560147e-01 1.006581345874411345e+05
1.235639780812761224e+01 4.865680031098345570e-01 8.082662896224430006e+04
1.228554621911649036e+01 5.087406573991226644e-01 6.509310272797906509e+04
1.222175650562264337e+01 5.314776769296478687e-01 5.257042619675897731e+04
1.216414239027426625e+01 5.547670879385562248e-01 4.257307872703386238e+04
1.211192356767874934e+01 5.785972571719159019e-01 3.456844022130241501e+04
1.206437910597241192e+01 6.029560217258934651e-01 2.814018278157935492e+04
1.202090513592933441e+01 6.278724286190282555e-01 2.295709991298652312e+04
1.198104161861806460e+01 6.533818486950722093e-01 1.876338124231651818e+04
1.194442800169880670e+01 6.795077283696977499e-01 1.536056943664033133e+04
1.191077556051348196e+01 7.062651917129151302e-01 1.259383781660396016e+04
1.187980122356935908e+01 7.336598277075885299e-01 1.034049612285315379e+04
1.185127001485785314e+01 7.616912188269163719e-01 8.502421918697793444e+03
1.182494759314924160e+01 7.903523709424129517e-01 7.000958431332182045e+03
1.180059988017979933e+01 8.196299853618566056e-01 5.772991257491931719e+03
1.177801081628452096e+01 8.495060736758510700e-01 4.767397588010032450e+03
1.175697154092140373e+01 8.799597977911807201e-01 3.942846397760111813e+03
1.173726434825147535e+01 9.109632002609416856e-01 3.265920587683394842e+03
1.171868311711895316e+01 9.424859241142748978e-01 2.709417142692035213e+03
1.170102301534280542e+01 9.744918576464581816e-01 2.251374518301839089e+03
1.168409420461425618e+01 1.006946220389709490e+00 1.873831865329942957e+03
1.166769858628259549e+01 1.039804938529116374e+00 1.562165418386539841e+03
1.165165778044025302e+01 1.073027187091628365e+00 1.304541741180184545e+03
1.163578736296977922e+01 1.106564742734765572e+00 1.091271906867153575e+03
1.161992333551717316e+01 1.140370132422884986e+00 9.144576835482753268e+02
1.160389557085863110e+01 1.174391076126801048e+00 7.676388503226507964e+02
1.158754448248425106e+01 1.208574649163665971e+00 6.455194620447500711e+02
1.157072124827918458e+01 1.242864781686508158e+00 5.438008267687671378e+02
1.155328285228669216e+01 1.277205742901843966e+00 4.589339611896549513e+02
1.153509396567051226e+01 1.311538998264795808e+00 3.880188000708178606e+02
1.151602449331159761e+01 1.345804024063548932e+00 3.286572220721703843e+02
1.149595688733057131e+01 1.379941994093176749e+00 2.788816089082073972e+02
1.147477691299230962e+01 1.413891283255181763e+00 2.370796957860076475e+02
1.145237703838774479e+01 1.447590039909119497e+00 2.019115050397959976e+02
1.142865978776185720e+01 1.480976013616234210e+00 1.722821772723676190e+02
1.140353529572717406e+01 1.513987526816938711e+00 1.472726387778581909e+02
1.137691847660523514e+01 1.546562624926794971e+00 1.261265595073529511e+02
1.134873379365658685e+01 1.578640089336575070e+00 1.082176455741320069e+02
1.131891119380051869e+01 1.610159027587534597e+00 9.302450409336702819e+01
1.128738899623651548e+01 1.641059984726479293e+00 8.011552657125530175e+01
1.125411207015386950e+01 1.671284413345492270e+00 6.912731566481141954e+01
1.121903048899153355e+01 1.700774597811319566e+00 5.975861608372023426e+01
1.118210457397294277e+01 1.729474705331571105e+00 5.175789549482198737e+01
1.114329533151684259e+01 1.757301968223795807e+00 4.491776138551504971e+01
1.110252671959287163e+01 1.784134741451783857e+00 3.906935187516076979e+01
1.105968713140392268e+01 1.809847418296555599e+00 3.406518485485894132e+01
1.101464812302333129e+01 1.834314519935196008e+00 2.978020404193761550e+01
1.096727309244598203e+01 1.857414622471112109e+00 2.610728100500681492e+01
1.091742201724544792e+01 1.879029439818181491e+00 2.295556871933914778e+01
1.086495903717385225e+01 1.899046087842383379e+00 2.024700932393873742e+01
1.080975265675086305e+01 1.917355395387353001e+00 1.791646744290150650e+01
1.075167644337865447e+01 1.933855009053255802e+00 1.590819044939596516e+01
1.069061952147911931e+01 1.948446455470879357e+00 1.417517110348729226e+01
1.062648413912303624e+01 1.961037998596240284e+00 1.267775568980127332e+01
1.055917668365501605e+01 1.971541669501363003e+00 1.138231217877462598e+01
1.048862639798844754e+01 1.979876248038436648e+00 1.026063934391801880e+01
1.041478875073194388e+01 1.985967484547427775e+00 9.288569871164197522e+00
1.033763234217282090e+01 1.989745199524057151e+00 8.446014475061142335e+00
1.025715947705850084e+01 1.991147334100104915e+00 7.715996083911416115e+00
