2.191799393479931801e-01 1.550982551689759603e+01 3.683552447462830693e+06
2.274007884824292280e-01 1.520132412573088843e+01 3.076848611639176495e+06
2.359815243698581977e-01 1.490434241230961732e+01 2.574545789817326237e+06
2.449280235186342691e-01 1.464699185874003362e+01 2.151790638425272424e+06
2.542417102524366923e-01 1.441906759804827054e+01 1.814693879368512193e+06
2.639414963356874200e-01 1.419279256783566012e+01 1.506922245264129946e+06
2.740349810784279971e-01 1.398408796789413167e+01 1.261937747519287281e+06
2.845328652878684750e-01 1.379167809984937598e+01 1.056532942017178051e+06
2.954312235568162248e-01 1.362379527189942863e+01 8.841161050148525974e+05
3.067511983963244759e-01 1.346741108253962160e+01 7.417201118634497980e+05
3.185055837478878993e-01 1.331926141083737036e+01 6.198826024665847654e+05
3.306804151910156531e-01 1.318323768002071361e+01 5.203395154184441781e+05
3.433021076506471703e-01 1.306144956674433999e+01 4.362201873725049081e+05
3.563745482179754287e-01 1.294949193434519330e+01 3.659867097279548761e+05
3.698857300427219608e-01 1.283913819585480987e+01 3.071483450484975474e+05
3.838762907706148031e-01 1.274316564947532981e+01 2.571193883188595355e+05
3.983184455973828308e-01 1.265529609953269485e+01 2.139651766345513461e+05
4.132203741784473139e-01 1.256722669387585256e+01 1.815714707616392407e+05
4.286083504494372365e-01 1.249824655518493799e+01 1.525156517281404522e+05
4.444820708889847261e-01 1.242719642290325055e+01 1.284340977381856792e+05
4.608161479671093463e-01 1.235793955257179633e+01 1.079961165008199896e+05
4.776127933385075908e-01 1.230247374123580428e+01 9.114659207707553287e+04
4.948812332478118026e-01 1.224829205530852860e+01 7.660453883182408754e+04
5.126257244288557890e-01 1.219785685295299338e+01 6.474778489030050696e+04
5.308473223929635054e-01 1.214963451408616812e+01 5.464617466319203959e+04
5.495382261685045622e-01 1.210901911501567163e+01 4.622627055630060204e+04
5.687020128821893561e-01 1.206801076679634299e+01 3.896726399657488946e+04
5.882702772752969045e-01 1.202895806032775639e+01 3.303138011492902297e+04
6.083232527152202529e-01 1.199534456487083212e+01 2.791647859203410189e+04
6.288646651372162832e-01 1.196225759376135755e+01 2.368099331549704220e+04
6.499460256042827178e-01 1.193086409828582184e+01 1.988687845637396094e+04
6.715903708743315992e-01 1.190326182237832775e+01 1.700581197575020269e+04
6.937915709324230518e-01 1.187769541474825985e+01 1.439379505675100881e+04
7.165856285980863882e-01 1.185172242246330043e+01 1.221990556873008609e+04
7.400090265152122759e-01 1.182853999281431889e+01 1.035096416990144826e+04
7.640232527135224494e-01 1.180426536849013353e+01 8.771528153028088127e+03
7.886520111211438033e-01 1.178680165598184004e+01 7.433171341857007974e+03
8.138659024299490508e-01 1.176691955414495183e+01 6.311565627484783363e+03
8.396861499212857627e-01 1.174956623191245519e+01 5.351288163187945429e+03
8.661052221865972456e-01 1.173269238249254087e+01 4.540040179844292652e+03
8.931047486588539197e-01 1.171764882571838662e+01 3.818022021311173830e+03
9.206483672727471257e-01 1.170332971269965583e+01 3.247140994051014786e+03
9.487153296961206017e-01 1.168675528595935731e+01 2.775930160216636978e+03
9.772761456651001266e-01 1.167596489543686467e+01 2.361781134172768361e+03
1.006320504453256826e+00 1.166291212499676888e+01 2.009974214835383236e+03
1.035802207064737246e+00 1.165067997868234961e+01 1.709908078038289659e+03
1.065697213410594646e+00 1.163838238325315011e+01 1.457509713322413745e+03
1.095946065659940238e+00 1.162723700806530580e+01 1.242968313275642458e+03
1.126519470268110945e+00 1.161678902824884752e+01 1.061741984252001885e+03
1.157370534398473039e+00 1.160384829731559364e+01 9.073565709398550325e+02
1.188450797786485991e+00 1.159158759632785873e+01 7.766530863646693206e+02
1.219713890150341928e+00 1.158026087777254176e+01 6.655173278400901609e+02
1.251119123071159356e+00 1.156597448487910285e+01 5.713777801817393538e+02
1.282603725369781733e+00 1.155652544325743314e+01 4.904761534496465174e+02
1.314108414648822443e+00 1.153899341613334251e+01 4.215241734855761138e+02
1.345593292388216566e+00 1.152537841719191114e+01 3.640974040095579767e+02
1.377004865163578895e+00 1.151202588848537367e+01 3.139299342538739666e+02
1.408281712396013186e+00 1.149509055754131026e+01 2.711923015679300875e+02
1.439367621681938658e+00 1.147861904976087111e+01 2.346568539383619623e+02
1.470210442461765243e+00 1.145822170897665337e+01 2.035492500486891458e+02
1.500760987889810494e+00 1.143852054482271896e+01 1.767202801786561395e+02
1.530962031298350290e+00 1.141836240967500338e+01 1.537572874811012014e+02
1.560750354729408373e+00 1.139644621351117593e+01 1.332800049594386849e+02
1.590087032049176896e+00 1.137448133021838359e+01 1.169384298935341064e+02
1.618927700477396536e+00 1.134972799238517638e+01 1.023238082109692613e+02
1.647226216163377943e+00 1.132523991053056633e+01 8.920672391100561072e+01
1.674913255608772467e+00 1.129781572139417634e+01 7.866803032838876675e+01
1.701962560558995419e+00 1.126958731524321777e+01 6.922771448066679056e+01
1.728341728583481451e+00 1.123983341206063002e+01 6.094509761300182760e+01
1.753992292537232878e+00 1.120981512199432473e+01 5.381136816018825897e+01
1.778901647677475495e+00 1.117737105176782997e+01 4.760854036779785758e+01
1.803009393159532125e+00 1.114427756258191060e+01 4.215669179313022141e+01
1.826302382030180027e+00 1.110938280801684463e+01 3.743617190756079083e+01
1.848760288274907237e+00 1.107405337524303768e+01 3.318789806368527451e+01
1.870340239950741168e+00 1.103618234781867535e+01 2.970748091000513824e+01
1.891032144899177148e+00 1.099703731537516127e+01 2.652083956451308921e+01
1.910812802642800401e+00 1.095835134951077983e+01 2.371875559075078144e+01
1.929668086045416509e+00 1.091573271178849325e+01 2.127183823024577691e+01
1.947454800136656505e+00 1.087360919520478220e+01 1.911917421144445228e+01
1.963406390289567316e+00 1.083134437782932125e+01 1.728670636277098183e+01
1.977248595498692030e+00 1.078763076263984999e+01 1.573184895723475130e+01
1.988850534069824150e+00 1.074233083293931656e+01 1.436679126322018085e+01
1.998172077157172044e+00 1.069502370888518961e+01 1.328114728650300336e+01
2.005163488711747988e+00 1.064725267350632620e+01 1.229343693899417289e+01
2.009786082377804650e+00 1.059775580301193010e+01 1.152911655430421156e+01
2.012012984855941600e+00 1.054745682937169349e+01 1.086195926688302826e+01
2.011776740744867009e+00 1.049727337848316644e+01 1.029506171640297296e+01
2.009165068742656768e+00 1.044793688954012367e+01 9.907394277472242550e+00
2.004090624431834833e+00 1.039635329489971838e+01 9.578147372206020194e+00
1.997579438837781884e+00 1.034173514185320819e+01 9.271235889207252612e+00
1.989947614145330501e+00 1.028297530601519760e+01 8.981699068316430612e+00
1.981404601176224523e+00 1.022249243080675818e+01 8.700126744013736868e+00
1.972245524626276891e+00 1.015704477251261117e+01 8.402948309350012579e+00
1.962610041851047704e+00 1.009137941624292978e+01 8.125541442992018304e+00
1.952607722340487406e+00 1.002208594774731409e+01 7.860104159734436990e+00
1.942321674703712864e+00 9.953168852810824418e+00 7.599986099315051646e+00
1.931788845602437243e+00 9.883786299661721841e+00 7.369806106075311725e+00
1.921025771677716820e+00 9.814971127045472699e+00 7.121212976265643313e+00
1.910081002936726113e+00 9.748226395342550532e+00 6.922313420888954738e+00
1.899185787970462780e+00 9.685784902945014707e+00 6.756881452167338153e+00
