2.191799393479931801e-01 1.550982551689759603e+01 3.683552447462830693e+06
2.274887885363642004e-01 1.518988811614071466e+01 3.077238579912499059e+06
2.361671869441122895e-01 1.490177133275589405e+01 2.569025876707446296e+06
2.452140550554842979e-01 1.463587077965156702e+01 2.143239985602554400e+06
2.546399572805392864e-01 1.440031770135746214e+01 1.789695450271543814e+06
2.644597295426354688e-01 1.417901041975174259e+01 1.492712902933547040e+06
2.746819454987447506e-01 1.397730981463233846e+01 1.247625263102815952e+06
2.853176188548955383e-01 1.378402988231417936e+01 1.042746538083093823e+06
2.963645582982171178e-01 1.361048208043042429e+01 8.696650398563408526e+05
3.078614510987705555e-01 1.345336525759510593e+01 7.207825102737392299e+05
3.197549021767577826e-01 1.331027580719651660e+01 6.092867640654541319e+05
3.321109676262947730e-01 1.317644563374178546e+01 5.092856697837737738e+05
3.449143956553047952e-01 1.304490833614733880e+01 4.260175979820659850e+05
3.581796228981060648e-01 1.293256436107697560e+01 3.573706724037626409e+05
3.719042402216928278e-01 1.282750818475264154e+01 2.994146359362908988e+05
3.861062051454633437e-01 1.272863115824214475e+01 2.506375965923416079e+05
4.007767455668871937e-01 1.264012351624150909e+01 2.098360289015941380e+05
4.159237305923385586e-01 1.255881625858973649e+01 1.760800592819731392e+05
4.315555493001489995e-01 1.248581824672355012e+01 1.477456673633758328e+05
4.476823842563119049e-01 1.241355585084410329e+01 1.240606591148143052e+05
4.642891563091884888e-01 1.234955991892525695e+01 1.043393485641689622e+05
4.813648874874530970e-01 1.228982131105079212e+01 8.790336139250235283e+04
4.989209982129680920e-01 1.223600424260341946e+01 7.371976609354039829e+04
5.169664316940928428e-01 1.218649368977111891e+01 6.211222597952488286e+04
5.354958485761297515e-01 1.214028781662707246e+01 5.240782011258686543e+04
5.545050796991345399e-01 1.209655318026389814e+01 4.415036270669000805e+04
5.739597760105848989e-01 1.205750796633130761e+01 3.724016011902245373e+04
5.939065530371081536e-01 1.201801159543679631e+01 3.147117891396272171e+04
6.142839401294741819e-01 1.198389006089228914e+01 2.661022631054259182e+04
6.352108182830293881e-01 1.195285426179562549e+01 2.250777343628123344e+04
6.566929651565541759e-01 1.192180204770761343e+01 1.904632618123817156e+04
6.787650528551665285e-01 1.189460813100870773e+01 1.609096728985340451e+04
7.014284314760221850e-01 1.186729047231430911e+01 1.362824572148870539e+04
7.247259763196767235e-01 1.185228221887741640e+01 1.151965500701173914e+04
7.486269194045862552e-01 1.182095939678604068e+01 9.753375861935013745e+03
7.731898439728984718e-01 1.179972007669423029e+01 8.249166861264859108e+03
7.983903650252754947e-01 1.177908438016947734e+01 6.975616668233316886e+03
8.241985640348156172e-01 1.176163284491967964e+01 5.902301856058710655e+03
8.506314644763987021e-01 1.174478471965399429e+01 4.996919039441091627e+03
8.777012882547035044e-01 1.172743168483197884e+01 4.230921974066363873e+03
9.053342876937382488e-01 1.171038562986483456e+01 3.564642626386364554e+03
9.335417762606468273e-01 1.170056376268765952e+01 3.031991105682270245e+03
9.622886789522729911e-01 1.168478982891515194e+01 2.574288721320456261e+03
9.915559039569287192e-01 1.167205131302987553e+01 2.185413985850068912e+03
1.021303828974985617e+00 1.165917804939749658e+01 1.854688152951407574e+03
1.051501714974815371e+00 1.164841441878002470e+01 1.576908257935924894e+03
1.082110002088023881e+00 1.163683067676231175e+01 1.341233999054953301e+03
1.113078183353023665e+00 1.162600671629654236e+01 1.142096294689632259e+03
1.144367013064299998e+00 1.161414720026171921e+01 9.733834134937162617e+02
1.175935254226703197e+00 1.160371634462555157e+01 8.303064103062827144e+02
1.207705142119601005e+00 1.159492432699067699e+01 7.088622841719155758e+02
1.239677199920180328e+00 1.157962474864631375e+01 6.030913782363264772e+02
1.271746534632582026e+00 1.156971622875554218e+01 5.202300238446542835e+02
1.303885571471636862e+00 1.155324035890912349e+01 4.449027225955699123e+02
1.336036657163641284e+00 1.154050792385111812e+01 3.833011334427722545e+02
1.368133777570511578e+00 1.152608895582840987e+01 3.304852963175097216e+02
1.400119148653502288e+00 1.151079285365811700e+01 2.845058646639287758e+02
1.431950503227730653e+00 1.149409616075534046e+01 2.457221354706264549e+02
1.463558129845366818e+00 1.147740022500767409e+01 2.123394834062875134e+02
1.494876029087972791e+00 1.145951924765654972e+01 1.829244948126204235e+02
1.525877760212235756e+00 1.144014711670801709e+01 1.596034622820772881e+02
1.556486867036700916e+00 1.142034823975336089e+01 1.386669451174422818e+02
1.586639607411643116e+00 1.139660972485549451e+01 1.207670340368714932e+02
1.616303526270164381e+00 1.137380166493732503e+01 1.054241971083706062e+02
1.645425340011406279e+00 1.134949184498491626e+01 9.177074539290404687e+01
1.673943230194044673e+00 1.132384685473323138e+01 8.063315950782546793e+01
1.701814591332214688e+00 1.129645058323860596e+01 7.075622271536353480e+01
1.729010295254079788e+00 1.126722680298947310e+01 6.217936025157732161e+01
1.755473775826092098e+00 1.123812816862876751e+01 5.479258761330218164e+01
1.781168083673931424e+00 1.120656697643198818e+01 4.833485839947883989e+01
1.806063821767106337e+00 1.117397022383964078e+01 4.273194038397370775e+01
1.830117993332921023e+00 1.114050960585874250e+01 3.783870108877983540e+01
1.853314659256916741e+00 1.110472085758131300e+01 3.347208422052339927e+01
1.875620010930397985e+00 1.106821457244249807e+01 2.979775972080370749e+01
1.897010985015083584e+00 1.102983443909911898e+01 2.663937014837465966e+01
1.917467112102710702e+00 1.098971934490416125e+01 2.379590616392787794e+01
1.936970743407523621e+00 1.094941003079902764e+01 2.129044116638661421e+01
1.955514588274814392e+00 1.090721145787624380e+01 1.910085511771876909e+01
1.973083840550561519e+00 1.086431931898750491e+01 1.715870541516921932e+01
1.989675238865455720e+00 1.081953503982221498e+01 1.540183511917710923e+01
2.005283793893659183e+00 1.077467606254995580e+01 1.393597372844598148e+01
2.019901087340959300e+00 1.072738032778595141e+01 1.256907847282873725e+01
2.033432504027544052e+00 1.067969880580631781e+01 1.142831922557462399e+01
2.045653207681424668e+00 1.063136896446038904e+01 1.039319542956057774e+01
2.056214857696572640e+00 1.058303853556254204e+01 9.505095655746194083e+00
2.064300390487092240e+00 1.053514574682087535e+01 8.771410575927198749e+00
2.067571711653998889e+00 1.049000180414959615e+01 8.265677437670431615e+00
2.067975569635488675e+00 1.044161500048939750e+01 7.843322819504497723e+00
2.066122282263036070e+00 1.039199355428736737e+01 7.472370022475478990e+00
2.062136978849338220e+00 1.034153814130278803e+01 7.192079303449730787e+00
2.056086268381691617e+00 1.029535328641635061e+01 7.005654969268996446e+00
2.047656577506598463e+00 1.025151035989134307e+01 6.908136514128644379e+00
2.037241521783947018e+00 1.020389530344503193e+01 6.845484835770750287e+00
2.025370351190002527e+00 1.015319290958802512e+01 6.785350771292234739e+00
2.012340422301598597e+00 1.009920942861521986e+01 6.714489337987049389e+00
1.998365483351308036e+00 1.004212019530445943e+01 6.664951250945240879e+00
1.983653303325285000e+00 9.982625058798983986e+00 6.617107556528689649e+00
1.968333179666283073e+00 9.919765349577632563e+00 6.566592046524117876e+00
1.952547415387335894e+00 9.854608407162373851e+00 6.528056392824608700e+00
1.936380615276823258e+00 9.787292251368764795e+00 6.452325147935045635e+00
