1.510646317623783297e+01 2.383731302914612049e-01 2.423116349867075216e+06
1.469770860441376570e+01 2.522139162680080982e-01 1.847353416492372518e+06
1.434512153327103867e+01 2.666475174065187637e-01 1.415923007009884110e+06
1.403943650886042072e+01 2.816765662881323129e-01 1.090771266781920567e+06
1.377320677976793739e+01 2.973035616317528662e-01 8.442562567134945421e+05
1.354044281636902625e+01 3.135302323170711669e-01 6.564189641405032016e+05
1.333622102550484279e+01 3.303583685158129057e-01 5.125315691519370885e+05
1.315647968208872065e+01 3.477890799133585009e-01 4.018317414010056527e+05
1.299783529523197600e+01 3.658220096363219431e-01 3.162606993048381410e+05
1.285744195430040016e+01 3.844572373030394341e-01 2.498295188421376515e+05
1.273289656476687526e+01 4.036927339483021293e-01 1.980568376856402028e+05
1.262216024578760099e+01 4.235259592479175828e-01 1.575481442363557580e+05
1.252347712608789720e+01 4.439531038454353484e-01 1.257330028259979299e+05
1.243532497076754595e+01 4.649691639231560147e-01 1.006581345874411345e+05
1.235639780812761224e+01 4.865680031098345570e-01 8.082662896224430006e+04
1.228554621911649036e+01 5.087406573991226644e-01 6.509310272797906509e+04
1.222175650562264337e+01 5.314776769296478687e-01 5.257042619675897731e+04
1.216414239027426625e+01 5.547670879385562248e-01 4.257307872703386238e+04
1.211192292421834438e+01 5.785972027921897354e-01 3.456842240983828378e+04
1.206438048994568035e+01 6.029586268643882807e-01 2.813950400943184286e+04
1.202090815949432567e+01 6.278957622482752576e-01 2.295366955747373868e+04
1.198109699236546888e+01 6.534599788843262758e-01 1.875407373406238912e+04
1.194462555932461179e+01 6.796861350298410986e-01 1.534445353470827831e+04
1.191125626846210039e+01 7.065985024504031209e-01 1.257097228301924042e+04
1.188074612004104225e+01 7.342085579886357127e-01 1.031121963047494137e+04
1.185289726064313065e+01 7.625203179853974333e-01 8.468368884991437881e+03
1.182748850564387766e+01 7.915295423830016608e-01 6.963561118606862692e+03
1.180431406203311262e+01 8.212255406432839022e-01 5.733536757452291567e+03
1.178317006993840010e+01 8.515918369868918925e-01 4.727144540070664334e+03
1.176384700141666073e+01 8.826067319393335886e-01 3.902919225934457245e+03
1.174612859251008068e+01 9.142431989391316405e-01 3.227104926932749549e+03
1.172981264900549370e+01 9.464715247041736168e-01 2.672328237812465886e+03
1.171468883012678752e+01 9.792549811774982071e-01 2.216411257401104194e+03
1.170055576235482953e+01 1.012556357362343062e+00 1.841251096291615113e+03
1.168720609541791333e+01 1.046331393728823000e+00 1.532129056229079197e+03
1.167445294306231673e+01 1.080537474584680302e+00 1.277068594326248331e+03
1.166210535524041525e+01 1.115125778654054045e+00 1.066308298051287238e+03
1.164997473465080624e+01 1.150044909735196352e+00 8.919000614123328887e+02
1.163788646181181718e+01 1.185242384925959236e+00 7.473459703190740129e+02
1.162567103057378048e+01 1.220662693712938118e+00 6.273507161059804957e+02
1.161316040657102988e+01 1.256247261597837950e+00 5.275876710634377105e+02
1.160020325740280001e+01 1.291938384899653069e+00 4.445135477569153295e+02
1.158665222051251753e+01 1.327675912997384744e+00 3.752060558127614627e+02
1.157236057703729593e+01 1.363395188508973677e+00 3.172991465558241657e+02
1.155720296030135863e+01 1.399035842279670261e+00 2.688341889931029982e+02
1.154105113353557321e+01 1.434532653422794235e+00 2.282046852056385831e+02
1.152378842457645192e+01 1.469821520898984657e+00 1.940767311968680247e+02
1.150530562956140734e+01 1.504837622613568682e+00 1.653674453437228635e+02
1.148550070635005937e+01 1.539516129439792103e+00 1.411751342106628897e+02
1.146427956492507150e+01 1.573792217337236954e+00 1.207517238742396160e+02
1.144155681443936246e+01 1.607601136333569158e+00 1.034793143920264100e+02
1.141725133952935600e+01 1.640880633660773524e+00 8.884778127434667283e+01
1.139129271501142071e+01 1.673566404155769849e+00 7.643228159698990964e+01
1.136361560527674008e+01 1.705597267011803808e+00 6.587751678493620489e+01
1.133416338239975829e+01 1.736913223650387028e+00 5.689046548176886375e+01
1.130288448434750670e+01 1.767455370882435428e+00 4.922387140453048460e+01
1.126973639426019069e+01 1.797167027203337542e+00 4.267316497288381782e+01
1.123468090846827039e+01 1.825993327678761435e+00 3.706599681310654404e+01
1.119768961812268593e+01 1.853881424297773695e+00 3.225896796320203208e+01
1.115873550166265282e+01 1.880782091312478865e+00 2.813023946851913948e+01
1.111780463312263478e+01 1.906647025970213072e+00 2.457802360055095647e+01
1.107488346634458587e+01 1.931431793608753278e+00 2.151693786030817179e+01
1.102996809422590196e+01 1.955094463905096225e+00 1.887444720317853353e+01
1.098306010363181606e+01 1.977596329361066108e+00 1.658948748283818375e+01
1.093416483911074621e+01 1.998901833247605397e+00 1.461077744974939741e+01
1.088329606615700307e+01 2.018978836086962936e+00 1.289389797108360369e+01
1.083047218696085601e+01 2.037798181889611371e+00 1.140215594495834850e+01
1.077571732770041102e+01 2.055334644347520001e+00 1.010378084307861890e+01
1.071906460217812729e+01 2.071564176913285316e+00 8.971849400415436548e+00
1.066100624930145102e+01 2.085875152972785251e+00 8.005443431545240074e+00
1.060105911228998110e+01 2.095448299320553431e+00 7.249723863449927030e+00
1.053626777750906562e+01 2.099223416291521094e+00 6.670339468387814108e+00
