2.383731302914612049e-01 1.510646317623783297e+01 2.423116349867075216e+06
2.522139162680080982e-01 1.469770860441376570e+01 1.847353416492372518e+06
2.666475174065187637e-01 1.434512153327103867e+01 1.415923007009884110e+06
2.816765662881323129e-01 1.403943650886042072e+01 1.090771266781920567e+06
2.973035616317528662e-01 1.377320677976793739e+01 8.442562567134945421e+05
3.135302323170711669e-01 1.354044281636902625e+01 6.564189641405032016e+05
3.303583685158129057e-01 1.333622102550484279e+01 5.125315691519370885e+05
3.477890799133585009e-01 1.315647968208872065e+01 4.018317414010056527e+05
3.658220096363219431e-01 1.299783529523197600e+01 3.162606993048381410e+05
3.844572373030394341e-01 1.285744195430040016e+01 2.498295188421376515e+05
4.036927339483021293e-01 1.273289656476687526e+01 1.980568376856402028e+05
4.235259592479175828e-01 1.262216024578760099e+01 1.575481442363557580e+05
4.439531038454353484e-01 1.252347712608789720e+01 1.257330028259979299e+05
4.649691639231560147e-01 1.243532497076754595e+01 1.006581345874411345e+05
4.865680031098345570e-01 1.235639780812761224e+01 8.082662896224430006e+04
5.087406573991226644e-01 1.228554621911649036e+01 6.509310272797906509e+04
5.314776769296478687e-01 1.222175650562264337e+01 5.257042619675897731e+04
5.547670879385562248e-01 1.216414239027426625e+01 4.257307872703386238e+04
5.785972321100478766e-01 1.211192487807248419e+01 3.456870547423822427e+04
6.029602291363400646e-01 1.206437929862835290e+01 2.813947376247316788e+04
6.279106279398445345e-01 1.202091311221883352e+01 2.295131871975371541e+04
6.535093963320544042e-01 1.198112926488672514e+01 1.874828661680902223e+04
6.797993698082672731e-01 1.194475285048339863e+01 1.533435291038704781e+04
7.068083104992010091e-01 1.191156241004671124e+01 1.255648605538975971e+04
7.345511847600857402e-01 1.188134309424159696e+01 1.029330609977836684e+04
7.630344700428571825e-01 1.185391257283486510e+01 8.447425466974920710e+03
7.922554177629500538e-01 1.182907183061102252e+01 6.940583643704826500e+03
8.222043770703402199e-01 1.180662160415830009e+01 5.709521861446755793e+03
8.528646926274751072e-01 1.178635645020070655e+01 4.702887316749548518e+03
8.842150377664509397e-01 1.176807238312813020e+01 3.878996705162173384e+03
9.162294069365034543e-01 1.175156138484385870e+01 3.203968174709022151e+03
9.488760982628000606e-01 1.173660506274128146e+01 2.650396812940090513e+03
9.821185121100305393e-01 1.172299814249550387e+01 2.195874647818115136e+03
1.015917993500112582e+00 1.171052910752860754e+01 1.822234337533076769e+03
1.050231005783142102e+00 1.169898922953917264e+01 1.514672415960715171e+03
1.085013411260006500e+00 1.168818500934409776e+01 1.261174337784664203e+03
1.120214430413736029e+00 1.167791101690803224e+01 1.051929100807194118e+03
1.155782495624099848e+00 1.166797905986611994e+01 8.789726567272816737e+02
1.191664783639333702e+00 1.165820521248876673e+01 7.357792854381974621e+02
1.227802959365079438e+00 1.164840866509734241e+01 6.170380692860094314e+02
1.264138594071597455e+00 1.163841885645960339e+01 5.184200516503981362e+02
1.300611599595881573e+00 1.162807435944238321e+01 4.363828923215342002e+02
1.337159263587273550e+00 1.161721638197110629e+01 3.680188554621576031e+02
1.373719114798281904e+00 1.160570413630961362e+01 3.109537858644260382e+02
1.410226774230368685e+00 1.159339392480836750e+01 2.632381538882469840e+02
1.446616289303369829e+00 1.158015366334465845e+01 2.232703707316387636e+02
1.482821847776360835e+00 1.156586185902416375e+01 1.897371526311094669e+02
1.518777075396758436e+00 1.155040297964355744e+01 1.615510522506018845e+02
1.554415416008318118e+00 1.153366914626762529e+01 1.378157761258372034e+02
1.589670720737802245e+00 1.151556083933502705e+01 1.177971635823335390e+02
1.624476902974655301e+00 1.149598567937578153e+01 1.008815947027974147e+02
1.658768727058817394e+00 1.147485895267958078e+01 8.656297389446777402e+01
1.692483603680826842e+00 1.145210430370881483e+01 7.442046320233822598e+01
1.725580651239190910e+00 1.142766468532270352e+01 6.410124915800685130e+01
1.758038069618919730e+00 1.140151793415270198e+01 5.531024937537666375e+01
1.789827880863228859e+00 1.137366367147678403e+01 4.780553460654250841e+01
1.820914827000001512e+00 1.134411310371240411e+01 4.138746786773652531e+01
1.851190949102869743e+00 1.131284528010271195e+01 3.589958007296223741e+01
1.880508634137113333e+00 1.127976060808224901e+01 3.120737119623448308e+01
1.908711512200480520e+00 1.124471746722514887e+01 2.719553003315122552e+01
1.935639188802142252e+00 1.120753952375417661e+01 2.376467182354934593e+01
1.961127941996108959e+00 1.116802931059924830e+01 2.082893497739692279e+01
1.985011827071131219e+00 1.112597631501820494e+01 1.831510395140051628e+01
2.007118357012059651e+00 1.108115615887157723e+01 1.616183048453805782e+01
2.027270760236584923e+00 1.103333959024132405e+01 1.431608466856461526e+01
2.045278445325902084e+00 1.098227937528202602e+01 1.273379801850530590e+01
2.060939015913718197e+00 1.092773617365255490e+01 1.137809254824976435e+01
2.074025409926739449e+00 1.086944092119351168e+01 1.021792261137090740e+01
2.084328700938818724e+00 1.080711278453994595e+01 9.226381126690206713e+00
2.091742685993761786e+00 1.074047373568666686e+01 8.377201841065151200e+00
2.096209969920590943e+00 1.066938718807010567e+01 7.648795982749994060e+00
2.097694225479168395e+00 1.059379149732668779e+01 7.023446965312641233e+00
