2.383731302914612049e-01 1.510646317623783297e+01 2.423116349867075216e+06
2.522139162680080982e-01 1.469770860441376570e+01 1.847353416492372518e+06
2.666475174065187637e-01 1.434512153327103867e+01 1.415923007009884110e+06
2.816765662881323129e-01 1.403943650886042072e+01 1.090771266781920567e+06
2.973035616317528662e-01 1.377320677976793739e+01 8.442562567134945421e+05
3.135302323170711669e-01 1.354044281636902625e+01 6.564189641405032016e+05
3.303583685158129057e-01 1.333622102550484279e+01 5.125315691519370885e+05
3.477890799133585009e-01 1.315647968208872065e+01 4.018317414010056527e+05
3.658220096363219431e-01 1.299783529523197600e+01 3.162606993048381410e+05
3.844572373030394341e-01 1.285744195430040016e+01 2.498295188421376515e+05
4.036927339483021293e-01 1.273289656476687526e+01 1.980568376856402028e+05
4.235259592479175828e-01 1.262216024578760099e+01 1.575481442363557580e+05
4.439531038454353484e-01 1.252347712608789720e+01 1.257330028259979299e+05
4.649691639231560147e-01 1.243532497076754595e+01 1.006581345874411345e+05
4.865680031098345570e-01 1.235639780812761224e+01 8.082662896224430006e+04
5.087406573991226644e-01 1.228554621911649036e+01 6.509310272797906509e+04
5.314776769296478687e-01 1.222175650562264337e+01 5.257042619675897731e+04
5.547670879385562248e-01 1.216414239027426625e+01 4.257307872703386238e+04
5.785971955657643884e-01 1.211192463611991421e+01 3.456830448331186926e+04
6.029611513623013286e-01 1.206437815268050251e+01 2.813913602298601836e+04
6.279242544054820518e-01 1.202091549285286121e+01 2.294931216877217958e+04
6.535548254896067499e-01 1.198116009340895260e+01 1.874277030534515143e+04
6.799021830870751737e-01 1.194486800464497911e+01 1.532514922170909085e+04
7.069975123171319265e-01 1.191184079119846295e+01 1.254357389407282790e+04
7.348588673270330940e-01 1.188188525402348894e+01 1.027707615977870228e+04
7.634940439708916005e-01 1.185483093041928093e+01 8.428727652676923753e+03
7.929014709884918410e-01 1.183049523932400326e+01 6.920383646832058730e+03
8.230718944313994978e-01 1.180868191952861501e+01 5.688436975604794497e+03
8.539893844201318363e-01 1.178919531813273380e+01 4.681668977576065117e+03
8.856321985799180396e-01 1.177182398805964070e+01 3.858147451759210526e+03
9.179741637117161401e-01 1.175636886340214460e+01 3.183940754819936956e+03
9.509830852409679736e-01 1.174260363980430810e+01 2.631436414166852046e+03
9.846221064414043544e-01 1.173031945085699945e+01 2.178183249148168670e+03
1.018851773308396380e+00 1.171929948102855690e+01 1.805899335114689620e+03
1.053627915266856618e+00 1.170933114390526697e+01 1.499749399085487312e+03
1.088904460352658532e+00 1.170020890400391167e+01 1.247641276194183092e+03
1.124631708161896171e+00 1.169172891238954293e+01 1.039730447536300744e+03
1.160756524016627544e+00 1.168369215461898136e+01 8.680364432600990767e+02
1.197224131915571421e+00 1.167590853379140725e+01 7.260133335194475421e+02
1.233975627203163228e+00 1.166818993911415347e+01 6.083578317594042346e+02
1.270952306223438022e+00 1.166036241143844698e+01 5.107241821668957300e+02
1.308092146559831193e+00 1.165225582958719741e+01 4.295774759528785012e+02
1.345331595851727791e+00 1.164370696194825072e+01 3.620134844620156400e+02
1.382607281490142892e+00 1.163456597127442116e+01 3.056607912888536021e+02
1.419853324368624881e+00 1.162468587802562325e+01 2.585807424029492267e+02
1.457002497681379571e+00 1.161393097737432001e+01 2.191757134158009990e+02
1.493987411794388320e+00 1.160217334380517507e+01 1.861395074036377650e+02
1.530741537247034767e+00 1.158929038048516169e+01 1.583916454684677717e+02
1.567196160716718856e+00 1.157517145087456001e+01 1.350430845715447674e+02
1.603284097440600631e+00 1.155971161057792784e+01 1.153627956387493185e+02
1.638937965956859921e+00 1.154281418120475600e+01 9.874435878216399942e+01
1.674091123189082708e+00 1.152439116760596782e+01 8.468601610164934357e+01
1.708677850433551804e+00 1.150436053599391428e+01 7.277222429048700292e+01
1.742633305502975904e+00 1.148264942305273983e+01 6.265754599300822036e+01
1.775894744722784857e+00 1.145919079675894636e+01 5.405501298194204196e+01
1.808400003990412674e+00 1.143392610098508300e+01 4.672558245981829828e+01
1.840089388433035600e+00 1.140680380856148446e+01 4.046995967502441260e+01
1.870905071277814358e+00 1.137777804408083071e+01 3.512113603991652866e+01
1.900791575232650521e+00 1.134681092015178550e+01 3.054002248692256671e+01
1.929695843476533001e+00 1.131387070558825769e+01 2.660897335283721432e+01
1.957567262945268283e+00 1.127893295434390808e+01 2.323025960864135442e+01
1.984357413795971858e+00 1.124197768633196048e+01 2.032148530484882087e+01
2.009957718043416719e+00 1.120298836483856775e+01 1.781680449118101706e+01
2.034116024300122394e+00 1.116183496012826559e+01 1.566612339392261077e+01
2.056480766044436859e+00 1.111823491783766649e+01 1.382723950894313525e+01
2.076539288892172763e+00 1.107175853075118432e+01 1.226646415226719178e+01
2.093527026270773028e+00 1.102175093720067878e+01 1.095968986893884178e+01
2.106576112737638340e+00 1.096725424506169411e+01 9.883742541364854972e+00
2.115554362276067746e+00 1.090703715354913683e+01 8.989188208707592054e+00
2.120881525211792074e+00 1.084067477579225880e+01 8.229007553826461319e+00
2.122987501147798994e+00 1.076827500947277549e+01 7.570886113380473681e+00
