1.550982551689759603e+01 2.191799393479931801e-01 3.683552447462830693e+06
1.520252455370348699e+01 2.271502914108132765e-01 3.097000372380977962e+06
1.494032225938740410e+01 2.354528326006472272e-01 2.621670164983375929e+06
1.466655739784362389e+01 2.441096204305510109e-01 2.186605007192207035e+06
1.443632370657532249e+01 2.531050555685978587e-01 1.840476494624922052e+06
1.421939245142588071e+01 2.624641785588065490e-01 1.549963180789368227e+06
1.402074267534485053e+01 2.721918135803977901e-01 1.308532082364747999e+06
1.383530100763911541e+01 2.822978843152504358e-01 1.096005270928501617e+06
1.366992844433442933e+01 2.927967468455313083e-01 9.247248548576674657e+05
1.350698589257761206e+01 3.036581735024015405e-01 7.788249846830591559e+05
1.336541705589824680e+01 3.149352763967080415e-01 6.559404604831110919e+05
1.322448409106388745e+01 3.266201533019328918e-01 5.521889100539640058e+05
1.310646652756745034e+01 3.387115335126600346e-01 4.644509776199074113e+05
1.299191298188694077e+01 3.512320428218316803e-01 3.914949002543641254e+05
1.288575553227515336e+01 3.641864520922132309e-01 3.300718410340861883e+05
1.278529003586318957e+01 3.775345009133068142e-01 2.789012743453448638e+05
1.269888768520737443e+01 3.913317780805590229e-01 2.351560216766686644e+05
1.261488030542659544e+01 4.055810056411424669e-01 1.964911339032406686e+05
1.254150572119000806e+01 4.202507044193373176e-01 1.679274881433837290e+05
1.246671292518639618e+01 4.353872710688608261e-01 1.417827871045646025e+05
1.240060265301751130e+01 4.509657703754756941e-01 1.191927594309931301e+05
1.233457241604372534e+01 4.669903785007550323e-01 1.015119173044904164e+05
1.229173937498934954e+01 4.834343671831304312e-01 8.587268139129412884e+04
1.223179200264671707e+01 5.003500409520428294e-01 7.272549263815699669e+04
1.218266635443469248e+01 5.177019865334624438e-01 6.169672135983267799e+04
1.213940042549940479e+01 5.354995315409560863e-01 5.238309138438857190e+04
1.209821856252526828e+01 5.537392486797287905e-01 4.444660176771289844e+04
1.205860076020023364e+01 5.723904611356381844e-01 3.779323311392465257e+04
1.202402951621206917e+01 5.914707243814992799e-01 3.216024999785383625e+04
1.199125196009594951e+01 6.110145983223282951e-01 2.709203011382103432e+04
1.195776132902966182e+01 6.310525588368492977e-01 2.327395641039346447e+04
1.192851383496016382e+01 6.516617908890730559e-01 1.980061382128799596e+04
1.190194177736431236e+01 6.728612965589905182e-01 1.683832950883460580e+04
1.187800907791481642e+01 6.947037324280597170e-01 1.431779149819345002e+04
1.185159570263370554e+01 7.172037087709841607e-01 1.218217519527718287e+04
1.182990143224552781e+01 7.403850637499729270e-01 1.033550911079230900e+04
1.181084282052355405e+01 7.642431762852348598e-01 8.787370835277644801e+03
1.179286514611907322e+01 7.887986318052601087e-01 7.464686451255900465e+03
1.177569118153072303e+01 8.140633274443694889e-01 6.336528918217125465e+03
1.176063673412180677e+01 8.400096414610956908e-01 5.375138554229443798e+03
1.174611903367586407e+01 8.666522058972296882e-01 4.563548791961983625e+03
1.173443712111296300e+01 8.939729133149071361e-01 3.875794280589016580e+03
1.172272753208056528e+01 9.219635056264945394e-01 3.292809341195692468e+03
1.171194732578381092e+01 9.505892254011977238e-01 2.793735511162979037e+03
1.170259228883329961e+01 9.798194480093099790e-01 2.374535213725182075e+03
1.169494813514745424e+01 1.009651369707966095e+00 2.018488533214837844e+03
1.169020828486484298e+01 1.040038748765101717e+00 1.707406848181960186e+03
1.167995931427702061e+01 1.070951654724420443e+00 1.462401267462228134e+03
1.167430853250185052e+01 1.102357781017528238e+00 1.237093042847907554e+03
1.166716447565209691e+01 1.134203797813244652e+00 1.063137808088393967e+03
1.166216618268500582e+01 1.166432039667868681e+00 9.073305521285542454e+02
1.165670348973869608e+01 1.199027487653166579e+00 7.752209485461735312e+02
1.165468267636912714e+01 1.231926260966172526e+00 6.631747256351412716e+02
1.164444660837343903e+01 1.265072571779754407e+00 5.679891596766007069e+02
1.163847773640489081e+01 1.298414753130574528e+00 4.875267401375676286e+02
1.163287204907786254e+01 1.331894749480658335e+00 4.179939098643941975e+02
1.162634475796503963e+01 1.365472699935668555e+00 3.596791149536969669e+02
1.161905206699630533e+01 1.399067199429923525e+00 3.097597176943928616e+02
1.161351924808683655e+01 1.432646780934793140e+00 2.671256121685888729e+02
1.160149633617382392e+01 1.466110084038366512e+00 2.307462450543286536e+02
1.159484074599815351e+01 1.499445086330448706e+00 1.996735701626890602e+02
1.158152854957918976e+01 1.532567676033869564e+00 1.724242439667242479e+02
1.156985613240990318e+01 1.565415974361058060e+00 1.502697821461943022e+02
1.155717968922918182e+01 1.597942211931820955e+00 1.305954260217845899e+02
1.154294255071407171e+01 1.630085052627663567e+00 1.138414616247346629e+02
1.152841577333664524e+01 1.661788643111137942e+00 9.888159637757883047e+01
1.151201613223142139e+01 1.693006885628542513e+00 8.642120718427820236e+01
1.149452017601867659e+01 1.723673018955675484e+00 7.610049865242230283e+01
1.147551515569733205e+01 1.753744294369113277e+00 6.675430594916102223e+01
1.145516261717035178e+01 1.783186126576668196e+00 5.867191105089156622e+01
1.143318014990013687e+01 1.811933325185399513e+00 5.167814287700572606e+01
1.141061814967560473e+01 1.839951853640526158e+00 4.561362040029430887e+01
1.138569779387019132e+01 1.867203382395029365e+00 4.017271625650338507e+01
1.136001634695429630e+01 1.893647410542050213e+00 3.576419879952205605e+01
1.133301622024416844e+01 1.919257506103681621e+00 3.174464624661854373e+01
1.130454937969881968e+01 1.943994027597151009e+00 2.810911320491113585e+01
1.127470526434719034e+01 1.967845227707506250e+00 2.515377627226216006e+01
1.124315869214233565e+01 1.990772594129373685e+00 2.241633613177712192e+01
1.121048127169022024e+01 2.012756780608267793e+00 2.011129827800416692e+01
1.117658441176419437e+01 2.033782594079977635e+00 1.802644290850654940e+01
1.114143724678782199e+01 2.053849424315023597e+00 1.618931722341637425e+01
1.110476001207697117e+01 2.072926591329763202e+00 1.457836973304921990e+01
1.106716123500836879e+01 2.090985752279598930e+00 1.315114354265018903e+01
1.102815847794906290e+01 2.107875858414312908e+00 1.190076116452764055e+01
1.098864216000962557e+01 2.123294300828339143e+00 1.080500399722610894e+01
1.094815267301739148e+01 2.136756843876161049e+00 9.868543506961508172e+00
1.090859169693228914e+01 2.146226258259967157e+00 9.131698450505146170e+00
1.086834059123890839e+01 2.150400126649993471e+00 8.629242367164753347e+00
1.082364504272694994e+01 2.151938947006252878e+00 8.213699631907520171e+00
1.077521412376239951e+01 2.151706227940247906e+00 7.793628973769827439e+00
1.072389203023795012e+01 2.150083116125441229e+00 7.448460713189881233e+00
1.067001910665310049e+01 2.147245593634433014e+00 7.095834765808341160e+00
1.061494064009231053e+01 2.143339136833244840e+00 6.807715996131715741e+00
1.055790952483797263e+01 2.138356474283661157e+00 6.512420162361677534e+00
1.050104766127868494e+01 2.132341962465664764e+00 6.279893043115579943e+00
1.044252886292964000e+01 2.125356563698542534e+00 6.063883133181102281e+00
1.038489625862716537e+01 2.117404915800267240e+00 5.873075983414851819e+00
1.032871466409374150e+01 2.108556120089943420e+00 5.700915009388085153e+00
1.027480675679080058e+01 2.098901107083079864e+00 5.594873226754973672e+00
1.023088314229883800e+01 2.089500333959761313e+00 5.516653991461835993e+00
