2.383731302914612049e-01 1.510646317623783297e+01 2.423116349867075216e+06
2.522139162680080982e-01 1.469770860441376570e+01 1.847353416492372518e+06
2.666475174065187637e-01 1.434512153327103867e+01 1.415923007009884110e+06
2.816765662881323129e-01 1.403943650886042072e+01 1.090771266781920567e+06
2.973035616317528662e-01 1.377320677976793739e+01 8.442562567134945421e+05
3.135302323170711669e-01 1.354044281636902625e+01 6.564189641405032016e+05
3.303583685158129057e-01 1.333622102550484279e+01 5.125315691519370885e+05
3.477890799133585009e-01 1.315647968208872065e+01 4.018317414010056527e+05
3.658220096363219431e-01 1.299783529523197600e+01 3.162606993048381410e+05
3.844572373030394341e-01 1.285744195430040016e+01 2.498295188421376515e+05
4.036927339483021293e-01 1.273289656476687526e+01 1.980568376856402028e+05
4.235259592479175828e-01 1.262216024578760099e+01 1.575481442363557580e+05
4.439531038454353484e-01 1.252347712608789720e+01 1.257330028259979299e+05
4.649691639231560147e-01 1.243532497076754595e+01 1.006581345874411345e+05
4.865680031098345570e-01 1.235639780812761224e+01 8.082662896224430006e+04
5.087406573991226644e-01 1.228554621911649036e+01 6.509310272797906509e+04
5.314776769296478687e-01 1.222175650562264337e+01 5.257042619675897731e+04
5.547670879385562248e-01 1.216414239027426625e+01 4.257307872703386238e+04
5.785972016875489121e-01 1.211192281070729670e+01 3.456835499936630367e+04
6.029614774504662433e-01 1.206437482053675581e+01 2.813944238738069180e+04
6.279265285025629195e-01 1.202091591228549028e+01 2.294889137783234037e+04
6.535621558705156930e-01 1.198116619239270264e+01 1.874193083089269567e+04
6.799183187525545957e-01 1.194488675629761154e+01 1.532367917003706498e+04
7.070272851121901514e-01 1.191188472708452117e+01 1.254145763397526025e+04
7.349069509723079596e-01 1.188196937487887261e+01 1.027445802534010909e+04
7.635660365669711958e-01 1.185497545831647770e+01 8.425875367909427951e+03
7.930024961237278625e-01 1.183071896767214071e+01 6.917198725449141421e+03
8.232073315220581611e-01 1.180900561436943974e+01 5.685195707033458348e+03
8.541644387335730615e-01 1.178963651322372641e+01 4.678357432542130482e+03
8.858526907800584604e-01 1.177241064850674590e+01 3.854944041355525769e+03
9.182452748717720992e-01 1.175711844335434186e+01 3.180873631585865041e+03
9.513102330321989708e-01 1.174353912665237765e+01 2.628529147016607567e+03
9.850096016804908983e-01 1.173145766226523712e+01 2.175470129947676014e+03
1.019305441529753109e+00 1.172066189077028220e+01 1.803408644515766809e+03
1.054153254056509947e+00 1.171093695646187705e+01 1.497475657365036568e+03
1.089505858647865866e+00 1.170207413736804725e+01 1.245571598264508339e+03
1.125313728809296254e+00 1.169387047178232741e+01 1.037869955725979253e+03
1.161523826503445544e+00 1.168612457123117920e+01 8.663723787091958002e+02
1.198081227507038049e+00 1.167864708224234782e+01 7.245315724576114462e+02
1.234926794168783371e+00 1.167124828021854732e+01 6.070334456024578458e+02
1.272000823237727118e+00 1.166375074124425559e+01 5.095595945891955125e+02
1.309243388477949521e+00 1.165598862276227266e+01 4.285460343280247457e+02
1.346588561077055823e+00 1.164779354231556319e+01 3.611013306946733223e+02
1.383973839840060727e+00 1.163901543471580879e+01 3.048660077380635585e+02
1.421332826114079184e+00 1.162950866078361223e+01 2.578778056732380719e+02
1.458597838199813701e+00 1.161913291129363834e+01 2.185590468219135687e+02
1.495702276101194439e+00 1.160776248189877791e+01 1.855984121561689051e+02
1.532578142016731038e+00 1.159527377837084394e+01 1.579156417781933897e+02
1.569157397316918612e+00 1.158155466016289381e+01 1.346260317433670082e+02
1.605372602100273882e+00 1.156649933606230007e+01 1.149969008109776496e+02
1.641155795098534931e+00 1.155001147906100734e+01 9.842346327731863198e+01
1.676440598549952865e+00 1.153200089281692264e+01 8.440429785610152180e+01
1.711160493374183300e+00 1.151238733099600431e+01 7.252462516879444365e+01
1.745251454752056786e+00 1.149109367213041821e+01 6.243959892335038830e+01
1.778635458878817799e+00 1.146805220041257378e+01 5.386591667554012020e+01
1.811175056819666507e+00 1.144315094790077403e+01 4.657502999085212281e+01
1.842710678021826531e+00 1.141621838686080537e+01 4.037238006607406504e+01
1.873075618289968824e+00 1.138705515965544102e+01 3.509311954372967790e+01
1.902100389852466655e+00 1.135543903734873794e+01 3.059614808522873730e+01
1.929610016282576446e+00 1.132113237072018563e+01 2.676245498107219589e+01
1.955424664263859302e+00 1.128388429548967942e+01 2.349091047334708193e+01
1.979355425604128360e+00 1.124343591928731456e+01 2.069766557452054201e+01
2.001202615989793099e+00 1.119951420159959987e+01 1.831107427134050525e+01
2.020750797500189488e+00 1.115184132484129442e+01 1.627183645798814382e+01
2.037759169341037069e+00 1.110012643103217833e+01 1.453141136068512118e+01
2.051948887764046603e+00 1.104406506389037013e+01 1.304861424025973982e+01
2.062979278189976284e+00 1.098335243183353072e+01 1.179265079706952690e+01
2.070404451670106560e+00 1.091771579851137020e+01 1.073994786338305119e+01
2.073561759475806010e+00 1.084703921538069160e+01 9.879907805748748828e+00
