2.191799393479931801e-01 1.550982551689759603e+01 3.683552447462830693e+06
2.294429863082501075e-01 1.512551529711911336e+01 2.946294805994987953e+06
2.402553342766628186e-01 1.478800466339198572e+01 2.359951927741202991e+06
2.516339580326321657e-01 1.447693655378155242e+01 1.890834070297712227e+06
2.636001431251086546e-01 1.419450532877764815e+01 1.518687574040445499e+06
2.761727965923579942e-01 1.394661991962592218e+01 1.217902969843100058e+06
2.893707228689748057e-01 1.371888492631223144e+01 9.751855637213508599e+05
3.032100926970352495e-01 1.351126532459632656e+01 7.825614901262948988e+05
3.177009565842370820e-01 1.333153982798970105e+01 6.286451848807852948e+05
3.328255653646151613e-01 1.316632650338481803e+01 5.052565878687986406e+05
3.486501136720484562e-01 1.301191488475061675e+01 4.056452343899439438e+05
3.651791311745254398e-01 1.287663703283811500e+01 3.263312203270834871e+05
3.824129574079000449e-01 1.275276458440109195e+01 2.619483410858226998e+05
4.003411136061985065e-01 1.264541189143641731e+01 2.113112569147584436e+05
4.189971601706281024e-01 1.254198923920548481e+01 1.699480330103219021e+05
4.383866027603202098e-01 1.245366832030982351e+01 1.369736192176202021e+05
4.585372303248489434e-01 1.237150558090361763e+01 1.106140709604929143e+05
4.793765268674593516e-01 1.229673871179436162e+01 8.964640965633210726e+04
5.009417613418157833e-01 1.223043061529052089e+01 7.249386705711358809e+04
5.232475946265311428e-01 1.216854155560301542e+01 5.852980778732767794e+04
5.462801420419090004e-01 1.211541703221893229e+01 4.755959662444893911e+04
5.700385121255112653e-01 1.206453331248445870e+01 3.853747573074443790e+04
5.944560059888840398e-01 1.201886395499524873e+01 3.134667382709072626e+04
6.196223416279085239e-01 1.197843024533112555e+01 2.546766129037950304e+04
6.456920563325864171e-01 1.193656224008342903e+01 2.074529243997436424e+04
6.727155860923080821e-01 1.190235595736307594e+01 1.686283420313880924e+04
7.008123452342657211e-01 1.187028287074880240e+01 1.371538783354979387e+04
7.299766279381912915e-01 1.183887136512469063e+01 1.112205647417014188e+04
7.602683682397097797e-01 1.181416100929544122e+01 9.032556133280086215e+03
7.917044896357633421e-01 1.179026652039965484e+01 7.321272564157652596e+03
8.243001945530444852e-01 1.176944085872112744e+01 5.934217812713804051e+03
8.580410732635135318e-01 1.175152970185243007e+01 4.814868290426637941e+03
8.928977441551481098e-01 1.173594058169235943e+01 3.902044050678134681e+03
9.288781603705178469e-01 1.172059607573907591e+01 3.168533666525695025e+03
9.659517928336660564e-01 1.170840279294826480e+01 2.567021672403911907e+03
1.004117177913885106e+00 1.169649876917701192e+01 2.083012459962802041e+03
1.043352044366168574e+00 1.168853194309578392e+01 1.692608169407722016e+03
1.083607932285313824e+00 1.168054743735671686e+01 1.373969043533432341e+03
1.124826576980482606e+00 1.167428734047158123e+01 1.116337066002178972e+03
1.166923024671536080e+00 1.166805240761939544e+01 9.093318896784775234e+02
1.209776202701293046e+00 1.166245655629900746e+01 7.409103343134418083e+02
1.253097846108029767e+00 1.165895803513139839e+01 6.052483969905803178e+02
1.296688757052672392e+00 1.165249097305173542e+01 4.961544418670290497e+02
1.340326288879715166e+00 1.164851463830412648e+01 4.073801307624198671e+02
1.383779679781817817e+00 1.164008331623586301e+01 3.363203681596900765e+02
1.426805239611452336e+00 1.163142676028154021e+01 2.783516023598094193e+02
1.469203836002611174e+00 1.162147591277561176e+01 2.314650632024812182e+02
1.510733641453059661e+00 1.160882414998470935e+01 1.931215863690328547e+02
1.551252476775935252e+00 1.159369666623440587e+01 1.619753609931704545e+02
1.590554159075163732e+00 1.157528458861341036e+01 1.363520522890958375e+02
1.628472418997302995e+00 1.155508250994698471e+01 1.154879334835745226e+02
1.664861563524968169e+00 1.153369710021125449e+01 9.808903733924539381e+01
1.699603674440126166e+00 1.150361285935384892e+01 8.388039258404147347e+01
1.732597430174962261e+00 1.147302294170517278e+01 7.201392303104225334e+01
1.763716808322990381e+00 1.143871861913812715e+01 6.215281885564223785e+01
1.792920670951841045e+00 1.140097759088419238e+01 5.387013261343467008e+01
1.820147712229306380e+00 1.135997206249125391e+01 4.684311747272190019e+01
1.845351318998444068e+00 1.131520705511488245e+01 4.096215008448945127e+01
1.868511661187634010e+00 1.126755195653138131e+01 3.597801590298470842e+01
1.889629787847436626e+00 1.121676974482122624e+01 3.176407535004776506e+01
1.908693239987012236e+00 1.116246764963386973e+01 2.815225341111378654e+01
1.925730674762391903e+00 1.110534662574322340e+01 2.506690604298268710e+01
1.940761838517079063e+00 1.104515806903669883e+01 2.240211467820479285e+01
1.953829564121916107e+00 1.098249544837988800e+01 2.011721768954532052e+01
1.964980246652514140e+00 1.091741019894686993e+01 1.813291747248262098e+01
1.974261032727943954e+00 1.084973031655373887e+01 1.635085096642444569e+01
1.981739435734436894e+00 1.077970308484292161e+01 1.489963736005490169e+01
1.987479725012291532e+00 1.070735104138843496e+01 1.359236503255580431e+01
1.991545058731737816e+00 1.063380169420587507e+01 1.240104754971694412e+01
1.994015758893468826e+00 1.055867536076950408e+01 1.142014302682721194e+01
1.994950457587202797e+00 1.048156170649906826e+01 1.049799842796774918e+01
1.994442616954994474e+00 1.040341630507223947e+01 9.738179989351650079e+00
1.992558894807641812e+00 1.032401341047829391e+01 9.037696617511976171e+00
1.989381390727648302e+00 1.024348921362932785e+01 8.415743088736947541e+00
1.984974654393602655e+00 1.016273919004119008e+01 7.863259098100701117e+00
1.979429479065801578e+00 1.008082082382131439e+01 7.351410805608892041e+00
1.972791284937799094e+00 9.999516770442250291e+00 6.930012225377990553e+00
1.965049014442787900e+00 9.918713766775775653e+00 6.537125351751504887e+00
1.956118562508586622e+00 9.840725239552655879e+00 6.221652586970940035e+00
1.946236974690758625e+00 9.770281684764542618e+00 5.992184432930077520e+00
