1.510646317623783297e+01 2.383731302914612049e-01 2.423116349867075216e+06
1.469770860441376570e+01 2.522139162680080982e-01 1.847353416492372518e+06
1.434512153327103867e+01 2.666475174065187637e-01 1.415923007009884110e+06
1.403943650886042072e+01 2.816765662881323129e-01 1.090771266781920567e+06
1.377320677976793739e+01 2.973035616317528662e-01 8.442562567134945421e+05
1.354044281636902625e+01 3.135302323170711669e-01 6.564189641405032016e+05
1.333622102550484279e+01 3.303583685158129057e-01 5.125315691519370885e+05
1.315647968208872065e+01 3.477890799133585009e-01 4.018317414010056527e+05
1.299783529523197600e+01 3.658220096363219431e-01 3.162606993048381410e+05
1.285744195430040016e+01 3.844572373030394341e-01 2.498295188421376515e+05
1.273289656476687526e+01 4.036927339483021293e-01 1.980568376856402028e+05
1.262216024578760099e+01 4.235259592479175828e-01 1.575481442363557580e+05
1.252347712608789720e+01 4.439531038454353484e-01 1.257330028259979299e+05
1.243532497076754595e+01 4.649691639231560147e-01 1.006581345874411345e+05
1.235639780812761224e+01 4.865680031098345570e-01 8.082662896224430006e+04
1.228554621911649036e+01 5.087406573991226644e-01 6.509310272797906509e+04
1.222175650562264337e+01 5.314776769296478687e-01 5.257042619675897731e+04
1.216414239027426625e+01 5.547670879385562248e-01 4.257307872703386238e+04
1.211192462309804085e+01 5.785971502880692396e-01 3.456862239005763695e+04
1.206437757886387274e+01 6.029620934287770462e-01 2.813898493160615180e+04
1.202091524174933390e+01 6.279271673434583256e-01 2.294858587705227183e+04
1.198116842402588489e+01 6.535644206784791965e-01 1.874172569499925885e+04
1.194489192460686056e+01 6.799232860306513304e-01 1.532315525436265307e+04
1.191189827178006233e+01 7.070364119280448945e-01 1.254073180118558776e+04
1.188199861047350936e+01 7.349219789085053023e-01 1.027371101922785419e+04
1.185502020383505162e+01 7.635881299904645481e-01 8.425035595134539108e+03
1.183078539388633388e+01 7.930334452711330639e-01 6.916228685739804860e+03
1.180910494149522982e+01 8.232488972491003310e-01 5.684183164254763142e+03
1.178977293142379423e+01 8.542180989985397321e-01 4.677374908312248408e+03
1.177259095478329520e+01 8.859203897624634561e-01 3.853943933005294184e+03
1.175734769788101630e+01 9.183284609775677065e-01 3.179894643535857540e+03
1.174382767357369062e+01 9.514106489071736394e-01 2.627633231334568791e+03
1.173180670852261898e+01 9.851284340313992693e-01 2.174638461709049352e+03
1.172107932864884283e+01 1.019444612158056263e+00 1.802625099378243476e+03
1.171142850425522397e+01 1.054314134143348847e+00 1.496766312867934630e+03
1.170264607339700014e+01 1.089690332036121312e+00 1.244932719904516034e+03
1.169452588086512357e+01 1.125522984064240894e+00 1.037295573474158800e+03
1.168686952386539701e+01 1.161758832305032740e+00 8.658560851203205857e+02
1.167948501157543539e+01 1.198343555450169795e+00 7.240775687670314937e+02
1.167218492285664588e+01 1.235217774318580819e+00 6.066385597803171095e+02
1.166478971978245838e+01 1.272322448201717027e+00 5.092011526154055332e+02
1.165712944056142675e+01 1.309594986922061111e+00 4.282311579398669323e+02
1.164904417598673092e+01 1.346973145093200763e+00 3.608272899782176069e+02
1.164037776394731161e+01 1.384392057409109533e+00 3.046176167143046314e+02
1.163098333979671395e+01 1.421785065488211597e+00 2.576624806699049373e+02
1.162072524205291124e+01 1.459085772983523821e+00 2.183710232318326234e+02
1.160947266742841144e+01 1.496226569120090666e+00 1.854328197188428931e+02
1.159710413962570641e+01 1.533139723531795395e+00 1.577714573806118210e+02
1.158350721818706397e+01 1.569757219496755729e+00 1.344997043670219625e+02
1.156857572313598403e+01 1.606011070994981305e+00 1.148860239820632643e+02
1.155221258262646167e+01 1.641833920255496793e+00 9.832655623125133104e+01
1.153432986113186587e+01 1.677158646300418221e+00 8.431863931743691865e+01
1.151484108976941378e+01 1.711919754326253873e+00 7.244962863647691620e+01
1.149367645459005871e+01 1.746051913894497876e+00 6.237381534317008658e+01
1.147076738848473987e+01 1.779491493554238080e+00 5.380523484172790205e+01
1.144605429100012906e+01 1.812176704736558674e+00 4.650594674785469351e+01
1.141948323875233129e+01 1.844046487118112143e+00 4.027659381406173367e+01
1.139100010429825538e+01 1.875017147064221179e+00 3.495402952172347710e+01
1.136051758049782379e+01 1.904982878304626315e+00 3.040236680804132163e+01
1.132793172925770087e+01 1.933836696598098648e+00 2.650516059222330512e+01
1.129313381425461138e+01 1.961476409047316904e+00 2.316445579717021275e+01
1.125601199212040626e+01 1.987804061688826618e+00 2.029659952116481492e+01
1.121645678498899201e+01 2.012724866294673731e+00 1.783064799738598794e+01
1.117436751558051533e+01 2.036152648351837513e+00 1.570711395926882403e+01
1.112964579317743663e+01 2.058004679827749595e+00 1.387527307253652431e+01
1.108220603879917299e+01 2.078205826820013424e+00 1.229192581311736987e+01
1.103196998693891828e+01 2.096685530126359609e+00 1.092117320469791686e+01
1.097887568507041145e+01 2.113383529803714023e+00 9.732179510385092769e+00
1.092288828863118333e+01 2.128188927911285777e+00 8.701019873786398406e+00
1.086393451303166202e+01 2.140825968969378046e+00 7.811394567415780976e+00
1.080181718128446100e+01 2.150849255278574290e+00 7.051587658628465149e+00
1.073635593500550023e+01 2.157468801603346087e+00 6.418672162575359330e+00
1.066876740176337712e+01 2.158169322378252541e+00 5.955267544348809672e+00
