1.510646317623783297e+01 2.383731302914612049e-01 2.423116349867075216e+06
1.469770860441376570e+01 2.522139162680080982e-01 1.847353416492372518e+06
1.434512153327103867e+01 2.666475174065187637e-01 1.415923007009884110e+06
1.403943650886042072e+01 2.816765662881323129e-01 1.090771266781920567e+06
1.377320677976793739e+01 2.973035616317528662e-01 8.442562567134945421e+05
1.354044281636902625e+01 3.135302323170711669e-01 6.564189641405032016e+05
1.333622102550484279e+01 3.303583685158129057e-01 5.125315691519370885e+05
1.315647968208872065e+01 3.477890799133585009e-01 4.018317414010056527e+05
1.299783529523197600e+01 3.658220096363219431e-01 3.162606993048381410e+05
1.285744195430040016e+01 3.844572373030394341e-01 2.498295188421376515e+05
1.273289656476687526e+01 4.036927339483021293e-01 1.980568376856402028e+05
1.262216024578760099e+01 4.235259592479175828e-01 1.575481442363557580e+05
1.252347712608789720e+01 4.439531038454353484e-01 1.257330028259979299e+05
1.243532497076754595e+01 4.649691639231560147e-01 1.006581345874411345e+05
1.235639780812761224e+01 4.865680031098345570e-01 8.082662896224430006e+04
1.228554621911649036e+01 5.087406573991226644e-01 6.509310272797906509e+04
1.222175650562264337e+01 5.314776769296478687e-01 5.257042619675897731e+04
1.216414239027426625e+01 5.547670879385562248e-01 4.257307872703386238e+04
1.211192379790360718e+01 5.785971935279262679e-01 3.456845318674972805e+04
1.206437583769717392e+01 6.029623806860294755e-01 2.813902536725195023e+04
1.202091687760339411e+01 6.279339078863401813e-01 2.294747017229125777e+04
1.198118315913459853e+01 6.535862130119107771e-01 1.873916377290569653e+04
1.194494960490139057e+01 6.799726680734652362e-01 1.531881541754483078e+04
1.191203284357851544e+01 7.071268492348946610e-01 1.253456734935850545e+04
1.188225497967995992e+01 7.350684603949805274e-01 1.026605648022159949e+04
1.185545702913606014e+01 7.638056404996732551e-01 8.416152405605593231e+03
1.183146099141507790e+01 7.933381773982721707e-01 6.906752019132130044e+03
1.181008104829297700e+01 8.236569725992264335e-01 5.674313097903499511e+03
1.179111324969662888e+01 8.547455161455337347e-01 4.667470636907495646e+03
1.177436055770693635e+01 8.865836384988939889e-01 3.844277934303023812e+03
1.175960699288743427e+01 9.191427751124274792e-01 3.170677846556981422e+03
1.174663878880961221e+01 9.523918593906326446e-01 2.618917404401383465e+03
1.173523363108211726e+01 9.862925782917529860e-01 2.166512701040971933e+03
1.172517542978134308e+01 1.020806129456343525e+00 1.795169833762642838e+03
1.171624990568583513e+01 1.055888285619503320e+00 1.489960211451342957e+03
1.170824311888034330e+01 1.091490922095127880e+00 1.238793165130048692e+03
1.170094796640621304e+01 1.127564071434753901e+00 1.031773881866048214e+03
1.169416189107517745e+01 1.164054083262048067e+00 8.609150960230091414e+02
1.168768989912831380e+01 1.200906022570128018e+00 7.196685548543321147e+02
1.168134266491063933e+01 1.238060101506272215e+00 6.027314086087428677e+02
1.167493562512286154e+01 1.275456931287840323e+00 5.057473548404001917e+02
1.166829828107527867e+01 1.313033717908896003e+00 4.251797558940822341e+02
1.166126619334109193e+01 1.350726276789985913e+00 3.581412921326385117e+02
1.165368126271323668e+01 1.388470264382679842e+00 3.022554981041793667e+02
1.164539647132511746e+01 1.426198816079763176e+00 2.555886634790728067e+02
1.163626799822583457e+01 1.463845340592550892e+00 2.165501407653925412e+02
1.162616803948514210e+01 1.501340413958210718e+00 1.838328922610853340e+02
1.161497138184552647e+01 1.538616444855014365e+00 1.563710269336976921e+02
1.160256311624995540e+01 1.575604589328259086e+00 1.332724424954216147e+02
1.158883509049153560e+01 1.612236697245896577e+00 1.138086624657796335e+02
1.157368893239269347e+01 1.648444376622739238e+00 9.738181039422217111e+01
1.155703271965089840e+01 1.684160576045163227e+00 8.349007574164612322e+01
1.153878226228248494e+01 1.719318141048046922e+00 7.172410110378432080e+01
1.151886279232408050e+01 1.753851887896757500e+00 6.173515564918066190e+01
1.149720467678772629e+01 1.787697683493500334e+00 5.324425390112477885e+01
1.147374497790447556e+01 1.820793365293799981e+00 4.601239016179060570e+01
1.144843201470087912e+01 1.853077531822816759e+00 3.984158722623878646e+01
1.142121735282891137e+01 1.884491835290012851e+00 3.456749968792938432e+01
1.139206105351306597e+01 1.914977552252263848e+00 3.005146379768331855e+01
1.136087914321565684e+01 1.944237457673801073e+00 2.619999010718359145e+01
1.132693666420380652e+01 1.969912425964053471e+00 2.308647505175315473e+01
1.128604599067017134e+01 1.988328011364017378e+00 2.075085234431002590e+01
1.123585053607432194e+01 2.000841494378313712e+00 1.888479382124872785e+01
1.117645158726271859e+01 2.008696188024066132e+00 1.732220132575129412e+01
1.110855394799220264e+01 2.012721019474945638e+00 1.597545674641373559e+01
1.103304943773680513e+01 2.013267948781132244e+00 1.480696382049808335e+01
