2.191799393479931801e-01 1.550982551689759603e+01 3.683552447462830693e+06
2.264864714923585653e-01 1.523431698924898292e+01 3.145143711213252041e+06
2.340654716852751394e-01 1.496850556920369435e+01 2.679608663434329443e+06
2.419485462232779938e-01 1.473138741433646359e+01 2.283686718001126312e+06
2.501048982625604378e-01 1.450668934461094750e+01 1.947823061497474089e+06
2.585690450972638610e-01 1.429859270629298251e+01 1.667652986436286941e+06
2.673424740290257784e-01 1.411508161304416653e+01 1.418717000458166236e+06
2.764302874050658665e-01 1.394092802641314499e+01 1.213077472097525606e+06
2.858406138368889682e-01 1.377702094310875935e+01 1.035081700048937695e+06
2.955675018710278712e-01 1.362298118743165709e+01 8.817746982672336744e+05
3.056310302316483929e-01 1.348050928017458183e+01 7.534351545860258630e+05
3.160316572903685284e-01 1.334842246385175812e+01 6.433154410896761110e+05
3.267722544003667240e-01 1.322678667351469706e+01 5.495648427468743175e+05
3.378561692094411706e-01 1.311127505322812326e+01 4.699204461962207570e+05
3.492962215312920837e-01 1.300903744902104009e+01 4.021760062763205497e+05
3.610943887773434002e-01 1.290737238232877004e+01 3.442272490686305682e+05
3.732515296807015770e-01 1.281593908250343716e+01 2.938556243502419675e+05
3.857799536682053887e-01 1.273020436332919836e+01 2.515414851334142732e+05
3.986649395705011423e-01 1.265142866531827437e+01 2.153918963020294905e+05
4.119274742166696979e-01 1.257972439351864047e+01 1.843889980858482886e+05
4.255795234820158868e-01 1.251066140284885897e+01 1.580065185759333544e+05
4.395697922402369007e-01 1.244912947962443894e+01 1.354792566752137209e+05
4.539617773231169329e-01 1.239052705696310674e+01 1.161726989993262105e+05
4.687395042635993381e-01 1.233592845561571139e+01 9.950101689598140365e+04
4.838569403331529073e-01 1.228184098396121193e+01 8.577492450663883938e+04
4.993751783333204575e-01 1.223614124409029458e+01 7.342515605405646784e+04
5.152585623185911290e-01 1.219338519983488922e+01 6.309703118568287755e+04
5.315187773677155780e-01 1.214814032116609255e+01 5.430264610169600928e+04
5.481511413843617175e-01 1.211001240562338133e+01 4.673656642248426215e+04
5.651567920048646831e-01 1.207277965705029033e+01 4.024818949266784330e+04
5.824790400417749758e-01 1.204109118820481150e+01 3.465575865866654203e+04
6.001953081690509784e-01 1.200793542695145355e+01 2.987787258313053826e+04
6.183350154543144628e-01 1.198031339887400826e+01 2.573008272831662180e+04
6.369646509800889200e-01 1.195052778954203276e+01 2.220197068919912999e+04
6.561452718833875597e-01 1.192400736423500263e+01 1.913088304429378695e+04
6.758767196238847363e-01 1.189798336216938779e+01 1.651239809069100374e+04
6.962192227953085677e-01 1.187542559563731714e+01 1.417598417948584392e+04
7.172005150497106074e-01 1.185560439139422506e+01 1.219329084370858436e+04
7.388104513527015138e-01 1.183673811317784974e+01 1.048624160243307961e+04
7.611156188817065349e-01 1.181550004324980563e+01 9.009706329416827430e+03
7.840829678960060667e-01 1.180124690573397572e+01 7.731538904927891053e+03
8.077376208812463432e-01 1.178615570465922069e+01 6.625334019360894672e+03
8.320902951459382413e-01 1.177366821312866207e+01 5.692935034971786081e+03
8.570968070328709443e-01 1.176193245283881517e+01 4.876632060118336085e+03
8.827944117788439904e-01 1.174941410080097981e+01 4.186296514565658072e+03
9.091513166460921669e-01 1.174380155085949440e+01 3.585090016825142811e+03
9.361450224153273769e-01 1.173691179180773503e+01 3.074389056986150081e+03
9.637129527058512224e-01 1.172776533027576917e+01 2.637566711651248170e+03
9.918122483482668672e-01 1.172363634437014746e+01 2.263997081725624867e+03
1.020359795617399312e+00 1.171938955111243175e+01 1.936113211033758944e+03
1.049322837279647480e+00 1.171608943681552972e+01 1.673981384462636697e+03
1.078620867447052767e+00 1.171517309612887381e+01 1.440777896790373916e+03
1.108190494973152918e+00 1.171034535697329559e+01 1.233356125918354337e+03
1.137987287061549724e+00 1.170714328447451358e+01 1.073689868177739754e+03
1.167921543914908211e+00 1.170334059321306874e+01 9.284281818360416310e+02
1.197948566987850239e+00 1.170227583746914668e+01 8.039961941929143450e+02
1.227999839496422885e+00 1.169809212970497114e+01 6.980510128628149005e+02
1.258018656374222388e+00 1.169328005126601511e+01 6.068245723203808666e+02
1.287924947369273987e+00 1.169150385096163447e+01 5.282715055556043353e+02
1.317709487723185191e+00 1.168221684872015231e+01 4.613793670762885881e+02
1.347223401313198288e+00 1.167832118117926754e+01 4.034668317891495235e+02
1.376478521350610995e+00 1.166853533451181235e+01 3.513926229679358357e+02
1.405411821697373886e+00 1.166151495578238695e+01 3.103700164157118024e+02
1.433952449710760968e+00 1.165339342550160318e+01 2.729214498225876468e+02
1.462079145191711005e+00 1.163997028303311687e+01 2.406283980206808053e+02
1.489723486157286558e+00 1.163044594833749201e+01 2.124654389973599677e+02
1.516850751470010250e+00 1.161270818785809489e+01 1.880747899524921252e+02
1.543397196339307831e+00 1.159962289614096242e+01 1.667485515312976645e+02
1.569367660022360500e+00 1.158074704384638309e+01 1.482595357432723233e+02
1.594695586890321426e+00 1.156240345266693481e+01 1.321093793949313522e+02
1.619363935806830357e+00 1.154362556742541734e+01 1.177751183092944416e+02
1.643324384812826278e+00 1.152085789952719885e+01 1.052946864509630274e+02
1.666573746872025419e+00 1.149777023433348866e+01 9.431394261447759675e+01
1.689061416646709946e+00 1.147257508391725800e+01 8.421517204123038880e+01
1.710794633059263381e+00 1.144612059129058146e+01 7.602706396585739412e+01
1.731732475869851573e+00 1.141759948753802689e+01 6.859123186096152835e+01
1.751866523995034841e+00 1.138716996184474795e+01 6.186252647122021386e+01
1.771188433832998177e+00 1.135668911102737333e+01 5.592784636849212632e+01
1.789684939629363480e+00 1.132325861644697262e+01 5.067315927143224741e+01
1.807349531364979667e+00 1.128886320666635612e+01 4.585873658677049747e+01
1.824178637557232863e+00 1.125296589681946635e+01 4.178688016379215497e+01
1.840153690328462321e+00 1.121542280776143841e+01 3.808523080673842998e+01
1.855295494416304924e+00 1.117670002837536281e+01 3.463816109919513053e+01
1.869588441664994161e+00 1.113700946836006800e+01 3.174021514397256638e+01
1.883038329179071768e+00 1.109617655402727010e+01 2.907335245626017084e+01
1.895651325407813337e+00 1.105263023512296350e+01 2.658578932094089708e+01
1.907437557024826758e+00 1.100943916801145583e+01 2.449827160450337971e+01
1.918394873424801306e+00 1.096397283878490292e+01 2.246782335183386436e+01
1.928544030715445556e+00 1.091768211231562269e+01 2.077967806372723558e+01
1.937886885571213469e+00 1.086966744233980542e+01 1.918139832994498661e+01
1.946438553229663970e+00 1.082201051818898385e+01 1.773605884342581618e+01
1.954209098418448143e+00 1.077217679045174670e+01 1.642693723461397681e+01
1.961216396408433482e+00 1.072248931336020306e+01 1.524429619859543017e+01
1.967504078312527493e+00 1.067021980138845194e+01 1.416049530708639104e+01
1.973108802683027019e+00 1.061863615142932282e+01 1.316727932703592785e+01
1.978066601607426866e+00 1.056542929701015865e+01 1.226259315066855748e+01
1.982401696070487107e+00 1.051188860830029626e+01 1.142500198050898241e+01
1.983677766955975086e+00 1.047123550657218516e+01 1.088397999826437967e+01
1.979256327519754111e+00 1.044809225302867972e+01 1.083060020236008292e+01
1.972325300410482374e+00 1.042440095591449634e+01 1.086142702466997001e+01
