1.550982551689759603e+01 2.191799393479931801e-01 3.683552447462830693e+06
1.515825087222534862e+01 2.297988955106894937e-01 2.967745427235763520e+06
1.476170024854751084e+01 2.410213720088286438e-01 2.328992820024690591e+06
1.443823331858327208e+01 2.528249047274561123e-01 1.850048366399136838e+06
1.415676781015616292e+01 2.652721994321122767e-01 1.472068875731884036e+06
1.393218607787968644e+01 2.783692326200097322e-01 1.172053835174620617e+06
1.367358068249016689e+01 2.921424813546408816e-01 9.322936462682678830e+05
1.346727349858827871e+01 3.065767665011197018e-01 7.424962704052408226e+05
1.327981484116416588e+01 3.217234665044538811e-01 5.917353394804548007e+05
1.311585467252120019e+01 3.375874232881088122e-01 4.715174252675449243e+05
1.296831177875639263e+01 3.541878033097090595e-01 3.765473912645990495e+05
1.282891968387698967e+01 3.715237059887797066e-01 3.003775681651806226e+05
1.270689216705093116e+01 3.896233041451332979e-01 2.401236243393140612e+05
1.259783752184664607e+01 4.084947640409790637e-01 1.918258606194483873e+05
1.249868538805685603e+01 4.281324585976400421e-01 1.535379064818279003e+05
1.240976481384539021e+01 4.485645159669652826e-01 1.229920415647463524e+05
1.233007902197138428e+01 4.697651148292347756e-01 9.868588994851737516e+04
1.225976206902143417e+01 4.917421088940797658e-01 7.902498111276062264e+04
1.219167936237364991e+01 5.144916013173904679e-01 6.353422896948741254e+04
1.213410190846442660e+01 5.380276393201649521e-01 5.110852755594642076e+04
1.207913572037857719e+01 5.623386544250373875e-01 4.120691121752383333e+04
1.203099207092238920e+01 5.873579419609386010e-01 3.298920074548552657e+04
1.198712569780681925e+01 6.131913722574885428e-01 2.683558123933298702e+04
1.194688652311731047e+01 6.399871566106609677e-01 2.147544274186765324e+04
1.190880767865300527e+01 6.678648594295555352e-01 1.749310400012505488e+04
1.187530333136816729e+01 6.969565652655348442e-01 1.409902356545096154e+04
1.184423457481720909e+01 7.273011031394323034e-01 1.135182786578710511e+04
1.181819472104305646e+01 7.589645985976283260e-01 9.128739656340170768e+03
1.179424240718525496e+01 7.919837230959034802e-01 7.326843586968579984e+03
1.177309734055103085e+01 8.263865197811022245e-01 5.883096875564229777e+03
1.175700196960812782e+01 8.621298551835515633e-01 4.722593615422223593e+03
1.174291388854157780e+01 8.992253118685165081e-01 3.785855241104276502e+03
1.173195009301845637e+01 9.376236974325008466e-01 3.037740324223262633e+03
1.171953885004391616e+01 9.772932891435253122e-01 2.435162666463082132e+03
1.171354339215747054e+01 1.018143471314885140e+00 1.948318861344815105e+03
1.170724934478556634e+01 1.060120768725034024e+00 1.573732365150470514e+03
1.170294941199342986e+01 1.103133655640377908e+00 1.267518145436072700e+03
1.170170089555663573e+01 1.147099895038094841e+00 1.021986757610565064e+03
1.169673261161220701e+01 1.191871433853755491e+00 8.258346567959027880e+02
1.169531917111569719e+01 1.237368527596860668e+00 6.643402768385244599e+02
1.169230555830304574e+01 1.283446906158922873e+00 5.411590289079248350e+02
1.169002336956290655e+01 1.329986198208313430e+00 4.399230215361074556e+02
1.168776863301882329e+01 1.376821430341015118e+00 3.561328820664036243e+02
1.168231632816715759e+01 1.423809808348434069e+00 2.928740582034004092e+02
1.168103579265514291e+01 1.470842955912547545e+00 2.397480305635800448e+02
1.167245350112069602e+01 1.517691525405977071e+00 1.968188690421779654e+02
1.166435594485010796e+01 1.564054259988617135e+00 1.623852321440096489e+02
1.165603811442308313e+01 1.609579729238273194e+00 1.343987008937932615e+02
1.164298135785820243e+01 1.653900859151139713e+00 1.113360336034011908e+02
1.162876037098594217e+01 1.696664836315142200e+00 9.363675791823523298e+01
1.160766268142393720e+01 1.737576647980674460e+00 7.880637509940922314e+01
1.158603248736772784e+01 1.776241703595587751e+00 6.675465033299801121e+01
1.155899728106973257e+01 1.812422725298584725e+00 5.691565545301305917e+01
1.152792854314798099e+01 1.845760689359606577e+00 4.891477632858005364e+01
1.149182109334047830e+01 1.876045622378488709e+00 4.236918388358932930e+01
1.145152449225679447e+01 1.902990177807634797e+00 3.696351198065033117e+01
1.140683685703247896e+01 1.926339466747065687e+00 3.245527831310730704e+01
1.135749339427448490e+01 1.945859064711396025e+00 2.896321951795971827e+01
1.130359975904157288e+01 1.961265296729943097e+00 2.603326351928963689e+01
1.124605788011367835e+01 1.972287054986841204e+00 2.368573716946344021e+01
1.118535601520776090e+01 1.978471343826577300e+00 2.186338768362443119e+01
1.112049392768136258e+01 1.980030902720139041e+00 2.046052252846953934e+01
1.105213800580217587e+01 1.978163027868636847e+00 1.927941332025419641e+01
1.097822780064592152e+01 1.973725535126351627e+00 1.826982526085490122e+01
1.089995485243258422e+01 1.967347237128274084e+00 1.733088882392961594e+01
1.081692479682195973e+01 1.959435957643899551e+00 1.647153091866024255e+01
1.073071415684413665e+01 1.950324551548078711e+00 1.567128619799735922e+01
1.064101648846549608e+01 1.940256643685161375e+00 1.488847281190839489e+01
1.054771496435969524e+01 1.929426065487324760e+00 1.415893880534953553e+01
1.045200417211501964e+01 1.917988900540508634e+00 1.340703561726229154e+01
1.035377333796516020e+01 1.906095067097243412e+00 1.276387596825024495e+01
1.025451973056976485e+01 1.893824410885986520e+00 1.211079499621218858e+01
1.015296904425687252e+01 1.881270857124433871e+00 1.144112436894806528e+01
1.004989990648033249e+01 1.868497049956975076e+00 1.086513132917220403e+01
9.947128344912268716e+00 1.855576201089084831e+00 1.024849670350218211e+01
9.843351660223806476e+00 1.842547184073654254e+00 9.698277498833659749e+00
9.738851775916376852e+00 1.829435215928099545e+00 9.186672413363801581e+00
9.634450310021090758e+00 1.816277127282643011e+00 8.679413012850622167e+00
9.531105681990771572e+00 1.803135958592295474e+00 8.207450144326973174e+00
9.432608391329440067e+00 1.790217211236727168e+00 7.755551744032748829e+00
