2.191799393479931801e-01 1.550982551689759603e+01 3.683552447462830693e+06
2.260426877114528610e-01 1.525314147734592751e+01 3.187779890127580613e+06
2.331293868468362340e-01 1.502529719527212393e+01 2.756619524001926649e+06
2.404824196894016775e-01 1.477294512610136756e+01 2.359116498529820237e+06
2.480881151546680541e-01 1.456130444399430246e+01 2.026031204721382121e+06
2.559587599935118640e-01 1.437222955403486147e+01 1.749847045970466221e+06
2.640997090515935786e-01 1.418094034222889555e+01 1.505011868135436671e+06
2.725161539767348984e-01 1.401416269338194809e+01 1.296772671709262300e+06
2.812132280886190383e-01 1.385291823204910955e+01 1.117391250632864423e+06
2.901965200605198802e-01 1.370539689220941959e+01 9.615165657998939278e+05
2.994631864958708922e-01 1.356641597973541380e+01 8.293456129924230045e+05
3.090238101772795343e-01 1.343485729903647119e+01 7.164558674936228199e+05
3.188853712071185731e-01 1.332110815557130579e+01 6.167274768584194826e+05
3.290488406888629758e-01 1.320651547279008931e+01 5.325620438136718003e+05
3.395159026387329915e-01 1.309314771775157205e+01 4.602551475191277568e+05
3.502988314034897188e-01 1.299693317434182305e+01 3.965079378619457711e+05
3.613952368183239727e-01 1.290915234498692321e+01 3.421507534288789611e+05
3.728107146804727767e-01 1.281873731501378444e+01 2.955719600459500798e+05
3.845567186130964266e-01 1.273842426642843151e+01 2.552883596208460222e+05
3.966218610419816049e-01 1.266693662001402743e+01 2.208823118564892502e+05
4.090070271530694690e-01 1.259590842151959578e+01 1.911517603143286542e+05
4.217365120509472542e-01 1.252774126355908102e+01 1.649678428014448436e+05
4.347754316132508845e-01 1.246993003401430933e+01 1.427173770489497110e+05
4.481571256688214322e-01 1.241160537260784125e+01 1.234190312351177854e+05
4.618756032937487155e-01 1.235759482509909901e+01 1.068795275629581156e+05
4.759094447924638871e-01 1.230840647610463456e+01 9.269608843942977546e+04
4.902809212932396910e-01 1.226258584997127343e+01 8.028740506018491578e+04
5.049700626707142037e-01 1.221865908062629558e+01 6.966840750638993632e+04
5.200021277711585066e-01 1.217851353903287581e+01 6.042323004182494333e+04
5.353632097763257880e-01 1.214002654533643977e+01 5.255863788983552513e+04
5.510537874215648557e-01 1.210504137084186915e+01 4.550992095544074982e+04
5.670814322407035091e-01 1.207102656911632188e+01 3.914936286402266705e+04
5.833627182629300689e-01 1.203905390831836897e+01 3.439505252065704553e+04
6.000066161896775441e-01 1.200805378414178115e+01 2.992985434310503842e+04
6.170246954517529803e-01 1.198082489642147941e+01 2.600406483645815024e+04
6.344753139460924674e-01 1.195460863090184134e+01 2.264055909366457854e+04
6.523917221521641219e-01 1.192924567486923415e+01 1.969603819876917987e+04
6.708120522515630402e-01 1.190498234583969328e+01 1.712394482507740031e+04
6.897600687821570098e-01 1.188296639775180985e+01 1.487075432847465163e+04
7.092682657664862722e-01 1.186392119424808911e+01 1.282997445807629447e+04
7.293369838676486694e-01 1.184440826494737742e+01 1.113435588274225302e+04
7.500113610920288165e-01 1.182478972967358466e+01 9.711970908973295082e+03
7.712672976248400314e-01 1.180912108305252062e+01 8.414230008486947554e+03
7.931272353471694458e-01 1.179516738118534036e+01 7.287145398307658979e+03
8.155962740755944296e-01 1.178113274973886071e+01 6.314998716931955641e+03
8.386898133912178421e-01 1.177237784937745069e+01 5.455980618098285959e+03
8.623558298138312983e-01 1.175838249937517332e+01 4.726836203141910119e+03
8.866365479020305029e-01 1.174884151072142657e+01 4.088899935778075360e+03
9.115004075758782465e-01 1.174360381676224563e+01 3.535239101001448944e+03
9.369433860022254867e-01 1.173641672114105461e+01 3.064234716993436905e+03
9.629549492984866843e-01 1.172823570430938567e+01 2.653545302920894756e+03
9.895156310993096227e-01 1.172419629779431993e+01 2.294903620143911212e+03
1.016595965745930030e+00 1.172335428296334747e+01 1.986924085607961615e+03
1.044185900605393957e+00 1.172214165485966397e+01 1.721445132786750037e+03
1.072262966979173004e+00 1.171724994833470035e+01 1.491980196155220483e+03
1.100793821469736367e+00 1.171891334938255014e+01 1.293973905840315865e+03
1.129767284326364196e+00 1.171436882706725413e+01 1.122380079865044763e+03
1.159126987134972975e+00 1.171264245691548567e+01 9.752013386695380177e+02
1.188868042016093529e+00 1.171282057501497675e+01 8.465944471922931598e+02
1.218938535586167937e+00 1.171350041813304799e+01 7.372722232004614398e+02
1.249303168080663218e+00 1.171275759455408227e+01 6.411024661108079954e+02
1.279933899090214933e+00 1.171672557887435495e+01 5.583813760800474029e+02
1.310791895911164184e+00 1.171441019213525792e+01 4.870981719195254414e+02
1.341839012731440128e+00 1.171379210933530501e+01 4.248510065985017263e+02
1.373032674482526527e+00 1.171476867016047940e+01 3.712977797616827615e+02
1.404325086971367487e+00 1.171603368682615454e+01 3.248604824675800273e+02
1.435673234809792476e+00 1.171509316464090489e+01 2.845095563034374209e+02
1.467059869514053316e+00 1.171203736086606284e+01 2.493646388390055790e+02
1.498400117612512794e+00 1.171166900039164993e+01 2.189784175133596875e+02
1.529668464368799885e+00 1.170678016707640978e+01 1.923958187756729501e+02
1.560839698597930703e+00 1.170281057080404530e+01 1.694469831371341115e+02
1.591847991804806961e+00 1.169958444217717464e+01 1.492899111260497307e+02
1.622670648341756561e+00 1.169653527346212840e+01 1.317077407546602785e+02
1.653243576897025502e+00 1.169032231328766080e+01 1.157424314341347156e+02
1.683535688426328392e+00 1.168444571458301517e+01 1.029658894999792267e+02
1.713504349880982769e+00 1.167691495634178267e+01 9.123478224595461938e+01
1.743118884827975723e+00 1.166891625151845346e+01 8.094033884058130468e+01
1.772317162869474272e+00 1.166005987234701635e+01 7.198331345416862348e+01
1.801067862581921419e+00 1.164990491876818091e+01 6.404292653988734685e+01
1.829268239261311990e+00 1.163877723864500169e+01 5.706817866422245800e+01
1.856801780738708052e+00 1.162639344052951706e+01 5.098085554755618176e+01
1.883568644151435656e+00 1.161258802338764795e+01 4.564771944214521682e+01
1.909467260030235369e+00 1.159789073401258008e+01 4.076170263870404398e+01
1.934368846558236488e+00 1.158150438389519366e+01 3.683318836230078830e+01
1.958209250482594310e+00 1.156353353245123294e+01 3.322037127572708215e+01
1.980837296232749178e+00 1.154401558770638836e+01 3.005020503820801991e+01
2.002148857408513560e+00 1.152310229361795457e+01 2.724665991370879325e+01
2.022052681597646728e+00 1.150085978702024647e+01 2.484917742454934242e+01
2.040385497803051340e+00 1.147601335627686225e+01 2.266548008782413248e+01
2.057074177258756187e+00 1.144897653687488770e+01 2.087677628226724380e+01
2.071871548389781825e+00 1.142094460832293024e+01 1.926868543592647498e+01
2.084654331376219361e+00 1.138995489110640769e+01 1.786295213540261884e+01
2.095108987892548402e+00 1.135753545563251521e+01 1.667274808170397193e+01
2.102700552963095326e+00 1.132375257513417210e+01 1.570076773257843783e+01
2.105280389450169487e+00 1.129259817801887600e+01 1.509104003517733972e+01
2.103847814092906443e+00 1.125827510111960805e+01 1.468517271583223938e+01
2.100065257653194184e+00 1.122284712338860047e+01 1.436995502914729350e+01
2.094300443345986640e+00 1.119052935460124587e+01 1.416286674416991076e+01
2.086988135672384281e+00 1.116095884101776647e+01 1.417690891253099750e+01
2.079257834052024467e+00 1.113801790812923187e+01 1.422743421315969314e+01
