2.191799393479931801e-01 1.550982551689759603e+01 3.683552447462830693e+06
2.279499323560074675e-01 1.518909386559439056e+01 3.060811704482071567e+06
2.371227373854259135e-01 1.488266515861814199e+01 2.528998336871529464e+06
2.467181343650495517e-01 1.463128147877806562e+01 2.078515362295605708e+06
2.567321846575801314e-01 1.435556305059170867e+01 1.723019944236090174e+06
2.671864893310469391e-01 1.411301169063092686e+01 1.422487715431617573e+06
2.780907445933674116e-01 1.393463213950930957e+01 1.175702334384188754e+06
2.894561464699111908e-01 1.371672680238691022e+01 9.733001125644898275e+05
3.012932657357614841e-01 1.353637674747657016e+01 8.052620630392264575e+05
3.136046444025015756e-01 1.337456163523817843e+01 6.679797843438638374e+05
3.263859221245017928e-01 1.323143092110645469e+01 5.530724039985330310e+05
3.396782426829019208e-01 1.309788317206085928e+01 4.580888615817137179e+05
3.534777679716060717e-01 1.296935768620203433e+01 3.799207932189893909e+05
3.677891945289566977e-01 1.285931647695843516e+01 3.151762091298856540e+05
3.826354489385642710e-01 1.275121624405057119e+01 2.613731495249010040e+05
3.979872922542265212e-01 1.266026789684834952e+01 2.171085223060459830e+05
4.138649583411057042e-01 1.257010164167768096e+01 1.806977424598455254e+05
4.302919080762767634e-01 1.249118904430791410e+01 1.497392686018160894e+05
4.472622414693357973e-01 1.241728373042676914e+01 1.246670722612271347e+05
4.647691986612527137e-01 1.234640806804106639e+01 1.039109267717061011e+05
4.827805534191250136e-01 1.228603393756329432e+01 8.653776007851857867e+04
5.013606508759416158e-01 1.222959243629725812e+01 7.211662211249703250e+04
5.204672546050268522e-01 1.217725746834836364e+01 6.015066573996379157e+04
5.401089761174353576e-01 1.212889900269989241e+01 5.025975800251827604e+04
5.602857710402870950e-01 1.208315515327189615e+01 4.192534557039616629e+04
5.809437054311331616e-01 1.204357386247526840e+01 3.512066757747896918e+04
6.021537367893363690e-01 1.200582572828374772e+01 2.938260311340381304e+04
6.239695739183244161e-01 1.197000467202461671e+01 2.447575723472213213e+04
6.465379393600056979e-01 1.193682431195088434e+01 2.060171615363980891e+04
6.699110328944334336e-01 1.190835626403304381e+01 1.721048097431298447e+04
6.941307526179607557e-01 1.187925636914450855e+01 1.439725896920298146e+04
7.192866890254610013e-01 1.185483103742649114e+01 1.202284936928328716e+04
7.453878477132545033e-01 1.182837358137040518e+01 1.001347139670337492e+04
7.724428743230559169e-01 1.180951009230020965e+01 8.344531694817871539e+03
8.005097168426836829e-01 1.179149750269918862e+01 6.947872543520460567e+03
8.295821086073810191e-01 1.177496903911695725e+01 5.784534677388563978e+03
8.596257930629768174e-01 1.176475437198982554e+01 4.808271290925376888e+03
8.906662760402913603e-01 1.175092487898068505e+01 3.996071961274982186e+03
9.226750888754985391e-01 1.174264382620413194e+01 3.319858444338316531e+03
9.556065311697363729e-01 1.173343540240326988e+01 2.765491390449848495e+03
9.894703034763746574e-01 1.172954571405490576e+01 2.298210678085374184e+03
1.024183854433464713e+00 1.172372969457180503e+01 1.903627459370163706e+03
1.059731700010055011e+00 1.172023697711258095e+01 1.592806173896662131e+03
1.096053919808920307e+00 1.171817696700467870e+01 1.327419877582013669e+03
1.133108713640221810e+00 1.171770086550917611e+01 1.106698679923389136e+03
1.170802897747078797e+00 1.171847451193029954e+01 9.245039677938005980e+02
1.209093513644755369e+00 1.171678284438765694e+01 7.733402399609553868e+02
1.247915283002608122e+00 1.171921587089090444e+01 6.471625500640651580e+02
1.287150655198088245e+00 1.172065137013558633e+01 5.428410312639076665e+02
1.326775732604810631e+00 1.171945181347449783e+01 4.557543819656179380e+02
1.366674271557028808e+00 1.171967444976876926e+01 3.811263596998057324e+02
1.406762523751707405e+00 1.172105729147496866e+01 3.230914687273417485e+02
1.446940576012606838e+00 1.171818695710503455e+01 2.732249904059052596e+02
1.487166881997423973e+00 1.172077424463089201e+01 2.308416045809789239e+02
1.527289885447987050e+00 1.171860471785319113e+01 1.957724820354747237e+02
1.567265810904610701e+00 1.171336344569676946e+01 1.662160392354093119e+02
1.606989059916929419e+00 1.170949872224061217e+01 1.415034882374468452e+02
1.646363522915386568e+00 1.170242837793684387e+01 1.207071665009615913e+02
1.685241775564481070e+00 1.169702039284565842e+01 1.031867945887850198e+02
1.723483428988963118e+00 1.168738084174702507e+01 8.848256312968058523e+01
1.760917378359902363e+00 1.168043839063476419e+01 7.609618761664357578e+01
1.797399455556092818e+00 1.166469174666742248e+01 6.563658830250965082e+01
1.832782994543346033e+00 1.165041413995866115e+01 5.684162400953152883e+01
1.866934615806389308e+00 1.163356324773834594e+01 4.935072937130205162e+01
1.899722630059336836e+00 1.161485760320213600e+01 4.301075450704669834e+01
1.931071844874259424e+00 1.159325796248375440e+01 3.762096876889446406e+01
1.960855504202351884e+00 1.156975816279448033e+01 3.303056086859913876e+01
1.988994911392650833e+00 1.154343483328449338e+01 2.912182125611761307e+01
2.015432098455276044e+00 1.151477191721897242e+01 2.576397574193763518e+01
2.040108030793345684e+00 1.148319453732677431e+01 2.288273325849871398e+01
2.062975051481770183e+00 1.144958309926556694e+01 2.041422990373182600e+01
2.083998818541792808e+00 1.141294133470247019e+01 1.827266180748372548e+01
2.103179286790000990e+00 1.137398731349281178e+01 1.643619899857470301e+01
2.120481624867267989e+00 1.133179369551229598e+01 1.482703735888030749e+01
2.135915391449858536e+00 1.128773359528860531e+01 1.343236809085865424e+01
2.149493772033426175e+00 1.124137644821651172e+01 1.217691588880378006e+01
2.161234062550892787e+00 1.119270792518878288e+01 1.115342156272420127e+01
2.171179323301417607e+00 1.114161837233908692e+01 1.019475569410803395e+01
2.179341066117080228e+00 1.108908985834388794e+01 9.384958101081137372e+00
2.185775034633896663e+00 1.103416037247867365e+01 8.694985031016495114e+00
2.190533947776378110e+00 1.097770007791636715e+01 8.041591619573644323e+00
2.193664462358960066e+00 1.091948383707761216e+01 7.506672271719548206e+00
2.195217258867860899e+00 1.085987353204599692e+01 7.012161104339350359e+00
2.195310212325244148e+00 1.079857578611119528e+01 6.575115298597546953e+00
2.194025425850145705e+00 1.073610765812345313e+01 6.167639428323307804e+00
2.191458468197761356e+00 1.067203721866977872e+01 5.817437810509517249e+00
2.187726262619705153e+00 1.060802296436194680e+01 5.504633381591312435e+00
2.182915266258988130e+00 1.054123613981608543e+01 5.233544577821312771e+00
2.177094688312894544e+00 1.047424023904597945e+01 4.977079509887653685e+00
2.170364530879586695e+00 1.040719315553233670e+01 4.731994060108217326e+00
2.162779091981128055e+00 1.033851110325161393e+01 4.518461511352328763e+00
2.154438233527374624e+00 1.026988710891400736e+01 4.335131798796147073e+00
2.145394450401877595e+00 1.020096059209814321e+01 4.157072761783368264e+00
2.135699479074535390e+00 1.013156761006198892e+01 3.993998431213876543e+00
2.125430933398126498e+00 1.006211121447265811e+01 3.844937052905415875e+00
2.114618061556771345e+00 9.992779228775605205e+00 3.709807600181296738e+00
2.103341419331531625e+00 9.922830490173582874e+00 3.574901441866016771e+00
2.091703060059382224e+00 9.854913669126439402e+00 3.462300562886030164e+00
2.079832182153499964e+00 9.789355675008083679e+00 3.375515967040464638e+00
2.068851494882291142e+00 9.736804085761841421e+00 3.310680369732120099e+00
