2.383731302914612049e-01 1.510646317623783297e+01 2.423116349867075216e+06
2.522139162680080982e-01 1.469770860441376570e+01 1.847353416492372518e+06
2.666475174065187637e-01 1.434512153327103867e+01 1.415923007009884110e+06
2.816765662881323129e-01 1.403943650886042072e+01 1.090771266781920567e+06
2.973035616317528662e-01 1.377320677976793739e+01 8.442562567134945421e+05
3.135302323170711669e-01 1.354044281636902625e+01 6.564189641405032016e+05
3.303583685158129057e-01 1.333622102550484279e+01 5.125315691519370885e+05
3.477890799133585009e-01 1.315647968208872065e+01 4.018317414010056527e+05
3.658220096363219431e-01 1.299783529523197600e+01 3.162606993048381410e+05
3.844572373030394341e-01 1.285744195430040016e+01 2.498295188421376515e+05
4.036927339483021293e-01 1.273289656476687526e+01 1.980568376856402028e+05
4.235259592479175828e-01 1.262216024578760099e+01 1.575481442363557580e+05
4.439531038454353484e-01 1.252347712608789720e+01 1.257330028259979299e+05
4.649691639231560147e-01 1.243532497076754595e+01 1.006581345874411345e+05
4.865680031098345570e-01 1.235639780812761224e+01 8.082662896224430006e+04
5.087406573991226644e-01 1.228554621911649036e+01 6.509310272797906509e+04
5.314776769296478687e-01 1.222175650562264337e+01 5.257042619675897731e+04
5.547670879385562248e-01 1.216414239027426625e+01 4.257307872703386238e+04
5.785970168256535651e-01 1.211192538818292164e+01 3.456882038341120642e+04
6.028966551320941170e-01 1.206441668303703985e+01 2.815282725690005827e+04
6.271021640968118538e-01 1.202088225235882923e+01 2.307935829102528805e+04
6.494362287354065177e-01 1.197921038131813809e+01 1.924748887325091346e+04
6.718223791220599983e-01 1.193539804649031311e+01 1.606536566366249463e+04
6.955471001063091574e-01 1.189144016194507358e+01 1.332667575912101347e+04
7.208416590810374780e-01 1.184927780559959842e+01 1.098996411051864925e+04
7.477970002786187287e-01 1.181027306278364364e+01 9.017941183986127726e+03
7.764428998383752223e-01 1.177536100363874816e+01 7.370540928904300927e+03
8.067767635136043891e-01 1.174516249711063587e+01 6.006593131347402959e+03
8.387740835255363958e-01 1.172003256554846118e+01 4.885034214953009723e+03
8.723877298151855308e-01 1.170012440430437728e+01 3.968345468771484775e+03
9.075176927748009881e-01 1.168538147796152060e+01 3.223015855179065966e+03
9.440481202952725193e-01 1.167556252040035147e+01 2.619358487475812126e+03
9.818605417072557850e-01 1.167031053586292799e+01 2.131414054473747910e+03
1.020829691169506059e+00 1.166917484884619327e+01 1.737483338854526437e+03
1.060832110446800147e+00 1.167168187337724738e+01 1.419468467073344527e+03
1.101737912434268107e+00 1.167731569538606173e+01 1.162600995948388118e+03
1.143417925747852504e+00 1.168556192859725584e+01 9.548609414768359329e+02
1.185734710199801700e+00 1.169588747758901093e+01 7.865864208672106770e+02
1.228555315926944447e+00 1.170779996685401159e+01 6.499962459033922642e+02
1.271733774747023871e+00 1.172077453616045517e+01 5.388878897317451901e+02
1.315127697674997265e+00 1.173433129819841625e+01 4.482797823432517816e+02
1.358584972386713829e+00 1.174798374353484043e+01 3.741947421052619802e+02
1.401950528618064462e+00 1.176127126729890549e+01 3.134592244606745339e+02
1.445060859357400140e+00 1.177372939247215911e+01 2.635400465275680517e+02
1.487744788606922164e+00 1.178490896236922936e+01 2.223877495368155905e+02
1.529823312918116907e+00 1.179436779018954162e+01 1.883760225728902071e+02
1.571102220184150022e+00 1.180165185996318833e+01 1.601923875470848486e+02
1.611384792732099669e+00 1.180631804700546361e+01 1.367749103631910828e+02
1.650485484044375228e+00 1.180793357530406240e+01 1.172575756767752040e+02
1.688225338824958843e+00 1.180610706791348541e+01 1.009434054583400666e+02
1.724411345412743435e+00 1.180046006466141151e+01 8.726804996074525889e+01
1.758833839291215284e+00 1.179058348098880238e+01 7.577569102185263716e+01
1.791265136037957673e+00 1.177608237606492203e+01 6.609996676165771134e+01
1.821449965318040265e+00 1.175652885081946764e+01 5.794112048054033437e+01
1.849097915925750124e+00 1.173150061086990270e+01 5.105935954140957733e+01
1.873854761714113026e+00 1.170049556868684526e+01 4.526030008008412864e+01
1.895277108332108718e+00 1.166298880393205373e+01 4.039278893655033897e+01
1.912748617595145806e+00 1.161838544504776927e+01 3.634722994173247201e+01
1.925270021044092283e+00 1.156608270238664993e+01 3.307420753941527636e+01
1.929867300443702582e+00 1.150787368592820670e+01 3.081558391841998201e+01
