2.191799393479931801e-01 1.550982551689759603e+01 3.683552447462830693e+06
2.263991634440410128e-01 1.524441998823862576e+01 3.155135305787093937e+06
2.338815181675083232e-01 1.498538668202147406e+01 2.701918514982663095e+06
2.416635105908680470e-01 1.474132928576573853e+01 2.300294959001543932e+06
2.497092428078524773e-01 1.452944181519084133e+01 1.964584574736576062e+06
2.580579306465759504e-01 1.434513072369238351e+01 1.677740398071403615e+06
2.667064020315940698e-01 1.412698232739846915e+01 1.437252559299171902e+06
2.756611374241103030e-01 1.395599498454390641e+01 1.228868695882846368e+06
2.849308691644676372e-01 1.379146224490047956e+01 1.048655413077191683e+06
2.945118991154149768e-01 1.363480247717119198e+01 8.990835508870384656e+05
3.044143198682101037e-01 1.349530740427614894e+01 7.685204115504956571e+05
3.146531002109259623e-01 1.336369475349918545e+01 6.573375970029528253e+05
3.252135921066331981e-01 1.324322556325281219e+01 5.624849328282078495e+05
3.361179664373811771e-01 1.313429096402839669e+01 4.821964695679573342e+05
3.473660227538948320e-01 1.302509846855098807e+01 4.129008153184272232e+05
3.589611199434931121e-01 1.292454416125311489e+01 3.536623506007658434e+05
3.709080319443034401e-01 1.283511541655056654e+01 3.030330220326636336e+05
3.832247501392181399e-01 1.274911701526061769e+01 2.595277958274564007e+05
3.958826365147068982e-01 1.266812062366891745e+01 2.224226349498066702e+05
4.089054241477847462e-01 1.259790384583881639e+01 1.909318375885575078e+05
4.222825669719713626e-01 1.252727026603419169e+01 1.637354293388221704e+05
4.360513149150145318e-01 1.245616938134662632e+01 1.409118274219429586e+05
4.501737606597803754e-01 1.240390498429733768e+01 1.209465803704574209e+05
4.646647246403575737e-01 1.234950601679848781e+01 1.037984650757066411e+05
4.795152856331303948e-01 1.229698829289573503e+01 8.934431248444839730e+04
4.947249556561214567e-01 1.225846004678213319e+01 7.683059505164368602e+04
5.103045193435319371e-01 1.220410890650892988e+01 6.619940485922848166e+04
5.262542689090961012e-01 1.216083332171479725e+01 5.699278079461053130e+04
5.425680792354484749e-01 1.212275499111971655e+01 4.910704515765095130e+04
5.592461616184973838e-01 1.208596572532547064e+01 4.232729049978122202e+04
5.762562586839945489e-01 1.205123333202798896e+01 3.620443810675473651e+04
5.936246172898257401e-01 1.201702557728834897e+01 3.154082873375402414e+04
6.114121217913855988e-01 1.199037317434998151e+01 2.700464060757401603e+04
6.297334118655264490e-01 1.195979987859629290e+01 2.352549204859213933e+04
6.486283531971275274e-01 1.193128245851532654e+01 2.030281843602925073e+04
6.681448454916443236e-01 1.191044959464120012e+01 1.745387365611356654e+04
6.883895171688119152e-01 1.188665970731769583e+01 1.503104051388340849e+04
7.093257102653740542e-01 1.187549128413501265e+01 1.291968957389820025e+04
7.310369419930480284e-01 1.184587098193140697e+01 1.110321613145113952e+04
7.535259182571577563e-01 1.182839471335813997e+01 9.527286357374538056e+03
7.768024073477282077e-01 1.181436102436500413e+01 8.116697693644678111e+03
8.008783085264967738e-01 1.180107881364727973e+01 6.978685554409064025e+03
8.257639192553307694e-01 1.178930812681671547e+01 5.969952000140353448e+03
8.514568415461988282e-01 1.178135175237276400e+01 5.104297626778725316e+03
8.779594254846329049e-01 1.177281371005102706e+01 4.361815570565794587e+03
9.052570633879977180e-01 1.176826774835664224e+01 3.728155896975463747e+03
9.333480841592262101e-01 1.176133272966436216e+01 3.185502322754447505e+03
9.622129063799991222e-01 1.176146577185216735e+01 2.719968175345622967e+03
9.918384493754081044e-01 1.176357241223989014e+01 2.323948017402416099e+03
1.022192583460905135e+00 1.176144528696401537e+01 1.984506200856747910e+03
1.053248497545780538e+00 1.176302650677757811e+01 1.697468306820388761e+03
1.084989047568725606e+00 1.176645066375091808e+01 1.451828775583443530e+03
1.117387388808582349e+00 1.177153858646697238e+01 1.241453379280726040e+03
1.150382395611352138e+00 1.177538774473794270e+01 1.063453945407001584e+03
1.183950631160975320e+00 1.178414455393325966e+01 9.116081621335397358e+02
1.218057522993201802e+00 1.178829919983241226e+01 7.808179301746613419e+02
1.252644630549731408e+00 1.179588405742110524e+01 6.702635266646607306e+02
1.287655540650692876e+00 1.180389649051495660e+01 5.760665407970235492e+02
1.323061684157206708e+00 1.181128651979343047e+01 4.954334383618350444e+02
1.358740538771874728e+00 1.182290601796375462e+01 4.265868205024915483e+02
1.394562450102560414e+00 1.183033891969462204e+01 3.683294404851927197e+02
1.430451675541181134e+00 1.183788401189531569e+01 3.168755142904075797e+02
1.466277736198455139e+00 1.184318112783346955e+01 2.755095449772793472e+02
1.501934821896943051e+00 1.184854050196639719e+01 2.393273533166795346e+02
1.537283786072556335e+00 1.185221014126933348e+01 2.081178126431225621e+02
1.572247240294244897e+00 1.185736226840217178e+01 1.815787744184102053e+02
1.606731174735030354e+00 1.185958883419794319e+01 1.576730417930473607e+02
1.640584723282859647e+00 1.186129016176738027e+01 1.382109077383032627e+02
1.673720334615220517e+00 1.186226683691429962e+01 1.221185121291942011e+02
1.706041135773168849e+00 1.185908362807506045e+01 1.077514182329357624e+02
1.737470494161378110e+00 1.185586284981036798e+01 9.517949892381679433e+01
1.767889038105430188e+00 1.184872656387542378e+01 8.445356581462777967e+01
1.797231765881766474e+00 1.184451640132995465e+01 7.501236027784145222e+01
1.825394733387820878e+00 1.183036206396365841e+01 6.695685819353394663e+01
1.852304487905907626e+00 1.181808698292683779e+01 5.994751967041906937e+01
1.877906479073223389e+00 1.180296517751494001e+01 5.384357318139429793e+01
1.902134262703763179e+00 1.178544475992068463e+01 4.853206792388440505e+01
1.924924655039562227e+00 1.176586910452859236e+01 4.386517599066661433e+01
1.946230352487796855e+00 1.174352940415190183e+01 3.959894176019253820e+01
1.965989657084964870e+00 1.171887566104974177e+01 3.620503204597594049e+01
1.984184613250088436e+00 1.169124004223557556e+01 3.307484919755756181e+01
2.000781640978303244e+00 1.166170258807654569e+01 3.030988760948583405e+01
2.015728150631472815e+00 1.162994143345875031e+01 2.789253964932164465e+01
2.029004696436237154e+00 1.159581867053711690e+01 2.566040169612131905e+01
2.040605133115957148e+00 1.155953356675856725e+01 2.388368255439477750e+01
2.050512726489631898e+00 1.152117199364932709e+01 2.222605841451101583e+01
2.058683754838446234e+00 1.147975373143458988e+01 2.078186712077080500e+01
2.065144528889560238e+00 1.143795521284487826e+01 1.943632934312897476e+01
2.069866793431016649e+00 1.139356046473733919e+01 1.838671310804201298e+01
2.072846562374516033e+00 1.134821288534225658e+01 1.741738628418143975e+01
2.074084429551393605e+00 1.130126996583763876e+01 1.657005720893432610e+01
2.073587098802046835e+00 1.125317651023630994e+01 1.581340613913298121e+01
2.071429526300528234e+00 1.120424523713697695e+01 1.525202658710372816e+01
2.067701822932554556e+00 1.115563851998070355e+01 1.474459840549032918e+01
2.062490460410596693e+00 1.110674222470722938e+01 1.433371779350856556e+01
2.055936363085415497e+00 1.105825050520858888e+01 1.400508459919423743e+01
2.048205300746715363e+00 1.101196417506469061e+01 1.377367478539759738e+01
2.039560617021945355e+00 1.096856102289499724e+01 1.356670834197147357e+01
2.030754489515729677e+00 1.093064892781839070e+01 1.351836309320180796e+01
2.021962795332422402e+00 1.090262666429398308e+01 1.362058992411992442e+01
