2.383731302914612049e-01 1.510646317623783297e+01 2.423116349867075216e+06
2.522139162680080982e-01 1.469770860441376570e+01 1.847353416492372518e+06
2.666475174065187637e-01 1.434512153327103867e+01 1.415923007009884110e+06
2.816765662881323129e-01 1.403943650886042072e+01 1.090771266781920567e+06
2.973035616317528662e-01 1.377320677976793739e+01 8.442562567134945421e+05
3.135302323170711669e-01 1.354044281636902625e+01 6.564189641405032016e+05
3.303583685158129057e-01 1.333622102550484279e+01 5.125315691519370885e+05
3.477890799133585009e-01 1.315647968208872065e+01 4.018317414010056527e+05
3.658220096363219431e-01 1.299783529523197600e+01 3.162606993048381410e+05
3.844572373030394341e-01 1.285744195430040016e+01 2.498295188421376515e+05
4.036927339483021293e-01 1.273289656476687526e+01 1.980568376856402028e+05
4.235259592479175828e-01 1.262216024578760099e+01 1.575481442363557580e+05
4.439531038454353484e-01 1.252347712608789720e+01 1.257330028259979299e+05
4.649691639231560147e-01 1.243532497076754595e+01 1.006581345874411345e+05
4.865680031098345570e-01 1.235639780812761224e+01 8.082662896224430006e+04
5.087406573991226644e-01 1.228554621911649036e+01 6.509310272797906509e+04
5.314776769296478687e-01 1.222175650562264337e+01 5.257042619675897731e+04
5.547670879385562248e-01 1.216414239027426625e+01 4.257307872703386238e+04
5.785971944921959320e-01 1.211192373037230041e+01 3.456815699891123222e+04
6.029324609898015774e-01 1.206439350402033028e+01 2.814496840229527152e+04
6.276259329612532412e-01 1.202087444745079026e+01 2.299589646471710148e+04
6.524610428792579908e-01 1.198047303839134337e+01 1.887316596095445129e+04
6.771739247612396095e-01 1.194214460423953028e+01 1.557564136111912012e+04
7.014240491617540485e-01 1.190468800184813425e+01 1.294154423167571440e+04
7.247409734011776017e-01 1.186675433555241277e+01 1.084544098059650241e+04
7.463657785393813526e-01 1.182678022657407269e+01 9.196533397488281480e+03
7.657273878200161477e-01 1.178237508446257920e+01 7.900326690067213349e+03
7.848999871927804239e-01 1.173216092035352887e+01 6.778131118777165284e+03
8.048454374077567142e-01 1.167809067299948822e+01 5.782345945653223680e+03
8.259138794527631777e-01 1.162196469513241759e+01 4.901798724062571637e+03
8.482822630752865356e-01 1.156525957804080207e+01 4.130276849458147808e+03
8.720383169104432008e-01 1.150915967443994781e+01 3.461590705836936195e+03
8.972171593615569929e-01 1.145458525545030426e+01 2.887766379119398607e+03
9.238172164830721345e-01 1.140224040461030874e+01 2.400014037596925846e+03
9.518120779565040213e-01 1.135262840607908252e+01 1.988792412850564006e+03
9.811577007539368234e-01 1.130609109736758100e+01 1.644427959642168616e+03
1.011793372366752930e+00 1.126282315159397029e+01 1.357717050817282370e+03
1.043651554053479424e+00 1.122291080016283615e+01 1.120087307609456502e+03
1.076653518993437197e+00 1.118633692771878607e+01 9.238077573695616138e+02
1.110717052878210431e+00 1.115301441581717512e+01 7.621031767961517289e+02
1.145753192150361199e+00 1.112279501613516430e+01 6.291158660374145484e+02
1.181670889825345183e+00 1.109549317808255253e+01 5.198788822474624567e+02
1.218377811197716154e+00 1.107088447896369843e+01 4.301731451394987289e+02
1.255779550620974128e+00 1.104873793571464979e+01 3.565066696536432573e+02
1.293779591122993233e+00 1.102880125531774880e+01 2.959852914250416802e+02
1.332279572069730467e+00 1.101081997202362928e+01 2.462196140845123011e+02
1.371148124792122669e+00 1.099451893379924172e+01 2.052760102689881876e+02
1.410234266323864727e+00 1.097957729680165251e+01 1.715715607910482277e+02
1.449386071599143344e+00 1.096565923804013565e+01 1.437925004488009506e+02
1.488454235325759489e+00 1.095241619958162183e+01 1.208611600230845227e+02
1.527289958508638801e+00 1.093950565518761664e+01 1.018969728736461491e+02
1.565747105477015788e+00 1.092658669240085700e+01 8.617837814855670331e+01
1.603681389652462430e+00 1.091333071088926232e+01 7.312010758429818225e+01
1.640950618370738079e+00 1.089941960187681502e+01 6.224734685190716732e+01
1.677413681805505430e+00 1.088453938186613001e+01 5.316982636295409748e+01
1.712931301060143907e+00 1.086839380817377965e+01 4.557247640966216551e+01
1.747367734134709139e+00 1.085069950214142231e+01 3.919678694626897908e+01
1.780583401618806461e+00 1.083117083184522045e+01 3.383314872260515216e+01
1.812449220654042570e+00 1.080956014346125116e+01 2.930841959497711713e+01
1.842823269358434546e+00 1.078558829247464601e+01 2.548221164949194772e+01
1.871572852498301076e+00 1.075901417253010983e+01 2.223896401910274534e+01
1.898559714671920418e+00 1.072958813467470840e+01 1.948300830066402867e+01
1.923643979271742133e+00 1.069706959184295059e+01 1.713665018260885731e+01
1.946682085898852499e+00 1.066122301059471766e+01 1.513494925202067698e+01
1.967526194969993147e+00 1.062182324140181322e+01 1.342486482155132244e+01
1.986013402890610235e+00 1.057862070861481207e+01 1.196200169434197669e+01
2.001973569864103020e+00 1.053139445427104626e+01 1.071025770211070949e+01
2.015214336974907816e+00 1.047990884896672803e+01 9.640101050485577971e+00
2.025515564783718858e+00 1.042394075260191322e+01 8.726997318699767803e+00
2.032611686614156365e+00 1.036328094707758751e+01 7.952391961419128741e+00
2.036162072220474517e+00 1.029776334835652030e+01 7.302505925335366577e+00
