2.383731302914612049e-01 1.510646317623783297e+01 2.423116349867075216e+06
2.522139162680080982e-01 1.469770860441376570e+01 1.847353416492372518e+06
2.666475174065187637e-01 1.434512153327103867e+01 1.415923007009884110e+06
2.816765662881323129e-01 1.403943650886042072e+01 1.090771266781920567e+06
2.973035616317528662e-01 1.377320677976793739e+01 8.442562567134945421e+05
3.135302323170711669e-01 1.354044281636902625e+01 6.564189641405032016e+05
3.303583685158129057e-01 1.333622102550484279e+01 5.125315691519370885e+05
3.477890799133585009e-01 1.315647968208872065e+01 4.018317414010056527e+05
3.658220096363219431e-01 1.299783529523197600e+01 3.162606993048381410e+05
3.844572373030394341e-01 1.285744195430040016e+01 2.498295188421376515e+05
4.036927339483021293e-01 1.273289656476687526e+01 1.980568376856402028e+05
4.235259592479175828e-01 1.262216024578760099e+01 1.575481442363557580e+05
4.439531038454353484e-01 1.252347712608789720e+01 1.257330028259979299e+05
4.649691639231560147e-01 1.243532497076754595e+01 1.006581345874411345e+05
4.865680031098345570e-01 1.235639780812761224e+01 8.082662896224430006e+04
5.087406573991226644e-01 1.228554621911649036e+01 6.509310272797906509e+04
5.314776769296478687e-01 1.222175650562264337e+01 5.257042619675897731e+04
5.547670879385562248e-01 1.216414239027426625e+01 4.257307872703386238e+04
5.785972392019226307e-01 1.211192506344312214e+01 3.456841917500667478e+04
6.029771234441774208e-01 1.206436780146992938e+01 2.813568981815436200e+04
6.280591833324025153e-01 1.202094071377934092e+01 2.292790384571883988e+04
6.539857432600911791e-01 1.198148193165586406e+01 1.869220146824843687e+04
6.808439055506727566e-01 1.194597415390347273e+01 1.524129889131441269e+04
7.086872411274842687e-01 1.191441388649397659e+01 1.242902080009039491e+04
7.375462087387599786e-01 1.188677383895040585e+01 1.013798950255596719e+04
7.674339141995866198e-01 1.186297589858573964e+01 8.272412274089250786e+03
7.983504999731620977e-01 1.184290136149289729e+01 6.754161296538908573e+03
8.302865762676923111e-01 1.182639286144767965e+01 5.518978323239181009e+03
8.632233488897306239e-01 1.181325543408808798e+01 4.514133405833588768e+03
8.971356185453200904e-01 1.180327321230937798e+01 3.696542871246462255e+03
9.319917629855853924e-01 1.179620779429514243e+01 3.031036854618125290e+03
9.677544789634837663e-01 1.179180301708042045e+01 2.489009543554062475e+03
1.004383089243474192e+00 1.178980682752349018e+01 2.047164825331286011e+03
1.041829962936811071e+00 1.178994923609496581e+01 1.686627585352568531e+03
1.080046926512701511e+00 1.179197072501051302e+01 1.392101788114261126e+03
1.118966690036291789e+00 1.179559902250620951e+01 1.151224228811499870e+03
1.158474051905436841e+00 1.180050315962470897e+01 9.541331354607568755e+02
1.198441320929064746e+00 1.180630945468070081e+01 7.927134428154846546e+02
1.238736237496588455e+00 1.181262070526572217e+01 6.603631402522196367e+02
1.279228692895199693e+00 1.181905217111154371e+01 5.516675906992828686e+02
1.319782021157204444e+00 1.182520370889154115e+01 4.622162036249965240e+02
1.360257591313486447e+00 1.183069194757862341e+01 3.884482421720457523e+02
1.400517234151535950e+00 1.183514022092481177e+01 3.274746020479742015e+02
1.440419725625210701e+00 1.183818775115958211e+01 2.769582765953812782e+02
1.479819667292008756e+00 1.183947235047399893e+01 2.350047393260020669e+02
1.518572546830326386e+00 1.183865957041357575e+01 2.000665738180506423e+02
1.556528774876153820e+00 1.183540808658280419e+01 1.708990776579444457e+02
1.593535510770323738e+00 1.182939516642381506e+01 1.464912556155549339e+02
1.629445052439640440e+00 1.182032392903571427e+01 1.260091108715994892e+02
1.664094742915173564e+00 1.180786985909637110e+01 1.087812648847579737e+02
1.697327243966572974e+00 1.179174477359346973e+01 9.425517575698594896e+01
1.728978712896518610e+00 1.177166235011276463e+01 8.197827053264271058e+01
1.758881342507413681e+00 1.174733938742735262e+01 7.157877034003101357e+01
1.786857880555515088e+00 1.171848974578835190e+01 6.275291450187923914e+01
1.812728845386806453e+00 1.168484997523529145e+01 5.525023938303989723e+01
1.836300931436578354e+00 1.164614424470118337e+01 4.886154052200528497e+01
1.857370277993148466e+00 1.160211228357163549e+01 4.341835285017855739e+01
1.875715033781230945e+00 1.155250154166915522e+01 3.878073183569713223e+01
1.891087424094907599e+00 1.149705627671599473e+01 3.483405436595289473e+01
1.903207560949355726e+00 1.143556778892618020e+01 3.148704871448939002e+01
1.911738305239526037e+00 1.136784941624265777e+01 2.866856168562707907e+01
1.916258000591003707e+00 1.129383019054251669e+01 2.632838813326867822e+01
