2.191799393479931801e-01 1.550982551689759603e+01 3.683552447462830693e+06
2.267986611962074517e-01 1.522612501609120095e+01 3.139647327519019134e+06
2.347188110428019003e-01 1.495665746277934183e+01 2.647353845340479165e+06
2.429650706177520214e-01 1.471526476795654226e+01 2.243529551841688808e+06
2.515143061791207946e-01 1.447640217088892811e+01 1.902935817322438117e+06
2.603977226239178044e-01 1.426177297117399156e+01 1.607555244955970207e+06
2.696183713208719634e-01 1.407041344068401933e+01 1.363396269344239030e+06
2.791817976895191178e-01 1.388888777429625954e+01 1.157226115890952293e+06
2.890956421705855317e-01 1.372340864305257035e+01 9.804513711124069523e+05
2.993605975700329158e-01 1.356768222377979072e+01 8.300667048891831655e+05
3.099924293166713696e-01 1.342047376697136762e+01 7.055109875058117323e+05
3.210062051697974983e-01 1.328695313949391377e+01 5.989525688510613982e+05
3.323526099375831433e-01 1.316723563517703610e+01 5.077397628819369129e+05
3.441004194843517716e-01 1.305341999483097126e+01 4.313977297653466812e+05
3.562457922474994709e-01 1.294859194249027468e+01 3.662754604549875949e+05
3.687776250153167457e-01 1.285535728637393760e+01 3.108332085070949397e+05
3.817013708510582082e-01 1.275741217432365460e+01 2.647412858860112028e+05
3.950106429443308032e-01 1.267438712972384529e+01 2.251282305247564218e+05
4.087325849818967405e-01 1.259631192071374706e+01 1.911079005997483328e+05
4.228499637062823058e-01 1.252370772410226074e+01 1.629417067877072259e+05
4.373869452171935124e-01 1.245719005672859048e+01 1.389518848026482738e+05
4.523313988070823966e-01 1.239611435824840058e+01 1.182406621957070020e+05
4.676966775046095259e-01 1.233847240684878876e+01 1.006966291289416986e+05
4.834344300343302314e-01 1.228640651480607104e+01 8.584552735436972580e+04
4.996076190729973887e-01 1.222891964626581185e+01 7.261314769050465839e+04
5.161748623274398096e-01 1.218946547612552322e+01 6.260268353188308538e+04
5.331532970537624649e-01 1.214442774739804953e+01 5.349329313126634224e+04
5.505347681642153157e-01 1.210587811597975261e+01 4.582163702972762258e+04
5.683238916006663199e-01 1.206701523613147664e+01 3.911510121354326839e+04
5.864526722297206396e-01 1.203398015583595893e+01 3.348442805370618589e+04
6.050627920765122569e-01 1.200003580181692442e+01 2.870314412228536821e+04
6.241723710817039805e-01 1.196920436383929953e+01 2.456904492384478726e+04
6.439538266347335504e-01 1.194245896860137712e+01 2.103554799341172111e+04
6.644572580702124975e-01 1.191406560608765020e+01 1.797330985714029157e+04
6.856988659974889710e-01 1.188992475900389323e+01 1.533279572560475026e+04
7.077713587948577523e-01 1.186841830149385579e+01 1.307516194205561806e+04
7.306858182973730020e-01 1.184647706941307632e+01 1.112112788672627357e+04
7.544928066350798934e-01 1.182870146127565469e+01 9.455674514443653607e+03
7.791934152581626583e-01 1.181324258217463985e+01 8.029257092322940480e+03
8.047991825149753975e-01 1.179969525274230868e+01 6.768571899758356267e+03
8.313228820108502504e-01 1.178894853159745182e+01 5.770053401104178192e+03
8.587655250506086579e-01 1.177818190277781518e+01 4.891928833160502109e+03
8.871147410066616557e-01 1.177339108890882180e+01 4.141456932114880146e+03
9.163622562317763620e-01 1.176916227355132705e+01 3.507830677884793204e+03
9.465053858810014153e-01 1.176577503195302654e+01 2.949773077329755324e+03
9.775201421589398976e-01 1.176473481872753624e+01 2.490694704303510662e+03
1.009375003442216867e+00 1.176539561750549545e+01 2.125636780916775933e+03
1.042049120302798615e+00 1.176614966273128893e+01 1.802830767892234917e+03
1.075511469942560083e+00 1.176945468065744294e+01 1.525330029677735865e+03
1.109727238728606569e+00 1.177541391271541293e+01 1.283693646747665525e+03
1.144640478672125594e+00 1.178063838247276252e+01 1.096006777731548027e+03
1.180211609697625397e+00 1.178821507087197773e+01 9.309416617356764618e+02
1.216400918533172559e+00 1.179564771219201624e+01 7.914780812775228469e+02
1.253156578538995314e+00 1.180453523412573880e+01 6.726352030925926329e+02
1.290419031242067582e+00 1.181317841603896568e+01 5.723540439999386535e+02
1.328080971492611395e+00 1.182224562086079445e+01 4.882203534305472203e+02
1.366034278699812976e+00 1.183123223127820900e+01 4.170952692176273899e+02
1.404096738217023521e+00 1.184274883389306154e+01 3.567575145592396666e+02
1.442149667633636945e+00 1.185137044110842908e+01 3.042571715796423746e+02
1.480004326768770140e+00 1.185775147764092630e+01 2.631481731861261437e+02
1.517507535888880321e+00 1.186397217601382970e+01 2.269620938113985176e+02
1.554524421171389115e+00 1.186921083359478502e+01 1.951331194796912882e+02
1.590840501235306403e+00 1.187149539912979357e+01 1.702901799766246995e+02
1.626275160627465466e+00 1.187395420247025690e+01 1.475045470141235171e+02
1.660728521497142784e+00 1.187499288756466242e+01 1.296396318544297230e+02
1.693945403720062748e+00 1.187207021046153343e+01 1.137392220740115505e+02
1.725797681804941197e+00 1.186627044868978587e+01 1.002714493542559779e+02
1.756084529532758509e+00 1.185864562592088589e+01 8.874058466522171784e+01
1.784620416350466865e+00 1.184713913222052817e+01 7.894529276865992529e+01
1.811133654444509355e+00 1.183276876251628273e+01 7.028064868696914402e+01
1.835453166730178332e+00 1.181521369628132589e+01 6.352354529286509432e+01
1.857268495879671022e+00 1.179404730495067177e+01 5.752261656574849980e+01
1.876210131275498405e+00 1.176936143925599865e+01 5.222257866089938716e+01
1.891772125899283896e+00 1.174079245156752194e+01 4.832428173054881171e+01
1.902642517382588272e+00 1.170993566605072722e+01 4.494761564966178469e+01
1.907349209756843633e+00 1.167611309855261936e+01 4.287005287641693485e+01
1.909713056364027883e+00 1.163561092053341639e+01 4.114464221707529390e+01
1.910872900774973848e+00 1.158995326015266514e+01 3.927423300707728515e+01
1.911314609894084082e+00 1.153932046025711244e+01 3.747752320751025223e+01
1.911329066565530033e+00 1.148441550016529256e+01 3.566558577476590131e+01
1.911111125389528098e+00 1.142705194072238761e+01 3.383697383254090596e+01
1.910703555299220868e+00 1.136618729154790053e+01 3.207523348636441796e+01
1.910156999869628169e+00 1.130313764812699340e+01 3.022270619168296335e+01
1.909481346937026425e+00 1.123839036309893480e+01 2.855691712435767826e+01
1.908642025600668202e+00 1.117266086409439652e+01 2.704190990074589607e+01
1.907627425140838939e+00 1.110553587234009143e+01 2.544435545697480805e+01
1.906392832911471436e+00 1.103669651478761971e+01 2.405274347594357565e+01
1.904869191512005289e+00 1.096868548834938117e+01 2.267715320112429467e+01
1.903039104193760878e+00 1.089850374443971148e+01 2.140351509377159189e+01
1.900823999978114687e+00 1.082923105657835627e+01 2.020440461414748157e+01
1.898191007827457311e+00 1.075957012121274481e+01 1.904039296153896643e+01
1.895047125610131999e+00 1.069089715189765144e+01 1.809323379172072421e+01
1.891361111817893015e+00 1.062162280030612926e+01 1.717934116234899733e+01
1.887066119491507266e+00 1.055385424018730234e+01 1.634961484576433932e+01
1.882110660366152377e+00 1.048698113859904169e+01 1.556617972411913442e+01
1.876448473736143541e+00 1.042180220060278018e+01 1.497079503108655629e+01
1.870047599237771196e+00 1.035883000368787066e+01 1.442547345583372120e+01
1.862921681457446077e+00 1.029977484638037133e+01 1.398916196341180829e+01
1.855331734209830996e+00 1.024984747711936528e+01 1.369886071575668929e+01
1.846969343705552546e+00 1.020511965364607221e+01 1.354172268789086253e+01
