2.191799393479931801e-01 1.550982551689759603e+01 3.683552447462830693e+06
2.281878356564481514e-01 1.516416235918381084e+01 3.029645789269664790e+06
2.376140459277429617e-01 1.485784293176443960e+01 2.495317727098509669e+06
2.474862232845587151e-01 1.458051422506339279e+01 2.047820677746027010e+06
2.578021794156162283e-01 1.433402263775572472e+01 1.694330480945756659e+06
2.685830345448475542e-01 1.408677632394296886e+01 1.388599606693126494e+06
2.798383285125682907e-01 1.387742639747587958e+01 1.145978307206955971e+06
2.915857844634478502e-01 1.368314917897564520e+01 9.388560296980451094e+05
3.038086020527874798e-01 1.350137086729972680e+01 7.779191239643390290e+05
3.165568747259873694e-01 1.334642628801727504e+01 6.390086103200524813e+05
3.298101579580179354e-01 1.318978396652573970e+01 5.271372682464369573e+05
3.435895506916087916e-01 1.305676821464386883e+01 4.339254940883215750e+05
3.579020684426703069e-01 1.293224328184260585e+01 3.589217263354764436e+05
3.727612271480598150e-01 1.282157782913383315e+01 2.955133820752805914e+05
3.881714912686255459e-01 1.271543563521991693e+01 2.442031434488958912e+05
4.041327106353121423e-01 1.262019625473154072e+01 2.022622605945389951e+05
4.206555697758470047e-01 1.254014709652214243e+01 1.668492299016634352e+05
4.377446620742177497e-01 1.245504322593671098e+01 1.381554080925885064e+05
4.554043367914860085e-01 1.238257515153532751e+01 1.148455730726154288e+05
4.736390298140389365e-01 1.231616316812520040e+01 9.468474956948129693e+04
4.924196311713248120e-01 1.225567487140302525e+01 7.871116101539661759e+04
5.117626883435145713e-01 1.220142915495286928e+01 6.520159344781563414e+04
5.316765003524361877e-01 1.214969117088935491e+01 5.415155958561367152e+04
5.521532944390031838e-01 1.210241949510248105e+01 4.512326669469496119e+04
5.731587000722377923e-01 1.205959566718467890e+01 3.750121475111706968e+04
5.947346981339454164e-01 1.201795689669038403e+01 3.126950580522789824e+04
6.169536365598434768e-01 1.198133240255138965e+01 2.585999670421606788e+04
6.400671750110445979e-01 1.194669521852481431e+01 2.168598362309348158e+04
6.641967877783343521e-01 1.191484253728811105e+01 1.800458636681730059e+04
6.893994397800627949e-01 1.188551936884709548e+01 1.492250568422247306e+04
7.157869630741581224e-01 1.185937427063154637e+01 1.234279574423602389e+04
7.434257481273535140e-01 1.184056261472228577e+01 1.020487300661415793e+04
7.723413880643738016e-01 1.181910856386886621e+01 8.413362270359129980e+03
8.025547671423940432e-01 1.180379223828687429e+01 6.921326922880474740e+03
8.340954216988263337e-01 1.179162801605070854e+01 5.688560819026924037e+03
8.669412989959294213e-01 1.178140370296862827e+01 4.672702028865648572e+03
9.010991641425344367e-01 1.177512652975947205e+01 3.806213990208078940e+03
9.365545233091737698e-01 1.177180261384875237e+01 3.146604378314883434e+03
9.732727268343099869e-01 1.177162486017540921e+01 2.582611974440857466e+03
1.011214194268865718e+00 1.177276762650886432e+01 2.117994946809907560e+03
1.050351889499167468e+00 1.177668161191422413e+01 1.738178081539427694e+03
1.090609122071633630e+00 1.178323548119642972e+01 1.428744360735754071e+03
1.131940295416210995e+00 1.179109827910132147e+01 1.173763784596412279e+03
1.174253134066591153e+00 1.180192155845270285e+01 9.589312597010767831e+02
1.217482359201282005e+00 1.181165358062552251e+01 7.967644524272645867e+02
1.261548096970060762e+00 1.182290480955088441e+01 6.570019068192029863e+02
1.306339749057715327e+00 1.183673806921906468e+01 5.428293311434243833e+02
1.351768557129890969e+00 1.184986724219000109e+01 4.490360651619358237e+02
1.397728098406600727e+00 1.186150751081799015e+01 3.722427434831658388e+02
1.444115207029190273e+00 1.187436809661624437e+01 3.098876375887301720e+02
1.490811142709636217e+00 1.188998422603617300e+01 2.576668680827305025e+02
1.537703408722308485e+00 1.190275080580773093e+01 2.150689353967431430e+02
1.584661886105341866e+00 1.191225236951920330e+01 1.798075873711762256e+02
1.631572247973453349e+00 1.192317218905106380e+01 1.509173482775656794e+02
1.678329976541725888e+00 1.193231903356820034e+01 1.267045830421206603e+02
1.724797872313717839e+00 1.194070229792723126e+01 1.068308657055893178e+02
1.770881926651953098e+00 1.194757524386528580e+01 9.028196698086283334e+01
1.816434749218032829e+00 1.195388158821493008e+01 7.641163958843648629e+01
1.861364564420686651e+00 1.195606988769397105e+01 6.487874872711464036e+01
1.905559436574730814e+00 1.195719954862870438e+01 5.526494426603245813e+01
1.948908605608531408e+00 1.195728027623132306e+01 4.715722332340444467e+01
1.991121126149858700e+00 1.195453695042316866e+01 4.022398042375327520e+01
2.031229967101608747e+00 1.194900384901507628e+01 3.485941869119475456e+01
2.066294753181588728e+00 1.193928711809514098e+01 3.047860325885902455e+01
2.094976992807404237e+00 1.192223983398968201e+01 2.709662033276561033e+01
2.118234416771534345e+00 1.189821312692086330e+01 2.438728216789627723e+01
2.136922667279398169e+00 1.186770556215722827e+01 2.219126561299338718e+01
2.151706219323816782e+00 1.183120242056437732e+01 2.025738620808739299e+01
2.163168377962102262e+00 1.178915185947061772e+01 1.876650404018388585e+01
2.171728393906460663e+00 1.174297015815252010e+01 1.740556045870730273e+01
2.177781001812204131e+00 1.169153872462884536e+01 1.622138677696656828e+01
2.181613039511220986e+00 1.163608676978007495e+01 1.517456118770989448e+01
2.183500609986083418e+00 1.157657643927366742e+01 1.425144702028175558e+01
2.183662763828627007e+00 1.151448430425893577e+01 1.340689144471293126e+01
2.182486875588460773e+00 1.144866353651352675e+01 1.262632493467075179e+01
2.180390650412544762e+00 1.137937654914961882e+01 1.188852799096520840e+01
2.177659280263959829e+00 1.130632440136701788e+01 1.117892040068891824e+01
2.174450270072458391e+00 1.123115808496147672e+01 1.049257346283153325e+01
2.170884729155153181e+00 1.115395300843014859e+01 9.845548398150587133e+00
2.166980223550302842e+00 1.107493847100271189e+01 9.201172575650049978e+00
2.162779912088495848e+00 1.099573088656721431e+01 8.650026804476157238e+00
2.158212081741234911e+00 1.091473523609237795e+01 8.108546383540300440e+00
2.153306971845489581e+00 1.083371299649102326e+01 7.597260706960801357e+00
2.147983721247394673e+00 1.075347352740056550e+01 7.135224925169633359e+00
2.142240818275990666e+00 1.067159717510273431e+01 6.681851860218178452e+00
2.136063017704596945e+00 1.059058644230695556e+01 6.287471192312789725e+00
2.129397561782062187e+00 1.051074557006542065e+01 5.926989936918966251e+00
2.122216091991139475e+00 1.043047663232377431e+01 5.608722590606186387e+00
2.114521685654970451e+00 1.035148616674105781e+01 5.296830132453653306e+00
2.106280578892033351e+00 1.027345784940276907e+01 5.035716679959231890e+00
2.097490462388044818e+00 1.019600807527833730e+01 4.789794886414627584e+00
2.088120636485701453e+00 1.011967632246740401e+01 4.559252073678926820e+00
2.078194062108354334e+00 1.004462340165982326e+01 4.372190837532192731e+00
2.067721169677048110e+00 9.970665990957407132e+00 4.198600702434934107e+00
2.056709496710245055e+00 9.898322437341127156e+00 4.049289447053622482e+00
2.045186580715403490e+00 9.827307321239258542e+00 3.911034871149564829e+00
2.033182420083921471e+00 9.757735538057513480e+00 3.787251096078209756e+00
2.020725144775874949e+00 9.690698645626076413e+00 3.691043915781609286e+00
2.007863900943859470e+00 9.625932026810120945e+00 3.613774533817058821e+00
1.994686907893268746e+00 9.563145358601781609e+00 3.545673597346254091e+00
