2.191799393479931801e-01 1.550982551689759603e+01 3.683552447462830693e+06
2.276674196694387087e-01 1.518480455451636324e+01 3.060149478029851336e+06
2.365387870038608009e-01 1.489905216245537289e+01 2.552566989641872235e+06
2.457970426701512057e-01 1.462422728130234439e+01 2.125358047727587633e+06
2.554515445735752177e-01 1.437716500444849288e+01 1.761117564755062805e+06
2.655168010091584208e-01 1.415320114719354372e+01 1.464764144978846656e+06
2.760024465000498473e-01 1.395208950269883275e+01 1.219493407766872318e+06
2.869198499345340658e-01 1.375253147688659183e+01 1.016807196162307053e+06
2.982744958767974963e-01 1.358375433507337604e+01 8.458958147305983584e+05
3.100807151332079514e-01 1.341951209831625391e+01 7.032540231198165566e+05
3.223163292660441992e-01 1.328049662024459110e+01 5.868893985656552250e+05
3.350336200137036813e-01 1.313853273380727948e+01 4.891729463097057305e+05
3.482208560020247923e-01 1.301889141637529157e+01 4.086669778768115793e+05
3.618936211551283533e-01 1.290327419780564711e+01 3.399902132311849855e+05
3.760400019659472792e-01 1.279643740119915662e+01 2.835880743831255240e+05
3.906862112904291306e-01 1.269964190335724297e+01 2.354385664810864546e+05
4.058280679361984666e-01 1.261411975783180850e+01 1.978624775686342618e+05
4.214685546119874004e-01 1.253443084435919275e+01 1.653288561400252220e+05
4.376034281317933705e-01 1.245641451724982751e+01 1.387027900238157308e+05
4.542524647773796831e-01 1.238794592405511352e+01 1.156935783496912627e+05
4.714188752020859741e-01 1.232550741883052225e+01 9.682151380997277738e+04
4.890762074905315449e-01 1.226658742448278439e+01 8.126816085849500087e+04
5.072182393251578603e-01 1.221215010948731639e+01 6.823321808794276149e+04
5.258788782336215606e-01 1.216247835602464278e+01 5.721649190996637481e+04
5.450405630780369437e-01 1.211987483020402045e+01 4.800813680815717817e+04
5.647032482594802616e-01 1.207383528270776551e+01 4.032673439216362021e+04
5.848149290254978094e-01 1.203616712619397511e+01 3.399324724959622836e+04
6.053154530696317481e-01 1.200374604308249182e+01 2.833115569851544205e+04
6.257443114639599235e-01 1.196626082061665919e+01 2.425637078810477033e+04
6.448454272752836003e-01 1.193530859757131601e+01 2.060311587146381498e+04
6.623354076540995949e-01 1.190373342708900495e+01 1.805956395511977098e+04
6.793301489745421362e-01 1.186861047694748450e+01 1.575346662433001075e+04
6.962910353323408241e-01 1.183572843091369897e+01 1.376566764028273064e+04
7.135286889849007386e-01 1.179828846531029107e+01 1.199675356260314948e+04
7.311907248275992810e-01 1.175992536700661795e+01 1.043812615161360191e+04
7.494030650792603554e-01 1.172177955567539698e+01 9.054487532955055940e+03
7.682568943702684505e-01 1.168017461962751291e+01 7.841123441445320168e+03
7.878124661981007471e-01 1.164574951430805250e+01 6.709765014419815088e+03
8.081295041115370559e-01 1.160595898858766439e+01 5.828207522769836032e+03
8.292478686089502782e-01 1.156914680260570627e+01 5.008160759295128628e+03
8.511870219923656222e-01 1.153184928413058330e+01 4.293132997563996469e+03
8.739692480005784025e-01 1.149473443129028460e+01 3.669063697971660986e+03
8.975931626908989491e-01 1.145748485120635074e+01 3.132650691556548281e+03
9.220566098672707822e-01 1.142312382146161553e+01 2.657593390080554400e+03
9.473618105637534592e-01 1.139617060838170914e+01 2.272308355309371564e+03
9.734815172221160662e-01 1.136222017150815944e+01 1.931989408141459080e+03
1.000390513291549155e+00 1.133140983801260937e+01 1.640499492004953936e+03
1.028060529554051472e+00 1.129905252789144221e+01 1.392548388848266768e+03
1.056457362517661647e+00 1.126991271730540056e+01 1.182560740774364376e+03
1.085542768249876833e+00 1.124138407319618338e+01 1.002609448494037906e+03
1.115263102566277587e+00 1.121666122043997937e+01 8.502654161256880343e+02
1.145575666531859493e+00 1.119049765704171051e+01 7.214999844491934482e+02
1.176404804829004780e+00 1.117010143167662761e+01 6.119579387949593183e+02
1.207704941714745850e+00 1.114251835843977823e+01 5.199825721930947111e+02
1.239415596451987733e+00 1.112247119523590833e+01 4.418188511749233953e+02
1.271449652134620578e+00 1.109809592530057465e+01 3.759387030534296628e+02
1.303756131330035650e+00 1.107580138422770588e+01 3.202793677543342028e+02
1.336264689866455191e+00 1.105655910096469441e+01 2.729640399813953309e+02
1.368888184468541880e+00 1.103277751420194441e+01 2.320921716425033026e+02
1.401553665318757247e+00 1.101141103108381891e+01 1.994746958280654212e+02
1.434138232732418583e+00 1.098957776329902458e+01 1.708447620107748719e+02
1.466499607101447999e+00 1.096951436365989174e+01 1.466606035860804127e+02
1.498503357237772171e+00 1.094470591481730004e+01 1.263488754251090995e+02
1.530012076545524957e+00 1.092212003470019255e+01 1.088663119674372552e+02
1.560922161859888746e+00 1.089836760679149208e+01 9.417499129432951577e+01
1.591092638819002314e+00 1.087355433212095690e+01 8.132408361803159380e+01
1.620409218518799710e+00 1.084701321947383867e+01 7.105729223566152086e+01
1.648786908032691789e+00 1.082022842549635655e+01 6.202758465843377422e+01
1.676144997621557220e+00 1.079161918304595069e+01 5.434716966900437285e+01
1.702347266299396811e+00 1.076237831678706236e+01 4.779615409708569729e+01
1.727371701601769560e+00 1.073095708437021401e+01 4.211867164004664943e+01
1.751125359723362473e+00 1.069783449476349624e+01 3.724599871611655999e+01
1.773572467544987541e+00 1.066298673691423637e+01 3.308192441053355992e+01
1.794647908873789222e+00 1.062622686781070414e+01 2.948379330720638691e+01
1.814337097738482729e+00 1.058897896880620060e+01 2.626548354913238370e+01
1.832605040381992234e+00 1.054875876278480895e+01 2.355650622433340402e+01
1.849431755363339924e+00 1.050668405841642361e+01 2.121274388067497085e+01
1.864820836019094763e+00 1.046333596019703016e+01 1.922525319297949054e+01
1.878751692104547288e+00 1.041907571034525581e+01 1.736965418080345458e+01
1.891235822739720573e+00 1.037230931872030304e+01 1.585407518479203937e+01
1.902305561800777811e+00 1.032420076857913038e+01 1.442713629545898790e+01
1.911950802050666143e+00 1.027452868586153478e+01 1.320943301158571614e+01
1.920216339081884938e+00 1.022328668227457626e+01 1.217145771976365154e+01
1.927126206230760586e+00 1.017093256177054883e+01 1.119027581476862920e+01
1.932714227323445888e+00 1.011704746266715382e+01 1.037423734918598761e+01
1.937017062964453196e+00 1.006206659792559321e+01 9.596130314039911013e+00
1.940064073791847532e+00 1.000597596169806280e+01 8.957109610575169967e+00
1.941918499510825624e+00 9.948859044786258821e+00 8.339465852616276820e+00
1.942611213377330559e+00 9.891967611543279304e+00 7.823696841233451771e+00
1.942192718465827195e+00 9.832381337254609832e+00 7.353767005138693413e+00
1.940714105643124743e+00 9.772689981813488913e+00 6.924909147256297359e+00
1.938230314375958940e+00 9.712931757072455596e+00 6.528198065891742452e+00
1.934772206836485875e+00 9.652136457451998552e+00 6.193193131178575506e+00
1.930417216004531644e+00 9.591399091184650061e+00 5.878228859999169664e+00
1.925193440001500944e+00 9.529945007047093242e+00 5.597544595079609664e+00
1.919158151477157626e+00 9.468679726533830276e+00 5.357013261824906003e+00
1.912372598054266959e+00 9.407022127867424643e+00 5.130379516421311514e+00
1.904871921884744745e+00 9.346525841506682752e+00 4.923557739907481690e+00
1.896707021805292603e+00 9.288407989618360006e+00 4.770289766181543989e+00
1.887906085544009960e+00 9.236294376353987090e+00 4.641568134869591411e+00
