2.191799393479931801e-01 1.550982551689759603e+01 3.683552447462830693e+06
2.273078985771765648e-01 1.520417908624321157e+01 3.082929499022218399e+06
2.357836508504990991e-01 1.492522142909000848e+01 2.602382671430673450e+06
2.446253875320095472e-01 1.468158822394824803e+01 2.191564101155230775e+06
2.538211276459764743e-01 1.441746720438125173e+01 1.817987506501126336e+06
2.633959146347149560e-01 1.419337155786070426e+01 1.520864049971752567e+06
2.733532880073398230e-01 1.399212229101928884e+01 1.277841045693316730e+06
2.837063093207271569e-01 1.380691159492238995e+01 1.072787062982828589e+06
2.944554150737896392e-01 1.364063299029013443e+01 8.982322314642245183e+05
3.056103736434679363e-01 1.348095544625475917e+01 7.536753244553846307e+05
3.171906727800008485e-01 1.333432053029032716e+01 6.270529643850685097e+05
3.291777258312320598e-01 1.320029214979923182e+01 5.310252071243069367e+05
3.416266729162296678e-01 1.307660484309332638e+01 4.461742213684810558e+05
3.544655084722865279e-01 1.296109264171212594e+01 3.751280123195101623e+05
3.677648707725211241e-01 1.285564504778298023e+01 3.151911648164983490e+05
3.815361178244324747e-01 1.275882746562136028e+01 2.653679071422799607e+05
3.957316545621863413e-01 1.267259645859981276e+01 2.231744955646952440e+05
4.104037085841510946e-01 1.258725081728137418e+01 1.875490609913333319e+05
4.255242798444310304e-01 1.251097964660839246e+01 1.581309815461872495e+05
4.410882994268883750e-01 1.244128930273898703e+01 1.333964129590637167e+05
4.571473619625335272e-01 1.237633192377714408e+01 1.123461745130397467e+05
4.736710263985032809e-01 1.231603685250712488e+01 9.477385388465638971e+04
4.906445851710002359e-01 1.226072070750984544e+01 8.005326667551873834e+04
5.080705649867490736e-01 1.221032681486596516e+01 6.764990291802142747e+04
5.259696420318575871e-01 1.216353679456294401e+01 5.712185322437997092e+04
5.443290742427658868e-01 1.212039723354200049e+01 4.837798191567918548e+04
5.631489479708099433e-01 1.207875414497268984e+01 4.083661076767829945e+04
5.823724541209274186e-01 1.203987387025154732e+01 3.471259325811838062e+04
6.020976679273963850e-01 1.200544005045662921e+01 2.922684719675245287e+04
6.224331249859988979e-01 1.197224390057549037e+01 2.493439898998322678e+04
6.435305490060035938e-01 1.194219046635720538e+01 2.108128695223944669e+04
6.654602431954566022e-01 1.191342121849663727e+01 1.783135012200731580e+04
6.883103293501865449e-01 1.188762813579810107e+01 1.491604905196484833e+04
7.121476598802048974e-01 1.186428939200021837e+01 1.268702642907408881e+04
7.370041413294532440e-01 1.184333837316296112e+01 1.066077290429464665e+04
7.629071175151487250e-01 1.182508632221662914e+01 8.955294171072617246e+03
7.898821931937214380e-01 1.181040993556221608e+01 7.507144222078681196e+03
8.179440045609153165e-01 1.179760265015429610e+01 6.283332342241807055e+03
8.470966471109485640e-01 1.178799329671002738e+01 5.262972232547297608e+03
8.773481564486095285e-01 1.178060862069512638e+01 4.398508977625994703e+03
9.086799776468867940e-01 1.177709384905176826e+01 3.649489941898105826e+03
9.410897995906951641e-01 1.177372674829478960e+01 3.073070534403881993e+03
9.745216213353444790e-01 1.177356922491133417e+01 2.568411741934733527e+03
1.008990341530026980e+00 1.177556193603545154e+01 2.146697714942639323e+03
1.044443107506019652e+00 1.178325957129016466e+01 1.795494446892957512e+03
1.080843366136823303e+00 1.178641722208329057e+01 1.499233678198966118e+03
1.118132849083188551e+00 1.179189553804871338e+01 1.256107190555954048e+03
1.156288730366739959e+00 1.180086297370150561e+01 1.052498548581835394e+03
1.195218306643703654e+00 1.181077957061047101e+01 8.817846861112911938e+02
1.234887830176093493e+00 1.182174759864633096e+01 7.407214896869751328e+02
1.275220826896374060e+00 1.183283652258758423e+01 6.222176922285791534e+02
1.316140574794046225e+00 1.184549896501263611e+01 5.233975726420652563e+02
1.357575830786395210e+00 1.185818475989916010e+01 4.409524034234231635e+02
1.399452404160577812e+00 1.187188952959788146e+01 3.719884762250550239e+02
1.441688289192991634e+00 1.188611683462844937e+01 3.145658034877346836e+02
1.484196308537504949e+00 1.189833517764932935e+01 2.661975769355326520e+02
1.526892127669305710e+00 1.191048967983986806e+01 2.258365042560910183e+02
1.569676162533539143e+00 1.191873778042124954e+01 1.917138667423013203e+02
1.612478190961718294e+00 1.192977903683680374e+01 1.632467008968269795e+02
1.655205211370367913e+00 1.193985673162749706e+01 1.386396019535442008e+02
1.697744439355725721e+00 1.194812669482338308e+01 1.184788658043535605e+02
1.740035332872371221e+00 1.195904122236392197e+01 1.020034346496927071e+02
1.781987775152192643e+00 1.196348879278091459e+01 8.756887265720541791e+01
1.823495412558609585e+00 1.196851903684612495e+01 7.534075057804808750e+01
1.864490207181433989e+00 1.197382623828277559e+01 6.493025183572133585e+01
1.904887965704720187e+00 1.197470258676909616e+01 5.608813241592638832e+01
1.944612022677756125e+00 1.197573059059800649e+01 4.861670855483377807e+01
1.983476276077742240e+00 1.197456375647700533e+01 4.217231979339624104e+01
2.021070322389539431e+00 1.197133557048613639e+01 3.678540221971666568e+01
2.056667490078369021e+00 1.196609435397406251e+01 3.225085274827901571e+01
2.089550182530190092e+00 1.195722135370861139e+01 2.844794329050797543e+01
2.119657989786589702e+00 1.194441759681053838e+01 2.519423021547010322e+01
2.147041520654992652e+00 1.192802687960891816e+01 2.259429861786870219e+01
2.171740071969340935e+00 1.190726860114229879e+01 2.029519018160784682e+01
2.193876775167436399e+00 1.188305410374741022e+01 1.829150839826613151e+01
2.213461065581957321e+00 1.185516518574642042e+01 1.668619254319594347e+01
2.230637262738274007e+00 1.182334225702145147e+01 1.523761652227015340e+01
2.245511654274121582e+00 1.178751588499802061e+01 1.397654419495799694e+01
2.258152741895659066e+00 1.174972562509199214e+01 1.287330317264652102e+01
2.268671888058166441e+00 1.170821060548996506e+01 1.191132974946984113e+01
2.277136235626836314e+00 1.166353974526471582e+01 1.107262212998888984e+01
2.283625576122984224e+00 1.161618025178553104e+01 1.032499681168792982e+01
2.288340490130106097e+00 1.156639260903667932e+01 9.662753392273822683e+00
2.291220225558109114e+00 1.151447370783081858e+01 9.059735599458498712e+00
2.292480181705183639e+00 1.146060840002577130e+01 8.531342212831557248e+00
2.292212765137295438e+00 1.140448160072507022e+01 8.096504499281673262e+00
2.290476893290502414e+00 1.134700281251018872e+01 7.681251930592433830e+00
2.287234096520451399e+00 1.128759881627313177e+01 7.317273524332413182e+00
2.282761397330570485e+00 1.122738496080678594e+01 6.989084341799488342e+00
2.277074284364448697e+00 1.116517661044061605e+01 6.693698967200142569e+00
2.270250561911981713e+00 1.110243757531006104e+01 6.436551317976849873e+00
2.262387367842552788e+00 1.103936746584362005e+01 6.200226158011727051e+00
2.253486081951416420e+00 1.097715869674451028e+01 5.982829984721766969e+00
2.243630305962405647e+00 1.091381267844911740e+01 5.829813374138394622e+00
2.232900030989461992e+00 1.085251561931824504e+01 5.687708522670426703e+00
2.221443270050152741e+00 1.079428875906733687e+01 5.578822164606385137e+00
2.209785092827218467e+00 1.074130673417799819e+01 5.495966456117692189e+00
2.198754045541458702e+00 1.070164585741986585e+01 5.494194771925558385e+00
2.185927072789980663e+00 1.065991963272686860e+01 5.518139401716316783e+00
2.171501599141353989e+00 1.061463626320797715e+01 5.566212909525450669e+00
