2.191799393479931801e-01 1.550982551689759603e+01 3.683552447462830693e+06
2.258549361035870340e-01 1.525943157243497694e+01 3.180115170302743092e+06
2.327442473962853808e-01 1.501808808208873991e+01 2.762044726312614046e+06
2.398839960620012535e-01 1.479782459167397413e+01 2.381056551590023097e+06
2.472661101880110346e-01 1.458418747447968045e+01 2.058244804539971985e+06
2.548963915140670666e-01 1.439527481997607161e+01 1.780670491110557225e+06
2.627821924986795676e-01 1.420910911269237609e+01 1.537719260155936005e+06
2.709274057101672128e-01 1.403966099937478162e+01 1.335419790683401981e+06
2.793374639547008265e-01 1.388876295018463480e+01 1.152187414794652956e+06
2.880184656661802234e-01 1.374329461386311912e+01 9.968445009334053611e+05
2.969639321136373078e-01 1.360438687283501658e+01 8.635401885493400041e+05
3.061927876047462749e-01 1.347173609500846858e+01 7.466214016649117693e+05
3.157027007639987559e-01 1.334867534554151902e+01 6.473365342293175636e+05
3.254962925752929448e-01 1.324200099260322183e+01 5.603809854283853201e+05
3.355806144660045676e-01 1.313332328179738795e+01 4.855769561049477197e+05
3.459571009411887554e-01 1.303626392066694706e+01 4.212169609171602642e+05
3.566409883788282942e-01 1.294498781344909943e+01 3.640341921445705229e+05
3.676075386092049202e-01 1.285897685213891783e+01 3.156291764150476083e+05
3.789110542232685397e-01 1.277624548505014346e+01 2.739574858335829340e+05
3.904743710028841241e-01 1.270158100965719861e+01 2.357348910324227763e+05
4.023786711650557124e-01 1.263332657212289156e+01 2.064224915760948206e+05
4.145729897681639797e-01 1.256550816330579856e+01 1.768834296419158636e+05
4.270929040711732849e-01 1.250515091318856697e+01 1.553012927521845268e+05
4.399108051708627287e-01 1.244796074814133036e+01 1.348365640115157876e+05
4.530595299124883790e-01 1.239189973187934513e+01 1.171705910946768126e+05
4.665357899132972497e-01 1.234195742761350800e+01 1.023209433148208627e+05
4.803117003241629268e-01 1.229344651650448661e+01 8.873548034896896570e+04
4.943802134254199343e-01 1.224849862940489942e+01 7.717344549340753292e+04
5.087719393257960077e-01 1.220912966747036421e+01 6.718452177713709534e+04
5.234814787101714773e-01 1.217106164418698633e+01 5.840356251913403685e+04
5.385021815541569667e-01 1.213211806362864920e+01 5.100674964125245606e+04
5.538359424129501996e-01 1.209881246454948922e+01 4.440786367484644143e+04
5.694809998386614058e-01 1.206581121206640894e+01 3.872965483971546928e+04
5.853812890840512928e-01 1.203668552760439603e+01 3.378142230533365364e+04
6.016316997446653492e-01 1.200435546097591200e+01 2.953526316975518057e+04
6.183026031361026353e-01 1.197811350359304861e+01 2.578325531432537173e+04
6.354799806272480867e-01 1.195155232195188333e+01 2.247399503205802466e+04
6.532030347632745704e-01 1.193029232643681681e+01 1.959040811193309855e+04
6.715476229192104407e-01 1.190630607516733619e+01 1.702076408171145522e+04
6.904933462596898330e-01 1.188567475557421638e+01 1.481481145621742508e+04
7.101153617230059334e-01 1.186481134345704191e+01 1.287305071600288284e+04
7.304423380994512494e-01 1.184931186032368977e+01 1.116113110678971680e+04
7.514826571098800478e-01 1.183315072520615807e+01 9.666150332897330372e+03
7.732438818420750426e-01 1.182772246393017390e+01 8.284882412969587676e+03
7.957453447715175932e-01 1.181029965273477522e+01 7.228045756997174976e+03
8.189868367082285827e-01 1.179692964035984204e+01 6.206550433780314961e+03
8.429701842947585622e-01 1.178954589318742308e+01 5.396314724485641818e+03
8.676897897867551501e-01 1.178214347385455518e+01 4.661765869093011133e+03
8.931618101156502121e-01 1.177901240922125226e+01 4.018743901194716273e+03
9.193628530688046085e-01 1.177752764363087579e+01 3.467682399996949243e+03
9.463043126817256567e-01 1.177265683115653694e+01 2.965613725294068445e+03
9.739263379270802767e-01 1.177470074402258682e+01 2.579949934261041562e+03
1.002266046813385492e+00 1.177840008823909201e+01 2.225072281618778561e+03
1.031279005227474954e+00 1.177926757670389790e+01 1.921039275860823636e+03
1.060948842251368651e+00 1.178326863664499768e+01 1.656374530086891809e+03
1.091244641554170780e+00 1.178932969251136420e+01 1.429612036351037887e+03
1.122144416627844032e+00 1.179563260875621111e+01 1.234270977671349783e+03
1.153635849159507343e+00 1.180730642097258531e+01 1.065492933542650690e+03
1.185654610811897491e+00 1.181142106156510252e+01 9.227803037402005657e+02
1.218189489296307659e+00 1.182021955376302458e+01 7.982696547908259390e+02
1.251198949829730456e+00 1.182933543532998222e+01 6.906347206793908526e+02
1.284641029409439028e+00 1.183884752391831263e+01 5.991785920014112889e+02
1.318478134154043024e+00 1.185275265496868258e+01 5.195787848706102068e+02
1.352676071475188868e+00 1.186013448798759740e+01 4.509601585104170454e+02
1.387162582542442291e+00 1.187106533932993990e+01 3.921069379048087171e+02
1.421924070746078073e+00 1.188158060307876163e+01 3.412588997005380520e+02
1.456903043187495195e+00 1.189338885651577549e+01 2.971312598197543480e+02
1.492052681372437739e+00 1.190556818927855964e+01 2.576631366606039819e+02
1.527320995675133020e+00 1.191535469982201789e+01 2.250001017994268011e+02
1.562659068941985696e+00 1.192350471615526253e+01 1.966958215846438236e+02
1.597966021509445111e+00 1.193478775309578310e+01 1.730686682272497592e+02
1.633161074578382221e+00 1.194053773887175574e+01 1.510489872149718451e+02
1.668135321209609279e+00 1.194832966510853645e+01 1.334868118087999562e+02
1.702777863513523782e+00 1.195503643725751530e+01 1.174146019658505509e+02
1.737003333018378504e+00 1.196233185670974386e+01 1.035878636357837479e+02
1.770706726915397544e+00 1.196617206522457444e+01 9.154825864595457574e+01
1.803769747887561614e+00 1.196995001128141034e+01 8.108623601235862566e+01
1.836112016957494708e+00 1.197178704608392863e+01 7.204067780225231843e+01
1.867655206627545583e+00 1.197212474730810783e+01 6.413512345997851583e+01
1.898252341778997376e+00 1.197064146561520204e+01 5.724632237241944921e+01
1.927871991900170556e+00 1.196775849802556024e+01 5.101599440616498526e+01
1.956361228243625794e+00 1.196238999638354450e+01 4.600651229338439663e+01
1.983717397195667864e+00 1.195558266653989143e+01 4.139956991668384489e+01
2.009754846909391546e+00 1.194610702041121186e+01 3.739274421779480662e+01
2.034439316990260149e+00 1.193399117195795256e+01 3.388391376421149204e+01
2.057705934355373412e+00 1.192068749118061532e+01 3.077983052026538147e+01
2.079456509856156377e+00 1.190497416743031067e+01 2.807649496988301152e+01
2.099568051577577865e+00 1.188614511290912468e+01 2.570558618561979003e+01
2.118003355102130669e+00 1.186563613378221227e+01 2.363366001506424752e+01
2.134660726526473429e+00 1.184225255824738099e+01 2.178813747618078267e+01
2.149424844294314241e+00 1.181645045028275831e+01 2.018840118892709157e+01
2.162194921339350095e+00 1.178863451293208797e+01 1.878962651983902177e+01
2.172804645712447691e+00 1.175791851180545855e+01 1.758881363342856829e+01
2.181064011229614241e+00 1.172596054783957165e+01 1.655258919581970645e+01
2.186580752967556496e+00 1.169190842142477571e+01 1.571259549195312921e+01
2.188566473845265481e+00 1.165807828455680450e+01 1.511651182033319607e+01
2.186569499521738180e+00 1.162667238967929428e+01 1.476529226441273046e+01
2.181647532472235973e+00 1.160440152540969905e+01 1.469153383633119958e+01
2.174234783042100716e+00 1.158481137991265086e+01 1.479976917179509677e+01
2.165889145272035243e+00 1.156623539117546962e+01 1.492905594363686816e+01
