2.383731302914612049e-01 1.510646317623783297e+01 2.423116349867075216e+06
2.522139162680080982e-01 1.469770860441376570e+01 1.847353416492372518e+06
2.666475174065187637e-01 1.434512153327103867e+01 1.415923007009884110e+06
2.816765662881323129e-01 1.403943650886042072e+01 1.090771266781920567e+06
2.973035616317528662e-01 1.377320677976793739e+01 8.442562567134945421e+05
3.135302323170711669e-01 1.354044281636902625e+01 6.564189641405032016e+05
3.303583685158129057e-01 1.333622102550484279e+01 5.125315691519370885e+05
3.477890799133585009e-01 1.315647968208872065e+01 4.018317414010056527e+05
3.658220096363219431e-01 1.299783529523197600e+01 3.162606993048381410e+05
3.844572373030394341e-01 1.285744195430040016e+01 2.498295188421376515e+05
4.036927339483021293e-01 1.273289656476687526e+01 1.980568376856402028e+05
4.235259592479175828e-01 1.262216024578760099e+01 1.575481442363557580e+05
4.439531038454353484e-01 1.252347712608789720e+01 1.257330028259979299e+05
4.649691639231560147e-01 1.243532497076754595e+01 1.006581345874411345e+05
4.865680031098345570e-01 1.235639780812761224e+01 8.082662896224430006e+04
5.087406573991226644e-01 1.228554621911649036e+01 6.509310272797906509e+04
5.314776769296478687e-01 1.222175650562264337e+01 5.257042619675897731e+04
5.547670879385562248e-01 1.216414239027426625e+01 4.257307872703386238e+04
5.785972125722217418e-01 1.211192271138751764e+01 3.456841611643211945e+04
6.029810859533188960e-01 1.206436689075034963e+01 2.813479192525109102e+04
6.280923672206457642e-01 1.202095114497187645e+01 2.292303882099255134e+04
6.540866448856372806e-01 1.198155883384703557e+01 1.868057164228467082e+04
6.810579196988387762e-01 1.194623343063467757e+01 1.522254660689816410e+04
7.090617558468579329e-01 1.191500747989807785e+01 1.240398948745338566e+04
7.381287893374892661e-01 1.188787139477610921e+01 1.010830383949827228e+04
7.682725590204320110e-01 1.186477131192703105e+01 8.239868750122052006e+03
7.994923100945064975e-01 1.184559036883774574e+01 6.720403580803167642e+03
8.317773859990894580e-01 1.183017340212817814e+01 5.485192587171295600e+03
8.651079969861564800e-01 1.181832515881902879e+01 4.481351016631427228e+03
8.994577912596499747e-01 1.180982272768146224e+01 3.665417937679452280e+03
9.347938522079506374e-01 1.180441268009902700e+01 3.002074795816037749e+03
9.710783177658987020e-01 1.180183952774128997e+01 2.462439050405084799e+03
1.008267576483105943e+00 1.180182953650886368e+01 2.023077939419783434e+03
1.046314469486766985e+00 1.180411205184633161e+01 1.665002568875226643e+03
1.085169047436308265e+00 1.180841086507341231e+01 1.372814836526884164e+03
1.124776755721345500e+00 1.181445658060249926e+01 1.134054997844753871e+03
1.165079861512499315e+00 1.182198278793249813e+01 9.386744275241111382e+02
1.206018297411530993e+00 1.183073051284758925e+01 7.785327848376663269e+02
1.247527560776104494e+00 1.184044873323833613e+01 6.470403940955951612e+02
1.289544429207196252e+00 1.185090195563066118e+01 5.388887419581164977e+02
1.331998309245806311e+00 1.186185710690797457e+01 4.497679294463280826e+02
1.374822638467608993e+00 1.187309360593396335e+01 3.761869334127247271e+02
1.417944257725330504e+00 1.188440613705087578e+01 3.153208932767959141e+02
1.461290286770282831e+00 1.189559508701709412e+01 2.648700962757367847e+02
1.504786351304679970e+00 1.190647589695422148e+01 2.229792261180047888e+02
1.548357907500462316e+00 1.191686907076691782e+01 1.881157780541361149e+02
1.591928834954578154e+00 1.192661107241377394e+01 1.590469153669688751e+02
1.635422028415178364e+00 1.193554595461074186e+01 1.347567092297703653e+02
1.678761344252525989e+00 1.194352733343795059e+01 1.144264061674326456e+02
1.721869898106880736e+00 1.195041884829463541e+01 9.737031317538490782e+01
1.764671284676487817e+00 1.195609648023967075e+01 8.303380152831137195e+01
1.807089912642895868e+00 1.196043875356720321e+01 7.095858056035399386e+01
1.849049950696918687e+00 1.196334053455653645e+01 6.076837322397486219e+01
1.890477634732710799e+00 1.196470007916711609e+01 5.215190180411102006e+01
1.931300141566632655e+00 1.196442560756576157e+01 4.485168172338742210e+01
1.971445971297598465e+00 1.196243189617633007e+01 3.865405681195368714e+01
2.010814421788292616e+00 1.195862088003358714e+01 3.338650354699523604e+01
2.049249062224040685e+00 1.195282462225639364e+01 2.890553301531002006e+01
2.086578529236948309e+00 1.194482920951214311e+01 2.509213161328530717e+01
2.122620444187070632e+00 1.193438789990101156e+01 2.184433463853035207e+01
2.157181322235473875e+00 1.192122508407443249e+01 1.907579534716338898e+01
2.190048399945152102e+00 1.190503307590199178e+01 1.671432188214848935e+01
2.220984652553001482e+00 1.188546607809549549e+01 1.469940759127495866e+01
2.249712321534753645e+00 1.186212329980319069e+01 1.298075119485518947e+01
2.275888813143881695e+00 1.183453292447180338e+01 1.151688031788132349e+01
2.299047246615154361e+00 1.180210490790218714e+01 1.027558622598968618e+01
2.318444978414460067e+00 1.176405774630321233e+01 9.235550615589360746e+00
2.332227796513959728e+00 1.171935786715409122e+01 8.407325752572475608e+00
2.335630578644563915e+00 1.166544090708162429e+01 7.863879268852207005e+00
