2.191799393479931801e-01 1.550982551689759603e+01 3.683552447462830693e+06
2.272700092423698415e-01 1.523324756511155442e+01 3.097371252489333507e+06
2.356975915578961578e-01 1.492750534002114016e+01 2.596226452512370888e+06
2.444922967509181588e-01 1.466095713514069665e+01 2.181135267775423359e+06
2.536355932722839657e-01 1.442698954464092154e+01 1.826937460870792624e+06
2.631535705389810853e-01 1.419901071229187117e+01 1.529792054481506580e+06
2.730520568456545338e-01 1.400190886299001392e+01 1.287439225949504878e+06
2.833403105605217243e-01 1.381598274448738906e+01 1.076871298378582811e+06
2.940241835709890283e-01 1.364739895941431058e+01 9.039381192713071359e+05
3.051040595818048096e-01 1.348487604872469170e+01 7.588040752076029312e+05
3.166048567354267096e-01 1.334102680863201407e+01 6.368787259474662133e+05
3.285168406511752015e-01 1.320850164281044314e+01 5.362677595199671341e+05
3.408691292664456363e-01 1.308561793808076068e+01 4.503092769101481535e+05
3.536198384351552648e-01 1.296964661940859820e+01 3.790315485919958446e+05
3.668275837025759545e-01 1.286507781406757012e+01 3.193018428832932841e+05
3.804796676454116899e-01 1.276549909503496849e+01 2.687149445688627893e+05
3.945860557702894900e-01 1.267861253034407554e+01 2.261506399660428578e+05
4.091418339997395237e-01 1.259678830912584147e+01 1.906422745742135448e+05
4.241476001936660967e-01 1.251857304908330626e+01 1.606624042772059329e+05
4.396023604880407443e-01 1.244664579826521944e+01 1.355509212806017604e+05
4.555355885490709467e-01 1.238228369989880129e+01 1.143188264204735751e+05
4.719326084096887586e-01 1.232571822445097531e+01 9.625273942610989616e+04
4.887779593508587705e-01 1.226728232305594624e+01 8.142620111650651961e+04
5.060613890542843274e-01 1.221590297440142159e+01 6.887045807623349538e+04
5.238176290908321819e-01 1.216828597582412819e+01 5.833131830465063103e+04
5.420309607535481744e-01 1.212448094667407439e+01 4.942726911924024898e+04
5.606993809264319006e-01 1.208360328538829620e+01 4.181324990599464218e+04
5.797749563965123309e-01 1.204591510581506419e+01 3.547124001757812221e+04
5.993533470150477216e-01 1.201057494383561419e+01 3.011752105765340457e+04
6.196931116323270983e-01 1.197719594990877034e+01 2.545750891450051495e+04
6.410064080038383461e-01 1.194649113465650636e+01 2.154876422793836537e+04
6.634120294577453558e-01 1.191648718914712113e+01 1.803807476570637300e+04
6.870423554811898592e-01 1.189273792637101046e+01 1.523884868320973510e+04
7.119411673508644345e-01 1.187100563085972205e+01 1.277105496857626895e+04
7.380986106208441422e-01 1.185467710474434710e+01 1.065685395454874924e+04
7.654838094201393828e-01 1.183913739289273792e+01 8.843037603394148391e+03
7.940498809247522605e-01 1.182919939578509450e+01 7.405326506135003001e+03
8.237685476616113389e-01 1.182081207694686675e+01 6.166384187369784740e+03
8.545513579479280253e-01 1.181532623709695429e+01 5.138707601921580135e+03
8.863519965508270815e-01 1.181169700871138417e+01 4.243011856003908179e+03
9.190889973810973945e-01 1.181403303528749937e+01 3.566486847625472819e+03
9.527335400675639443e-01 1.181646316041322997e+01 2.975336257989316437e+03
9.871901804230915900e-01 1.182291711801812184e+01 2.487106236910872212e+03
1.022360688493830994e+00 1.182932573984526137e+01 2.078699105671182224e+03
1.058139243582600919e+00 1.183820303154178077e+01 1.741915545891594775e+03
1.094554096827076162e+00 1.184535742859373819e+01 1.461940721183938649e+03
1.131343907753672662e+00 1.185538672076568467e+01 1.220843126971576794e+03
1.168556060823118914e+00 1.186715824865013147e+01 1.036102191040243042e+03
1.206042913747176870e+00 1.187553964216631641e+01 8.717895447722415838e+02
1.243810902326153212e+00 1.188421058381814177e+01 7.417610988639106608e+02
1.281582548329171178e+00 1.189367617266852761e+01 6.292294179379859997e+02
1.319393760116989833e+00 1.190297465417212308e+01 5.350419623013167438e+02
1.357130711059663986e+00 1.191021065930514844e+01 4.563788144559169382e+02
1.394689123011657372e+00 1.191893398794749181e+01 3.902169829320874896e+02
1.432023265346330065e+00 1.192503945254284226e+01 3.344502241027056471e+02
1.469024481881766375e+00 1.192698333113673570e+01 2.874474398532630062e+02
1.505601641735799801e+00 1.192770467818991520e+01 2.477486581754959900e+02
1.541711128783936013e+00 1.193020015962830449e+01 2.137745867022457560e+02
1.577219440972667863e+00 1.192600181555120109e+01 1.852996835579556887e+02
1.612109412844871859e+00 1.192281398491706312e+01 1.607925821732610814e+02
1.646287067678554594e+00 1.191629615786112950e+01 1.399850263087272140e+02
1.679722192798607905e+00 1.190845490184196720e+01 1.221114854586249265e+02
1.712315391459713343e+00 1.189826229202714103e+01 1.062699734666458227e+02
1.744046743769171792e+00 1.188624237760506119e+01 9.365838580327366003e+01
1.774862080257810559e+00 1.187184929626207719e+01 8.241354411855867568e+01
1.804707818606661407e+00 1.185463702803994224e+01 7.263867656964525565e+01
1.833550668046753040e+00 1.183571361825380919e+01 6.420762155119572867e+01
1.861350454226647688e+00 1.181444265056900278e+01 5.688407717141704012e+01
1.888087505607067396e+00 1.179061592698552730e+01 5.061913226964423274e+01
1.913726643852095455e+00 1.176486883724801480e+01 4.476261941792341759e+01
1.938254586884776476e+00 1.173670601589628681e+01 4.009216835381556621e+01
1.961644273166165409e+00 1.170659116469065353e+01 3.586535138742404172e+01
1.983900759146904669e+00 1.167390811257014072e+01 3.213832022489233964e+01
2.004999228318644633e+00 1.164027909263175786e+01 2.887026301811384599e+01
2.024936073710588147e+00 1.160377485403733466e+01 2.598741487978352183e+01
2.043718986913471092e+00 1.156557967749553839e+01 2.345961934367150192e+01
2.061343435610829555e+00 1.152524062192980736e+01 2.113688248654909074e+01
2.077812236078390384e+00 1.148365717951826426e+01 1.922700662259419246e+01
2.093137503286960577e+00 1.143953303304234836e+01 1.747671153963553436e+01
2.107329056284500624e+00 1.139397046937525815e+01 1.590641906410587936e+01
2.120398677722902026e+00 1.134772796511748538e+01 1.450136849106801051e+01
2.132363269231766001e+00 1.129934216826079130e+01 1.326316361137659250e+01
2.143240419091127613e+00 1.124948178113229247e+01 1.211068563085003724e+01
2.153047884879974117e+00 1.119769386344753492e+01 1.111969550258385375e+01
2.161811773726929342e+00 1.114586841549796858e+01 1.022475831482920405e+01
2.169550667743493033e+00 1.109160620655870133e+01 9.423483135948618639e+00
2.176287725853174315e+00 1.103718248738494090e+01 8.706226007380685417e+00
2.182053099779477368e+00 1.098124967327236234e+01 8.055720874694666023e+00
2.186841300991338777e+00 1.092445091453856243e+01 7.494693583465772413e+00
2.190562453408025245e+00 1.086744613441598872e+01 6.950130968929801867e+00
2.193056648602048408e+00 1.080978506787853810e+01 6.506754040856219667e+00
2.194090578309848549e+00 1.075345587331985442e+01 6.102703981164292912e+00
2.193102506752745207e+00 1.069938839203010161e+01 5.771973640770794667e+00
2.189018777389020176e+00 1.065223137574568568e+01 5.574421056834139243e+00
2.182362580640891281e+00 1.060389342782686839e+01 5.447253051476004693e+00
2.173812788429390963e+00 1.055557120764397894e+01 5.344198540226039462e+00
2.163819865769618822e+00 1.050743977193130974e+01 5.268826717820958017e+00
2.152699656835995512e+00 1.046032993955860846e+01 5.209709702062436776e+00
2.140772204765688524e+00 1.041492787130044206e+01 5.191322772844897848e+00
2.128443621849756884e+00 1.037225550328745172e+01 5.209943138593495782e+00
