2.191799393479931801e-01 1.550982551689759603e+01 3.683552447462830693e+06
2.274724923463907755e-01 1.520177469354721822e+01 3.095821754576031119e+06
2.361316764937015089e-01 1.490961531513617899e+01 2.569446823530314956e+06
2.451604064212816458e-01 1.464088677293171870e+01 2.146854033700024243e+06
2.545710508852697118e-01 1.441044795104011911e+01 1.772912150051956298e+06
2.643617197895726245e-01 1.418113941578613968e+01 1.495535498028691858e+06
2.745601220924726582e-01 1.397366471496325424e+01 1.252823395030766493e+06
2.851698070025582288e-01 1.378953175818267951e+01 1.045062704997261753e+06
2.961967238764123822e-01 1.361848519792649093e+01 8.736454449622945394e+05
3.076380012244081530e-01 1.345098091758887549e+01 7.319197778618669836e+05
3.195156632583366352e-01 1.330701761651968695e+01 6.121791538381592836e+05
3.318399497860681224e-01 1.316617691584477257e+01 5.109912643971751095e+05
3.446086884284546015e-01 1.304779122073515296e+01 4.282505577352936962e+05
3.578397029817400599e-01 1.293157674597813944e+01 3.585555655402137199e+05
3.715228967050916986e-01 1.282889705046500239e+01 3.003809974108614842e+05
3.856841169628926758e-01 1.273100931149904014e+01 2.521250972185740829e+05
4.003105429254107395e-01 1.264465010857068883e+01 2.113000323249434878e+05
4.154242763910448444e-01 1.256233678218426597e+01 1.771944537052914675e+05
4.309973255741542109e-01 1.248820405868511330e+01 1.486728366864504642e+05
4.470712932469837475e-01 1.241460950127794582e+01 1.238085699861274479e+05
4.636327050570185349e-01 1.235313914425217163e+01 1.041316509987976315e+05
4.806410367857352761e-01 1.229295380602373555e+01 8.837390916054675472e+04
4.981564153464129729e-01 1.223974003610598693e+01 7.434505576618910709e+04
5.161443577114922521e-01 1.218967005909307844e+01 6.264613622441522602e+04
5.346160376063840980e-01 1.214170110491977894e+01 5.287052838736340345e+04
5.535649439188770060e-01 1.209909915254940671e+01 4.448984674161099974e+04
5.729599707434597233e-01 1.205867759230062575e+01 3.756858270753073884e+04
5.928262606738486928e-01 1.202074523946885343e+01 3.175352548863650372e+04
6.133186396067119572e-01 1.198866800107572139e+01 2.661294160540160738e+04
6.346453099263787978e-01 1.195424498937780733e+01 2.261667650484919068e+04
6.569099801624638246e-01 1.192511544782761490e+01 1.893226119494745217e+04
6.802698626185222919e-01 1.189804869889612782e+01 1.599225732342768424e+04
7.047708014956783895e-01 1.187369240239167567e+01 1.338690983586705806e+04
7.304822450705368286e-01 1.185298759205609898e+01 1.108443200486490787e+04
7.574419081523566799e-01 1.183593535573543853e+01 9.325350213820764111e+03
7.856817065070736961e-01 1.182196445460133027e+01 7.756309057176828901e+03
8.152212131545992779e-01 1.181035211357987080e+01 6.442271861997757696e+03
8.460677291636294894e-01 1.180220082117081049e+01 5.351359911985955478e+03
8.782291031742495147e-01 1.179851761283283196e+01 4.435671948529912697e+03
9.116975224268003553e-01 1.179755270745168083e+01 3.673085069525409835e+03
9.464525053443988423e-01 1.180376667960255688e+01 3.041573395616375365e+03
9.824881202795415769e-01 1.180504501545852136e+01 2.514136915429845430e+03
1.019750067340047028e+00 1.181410304968988711e+01 2.081450856397676034e+03
1.058226265948291500e+00 1.182187770864699949e+01 1.724749708396831693e+03
1.097838653865285119e+00 1.183530448311376304e+01 1.428741776350651890e+03
1.138567863594134089e+00 1.184987262932801855e+01 1.183396248327772128e+03
1.180340555377243472e+00 1.186688521971963439e+01 9.830247277691881891e+02
1.223089059748081908e+00 1.188212059920665986e+01 8.163783546008172607e+02
1.266746723437292221e+00 1.190207165856255678e+01 6.787571539804476970e+02
1.311225803855032401e+00 1.192256278268340530e+01 5.650711242012204139e+02
1.356452911891279811e+00 1.194428859927717568e+01 4.709864283529583986e+02
1.402329299433782150e+00 1.196427183214717260e+01 3.933979731792028929e+02
1.448722258704926213e+00 1.198779843688977920e+01 3.292734263574018883e+02
1.495464755473818519e+00 1.200948041838736735e+01 2.760913355620008929e+02
1.542399109706952265e+00 1.202982515484400849e+01 2.319872589680970520e+02
1.589329879667228607e+00 1.205174449507749834e+01 1.957794904219941827e+02
1.636080165460706670e+00 1.207366540941372968e+01 1.652218869656610138e+02
1.682515394072120696e+00 1.209022840470712978e+01 1.401229676389777410e+02
1.728453698237666813e+00 1.210598522337756933e+01 1.190972676685509555e+02
1.773733138456239145e+00 1.212151801634381165e+01 1.016409753179721775e+02
1.818196584742908017e+00 1.213592038391319328e+01 8.697012501984973198e+01
1.861680769030294336e+00 1.214512843543913689e+01 7.476312550273668478e+01
1.904050311890870040e+00 1.215367994669339780e+01 6.445480795734279411e+01
1.945211239441333229e+00 1.215980358972997166e+01 5.572102718742381455e+01
1.984951768638285818e+00 1.216181231321669642e+01 4.839890814559170451e+01
2.023226032310293743e+00 1.216154289186483695e+01 4.220549682194678098e+01
2.059902920640416468e+00 1.215826403007638845e+01 3.691342971488931823e+01
2.094908882183227572e+00 1.215164192504970231e+01 3.243452371673210166e+01
2.128148100028495193e+00 1.214236828303165616e+01 2.859210016516327357e+01
2.159561473451867997e+00 1.212927860547801728e+01 2.530429845721187476e+01
2.189072251270018032e+00 1.211352527025460724e+01 2.248322922644314659e+01
2.216650322710280729e+00 1.209395253081942201e+01 2.005469353937245103e+01
2.242264573605388556e+00 1.207135248244727954e+01 1.796399196528645348e+01
2.265881905542606045e+00 1.204607557790390970e+01 1.614406316690256205e+01
2.287468928478566088e+00 1.201724542931638418e+01 1.457031766530910843e+01
2.307041350439054561e+00 1.198530379601315587e+01 1.320877556181033441e+01
2.324606940404335020e+00 1.195028199549267534e+01 1.199998052627058698e+01
2.340160768988887252e+00 1.191278232413830196e+01 1.096124334815016610e+01
2.353735917085834295e+00 1.187215439676176132e+01 1.000744071299046212e+01
2.365354121189059633e+00 1.182906013012989455e+01 9.245042189161688739e+00
2.375052608459337744e+00 1.178352971161648277e+01 8.533378158204685704e+00
2.382874441856024372e+00 1.173569198626196020e+01 7.883867345018006567e+00
2.388850608428371380e+00 1.168524271537902592e+01 7.362848280404444168e+00
2.393057732722344344e+00 1.163262864084977899e+01 6.876195475784702360e+00
2.395532749763678915e+00 1.157893632016145524e+01 6.448518187038302152e+00
2.396342628127743346e+00 1.152216689560693830e+01 6.071853667968109214e+00
2.395548531481352938e+00 1.146451107648231371e+01 5.733497280568465193e+00
2.393220637851139809e+00 1.140550026593593813e+01 5.437942685687060518e+00
2.389432062979256699e+00 1.134526906609166552e+01 5.175772212789760296e+00
2.384244045449626981e+00 1.128385007712659949e+01 4.946164333293443960e+00
2.377744596586384596e+00 1.122240129599036784e+01 4.738980873973233088e+00
2.370001333493195084e+00 1.115903565827459332e+01 4.552100605339412631e+00
2.361100822949153688e+00 1.109606292793086091e+01 4.407429469309056991e+00
2.351123921883359724e+00 1.103253279628736117e+01 4.264527263789597455e+00
2.340154162757511536e+00 1.096965662898491622e+01 4.161453677702831477e+00
2.328289249910161285e+00 1.090733031536977471e+01 4.065060995513408493e+00
2.315621632918461792e+00 1.084560835012744739e+01 3.976142353650687689e+00
2.302251458732377021e+00 1.078448467287182844e+01 3.924489951562810219e+00
2.288420143203902857e+00 1.072619247962812850e+01 3.869263592718218181e+00
2.275832022036976987e+00 1.067801514941105445e+01 3.851928841764257427e+00
