2.191799393479931801e-01 1.550982551689759603e+01 3.683552447462830693e+06
2.271785765836267790e-01 1.520835691760390418e+01 3.089268474731731694e+06
2.355118994811613853e-01 1.492956415117394187e+01 2.595605494396734051e+06
2.442023324706553977e-01 1.466445275756476363e+01 2.186008684525758959e+06
2.532335113095245394e-01 1.442547625822788504e+01 1.836626247503806371e+06
2.626306865408629676e-01 1.421234552151037533e+01 1.543809502956671175e+06
2.723996255732659133e-01 1.402285176832068991e+01 1.297551706191756530e+06
2.825494642670427492e-01 1.383067589646058515e+01 1.093573188190170098e+06
2.930973364102987810e-01 1.365808628297761906e+01 9.179718530588381691e+05
3.040066010715054556e-01 1.350109441641380670e+01 7.735548010405845707e+05
3.153361828816405588e-01 1.335426615349335933e+01 6.513200089575548191e+05
3.270815359338337669e-01 1.322168743805056756e+01 5.484986224032990867e+05
3.392265532123665550e-01 1.310032303689284028e+01 4.622142076831568847e+05
3.518015252444679497e-01 1.298875344480663863e+01 3.884709451353366603e+05
3.648165068906678021e-01 1.287867554364337686e+01 3.274212658763499931e+05
3.782395164554021028e-01 1.278035592872439707e+01 2.758933725615983712e+05
3.921166248718635505e-01 1.269621933151760018e+01 2.312529659522662696e+05
4.064334417456819670e-01 1.260917265056254877e+01 1.965377110082582221e+05
4.211948347796828362e-01 1.253041744769509336e+01 1.662540055095064163e+05
4.364061053518601963e-01 1.246298699771290153e+01 1.402947522597973002e+05
4.520599921460478066e-01 1.239601196094494462e+01 1.186473457949263684e+05
4.681803165146693479e-01 1.233460023911284154e+01 1.002499200000136043e+05
4.847200488203505242e-01 1.228112678586143502e+01 8.486237905886102817e+04
5.017249578614506600e-01 1.222807343003942826e+01 7.179944778450908780e+04
5.191738685149894783e-01 1.218241083745728659e+01 6.086903590921969590e+04
5.370720152802964664e-01 1.213780181346454867e+01 5.156015498295453290e+04
5.554148014561871571e-01 1.209471860497464668e+01 4.380476832246048434e+04
5.741683215611230739e-01 1.205655216641430449e+01 3.723716909642625978e+04
5.933685225997473722e-01 1.202113310232319776e+01 3.166423279313369130e+04
6.131516097942476540e-01 1.198676298575869836e+01 2.687277493414844139e+04
6.337092969557474031e-01 1.195585925288086848e+01 2.280071128481902269e+04
6.551495777124255460e-01 1.192598884437762408e+01 1.932935100858779697e+04
6.775963396866877542e-01 1.189948112411680015e+01 1.616287661219036090e+04
7.011019549479931001e-01 1.187899378093204561e+01 1.373097465113133330e+04
7.257285081653892522e-01 1.185588907289537097e+01 1.155303570998867690e+04
7.515156341968614040e-01 1.183714396738531960e+01 9.617664307600967732e+03
7.784810282278175064e-01 1.182416956915705164e+01 8.124189367291514827e+03
8.066633309206528990e-01 1.181385423742711538e+01 6.799599641601444091e+03
8.360585817562850020e-01 1.180741370633789522e+01 5.676075596605825922e+03
8.666855234184838164e-01 1.179833985027713794e+01 4.742163155666441526e+03
8.985307824469992433e-01 1.179860173784220301e+01 3.954290210805062088e+03
9.315794405060310313e-01 1.179831363614705175e+01 3.292586429777921694e+03
9.658281661941132690e-01 1.180131041582848894e+01 2.723404721503993187e+03
1.001244487372111358e+00 1.180765003309783978e+01 2.270211109916228452e+03
1.037795800128310297e+00 1.181471906971522046e+01 1.905662865586913313e+03
1.075450183942870730e+00 1.183124464016192867e+01 1.588463783304125627e+03
1.114155778569468902e+00 1.184326513838254691e+01 1.316604509946089138e+03
1.153882905605631670e+00 1.185454619722965752e+01 1.106171042923960158e+03
1.194554758395207639e+00 1.187049964366078392e+01 9.243009755914081325e+02
1.236121363486974323e+00 1.188917049582057928e+01 7.720152281526478646e+02
1.278502360800682025e+00 1.190809450313545881e+01 6.465275467789372215e+02
1.321633987178515879e+00 1.192785810773137989e+01 5.418015360041232498e+02
1.365447434196398691e+00 1.194848421050980924e+01 4.551524967570148874e+02
1.409849017914539759e+00 1.196908722123071556e+01 3.823843983825773876e+02
1.454759692734201471e+00 1.199019436065910504e+01 3.219581184008650325e+02
1.500088150405280540e+00 1.201158055932191893e+01 2.714859528063968241e+02
1.545751757974850538e+00 1.203247827093118616e+01 2.294697527730440925e+02
1.591631053462320367e+00 1.205513104919027434e+01 1.941094971871443988e+02
1.637649063243868719e+00 1.207676750522126419e+01 1.646132069143432659e+02
1.683634669408787587e+00 1.209405942472050022e+01 1.399772482465274379e+02
1.729399769648297447e+00 1.211286111699186208e+01 1.192406195797890547e+02
1.774741946962852923e+00 1.212921699063119085e+01 1.019934541183706926e+02
1.819477479603791803e+00 1.214474811956264944e+01 8.733809215692588168e+01
1.863386843086794364e+00 1.215961891040992171e+01 7.509924394778474266e+01
1.906317192302677599e+00 1.217073656560085659e+01 6.484251962698073157e+01
1.948003133857757696e+00 1.218141130116081428e+01 5.615960221680256126e+01
1.988323853200473890e+00 1.218626218799442640e+01 4.859452903459903439e+01
2.026990449562437124e+00 1.218981307170744444e+01 4.265366741144730156e+01
2.063879308749148045e+00 1.219029675293046466e+01 3.726458711934075296e+01
2.098725692536810961e+00 1.218756594002317151e+01 3.299702447199906175e+01
2.131375968244922703e+00 1.218099399229626378e+01 2.923799778200007893e+01
2.161467239663425133e+00 1.217057835267972088e+01 2.605967447093846445e+01
2.188796901063243094e+00 1.215577818705392055e+01 2.327508835208152149e+01
2.212961024861306747e+00 1.213668660096694296e+01 2.109389111965509045e+01
2.233430642586147208e+00 1.211349558373535018e+01 1.921432274723356670e+01
2.249254044282686493e+00 1.208571162725582226e+01 1.771059726545269797e+01
2.260253374174267638e+00 1.205320047764852553e+01 1.651708174221742809e+01
2.266950284409909422e+00 1.201520871382335365e+01 1.558046721198743967e+01
2.269875879242809535e+00 1.197391658773356227e+01 1.481111696846154935e+01
2.269521112267996354e+00 1.192806685912026943e+01 1.419472448905555240e+01
2.266385900844852586e+00 1.188000061351916159e+01 1.370257833843865924e+01
2.260850606133444352e+00 1.182952654799218806e+01 1.331466531264078768e+01
2.253231123014404425e+00 1.177681867672186478e+01 1.298845893384135586e+01
2.243781795641704768e+00 1.172302944121996759e+01 1.274998342329603673e+01
2.232908720889514864e+00 1.166851363197437230e+01 1.256872279174976903e+01
2.220760821321550615e+00 1.161315763190987660e+01 1.244406897363177045e+01
2.207522606067750193e+00 1.155824143527895487e+01 1.236442638389370785e+01
2.193134755007557501e+00 1.150037953578119598e+01 1.226913818740458240e+01
2.177670120164835854e+00 1.144055653413642482e+01 1.227396177113908493e+01
2.161256599681637969e+00 1.137790967119696539e+01 1.225140017953362381e+01
2.144032601129668425e+00 1.131203128983702655e+01 1.223761349543048027e+01
2.126132245957120137e+00 1.124384738633859193e+01 1.222364833379543114e+01
2.107655656073817774e+00 1.117289241429293511e+01 1.216079435297520206e+01
2.088698892164593701e+00 1.109988591926282808e+01 1.214389302804733006e+01
2.069361503263115409e+00 1.102460609918894363e+01 1.211163956663635943e+01
2.049715005359479481e+00 1.094586033517202850e+01 1.206996497382248279e+01
2.029875425827880164e+00 1.086584278958173400e+01 1.202289114259283664e+01
2.009838907303421074e+00 1.078450806862776723e+01 1.199625994429144527e+01
1.989983560043645294e+00 1.070160518885189127e+01 1.192897219139829090e+01
1.970717486259117912e+00 1.062154925868741984e+01 1.181955611355811975e+01
