2.191799393479931801e-01 1.550982551689759603e+01 3.683552447462830693e+06
2.271054663262320195e-01 1.520330434282137766e+01 3.095967917618034873e+06
2.353601398373231512e-01 1.493059338467499586e+01 2.610091677581462078e+06
2.439659156634427783e-01 1.466975497399471706e+01 2.193474702245744411e+06
2.529042789423647797e-01 1.444851871699751733e+01 1.850271935899979668e+06
2.622021594205442563e-01 1.422485929095582335e+01 1.556282835703466320e+06
2.718663420438549028e-01 1.404921296696191746e+01 1.309995935387667036e+06
2.819030033843710203e-01 1.383911317707933009e+01 1.103192333300017752e+06
2.923273372411987481e-01 1.366936456952663725e+01 9.300956295301825739e+05
3.031167294581801341e-01 1.351140080912041697e+01 7.859262770327583421e+05
3.143073640655168477e-01 1.336366883067809930e+01 6.610042327689323574e+05
3.259037661561956511e-01 1.323356838717284134e+01 5.570617430892687989e+05
3.379037728109702265e-01 1.311060588762004819e+01 4.698721888067345717e+05
3.503202092889589059e-01 1.299579006298821326e+01 3.963847171351465513e+05
3.631640837380197273e-01 1.289335220009941096e+01 3.349731082203473779e+05
3.764144885282647568e-01 1.279439017108300725e+01 2.821880053781007882e+05
3.901043975243484452e-01 1.270255913646243329e+01 2.385234931283931655e+05
4.042273496316106662e-01 1.262145830338946340e+01 2.020151477538357140e+05
4.187839577702235361e-01 1.254030798771533384e+01 1.705123552757050784e+05
4.337899511309101230e-01 1.247353816220742395e+01 1.445540847763842030e+05
4.492435732328331488e-01 1.240586721433148654e+01 1.221713862776137394e+05
4.651267738914656724e-01 1.234625412634111896e+01 1.034842974816535279e+05
4.814309990596037925e-01 1.228990156649925680e+01 8.719945055462190066e+04
4.982006461657600416e-01 1.223717295235841007e+01 7.362127066202048445e+04
5.153958712235700013e-01 1.219102665202339608e+01 6.313702206150621350e+04
5.330368400278484575e-01 1.214583194393699728e+01 5.354932512556736765e+04
5.511154107993355700e-01 1.211086822680740838e+01 4.543785022694108920e+04
5.696325323245017280e-01 1.206602104981677570e+01 3.872160208705291006e+04
5.885236374082741806e-01 1.202430649763595127e+01 3.297413040371620446e+04
6.080006181605931426e-01 1.199500923469246061e+01 2.774162057416415337e+04
6.282113530022703785e-01 1.196357251407219380e+01 2.382030479468189151e+04
6.493493886757371047e-01 1.193407045497111696e+01 2.019202031067510325e+04
6.715091641539964185e-01 1.191002320706886763e+01 1.706003092316092079e+04
6.947728536837277646e-01 1.188412588009181015e+01 1.438785284890632465e+04
7.192029215304758250e-01 1.186431943793488486e+01 1.211371710472406085e+04
7.448377882309831222e-01 1.184419864516178933e+01 1.016745193570203082e+04
7.717061926621545664e-01 1.183162150828496273e+01 8.531202661205055847e+03
7.998434545240115101e-01 1.182089352120900294e+01 7.117807220819894610e+03
8.292488791922073554e-01 1.181316864946331968e+01 5.943107073350536666e+03
8.599411494239795895e-01 1.180922028556628334e+01 4.929671212857568207e+03
8.919174552099233821e-01 1.180782440660087218e+01 4.135036518806556160e+03
9.251678654965949100e-01 1.180925441956155275e+01 3.440314860942224641e+03
9.596780293367269676e-01 1.181670433613529525e+01 2.861970298354282022e+03
9.953480779239292087e-01 1.182064389418692407e+01 2.385182766762341544e+03
1.032091032426828647e+00 1.183317674388153051e+01 1.987447732527635253e+03
1.069807972038576693e+00 1.184577892596581172e+01 1.655601113824365939e+03
1.108392187354017011e+00 1.186039736729506266e+01 1.382821987160811204e+03
1.147722282209997724e+00 1.187631195779786708e+01 1.147534817376324099e+03
1.187653111304233233e+00 1.189760825003923017e+01 9.686003447773715607e+02
1.228097307393231752e+00 1.191101300728330514e+01 8.135821721866251437e+02
1.268882509094562572e+00 1.192986706136593256e+01 6.853620826891892648e+02
1.309913178174427983e+00 1.194665064649745645e+01 5.784431008557565974e+02
1.350993582732733289e+00 1.196423969187615199e+01 4.890565274821319690e+02
1.392015048216318940e+00 1.198177499114213340e+01 4.153316930949009134e+02
1.432864064666877324e+00 1.199789273937054190e+01 3.534216693709406059e+02
1.473284746171301451e+00 1.201465001679408395e+01 3.021990928784198900e+02
1.513255977430843391e+00 1.202463113140749940e+01 2.588009026204743463e+02
1.552597878107435658e+00 1.203552844826729107e+01 2.225393445023388495e+02
1.591188568025836414e+00 1.204694354221431318e+01 1.910058565286872465e+02
1.628811000003969944e+00 1.205262791165605485e+01 1.664440866373626875e+02
1.665403838486892107e+00 1.205567427369405209e+01 1.447004576811534378e+02
1.700807817735126015e+00 1.205556716964935760e+01 1.262966858287884833e+02
1.734971476435683169e+00 1.205391530444546078e+01 1.106279046062780367e+02
1.767720282539314569e+00 1.204806290034420790e+01 9.680010024173530780e+01
1.798998925573997765e+00 1.204098641077088239e+01 8.546418749798124281e+01
1.828671951078309155e+00 1.202979030027602647e+01 7.577623258881844492e+01
1.856707628139659283e+00 1.201423336840404232e+01 6.779943611120550884e+01
1.883000337638264243e+00 1.199586383987004012e+01 6.062180777496846673e+01
1.907471577402672702e+00 1.197493188686814847e+01 5.441658103283972991e+01
1.930068696095275316e+00 1.195016127459462218e+01 4.902683620260143726e+01
1.950775993149234333e+00 1.192225863755883530e+01 4.438672830208773945e+01
1.969496420591689612e+00 1.189047389430556478e+01 4.033020436274148324e+01
1.986229908548063250e+00 1.185636047678419303e+01 3.683817158759374877e+01
2.000928445723118898e+00 1.181939316452954891e+01 3.378047118608822785e+01
2.013605980605746471e+00 1.177903506266163269e+01 3.098104835753230546e+01
2.024220659727281380e+00 1.173654068381044446e+01 2.867765950390808527e+01
2.032781431030739494e+00 1.169080355152906847e+01 2.679138156096515644e+01
2.039340357781181279e+00 1.164214898199658066e+01 2.504101536820352436e+01
2.043931122020175906e+00 1.159241758616574458e+01 2.351130351284046327e+01
2.046617580228724531e+00 1.153997417694986005e+01 2.218816636665129138e+01
2.047466939856905199e+00 1.148594811898313850e+01 2.104378487934458875e+01
2.046540794068625324e+00 1.142963635546766277e+01 2.003558642247023514e+01
2.043931122628610986e+00 1.137324402408427027e+01 1.917877474418784800e+01
2.039706134530375969e+00 1.131629506805238883e+01 1.846041214992762747e+01
2.033969176198727524e+00 1.125812795680149847e+01 1.783504961840091951e+01
2.026818124252469211e+00 1.120133707200787043e+01 1.734643760789798606e+01
2.018355328802358351e+00 1.114440265225453608e+01 1.689335165690521023e+01
2.008645963351109121e+00 1.108595996910023729e+01 1.656235908011025870e+01
1.997885933969826278e+00 1.102606646192926476e+01 1.632503216430819037e+01
1.986189926908853876e+00 1.096400978088791867e+01 1.606530114058640279e+01
1.973699423839684108e+00 1.089897145490472141e+01 1.580705605995696494e+01
1.960573337994181431e+00 1.083202552089834825e+01 1.557023743954763262e+01
1.946888255390029743e+00 1.076280800094807866e+01 1.527194313230263489e+01
1.932751427369071129e+00 1.069214626445729266e+01 1.508855340087778885e+01
1.918257746153626764e+00 1.061817848537154418e+01 1.484431061864302670e+01
1.903442486248102972e+00 1.054332182795828388e+01 1.460766343820821511e+01
1.888402568848614349e+00 1.046611909938034124e+01 1.429406409039278714e+01
1.873200732762371423e+00 1.038660831914810778e+01 1.408211508943016455e+01
1.857918155166482510e+00 1.030676092789951426e+01 1.381008366009997168e+01
1.843012474688840108e+00 1.022840031620540557e+01 1.354873575982035838e+01
