2.191799393479931801e-01 1.550982551689759603e+01 3.683552447462830693e+06
2.274545422862938870e-01 1.519139013103315072e+01 3.088044407711130567e+06
2.360947882184339930e-01 1.490711279336858297e+01 2.567803498626082204e+06
2.451017713239702911e-01 1.463686169272352267e+01 2.144752273159193806e+06
2.544842649575612681e-01 1.440226682894877008e+01 1.792821555456593633e+06
2.642571683576157016e-01 1.420820661112255046e+01 1.497635833125309786e+06
2.744284764294233070e-01 1.397878003325044816e+01 1.253269204977036687e+06
2.850106192552483986e-01 1.379106866519133945e+01 1.048470484924332355e+06
2.959985018742781748e-01 1.361827936628445102e+01 8.763285093455365859e+05
3.074139343935676227e-01 1.345382728605054190e+01 7.325228543832743308e+05
3.192617435915642843e-01 1.330994100627531118e+01 6.144289828951181844e+05
3.315511631160803496e-01 1.317545537138965805e+01 5.138960065592749161e+05
3.442822604172277035e-01 1.307183500429391998e+01 4.304282643115131650e+05
3.574781088673972818e-01 1.293912851905967187e+01 3.607637657249992481e+05
3.711148610670678138e-01 1.283549128265202732e+01 3.020127305072082672e+05
3.852327588192205332e-01 1.273402322677860710e+01 2.536159827717902081e+05
3.998114367191719642e-01 1.264484704483641586e+01 2.122356521650406648e+05
4.148657679224032613e-01 1.256416454827889773e+01 1.783937824593602563e+05
4.304012511999664170e-01 1.248839406668576046e+01 1.495705883553470194e+05
4.464228145720476326e-01 1.241926893105850560e+01 1.258626885706676840e+05
4.629292330941329192e-01 1.235519604135366123e+01 1.057608323830568406e+05
4.798842610845142631e-01 1.229596236779181950e+01 8.884358523356429941e+04
4.973398178733480224e-01 1.224068170104957254e+01 7.491721098846472159e+04
5.152673969149731414e-01 1.219100386899938471e+01 6.314531121806633018e+04
5.336759301292709479e-01 1.214470691596364738e+01 5.327963615455860418e+04
5.525609427458892942e-01 1.210190981170063118e+01 4.495822947655788448e+04
5.718918962118069160e-01 1.205993447186903822e+01 3.794968337756144319e+04
5.916916078796029543e-01 1.202389366207773058e+01 3.210015869169439975e+04
6.121162692448935960e-01 1.198863574613604044e+01 2.706836098534296980e+04
6.333852836859829027e-01 1.195514882896953424e+01 2.285485056192129923e+04
6.556390663377454908e-01 1.192778137287991491e+01 1.922520504251967577e+04
6.790201413221120808e-01 1.189833146054345114e+01 1.615949857819934550e+04
7.035747064588632194e-01 1.187610463306211628e+01 1.350288947061119325e+04
7.293836339763662968e-01 1.185530460961542687e+01 1.127947579987151403e+04
7.564819684908659081e-01 1.183653050740234036e+01 9.399111656838447743e+03
7.849005800433419555e-01 1.182246745513124786e+01 7.812120567454869160e+03
8.146721669233283336e-01 1.181345647355918160e+01 6.485881771368281989e+03
8.457956046778010162e-01 1.180745857650485142e+01 5.344652069175957877e+03
8.782769409046042863e-01 1.180656968458422185e+01 4.450151547580235274e+03
9.121110012513574672e-01 1.180280206520978403e+01 3.679861768427856077e+03
9.472908104784931727e-01 1.180755561754637917e+01 3.045567442346808093e+03
9.837893636195744751e-01 1.181435970975692840e+01 2.515178877293859841e+03
1.021562918036904799e+00 1.182257544763418622e+01 2.082270370467611428e+03
1.060600186590779703e+00 1.183563405178193406e+01 1.719465801243623673e+03
1.100831112126875233e+00 1.184983920537925428e+01 1.423116037136680688e+03
1.142227793538283187e+00 1.186601102407934683e+01 1.178180728222406060e+03
1.184713393466714670e+00 1.188627781552870566e+01 9.754407109843651824e+02
1.228218705467813310e+00 1.190407497715432861e+01 8.092416589853974074e+02
1.272687928452321149e+00 1.192786988709786478e+01 6.718074687120889621e+02
1.318007008103768474e+00 1.194829128375825888e+01 5.587162219990786980e+02
1.364124172569816551e+00 1.197174482081635283e+01 4.653761037610468634e+02
1.410937252968155198e+00 1.199625966525351295e+01 3.878242702125636470e+02
1.458342981587314569e+00 1.202088332557656258e+01 3.240129574095240059e+02
1.506245460575852180e+00 1.204605051357240697e+01 2.710036100699734902e+02
1.554546456954684963e+00 1.207086204646041594e+01 2.274970113105967471e+02
1.603127069464718391e+00 1.209343833141499047e+01 1.901061136679853973e+02
1.651811581089494219e+00 1.211794036833377852e+01 1.610861775746259070e+02
1.700416979018372521e+00 1.214165430343125429e+01 1.351685250046119222e+02
1.748757616036699103e+00 1.216299311939499539e+01 1.151033672017299665e+02
1.796653388049852973e+00 1.218399831136279587e+01 9.778168374457142420e+01
1.843900506159159347e+00 1.220185312922418674e+01 8.325576975836341376e+01
1.890334113125029303e+00 1.221832663035960564e+01 7.123867363619523019e+01
1.935780240521941087e+00 1.223249873674479282e+01 6.108887966641100320e+01
1.980083786506490418e+00 1.224438223821725025e+01 5.235905633448249574e+01
2.023034761242438417e+00 1.225297800687539507e+01 4.546231887760668400e+01
2.064537158548948703e+00 1.226026586239891536e+01 3.943233194906234473e+01
2.104441797033347328e+00 1.226300022321086480e+01 3.433534274952653220e+01
2.142552941772145836e+00 1.226295287268169076e+01 3.003349648285123763e+01
2.178839712536087880e+00 1.226015726371309178e+01 2.637471676915880181e+01
2.213136008642504038e+00 1.225330288227155506e+01 2.325966803763415314e+01
2.245317922080531048e+00 1.224300465549726447e+01 2.060660492723333448e+01
2.275363500795081428e+00 1.222910216763655278e+01 1.833488534045171647e+01
2.303135148155131429e+00 1.221211404346622231e+01 1.638650963025356688e+01
2.328581623916542220e+00 1.219190553200604654e+01 1.470960889841685315e+01
2.351621442876474788e+00 1.216697847592945259e+01 1.322555065709295974e+01
2.372236318099462782e+00 1.213900260559001865e+01 1.202995671764007746e+01
2.390354035666183652e+00 1.210787476091279657e+01 1.095589124617658250e+01
2.405930700303715586e+00 1.207262365329523846e+01 9.998071919848161571e+00
2.418932578804804834e+00 1.203454537749026088e+01 9.233577133266436476e+00
2.429314835121648919e+00 1.199314827958146168e+01 8.552568392736146663e+00
2.437040052881866092e+00 1.194907910185970756e+01 7.956242091145039552e+00
2.442041636705790886e+00 1.190136533760464310e+01 7.454343950961955123e+00
2.444282836083833121e+00 1.185227560540333869e+01 7.042222487155575195e+00
2.443632382768454292e+00 1.180095792982184655e+01 6.694494273845220000e+00
2.439946301847458088e+00 1.174988695680286988e+01 6.443391041630513350e+00
2.432783838450129021e+00 1.170439421330975804e+01 6.305055206369362786e+00
2.422390948299237845e+00 1.165324870514175792e+01 6.208884191632489724e+00
2.409953561706426939e+00 1.159673896956231509e+01 6.105338779672201177e+00
2.396094294404782055e+00 1.153647538012289964e+01 6.030103407879068733e+00
2.381120572632736465e+00 1.147345016650072935e+01 5.980708490380923337e+00
2.365296150980340517e+00 1.140809635768217767e+01 5.904511553693089887e+00
2.348753257686618579e+00 1.134175609282401531e+01 5.852684012549826953e+00
2.331722635045824443e+00 1.127417034143259933e+01 5.804736893709081080e+00
2.314297815998589414e+00 1.120594382730591043e+01 5.786773460218461729e+00
2.296600699683099656e+00 1.113906347683105480e+01 5.759411831513563840e+00
2.278738029384930197e+00 1.107315180097905305e+01 5.728547897358957641e+00
2.260839475032677903e+00 1.100866635739824062e+01 5.721079386390382382e+00
2.243060327117369912e+00 1.094610924162942922e+01 5.728329789381808368e+00
2.225358445814622055e+00 1.088669603598335556e+01 5.750751884452580676e+00
2.207429171984934602e+00 1.082780202019512927e+01 5.801075404865691176e+00
