2.383731302914612049e-01 1.510646317623783297e+01 2.423116349867075216e+06
2.522139162680080982e-01 1.469770860441376570e+01 1.847353416492372518e+06
2.666475174065187637e-01 1.434512153327103867e+01 1.415923007009884110e+06
2.816765662881323129e-01 1.403943650886042072e+01 1.090771266781920567e+06
2.973035616317528662e-01 1.377320677976793739e+01 8.442562567134945421e+05
3.135302323170711669e-01 1.354044281636902625e+01 6.564189641405032016e+05
3.303583685158129057e-01 1.333622102550484279e+01 5.125315691519370885e+05
3.477890799133585009e-01 1.315647968208872065e+01 4.018317414010056527e+05
3.658220096363219431e-01 1.299783529523197600e+01 3.162606993048381410e+05
3.844572373030394341e-01 1.285744195430040016e+01 2.498295188421376515e+05
4.036927339483021293e-01 1.273289656476687526e+01 1.980568376856402028e+05
4.235259592479175828e-01 1.262216024578760099e+01 1.575481442363557580e+05
4.439531038454353484e-01 1.252347712608789720e+01 1.257330028259979299e+05
4.649691639231560147e-01 1.243532497076754595e+01 1.006581345874411345e+05
4.865680031098345570e-01 1.235639780812761224e+01 8.082662896224430006e+04
5.087406573991226644e-01 1.228554621911649036e+01 6.509310272797906509e+04
5.314776769296478687e-01 1.222175650562264337e+01 5.257042619675897731e+04
5.547670879385562248e-01 1.216414239027426625e+01 4.257307872703386238e+04
5.785971890925476480e-01 1.211192278451972903e+01 3.456838153025766951e+04
6.029999239952146262e-01 1.206435490196430038e+01 2.813102130780150037e+04
6.282425360264609626e-01 1.202098418318024464e+01 2.289996717422811707e+04
6.545306715379463069e-01 1.198191913827535515e+01 1.862918388934954419e+04
6.819736204603557006e-01 1.194739483217127685e+01 1.514300503340477917e+04
7.106285853967855282e-01 1.191756753464977514e+01 1.230077212632773808e+04
7.405261558306122094e-01 1.189252413371579564e+01 9.988480372607096797e+03
7.716749515302063767e-01 1.187225123083552170e+01 8.110760585600382001e+03
8.040693132355564154e-01 1.185665141056729155e+01 6.588220325809674250e+03
8.376930174018635267e-01 1.184555203549799529e+01 5.354916534777860761e+03
8.725212992022620684e-01 1.183874031223736623e+01 4.356554227143271419e+03
9.085220358961393350e-01 1.183595516063132713e+01 3.548536904902854076e+03
9.456570486709722223e-01 1.183690978604288802e+01 2.894416258085002028e+03
9.838833962486078777e-01 1.184130011804413840e+01 2.364658261364212649e+03
1.023153687874436057e+00 1.184881336832743237e+01 1.935242684633632280e+03
1.063416442706966114e+00 1.185913130217710609e+01 1.586825735025508266e+03
1.104616198420565798e+00 1.187193524063523675e+01 1.303669472555874108e+03
1.146694953263467154e+00 1.188692150566058281e+01 1.073269142487060662e+03
1.189592939818740147e+00 1.190378637764973924e+01 8.854768073247236089e+02
1.233243884670253365e+00 1.192223485515448900e+01 7.321279070300208787e+02
1.277580900728066071e+00 1.194198569707745605e+01 6.066907674686075325e+02
1.322536163031719392e+00 1.196277356595839692e+01 5.038724773035481803e+02
1.368038051461743176e+00 1.198433824041837603e+01 4.194289824275596743e+02
1.414013556131185068e+00 1.200643982924919939e+01 3.499352012200040463e+02
1.460387090299991808e+00 1.202884725376989827e+01 2.926215844132164534e+02
1.507065809524256395e+00 1.205132472694156576e+01 2.452639289422808417e+02
1.553922161579536221e+00 1.207359788041170745e+01 2.060823996870948918e+02
1.600821807031677091e+00 1.209537266146044310e+01 1.736084122247368384e+02
1.647629842457025484e+00 1.211635731092208346e+01 1.466443291117523131e+02
1.694210365815455921e+00 1.213626356952977758e+01 1.242110278056157568e+02
1.740424752276567899e+00 1.215480361655938779e+01 1.055066680231818452e+02
1.786132894661722093e+00 1.217169460416164739e+01 8.987838154952059710e+01
1.831194653637531644e+00 1.218666495410000472e+01 7.679001231672603467e+01
1.875468587173149349e+00 1.219944325943113839e+01 6.580348933213686280e+01
1.918809964463346507e+00 1.220976175233148808e+01 5.655999893025590808e+01
1.961074297771957298e+00 1.221736439038512678e+01 4.876550219566057365e+01
2.002107830024480339e+00 1.222197234792598941e+01 4.217728829937845347e+01
2.041770538405832447e+00 1.222336337080265523e+01 3.659649722321744747e+01
2.079896157983745386e+00 1.222124305448465087e+01 3.185894357971386981e+01
2.116329738477198408e+00 1.221536623118650589e+01 2.782781042038362429e+01
2.150904434883275318e+00 1.220546231539775484e+01 2.439325434008494398e+01
2.183443629714326928e+00 1.219125515597816900e+01 2.145981911347179860e+01
2.213762230893447480e+00 1.217246570874342382e+01 1.895141821889421152e+01
2.241656072511244879e+00 1.214878890693053926e+01 1.680385568884779701e+01
2.266899517462339197e+00 1.211990294463444151e+01 1.496493255334876871e+01
2.289236118455761915e+00 1.208546678289273935e+01 1.339061508375853826e+01
2.308356472600010978e+00 1.204509405481503492e+01 1.204522034179437995e+01
2.323870789253729807e+00 1.199835064960757514e+01 1.090157955384123589e+01
2.335244660413959839e+00 1.194476745276408280e+01 9.940071626285890360e+00
2.341622151412738440e+00 1.188387852418003199e+01 9.153710409674886250e+00
