2.191799393479931801e-01 1.550982551689759603e+01 3.683552447462830693e+06
2.273631420756950794e-01 1.518881463221781658e+01 3.081010544570848811e+06
2.359001025217997149e-01 1.493132922842619159e+01 2.601219139367412310e+06
2.448048614964156156e-01 1.465821161293351516e+01 2.167395985594162252e+06
2.540699983463390876e-01 1.444440033420692693e+01 1.806046575946287252e+06
2.637188250749314400e-01 1.419342487934842723e+01 1.513440380204381421e+06
2.737566412247502967e-01 1.398619371315245452e+01 1.269437856790046906e+06
2.841951283842453768e-01 1.380571921738472518e+01 1.064516453296066029e+06
2.950313889330118400e-01 1.363079443835247773e+01 8.898270471474503865e+05
3.062866261917680522e-01 1.347054704198750841e+01 7.457621218760268530e+05
3.179698681851090836e-01 1.333037876303825442e+01 6.262057339065595297e+05
3.300694097997858290e-01 1.319644589920232391e+01 5.248129710933370516e+05
3.426250838715809155e-01 1.306557456952269369e+01 4.403512491560658091e+05
3.556060475480560257e-01 1.295465024493206485e+01 3.694890743292586412e+05
3.690263585497289278e-01 1.284674043204679705e+01 3.106226759110598941e+05
3.829206306442530794e-01 1.274871850766757575e+01 2.679973643515463336e+05
3.972713422361779378e-01 1.266061754211893309e+01 2.187519404822056822e+05
4.120628350339108903e-01 1.257872553611779232e+01 1.839788100720538641e+05
4.273469339179172266e-01 1.250393297357300249e+01 1.548943440579189046e+05
4.430876320831833581e-01 1.243173034810656219e+01 1.293146341911358322e+05
4.593280841231055511e-01 1.236789181758049772e+01 1.098548764230025554e+05
4.760032604645574872e-01 1.230793457803872748e+01 9.267922018030207255e+04
4.931506664264073692e-01 1.225349532807502051e+01 7.809725076085131150e+04
5.107655176030796440e-01 1.220373480666489385e+01 6.583379970694350777e+04
5.288552867855719208e-01 1.215803863126787121e+01 5.567989570494940563e+04
5.474111934511297628e-01 1.211114089789617054e+01 4.701592407706064114e+04
5.664424068727923478e-01 1.207220698186655561e+01 3.935864755860473088e+04
5.858638442035559724e-01 1.203454678762717300e+01 3.368868579706621676e+04
6.059056361945105440e-01 1.199868785888194722e+01 2.850381613934654524e+04
6.267368776599168134e-01 1.196654633995611228e+01 2.410182354520726949e+04
6.486123621741169964e-01 1.193301795137938370e+01 2.031799417696342425e+04
6.716440255009277216e-01 1.190880805991619518e+01 1.703388148231882587e+04
6.959165800500310972e-01 1.188483519243691688e+01 1.429327839067140303e+04
7.214853714849143174e-01 1.186252054755339458e+01 1.193176028684255289e+04
7.484219417973670962e-01 1.184624073317015203e+01 9.944769677378963024e+03
7.767420110751314111e-01 1.183444835004424611e+01 8.264566452017863412e+03
8.064926829496362748e-01 1.182328380078121732e+01 6.862289309577541644e+03
8.376667612174895083e-01 1.181796518232339466e+01 5.671305073027659091e+03
8.702834431161796669e-01 1.181557789469145270e+01 4.698726299884897344e+03
9.043418815906476560e-01 1.181719281536246413e+01 3.877608633604056195e+03
9.398359959438191691e-01 1.182185894304919316e+01 3.200651638421078133e+03
9.767376992285272674e-01 1.183122771136081752e+01 2.642889620862305037e+03
1.015021427829366774e+00 1.184235409155606256e+01 2.181035241342968675e+03
1.054656589608430339e+00 1.185717501037351518e+01 1.801413453893982251e+03
1.095590043216136289e+00 1.187958028542090183e+01 1.486688234567207473e+03
1.137790899677655121e+00 1.189511071845879719e+01 1.228664516728581475e+03
1.181191211559451615e+00 1.192193959377243040e+01 1.015759076493290877e+03
1.225709846918999091e+00 1.194354825920867569e+01 8.406373261043694356e+02
1.271306809215399403e+00 1.197065058578423979e+01 6.968021718712773236e+02
1.317840593123696724e+00 1.199886928243104300e+01 5.778198040442460979e+02
1.365189463418196469e+00 1.202362242002758386e+01 4.802902767661761345e+02
1.413189696293044140e+00 1.205286529737416501e+01 3.973364765409721713e+02
1.461691678725292487e+00 1.208115851636283544e+01 3.339315187689018671e+02
1.510496037681363424e+00 1.211152709627714685e+01 2.793793533627040802e+02
1.559468114449356069e+00 1.214000894015079268e+01 2.344895161506774741e+02
1.608380564218374831e+00 1.217073269946436476e+01 1.974113635274669036e+02
1.657123605751279483e+00 1.219447011349695131e+01 1.666892727669211638e+02
1.705493473281621375e+00 1.221996018081047453e+01 1.411457496902775119e+02
1.753336630325810663e+00 1.224358060154892591e+01 1.200755168002295079e+02
1.800466989730885814e+00 1.226616347821182984e+01 1.016958919620421256e+02
1.846718132177814331e+00 1.228571884392072988e+01 8.749136332486963852e+01
1.891960150551481812e+00 1.230184538385379867e+01 7.476031261618604162e+01
1.936032722321984423e+00 1.231669320927245792e+01 6.444671374150649967e+01
1.978828297887426091e+00 1.232692799217772794e+01 5.602811133570174462e+01
2.020115791497880675e+00 1.233490908050189816e+01 4.868408718022627113e+01
2.059857216513510281e+00 1.233974910045356665e+01 4.240977735004964444e+01
2.097950085464931114e+00 1.234130633310060432e+01 3.714723718019622822e+01
2.134234913421672264e+00 1.233986006895347032e+01 3.265233364865293453e+01
2.168638629031271137e+00 1.233431830434623677e+01 2.879040490605423130e+01
2.201094870898311573e+00 1.232533343937926418e+01 2.551504174975468331e+01
2.231539074897337827e+00 1.231307361354109453e+01 2.269570477995263502e+01
2.259903889997004978e+00 1.229699508829989973e+01 2.028062637847088467e+01
2.286143580139251785e+00 1.227754942890756595e+01 1.811191343589200997e+01
2.310217589553777096e+00 1.225475131580583721e+01 1.637842964638535648e+01
2.332114462779503850e+00 1.222815464611780456e+01 1.481319823165913974e+01
2.351792861972796356e+00 1.219850128310110371e+01 1.345007329728866097e+01
2.369270842237041652e+00 1.216504163422887785e+01 1.227024057463407480e+01
2.384523310603026580e+00 1.212855013639024371e+01 1.123500014857556728e+01
2.397580332229457323e+00 1.208921586956712346e+01 1.033860844236826892e+01
2.408441582087702315e+00 1.204737335609001114e+01 9.551608166904385300e+00
2.417126340900686010e+00 1.200199023052461023e+01 8.862574790751430953e+00
2.423696787422770615e+00 1.195413594108826594e+01 8.255910764122912582e+00
2.428145213387227219e+00 1.190343488780846037e+01 7.713345864824889375e+00
2.430549207327635131e+00 1.185087220460072466e+01 7.282014801032270057e+00
2.430927665792712578e+00 1.179706948815427481e+01 6.880951362248058700e+00
2.429349258880530993e+00 1.174060329962382276e+01 6.534309326273441521e+00
2.425866762056229753e+00 1.168308403733993472e+01 6.244941481958282026e+00
2.420561409750669579e+00 1.162488172056756852e+01 5.990733363263276878e+00
2.413496720375447158e+00 1.156617898971447467e+01 5.785464604894181129e+00
2.404797883011306592e+00 1.150781560889434019e+01 5.620946117002676878e+00
2.394630823305682110e+00 1.145161152351026068e+01 5.484664151570178170e+00
2.383296665180181684e+00 1.139854873837577998e+01 5.410827395928598627e+00
2.370506834882118330e+00 1.134690361606368114e+01 5.386067478835450117e+00
2.356256673965394732e+00 1.129302629241475486e+01 5.351081718820956290e+00
2.340752043518459669e+00 1.123754845321754736e+01 5.362777375944256519e+00
2.324174634690971963e+00 1.117964139409242996e+01 5.367645030590464827e+00
2.306695989638495981e+00 1.111978113527755774e+01 5.374356721136165582e+00
2.288446011436604532e+00 1.105763077443642217e+01 5.386944544993720108e+00
2.269809814018072913e+00 1.099502946761240274e+01 5.388881222469969146e+00
2.251899173056504555e+00 1.093590717296339321e+01 5.429971933204032375e+00
