2.383731302914612049e-01 1.510646317623783297e+01 2.423116349867075216e+06
2.522139162680080982e-01 1.469770860441376570e+01 1.847353416492372518e+06
2.666475174065187637e-01 1.434512153327103867e+01 1.415923007009884110e+06
2.816765662881323129e-01 1.403943650886042072e+01 1.090771266781920567e+06
2.973035616317528662e-01 1.377320677976793739e+01 8.442562567134945421e+05
3.135302323170711669e-01 1.354044281636902625e+01 6.564189641405032016e+05
3.303583685158129057e-01 1.333622102550484279e+01 5.125315691519370885e+05
3.477890799133585009e-01 1.315647968208872065e+01 4.018317414010056527e+05
3.658220096363219431e-01 1.299783529523197600e+01 3.162606993048381410e+05
3.844572373030394341e-01 1.285744195430040016e+01 2.498295188421376515e+05
4.036927339483021293e-01 1.273289656476687526e+01 1.980568376856402028e+05
4.235259592479175828e-01 1.262216024578760099e+01 1.575481442363557580e+05
4.439531038454353484e-01 1.252347712608789720e+01 1.257330028259979299e+05
4.649691639231560147e-01 1.243532497076754595e+01 1.006581345874411345e+05
4.865680031098345570e-01 1.235639780812761224e+01 8.082662896224430006e+04
5.087406573991226644e-01 1.228554621911649036e+01 6.509310272797906509e+04
5.314776769296478687e-01 1.222175650562264337e+01 5.257042619675897731e+04
5.547670879385562248e-01 1.216414239027426625e+01 4.257307872703386238e+04
5.785972101354128760e-01 1.211192336089135857e+01 3.456834595571695536e+04
6.030104112742873390e-01 1.206434957175615175e+01 2.812893637438708902e+04
6.283196818847829324e-01 1.202100719787316407e+01 2.288905638628593442e+04
6.547481020047499767e-01 1.198210410609589083e+01 1.860412247669536373e+04
6.824085595900130086e-01 1.194796322025119117e+01 1.510500586843237761e+04
7.113562986235520968e-01 1.191879347885150331e+01 1.225334921685275913e+04
7.416197004910801693e-01 1.189471352039231711e+01 9.934840913174650268e+03
7.732036469825126490e-01 1.187571335663376715e+01 8.054121748070095236e+03
8.061005623394073005e-01 1.186169606037920943e+01 6.531181742607017441e+03
8.402908625823856115e-01 1.185248608284233285e+01 5.299544404489573935e+03
8.757469274519372737e-01 1.184784785544181140e+01 4.304254521776786532e+03
9.124342146940912501e-01 1.184750551947679753e+01 3.500155136926343857e+03
9.503127018937044257e-01 1.185115367693692789e+01 2.850405386230945169e+03
9.893371641728123667e-01 1.185846839954791498e+01 2.325105139827749099e+03
1.029458435007215344e+00 1.186911653811798750e+01 1.900064653191294610e+03
1.070622437889947598e+00 1.188275886167061657e+01 1.555750593787306570e+03
1.112774361936255785e+00 1.189907099670183044e+01 1.276462748453026052e+03
1.155853151118692912e+00 1.191772024107681993e+01 1.049528290764085796e+03
1.199797477000652757e+00 1.193839350700935142e+01 8.648453750563328413e+02
1.244539599135806363e+00 1.196078263223600935e+01 7.142706523377895564e+02
1.290012701419257946e+00 1.198459314242138340e+01 5.912527048806034600e+02
1.336123157358238611e+00 1.200952240382097536e+01 4.905963872110090733e+02
1.382743347302002546e+00 1.203521549689394554e+01 4.081210569411111351e+02
1.429743314181201930e+00 1.206131365819209300e+01 3.404278787378486868e+02
1.476985163958444591e+00 1.208744551027885450e+01 2.847692583479997097e+02
1.524331625075241670e+00 1.211325253148297953e+01 2.389008248624554369e+02
1.571639647516660743e+00 1.213837268613041687e+01 2.010231945892920464e+02
1.618763155638707429e+00 1.216245541733453805e+01 1.696677722485186166e+02
1.665551304135725053e+00 1.218515196853622484e+01 1.436525763092232921e+02
1.711848366081196060e+00 1.220612091252787579e+01 1.220139077782462920e+02
1.757489139396152256e+00 1.222500579490225903e+01 1.039722128532398955e+02
1.802310602020655628e+00 1.224148394910197091e+01 8.889540457947407504e+01
1.846132006345053034e+00 1.225519626969664699e+01 7.626515104452273874e+01
1.888761890019653000e+00 1.226578084890367037e+01 6.566171356335081555e+01
1.929998530202703400e+00 1.227287254951510853e+01 5.674131687933378032e+01
1.969617220722580830e+00 1.227607568234030211e+01 4.922193498540595868e+01
2.007367196681296040e+00 1.227496810732896293e+01 4.287578534320704193e+01
2.042956333044850137e+00 1.226907146952775207e+01 3.751415186306020644e+01
2.076030534217315093e+00 1.225784382564875230e+01 3.298609151429105424e+01
2.106128974054509495e+00 1.224062872559744974e+01 2.917073105930796473e+01
2.132582259589909324e+00 1.221658050574937882e+01 2.597837775284421724e+01
2.154173917221983370e+00 1.218449535013601981e+01 2.336730277313447601e+01
2.164304366184860662e+00 1.214291540408521541e+01 2.169324627770069114e+01
