2.383731302914612049e-01 1.510646317623783297e+01 2.423116349867075216e+06
2.522139162680080982e-01 1.469770860441376570e+01 1.847353416492372518e+06
2.666475174065187637e-01 1.434512153327103867e+01 1.415923007009884110e+06
2.816765662881323129e-01 1.403943650886042072e+01 1.090771266781920567e+06
2.973035616317528662e-01 1.377320677976793739e+01 8.442562567134945421e+05
3.135302323170711669e-01 1.354044281636902625e+01 6.564189641405032016e+05
3.303583685158129057e-01 1.333622102550484279e+01 5.125315691519370885e+05
3.477890799133585009e-01 1.315647968208872065e+01 4.018317414010056527e+05
3.658220096363219431e-01 1.299783529523197600e+01 3.162606993048381410e+05
3.844572373030394341e-01 1.285744195430040016e+01 2.498295188421376515e+05
4.036927339483021293e-01 1.273289656476687526e+01 1.980568376856402028e+05
4.235259592479175828e-01 1.262216024578760099e+01 1.575481442363557580e+05
4.439531038454353484e-01 1.252347712608789720e+01 1.257330028259979299e+05
4.649691639231560147e-01 1.243532497076754595e+01 1.006581345874411345e+05
4.865680031098345570e-01 1.235639780812761224e+01 8.082662896224430006e+04
5.087406573991226644e-01 1.228554621911649036e+01 6.509310272797906509e+04
5.314776769296478687e-01 1.222175650562264337e+01 5.257042619675897731e+04
5.547670879385562248e-01 1.216414239027426625e+01 4.257307872703386238e+04
5.785972011891078459e-01 1.211192327019604242e+01 3.456883163474041066e+04
6.030619446579922327e-01 1.206432420950725692e+01 2.811786281090371995e+04
6.286610122752657182e-01 1.202111623973939913e+01 2.283574661070319416e+04
6.556565509487803922e-01 1.198293421051164032e+01 1.850075492027369182e+04
6.841513969549852803e-01 1.195037436523880992e+01 1.495693849993855838e+04
7.141875188333351998e-01 1.192380564971037948e+01 1.207309429563642698e+04
7.457756746987143082e-01 1.190339037109567855e+01 9.736322740800567772e+03
7.789083092417614651e-01 1.188913718776572281e+01 7.849374527114290686e+03
8.135646719255699155e-01 1.188091488831258502e+01 6.329633788819468464e+03
8.497142250314922984e-01 1.187848654720544594e+01 5.107465295528895695e+03
8.873197941580951431e-01 1.188155242943642520e+01 4.125830263453549378e+03
9.263387567249671273e-01 1.188976524591163120e+01 3.337694585186531640e+03
9.667228639434177762e-01 1.190274136815355988e+01 2.704422873009128125e+03
1.008419100418202374e+00 1.192008647534665933e+01 2.195565180972507733e+03
1.051340387733736170e+00 1.194135517402346025e+01 1.786381269710984498e+03
1.095381138200095972e+00 1.196605967680121196e+01 1.457104795385371062e+03
1.140431060360399096e+00 1.199369394964453228e+01 1.191735259998863967e+03
1.186377921458581675e+00 1.202375660167520799e+01 9.775002592304631435e+02
1.233105167133549784e+00 1.205574931462866139e+01 8.041899428165889958e+02
1.280490943494730249e+00 1.208918771551475224e+01 6.636623113713043267e+02
1.328408304796895534e+00 1.212359668864515250e+01 5.494314437375896887e+02
1.376726978228110854e+00 1.215851940787365137e+01 4.563395762738494454e+02
1.425308323324736115e+00 1.219350803211951551e+01 3.802670460564741006e+02
1.474009802251045942e+00 1.222812656469988291e+01 3.179382819168521337e+02
1.522676243464884172e+00 1.226194001888007001e+01 2.667291089717519981e+02
1.571146712943582102e+00 1.229452676649806975e+01 2.245449403495449872e+02
1.619247007987637099e+00 1.232545379683562459e+01 1.897000285778527768e+02
1.666786135242960265e+00 1.235427816940073242e+01 1.608486722789588157e+02
1.713554978814151530e+00 1.238054270586627226e+01 1.368976636511191600e+02
1.759322676904594873e+00 1.240378478528707440e+01 1.169756600263568913e+02
1.803807458285276777e+00 1.242343699119391687e+01 1.003731576032931514e+02
1.846677727288403181e+00 1.243889567558342435e+01 8.652512769044943752e+01
1.887497972419440284e+00 1.244941677103384237e+01 7.497701087308875856e+01
1.925629162245643400e+00 1.245399191916063941e+01 6.538184583387509008e+01
1.959888836211080010e+00 1.245104102778700117e+01 5.752043951593194748e+01
1.984624021789627379e+00 1.243583422284318729e+01 5.186847837681487761e+01
