2.191799393479931801e-01 1.550982551689759603e+01 3.683552447462830693e+06
2.268559027541674211e-01 1.525619614430424065e+01 3.166188103383882903e+06
2.348488251616504541e-01 1.495094416973810247e+01 2.615414199260709807e+06
2.431538583939245601e-01 1.469890547186958685e+01 2.232664515819633845e+06
2.517850243725116566e-01 1.447318577165675180e+01 1.875809217692081584e+06
2.607398041190771010e-01 1.425737731221915006e+01 1.594729845628134441e+06
2.700427012826281947e-01 1.406224119005273110e+01 1.352364611656643217e+06
2.796951223829668431e-01 1.388776615719761409e+01 1.146731257852548966e+06
2.897052894631278463e-01 1.371368732587652595e+01 9.690432001170056174e+05
3.000785420171231954e-01 1.355022826024575622e+01 8.146703871636205586e+05
3.107974576979715686e-01 1.341390237307983035e+01 6.963614291268854868e+05
3.219063762592417888e-01 1.328550217802015432e+01 5.906574255896082614e+05
3.334006240461435677e-01 1.315687451910760686e+01 5.005012908300164272e+05
3.452710129020624130e-01 1.304025888490217433e+01 4.246212963385424227e+05
3.575449545022931219e-01 1.293266468178904915e+01 3.598268217100420152e+05
3.702008438396127143e-01 1.283878263866040292e+01 3.054036915072035044e+05
3.832789401549891450e-01 1.274668671589899560e+01 2.594516812170723279e+05
3.967494033183066593e-01 1.266568242150331791e+01 2.201287995098532119e+05
4.106377021286685691e-01 1.258564309317238994e+01 1.870521286158540170e+05
4.249284543363608946e-01 1.251475863740215466e+01 1.592188211975524900e+05
4.396056743142536249e-01 1.244922781067155171e+01 1.352994745425859001e+05
4.547306241203779575e-01 1.238487328439249602e+01 1.152941006772482651e+05
4.702878992604577757e-01 1.233085460678126921e+01 9.700767755847776425e+04
4.862143045697169264e-01 1.227491641942560108e+01 8.361495172386863851e+04
5.025693569279195971e-01 1.222530061744840246e+01 7.119805170952565095e+04
5.193495296871645239e-01 1.218076782547546344e+01 6.022643127301638742e+04
5.365241577719060961e-01 1.213727652051218087e+01 5.190927199758369534e+04
5.541188257809785966e-01 1.210109268060154442e+01 4.424282963206010754e+04
5.720939348138484037e-01 1.206079396409557170e+01 3.786370201506821468e+04
5.905057504704721572e-01 1.202689246533170930e+01 3.236405061593006394e+04
6.100022399551593422e-01 1.199225882216284411e+01 2.759715236658389404e+04
6.308983728906357724e-01 1.196304564995833353e+01 2.311534342536350960e+04
6.533185353171409027e-01 1.193628190386561272e+01 1.962948459793226721e+04
6.772714547963076814e-01 1.191387769471231906e+01 1.650697162512345312e+04
7.027494824641364879e-01 1.189647962534187364e+01 1.364300277511358399e+04
7.297359873967911303e-01 1.188028215574674462e+01 1.153455508647961688e+04
7.582158651054173859e-01 1.187279191787685839e+01 9.534036075111833270e+03
7.881539677532940491e-01 1.186759665939802311e+01 7.910159143957233027e+03
8.195231426660619656e-01 1.187545523849683882e+01 6.545068685089533574e+03
8.522616257957742469e-01 1.187454874023857521e+01 5.426164328521586867e+03
8.863246757186801217e-01 1.188433762861241583e+01 4.492396747813912953e+03
9.216362216101234850e-01 1.189583663452883222e+01 3.724466336835819220e+03
9.580986274003656655e-01 1.191292695031221882e+01 3.090019558953125397e+03
9.957087715818744300e-01 1.193047408508444107e+01 2.562826088612950571e+03
1.034279306109143759e+00 1.195205834575698134e+01 2.133061416217237820e+03
1.073799453096736967e+00 1.197631018863540930e+01 1.774770892846823017e+03
1.114085604119998019e+00 1.200213101230381696e+01 1.482578524245981043e+03
1.155052323877018727e+00 1.202782008812814674e+01 1.238877496224432889e+03
1.196583412223003906e+00 1.205666861002410073e+01 1.038809747685148977e+03
1.238507139032034354e+00 1.208382170364124875e+01 8.733650051028449752e+02
1.280738236107026529e+00 1.211168340963514289e+01 7.356042541413946765e+02
1.323181216820023876e+00 1.214247676141025600e+01 6.220383024029551962e+02
1.365622712001320016e+00 1.216662020519106413e+01 5.270304695017063068e+02
1.407799008766746685e+00 1.219607333445131836e+01 4.486871184239778927e+02
1.449787458485571667e+00 1.221805808644404578e+01 3.828808639213989977e+02
1.491250656187645962e+00 1.224083994008864629e+01 3.282379312108542990e+02
1.532187315936242911e+00 1.226437731482238291e+01 2.819234818222827244e+02
1.572316400620939136e+00 1.227877091396250719e+01 2.424217616861855333e+02
1.611633027675293039e+00 1.229474325448046201e+01 2.107666881213811791e+02
1.649744002235711049e+00 1.230764343430145047e+01 1.832027898260630536e+02
1.686598871326711047e+00 1.231980651164239937e+01 1.600375597494000317e+02
1.722123720216504283e+00 1.232388635705007829e+01 1.403079361926770616e+02
1.756087080999421790e+00 1.232645989157819955e+01 1.235176881528070396e+02
1.788312908961082526e+00 1.232692732872018304e+01 1.087303025309588236e+02
1.818753363948765855e+00 1.232270422384376118e+01 9.734181331265082804e+01
1.847149281709188795e+00 1.231245003247122227e+01 8.688808780432704282e+01
1.873415832704454109e+00 1.230114453769309968e+01 7.799922788966694043e+01
1.897379434864930214e+00 1.228323718512431206e+01 7.048048572067035877e+01
1.918783835248106140e+00 1.226264850636404269e+01 6.422825541241303426e+01
1.937573827221202638e+00 1.223752816552908307e+01 5.849351156572964072e+01
1.953395398827749485e+00 1.220909375359643434e+01 5.393363985391039961e+01
1.965965277291357616e+00 1.217579970306779380e+01 5.000380444993960083e+01
1.974749748315631548e+00 1.214007151049389321e+01 4.693162874717209831e+01
1.978941000689318441e+00 1.210170097557958080e+01 4.476427193169814700e+01
1.979339978649713450e+00 1.206033499252312424e+01 4.309698933332931858e+01
1.976986373003859709e+00 1.201502911739699897e+01 4.179210329802255330e+01
1.972534372521048684e+00 1.196700162729238670e+01 4.067454443021711796e+01
1.966391619932962964e+00 1.191546382822524386e+01 3.985872494057345250e+01
1.959001413852934359e+00 1.186075794212878165e+01 3.882695706568889449e+01
1.950496507907866661e+00 1.180276857399640456e+01 3.808857797367724629e+01
1.941117833467695952e+00 1.174190801102785997e+01 3.729034673446779635e+01
1.931003279481118051e+00 1.167855866851552626e+01 3.658209816939341152e+01
1.920278264151908942e+00 1.161247152827063545e+01 3.587777650746473768e+01
1.909042926554726183e+00 1.154317196447454563e+01 3.498670280850360115e+01
1.897384123325200012e+00 1.147134585454937117e+01 3.442380490810204208e+01
1.885396838347079163e+00 1.139781030921281690e+01 3.369943651703453469e+01
1.873131309012405987e+00 1.132171110492078014e+01 3.291720370421265329e+01
1.860670573081692147e+00 1.124463401187128930e+01 3.204882877386023665e+01
1.848045886701924490e+00 1.116478227206614804e+01 3.127870952557123729e+01
1.835317053781391428e+00 1.108383662685882776e+01 3.050454298405416509e+01
1.822530631750548746e+00 1.100090089174315899e+01 2.986163974747510608e+01
1.809724562623920008e+00 1.091610949817128073e+01 2.895903032443606762e+01
1.796947887168081959e+00 1.083047672114316917e+01 2.811960141715081463e+01
1.784185834439214080e+00 1.074271049044873116e+01 2.716811586257964350e+01
1.771551166404415456e+00 1.065475161474222787e+01 2.640105834892745662e+01
1.758931009134418355e+00 1.056482283479954276e+01 2.566794396433314418e+01
1.746580901571497924e+00 1.047596712416298104e+01 2.463579727275671871e+01
1.734414415143816113e+00 1.038726735610842233e+01 2.371994152577970638e+01
1.722578369915888752e+00 1.030011422897621998e+01 2.297343769120191226e+01
1.711265209341323645e+00 1.021891087988954183e+01 2.225347144895780716e+01
