2.191799393479931801e-01 1.550982551689759603e+01 3.683552447462830693e+06
2.285055713706516667e-01 1.515533021300182526e+01 3.009362260416216217e+06
2.382663173900859965e-01 1.484320229891798526e+01 2.469981907052481547e+06
2.485137657031259995e-01 1.454643895778372276e+01 2.007558172844280954e+06
2.592348310941555711e-01 1.429428745256009314e+01 1.649495772823160980e+06
2.704563956445172890e-01 1.405084354319803630e+01 1.345383880083292257e+06
2.821865480633485301e-01 1.383588257930176724e+01 1.099231584003283177e+06
2.944358461105784919e-01 1.363895555077445643e+01 8.980772750455767382e+05
3.072110074392599421e-01 1.346063977819925839e+01 7.353110815159110352e+05
3.205588291229989339e-01 1.330300109797204655e+01 6.019913974050959805e+05
3.344236926338623461e-01 1.314704838680525079e+01 4.932792276771787438e+05
3.488596352786832444e-01 1.303095143881547813e+01 4.041010289406451629e+05
3.639060370604449424e-01 1.288804794492982531e+01 3.311429144485962461e+05
3.795095656575948051e-01 1.277304672438063271e+01 2.716170895766319591e+05
3.956801774119482751e-01 1.267151552428062899e+01 2.237575571987130679e+05
4.124596773670127225e-01 1.258001623147526082e+01 1.831546406047228375e+05
4.298513035685443406e-01 1.249144336649208675e+01 1.493930818806083116e+05
4.478600820041894193e-01 1.241154759660351026e+01 1.242802978268183797e+05
4.664655905911211375e-01 1.234203940612220940e+01 1.019060835621898877e+05
4.856569834824642773e-01 1.227647299691487248e+01 8.402473592543105769e+04
5.054627804345986908e-01 1.221786584410368803e+01 6.914276383075224294e+04
5.258738620022618271e-01 1.216251655157073941e+01 5.722202440264826146e+04
5.468862456622035628e-01 1.211438400825184303e+01 4.720960950113727449e+04
5.684998821535162117e-01 1.206605959509991877e+01 3.906474788070457726e+04
5.906219898750164621e-01 1.202525070309904720e+01 3.232825559976406657e+04
6.107271098930810993e-01 1.198778159888247430e+01 2.709017353244017067e+04
6.279915780537012049e-01 1.195134331512717196e+01 2.363014137954409671e+04
6.451301585385915693e-01 1.191050179847593427e+01 2.041611600981470474e+04
6.627005174976383639e-01 1.186746894103340466e+01 1.762141267837801934e+04
6.809938504567202289e-01 1.182383327350567548e+01 1.512135228468522109e+04
7.001883246160945928e-01 1.177836083549756729e+01 1.291898181212869895e+04
7.204207292321589406e-01 1.173426710805270723e+01 1.098159764130011172e+04
7.417845899419994726e-01 1.168923921444184799e+01 9.300598588395509069e+03
7.643477130888738369e-01 1.164269256016827114e+01 7.837179955030495876e+03
7.881653671410947526e-01 1.160426090807814248e+01 6.582473152014999869e+03
8.132700394126970433e-01 1.156411091704253735e+01 5.502935179344427524e+03
8.396828655919975626e-01 1.152574857906007466e+01 4.586314729845399597e+03
8.674133432041127856e-01 1.148768379179635879e+01 3.816766490124174197e+03
8.964505796397511661e-01 1.145656164931098431e+01 3.157746539709520221e+03
9.267815567696077172e-01 1.142722642783124520e+01 2.618097267440637097e+03
9.583755888952195656e-01 1.139728284544433379e+01 2.164152432797414804e+03
9.912007988524379476e-01 1.137120479588648969e+01 1.787297188188229029e+03
1.025192490282451852e+00 1.134866866877825409e+01 1.472918827848100818e+03
1.060291180379139275e+00 1.132832097092076751e+01 1.215723936634557504e+03
1.096449911223258411e+00 1.130882960007919102e+01 1.003868592260516948e+03
1.133570731486982730e+00 1.129414426129830495e+01 8.279302163686875247e+02
1.171553805243568780e+00 1.127785140923956497e+01 6.837256730910544320e+02
1.210258481686440568e+00 1.126328496570954485e+01 5.654378437389246983e+02
1.249556015915414431e+00 1.125488835733687232e+01 4.654974313784194351e+02
1.289286363819223125e+00 1.124035906489430658e+01 3.886618599726500065e+02
1.329333814514985335e+00 1.122995654696446088e+01 3.233178667040872369e+02
1.369545303090245802e+00 1.122066710804887180e+01 2.691178078112443472e+02
1.409786549415034118e+00 1.120679881293616553e+01 2.250748601964298246e+02
1.449894128769146917e+00 1.119738502259700930e+01 1.885850597231134600e+02
1.489773875763325206e+00 1.118573814108426312e+01 1.583613989723875477e+02
1.529285912924074342e+00 1.117241578149057979e+01 1.335220281023472921e+02
1.568278993586134540e+00 1.115923437592961065e+01 1.127985205012310672e+02
1.606667886212069352e+00 1.114448993742557725e+01 9.564526939178550435e+01
1.644316542320650498e+00 1.112899092864665640e+01 8.133196745499573410e+01
1.681141520657104538e+00 1.111132342046196797e+01 6.938940961675056940e+01
1.717035898076308298e+00 1.109198520061633531e+01 5.939601602938216018e+01
1.751914861930772060e+00 1.107142450327567751e+01 5.080464495927852653e+01
1.785689772860938218e+00 1.104885890368094969e+01 4.393204893823730828e+01
1.818303207033625801e+00 1.102427075528010825e+01 3.791618670133816948e+01
1.849669824767645077e+00 1.099830805413924573e+01 3.287555473203918410e+01
1.879747714133978675e+00 1.096993691001259741e+01 2.851875919652364644e+01
1.908487324970840948e+00 1.094030650688068462e+01 2.493944356931876882e+01
1.935835354833230992e+00 1.090742348326949163e+01 2.181770825302186978e+01
1.961692943986936832e+00 1.087354030839479435e+01 1.916503008396156105e+01
1.985985391105786979e+00 1.083698842649151040e+01 1.683505364531505322e+01
2.008643551745400213e+00 1.079875244713064930e+01 1.492519057686049422e+01
2.029612657133081033e+00 1.075926215346703430e+01 1.325388667678454091e+01
2.048857520720833048e+00 1.071719487058147102e+01 1.181711292573054095e+01
2.066352859748779025e+00 1.067316915962215518e+01 1.056108579321264429e+01
2.082077897923666487e+00 1.062731653845448321e+01 9.501470693592343864e+00
2.096021163784924202e+00 1.057961219912320239e+01 8.572228203762538357e+00
2.108197118884265198e+00 1.053025081196466317e+01 7.741698863134290676e+00
2.118639880850057722e+00 1.047858044893090579e+01 7.045923019130830411e+00
2.127345273361369138e+00 1.042582694342561744e+01 6.430732640083065554e+00
2.134368037859622369e+00 1.037106141419700300e+01 5.897754850154271367e+00
2.139747805041626094e+00 1.031594706857152666e+01 5.440298723137559023e+00
2.143527818251324213e+00 1.025803239489064644e+01 5.029810440776212310e+00
2.145772833205946029e+00 1.019935368707740686e+01 4.652196194548415598e+00
2.146529898579904394e+00 1.014033441168387917e+01 4.339906906557074784e+00
2.145856668567106773e+00 1.007924530382732620e+01 4.053036034385783637e+00
2.143838803507851498e+00 1.001823513388344900e+01 3.811570931081996072e+00
2.140522940024717879e+00 9.956155702703169297e+00 3.589440895595137349e+00
2.135993465189838236e+00 9.893325833323363128e+00 3.393539233871792682e+00
2.130318925987361389e+00 9.830442080337864041e+00 3.216543834867718665e+00
2.123555346070917782e+00 9.766472037745678847e+00 3.062296509007926382e+00
2.115795619973018127e+00 9.702966890997318572e+00 2.933880369453274461e+00
2.107108245578585226e+00 9.639920370176414011e+00 2.808491051720922282e+00
2.097554765325037263e+00 9.576012529076724178e+00 2.707548183004593767e+00
2.087214710574146537e+00 9.512902678967529724e+00 2.611648237386581695e+00
2.076141790300393808e+00 9.449813690570692870e+00 2.528514191731048744e+00
2.064436943311676043e+00 9.387247927919796453e+00 2.458127874251242240e+00
2.052128355636852142e+00 9.324870161947131919e+00 2.395034595564183189e+00
2.039305476887886659e+00 9.263732811550219992e+00 2.342841600039001992e+00
2.026013788726971132e+00 9.203008706841361075e+00 2.302218836989579298e+00
2.012314885842118706e+00 9.143275215873041262e+00 2.259707655798749659e+00
