2.383731302914612049e-01 1.510646317623783297e+01 2.423116349867075216e+06
2.522139162680080982e-01 1.469770860441376570e+01 1.847353416492372518e+06
2.666475174065187637e-01 1.434512153327103867e+01 1.415923007009884110e+06
2.816765662881323129e-01 1.403943650886042072e+01 1.090771266781920567e+06
2.973035616317528662e-01 1.377320677976793739e+01 8.442562567134945421e+05
3.135302323170711669e-01 1.354044281636902625e+01 6.564189641405032016e+05
3.303583685158129057e-01 1.333622102550484279e+01 5.125315691519370885e+05
3.477890799133585009e-01 1.315647968208872065e+01 4.018317414010056527e+05
3.658220096363219431e-01 1.299783529523197600e+01 3.162606993048381410e+05
3.844572373030394341e-01 1.285744195430040016e+01 2.498295188421376515e+05
4.036927339483021293e-01 1.273289656476687526e+01 1.980568376856402028e+05
4.235259592479175828e-01 1.262216024578760099e+01 1.575481442363557580e+05
4.439531038454353484e-01 1.252347712608789720e+01 1.257330028259979299e+05
4.649691639231560147e-01 1.243532497076754595e+01 1.006581345874411345e+05
4.865680031098345570e-01 1.235639780812761224e+01 8.082662896224430006e+04
5.087406573991226644e-01 1.228554621911649036e+01 6.509310272797906509e+04
5.314776769296478687e-01 1.222175650562264337e+01 5.257042619675897731e+04
5.547670879385562248e-01 1.216414239027426625e+01 4.257307872703386238e+04
5.785971916379455404e-01 1.211192383141702855e+01 3.456862576636169979e+04
6.029529972620238931e-01 1.206438219494119224e+01 2.814081929759045670e+04
6.278419413324061171e-01 1.202090086858071061e+01 2.296205697633392992e+04
6.532755367697655746e-01 1.198096979577092291e+01 1.877590922650927314e+04
6.792593170238349076e-01 1.194415928628507118e+01 1.538318282280070162e+04
7.057951729835302279e-01 1.191010869852045140e+01 1.262657415833034429e+04
7.328772995848854555e-01 1.187847760596620716e+01 1.038241387345379371e+04
7.604969147970417342e-01 1.184897613315203557e+01 8.551959144186626872e+03
7.886400342296956412e-01 1.182131889923361534e+01 7.056306100365283783e+03
8.172896024042358709e-01 1.179525544977937912e+01 5.831950112747776075e+03
8.464233566916572471e-01 1.177053218718577732e+01 4.828199489088953669e+03
8.760173333614612590e-01 1.174692960095068450e+01 4.003868792511523225e+03
9.060444049782906406e-01 1.172422410514262303e+01 3.325820171215084883e+03
9.364713658755985382e-01 1.170220684401075673e+01 2.767266523985326785e+03
9.672633974686574154e-01 1.168067327546750711e+01 2.306422256097123409e+03
9.983864707489426005e-01 1.165944561802274926e+01 1.925541530682159646e+03
1.029798967497311812e+00 1.163834021606800917e+01 1.610331248398536900e+03
1.061460067988658995e+00 1.161718497771128789e+01 1.348987340922204339e+03
1.093325375879180772e+00 1.159581639813603893e+01 1.132009814592261819e+03
1.125347895435510504e+00 1.157407884516612029e+01 9.515478558032410774e+02
1.157479773749694463e+00 1.155182599340449912e+01 8.012513401187533191e+02
1.189671841374859262e+00 1.152892015391997127e+01 6.758544090995092120e+02
1.221871660180176233e+00 1.150522965037360379e+01 5.710611756751764005e+02
1.254026067474728556e+00 1.148063165717949197e+01 4.833643342366221418e+02
1.286080891856530961e+00 1.145500829202855364e+01 4.098514133161875179e+02
1.317982055237854944e+00 1.142825503593060965e+01 3.481172872424849061e+02
1.349673564175296159e+00 1.140027017834403011e+01 2.962040755712881719e+02
1.381098069674736362e+00 1.137095801038362097e+01 2.524750104912367021e+02
1.412199623980304519e+00 1.134023372694672638e+01 2.155822712583556324e+02
1.442920818362634749e+00 1.130801849630435996e+01 1.844025589113961701e+02
1.473204503415457500e+00 1.127424047392413264e+01 1.580121903798187475e+02
1.502995391523383573e+00 1.123883246117647872e+01 1.356391577260190218e+02
1.532236330486407283e+00 1.120173757623911470e+01 1.166409178199823486e+02
1.560872225112175160e+00 1.116290463099528196e+01 1.004840856561124411e+02
1.588849349810003808e+00 1.112228802877792511e+01 8.671900031574870127e+01
1.616113885528915661e+00 1.107985027880694595e+01 7.497527949906425704e+01
1.642614719669875267e+00 1.103555638225033952e+01 6.493916449768902055e+01
1.668301514525332818e+00 1.098938520839107014e+01 5.634835790621095697e+01
1.693125943479527384e+00 1.094131679076868657e+01 4.898337656746421231e+01
1.717042373643955955e+00 1.089133463827344528e+01 4.265945902265173117e+01
1.740006531232028308e+00 1.083943561662414901e+01 3.722093361152322899e+01
1.761976343433401482e+00 1.078561884203439902e+01 3.253597259279685261e+01
1.782913137620393940e+00 1.072988792009757475e+01 2.849405337196209942e+01
1.802780386098604914e+00 1.067225415420680079e+01 2.500155953506493489e+01
1.821527349866473466e+00 1.061275040008805348e+01 2.198083745634587771e+01
1.838997697192451763e+00 1.055142021528381946e+01 1.937355268896630989e+01
1.854955803621443522e+00 1.048819772922869653e+01 1.713052525838357454e+01
1.869112604545034806e+00 1.042292685310916589e+01 1.520924184830493786e+01
1.881105627677863712e+00 1.035539693443724119e+01 1.357314167795717630e+01
1.890438632190128088e+00 1.028539005273305840e+01 1.219572800649285149e+01
1.896301699217790793e+00 1.021290442102921325e+01 1.106686370897547000e+01
