2.191799393479931801e-01 1.550982551689759603e+01 3.683552447462830693e+06
2.270927154994928088e-01 1.523040764304610128e+01 3.118065463313041721e+06
2.353325751774343888e-01 1.493143466437673084e+01 2.607149690983157605e+06
2.439230549809690840e-01 1.467645443582268250e+01 2.194257892963056453e+06
2.528451956116604116e-01 1.444587584052381679e+01 1.853228285038228845e+06
2.621258801914750913e-01 1.422706437978348148e+01 1.561242175074916333e+06
2.717705055120916979e-01 1.402610732505019620e+01 1.314912777030499419e+06
2.817863276213381507e-01 1.384528164026477803e+01 1.105048867295609089e+06
2.921881841663154789e-01 1.367240337952357443e+01 9.308545718905359972e+05
3.029504451315647162e-01 1.351557743048367932e+01 7.860468185953604989e+05
3.141269027386328627e-01 1.337117156498287152e+01 6.627585567400569562e+05
3.257067763038954955e-01 1.324254819543103245e+01 5.587212342587450985e+05
3.376661402358858699e-01 1.311679816406261345e+01 4.711835630784061505e+05
3.500525346190086484e-01 1.300179671785007685e+01 3.977512291848025052e+05
3.628869052059450206e-01 1.289252765219884544e+01 3.359636607105254661e+05
3.760846339628411417e-01 1.279682291160109742e+01 2.835264829353635432e+05
3.897429110547096509e-01 1.270523992391689028e+01 2.395613012310321501e+05
4.038285470713063874e-01 1.262659914595948862e+01 2.024657672058885219e+05
4.183501104822701100e-01 1.254996035979027269e+01 1.700196537881752593e+05
4.333178511738381977e-01 1.247553126969747694e+01 1.451600397337079339e+05
4.487324938166650790e-01 1.240921688029736636e+01 1.228308907528202690e+05
4.645776144607550728e-01 1.234831930943913214e+01 1.039366474057571468e+05
4.808426751441768898e-01 1.229286703258214075e+01 8.821796034776771558e+04
4.975614203629510346e-01 1.224051773182364045e+01 7.469313165159015625e+04
5.147156207717433762e-01 1.219165061024442664e+01 6.356514770989675162e+04
5.323100512647782612e-01 1.214632323816311477e+01 5.391032872692907404e+04
5.503403599368670296e-01 1.210594207504009390e+01 4.583119950583515310e+04
5.688087598036090098e-01 1.206525792753629389e+01 3.896467881204307923e+04
5.876464376188593741e-01 1.203150548928934072e+01 3.285035879408063920e+04
6.069367044963626112e-01 1.199681563910711368e+01 2.826422284745339130e+04
6.266418582039001706e-01 1.196600234876809665e+01 2.407606466908907169e+04
6.468051305358879510e-01 1.193976987699133296e+01 2.053018597035619314e+04
6.674401509797494025e-01 1.190735802279887423e+01 1.754458906766057407e+04
6.885087084676794200e-01 1.188183457910336394e+01 1.497005052146896742e+04
7.100689281052099400e-01 1.185728954017499426e+01 1.278213483410663866e+04
7.320970803233518565e-01 1.183391875171918706e+01 1.091277947847833275e+04
7.545908485970966861e-01 1.181128454891135249e+01 9.339904836791944035e+03
7.775407431043231954e-01 1.178876017593291792e+01 7.983237705902916787e+03
8.009461948620634208e-01 1.177025260496423975e+01 6.835251839745767029e+03
8.248094819286634349e-01 1.175142919888382487e+01 5.843084196314728615e+03
8.491030905627175995e-01 1.173389490946155611e+01 5.005411052093987564e+03
8.738363278998305672e-01 1.171719197610598684e+01 4.286667354176779554e+03
8.989616830416563564e-01 1.169899083539360518e+01 3.680380484236599386e+03
9.244528403555651863e-01 1.168302012828084280e+01 3.154172706457653476e+03
9.503180895760725555e-01 1.166587659320082437e+01 2.710806628783553151e+03
9.765178856379671535e-01 1.165022512477454875e+01 2.329308316408410519e+03
1.003019792841196578e+00 1.163421173559632038e+01 2.003369175823956994e+03
1.029806000345293127e+00 1.161889767469659418e+01 1.725208279157859806e+03
1.056858529465090069e+00 1.160301366819806113e+01 1.486815087418292478e+03
1.084118539037344453e+00 1.158761642560019389e+01 1.281071754203037699e+03
1.111549200907663737e+00 1.157590586033614244e+01 1.106564904622078075e+03
1.139142602212305677e+00 1.155748976628752978e+01 9.563552287838581378e+02
1.166842545978798107e+00 1.153983123757302032e+01 8.276967314772575719e+02
1.194620124359023983e+00 1.152175033540215132e+01 7.170317024846568756e+02
1.222434404206222069e+00 1.150776768421427043e+01 6.219224151583016464e+02
1.250249491747810415e+00 1.148558614668131383e+01 5.401956880687179137e+02
1.278023016782639854e+00 1.146628493214613975e+01 4.694291215779484787e+02
1.305702423586718064e+00 1.144767539989013905e+01 4.087299052682051865e+02
1.333261104703320488e+00 1.142677487291892469e+01 3.562894505939666487e+02
1.360638963784790434e+00 1.140525696865157990e+01 3.113718428665219449e+02
1.387826260632783582e+00 1.138316447877948079e+01 2.720851417837603776e+02
1.414755023915031718e+00 1.135880380706609216e+01 2.383190743316033604e+02
1.441399954479943624e+00 1.133475740224958628e+01 2.078032473040426282e+02
1.467706865495422175e+00 1.130851279643174756e+01 1.835218430213369061e+02
1.493667740503559438e+00 1.128358725586213218e+01 1.605369752618078962e+02
1.519206773892038287e+00 1.125618327319509149e+01 1.418003298520416422e+02
1.544294414945444283e+00 1.122612039945999918e+01 1.253901946376502394e+02
1.568927797158766957e+00 1.119637251573004910e+01 1.107811007611077940e+02
1.593034818250611773e+00 1.116510658506234499e+01 9.763244760921185161e+01
1.616594169187028474e+00 1.113343509293109612e+01 8.687233615955688038e+01
1.639580877254327218e+00 1.109956911159506099e+01 7.711808657711235071e+01
1.661961613034443896e+00 1.106429313729802466e+01 6.861260292941976502e+01
1.683722730558045999e+00 1.102866900007555984e+01 6.106993274465805399e+01
1.704809462974482992e+00 1.099154803329225949e+01 5.427133914517183655e+01
1.725173290347609800e+00 1.095368393079818148e+01 4.870267746501191652e+01
1.744742298500737920e+00 1.091563184053909730e+01 4.352483932506842734e+01
1.763408386615409551e+00 1.087433079524120139e+01 3.915171221558511405e+01
1.781125905390916753e+00 1.083285735073785006e+01 3.522908307817495910e+01
1.797790176218048819e+00 1.079076434049249755e+01 3.180543427307966198e+01
1.813363104738122900e+00 1.074621281614919255e+01 2.867203455927102596e+01
1.827773295246674756e+00 1.070179978814812038e+01 2.610701874789190668e+01
1.840972231089536448e+00 1.065592070605314667e+01 2.377727940515747562e+01
1.852916763323902538e+00 1.060854954591622601e+01 2.165416576599783482e+01
1.863549020575345105e+00 1.055964370622223036e+01 1.984773468838709221e+01
1.872886936002685410e+00 1.051059654721091263e+01 1.826022806108786511e+01
1.880870983620484882e+00 1.045991179402504123e+01 1.685453948537717039e+01
1.887485830074983717e+00 1.040811370985980489e+01 1.561237806817334040e+01
1.892744712425586950e+00 1.035554258490415691e+01 1.457156158607579322e+01
1.896629565048722599e+00 1.030270840231620788e+01 1.360365182326073707e+01
1.899145096015759870e+00 1.024835006884067390e+01 1.272084206260665695e+01
1.900308071047001501e+00 1.019376026972377858e+01 1.197482109324641364e+01
1.900255978599600715e+00 1.013797825815893638e+01 1.131228322094901451e+01
1.899180889314921572e+00 1.008068722098819237e+01 1.073277677853396028e+01
1.897211972153431070e+00 1.002194924264376752e+01 1.017586503273567544e+01
1.894523844760523268e+00 9.961977202110743335e+00 9.654193740992246475e+00
1.891200487730315460e+00 9.900199564445475886e+00 9.148251091022354231e+00
1.887342112645065795e+00 9.838071135741374817e+00 8.710134787463056583e+00
1.883026385767661681e+00 9.777408192998439773e+00 8.287310204712531103e+00
1.877437869909159396e+00 9.733139607754543121e+00 8.093847940455409784e+00
1.869991501466059969e+00 9.692301340646261920e+00 7.953978400600726140e+00
