2.191799393479931801e-01 1.550982551689759603e+01 3.683552447462830693e+06
2.274182838540262930e-01 1.520142701384145312e+01 3.099354647217447869e+06
2.360189435916429102e-01 1.490853668644787611e+01 2.572313932010971475e+06
2.449845126964035891e-01 1.464253350827478606e+01 2.154623184817079455e+06
2.543200561419156069e-01 1.441320961309327409e+01 1.805623661410864443e+06
2.640433874978811990e-01 1.418374168275950531e+01 1.505707460948807653e+06
2.741631963907117386e-01 1.398307439995912382e+01 1.258755696166364942e+06
2.846879270786130123e-01 1.379307257658316033e+01 1.052480744768874953e+06
2.956183393693964656e-01 1.362616939070050925e+01 8.807574031544588506e+05
3.069664494512391317e-01 1.346250756767296330e+01 7.384112518592678243e+05
3.187458188133860393e-01 1.332081315777319652e+01 6.192133557931835530e+05
3.309627695835684058e-01 1.318952570869339525e+01 5.174562601516659488e+05
3.436190278814838517e-01 1.305739467783333652e+01 4.340332010378778796e+05
3.567314749083797532e-01 1.294306998179415125e+01 3.645085165198364994e+05
3.702846984179362089e-01 1.283752723236376170e+01 3.053840582522484474e+05
3.843161294853520982e-01 1.274144229007042206e+01 2.559393242932883441e+05
3.987963310281467666e-01 1.265015553728509445e+01 2.149283082034181862e+05
4.137532397305994647e-01 1.256929298293522024e+01 1.807586780087609950e+05
4.291896367319556482e-01 1.249551319932032101e+01 1.516811603192349721e+05
4.451115472098615689e-01 1.242279816456905728e+01 1.276198850984434976e+05
4.615018343485369212e-01 1.236153959730163798e+01 1.072536104813898419e+05
4.783539863832713124e-01 1.230013257806932714e+01 9.051079810153612925e+04
4.956785031497910610e-01 1.224667719743041516e+01 7.620287320147750142e+04
5.134825926326392898e-01 1.219579018792175873e+01 6.421245614504077093e+04
5.317644397547851565e-01 1.214749133089713595e+01 5.417938302319352806e+04
5.505183851567581055e-01 1.210596602673879651e+01 4.580162021159247524e+04
5.697478956872448208e-01 1.206527768088323072e+01 3.837405798482312821e+04
5.893755174417639742e-01 1.202761114400448150e+01 3.267703441413848486e+04
6.094892812632517476e-01 1.199370139466337370e+01 2.746870544732395138e+04
6.300743335735828898e-01 1.196153745859875706e+01 2.345372673430600116e+04
6.511612754819248172e-01 1.192800011131806848e+01 1.986066058916925249e+04
6.727600891612779410e-01 1.189744440775508849e+01 1.689325804299893571e+04
6.949001754257847496e-01 1.187483338235145602e+01 1.428746075087505960e+04
7.175225151896080789e-01 1.184882651139528953e+01 1.211776814416949856e+04
7.406977114070354418e-01 1.182626960575578501e+01 1.028891139150254639e+04
7.643853079450253496e-01 1.180345866924255560e+01 8.725052583305405278e+03
7.886292305328899133e-01 1.178526399519711099e+01 7.419526616554696375e+03
8.133554510349930711e-01 1.176170366593942873e+01 6.310277924693913519e+03
8.386014134019128541e-01 1.174278514320705824e+01 5.354249809393450960e+03
8.643301004651361419e-01 1.172572649530237854e+01 4.557998967592258850e+03
8.905415772101735739e-01 1.170687904162363502e+01 3.882169483334414053e+03
9.172070808226825411e-01 1.168853846067458768e+01 3.290731070443884164e+03
9.442994422758301809e-01 1.167475487385828359e+01 2.816535037627661495e+03
9.717939775420617599e-01 1.165771804275346391e+01 2.401387549989438867e+03
9.996438723344139854e-01 1.164779138226973210e+01 2.050658633485716564e+03
1.027838680443870389e+00 1.162844937021805869e+01 1.752486035704739152e+03
1.056351374247459507e+00 1.161659317749333198e+01 1.498244636542556236e+03
1.085126720393276178e+00 1.159738836250445360e+01 1.282761844623760226e+03
1.114118056932196899e+00 1.158347184624538073e+01 1.100319691999846555e+03
1.143311377715596544e+00 1.156560815001762599e+01 9.442786951917098577e+02
1.172640944726341283e+00 1.155034353574660422e+01 8.110205800582245956e+02
1.202083597213740251e+00 1.153306378884220074e+01 6.982469033594243228e+02
1.231571055687583849e+00 1.151623835000891027e+01 6.016677184742040936e+02
1.261073595574468076e+00 1.149939846728041815e+01 5.187836275541358191e+02
1.290550544660527876e+00 1.147970036698947993e+01 4.458094331006309403e+02
1.319936448921886774e+00 1.145931729445718616e+01 3.875866338881638740e+02
1.349190480969689299e+00 1.144018403905776005e+01 3.357534660270832774e+02
1.378258932264394332e+00 1.141793066003071822e+01 2.913865961068010506e+02
1.407093429726480327e+00 1.139559259488990151e+01 2.531642000770578420e+02
1.435661791591087644e+00 1.137246773317596649e+01 2.202482087381530960e+02
1.463908617814780433e+00 1.134780473127847955e+01 1.921493537185855871e+02
1.491769473558889114e+00 1.132219911061213402e+01 1.676869456917724506e+02
1.519240124849356111e+00 1.129506606783963818e+01 1.464002288200547355e+02
1.546234908579552814e+00 1.126735862638750874e+01 1.284913748657889414e+02
1.572733509545907404e+00 1.123881299022514035e+01 1.128099617440343962e+02
1.598688434092406130e+00 1.120789506108812716e+01 9.914028095922091666e+01
1.624057825668872468e+00 1.117640905241658622e+01 8.731989440012441150e+01
1.648803676328622236e+00 1.114341889869087332e+01 7.708402688468692077e+01
1.672907892718415779e+00 1.110823656864677211e+01 6.804657834931302318e+01
1.696312196261261729e+00 1.107314508225412020e+01 6.006395509977978264e+01
1.719008593702060717e+00 1.103592867012954848e+01 5.346253794507009616e+01
1.740947192433376145e+00 1.099761254022579848e+01 4.752635896309818975e+01
1.762118197297448452e+00 1.095864491712795186e+01 4.211606822664671768e+01
1.782499769026189673e+00 1.091824017328986862e+01 3.769935625029646076e+01
1.802064555452060457e+00 1.087617895583986893e+01 3.369240703084971500e+01
1.820792459765094851e+00 1.083315585461618014e+01 3.016017083797376230e+01
1.838668570929011592e+00 1.078821657041697080e+01 2.697199767169075457e+01
1.855687864455697555e+00 1.074278705912201914e+01 2.422324838155102356e+01
1.871833386995357618e+00 1.069703442529194248e+01 2.181368662385107626e+01
1.887101323055855762e+00 1.064895710034283383e+01 1.972535080793904783e+01
1.901479794949643143e+00 1.060069570005429895e+01 1.777563356641331893e+01
1.914980725201865130e+00 1.055083214627227939e+01 1.613836152876647390e+01
1.927590528274944148e+00 1.050111889050928404e+01 1.463898260831838627e+01
1.939313273765901124e+00 1.044962377678291787e+01 1.331134767940577923e+01
1.950156564666519987e+00 1.039753263959012664e+01 1.208315654844856901e+01
1.960110768040852269e+00 1.034508160545197697e+01 1.102316632329313784e+01
1.969116126055103777e+00 1.029110495265867264e+01 1.010885890129964615e+01
1.977107063407805176e+00 1.023710008490069079e+01 9.267727008117670806e+00
1.984004908469960915e+00 1.018269280996786108e+01 8.525871940431786200e+00
1.989736538793131171e+00 1.012810262016662044e+01 7.847821433415406389e+00
1.994206977758659072e+00 1.007344382479551470e+01 7.291610215261234984e+00
1.997380066265179943e+00 1.001769581549736898e+01 6.769982045723560660e+00
1.999122633764921941e+00 9.962180582039286136e+00 6.331827281608485514e+00
1.999370893862831178e+00 9.907169418173836561e+00 5.965980173623504079e+00
1.997983330692586268e+00 9.853629765617220926e+00 5.640736397900062649e+00
1.994811430696188159e+00 9.801959780812584455e+00 5.388468760400474622e+00
1.989717942124573202e+00 9.753661193286049524e+00 5.222260599773218104e+00
1.982846349247712414e+00 9.714277837125491644e+00 5.122229367516725418e+00
1.973549270398108346e+00 9.672181653438919113e+00 5.069403018061608535e+00
1.962741903454101600e+00 9.626352334661410381e+00 5.037143843209912930e+00
