2.191799393479931801e-01 1.550982551689759603e+01 3.683552447462830693e+06
2.273291461056493878e-01 1.520242341674338959e+01 3.093862980019025505e+06
2.358280551483154241e-01 1.492308512614611082e+01 2.584690628133396618e+06
2.446936926659208644e-01 1.466367615677880032e+01 2.173210639167686459e+06
2.539164631949223372e-01 1.440999201229067062e+01 1.814527871289692353e+06
2.635177317858743984e-01 1.419876615823899790e+01 1.519406686399335740e+06
2.735066287668166396e-01 1.399352802961252529e+01 1.273231869480442721e+06
2.838917610366273880e-01 1.380694787271887414e+01 1.066944656905011041e+06
2.946737314642740579e-01 1.363639407916302737e+01 8.969043487989703426e+05
3.058671429194178004e-01 1.348211283898810642e+01 7.506937933655137895e+05
3.175033433714680720e-01 1.333241762457134882e+01 6.312236200371095911e+05
3.295171569387349564e-01 1.320212474110545386e+01 5.284172822819617577e+05
3.419890855413193487e-01 1.307537142528738983e+01 4.402492369146394194e+05
3.548964032962889092e-01 1.295728299882375012e+01 3.731813658080148161e+05
3.682418028423357637e-01 1.285432677284831193e+01 3.134611003764786292e+05
3.820620247695308280e-01 1.275821784693779470e+01 2.631485476102617104e+05
3.963144610139805457e-01 1.266605217910989722e+01 2.214591778042834194e+05
4.110519388081753100e-01 1.258316123880070414e+01 1.862339156482497347e+05
4.262152964315157888e-01 1.250740248455021053e+01 1.568334957334533101e+05
4.418465049687763102e-01 1.244002237005514999e+01 1.320011736749803531e+05
4.579682240913480196e-01 1.237483745270106184e+01 1.112926285479128128e+05
4.745563819819402784e-01 1.231271512906454824e+01 9.416667452562156541e+04
4.915959620523797091e-01 1.225872568860191336e+01 7.939117176897426543e+04
5.090939384347141772e-01 1.220816771716839355e+01 6.700621891022348427e+04
5.270652911869101453e-01 1.216092789925484574e+01 5.663881604815716128e+04
5.454994346541152117e-01 1.211522590992438886e+01 4.786325628974963183e+04
5.643965520045327589e-01 1.207486496148285937e+01 4.047919857784382475e+04
5.836967417532121782e-01 1.203665503177204954e+01 3.429833463769769878e+04
6.034890193426324378e-01 1.200277417918643330e+01 2.907016969896351293e+04
6.236955665904450052e-01 1.197046441412925688e+01 2.464744922054540802e+04
6.444096791409402725e-01 1.193800952766179080e+01 2.074798430588828705e+04
6.656486436363262538e-01 1.191005220966345313e+01 1.779444888270889714e+04
6.873543333961759094e-01 1.188324813377312594e+01 1.511460869284529144e+04
7.096127704672580139e-01 1.185572313414247247e+01 1.283555484096333021e+04
7.323988771070423232e-01 1.183373699656242195e+01 1.089653020455826299e+04
7.556999540935001036e-01 1.181185748108526923e+01 9.188128510915876177e+03
7.795384653367815053e-01 1.178994612373281647e+01 7.882252449502077070e+03
8.038983287279778400e-01 1.177165989814867686e+01 6.704402322030704454e+03
8.287754663867334948e-01 1.175139476515075110e+01 5.704962999631909952e+03
8.541380753304584905e-01 1.173213199963410602e+01 4.863204052416560444e+03
8.800154184441026928e-01 1.171360968287848259e+01 4.145619378141661400e+03
9.063352074007229309e-01 1.169897973568535754e+01 3.531597281030522481e+03
9.330939490871891229e-01 1.168352445120644489e+01 3.008070490757475909e+03
9.602840794309390748e-01 1.166755317143491588e+01 2.571003959568740356e+03
9.878559235055625054e-01 1.165191228778831167e+01 2.197881865047021620e+03
1.015787984829222834e+00 1.164214100896704274e+01 1.878758590417326332e+03
1.044066750994473214e+00 1.162595558971599452e+01 1.606868916146998799e+03
1.072623912813986946e+00 1.160908739094387698e+01 1.377414526522803499e+03
1.101446340374305111e+00 1.159396435624376309e+01 1.181263151629506183e+03
1.130468564421138744e+00 1.157864830850969895e+01 1.014481904706801970e+03
1.159681795107873503e+00 1.156387972334051639e+01 8.716546992574714068e+02
1.189021118392820320e+00 1.154759438706321006e+01 7.505071191238179154e+02
1.218459108589663664e+00 1.153558620179432204e+01 6.423533278885249729e+02
1.247947430464234175e+00 1.151582016049058410e+01 5.577305466905467028e+02
1.277428487593331052e+00 1.149764257977150805e+01 4.816480142649065215e+02
1.306865177257105382e+00 1.148211947698962909e+01 4.175215463699517500e+02
1.336213511304865431e+00 1.146013127980981672e+01 3.591220950222460147e+02
1.365413111263506618e+00 1.144092939525059194e+01 3.133522389884012114e+02
1.394406797294607259e+00 1.142042530901773034e+01 2.723387153769554629e+02
1.423180346514598016e+00 1.140172383414025603e+01 2.370175041813451173e+02
1.451667165538084392e+00 1.137618842566381794e+01 2.067385410052781936e+02
1.479836606878837113e+00 1.135341890262692210e+01 1.803450729816092348e+02
1.507609254620581707e+00 1.132890962625608644e+01 1.568858778985301399e+02
1.534973644952071448e+00 1.130089390857136600e+01 1.381169261506163650e+02
1.561864170346957570e+00 1.127344355425794475e+01 1.209226516287089481e+02
1.588260121254579715e+00 1.124469597236116059e+01 1.064574981579494448e+02
1.614102446522599488e+00 1.121524180656355618e+01 9.335906210003417982e+01
1.639358737868189086e+00 1.118376348240155593e+01 8.266995798605407231e+01
1.663992407936057960e+00 1.115139452619616023e+01 7.302707500797016849e+01
1.687977648627644545e+00 1.111824982738306744e+01 6.462470700034361926e+01
1.711274475703811415e+00 1.108246359928278579e+01 5.728927646039446131e+01
1.733859843923926780e+00 1.104639369550513983e+01 5.067573019920013877e+01
1.755688870078267572e+00 1.100912862802467274e+01 4.526085495483609833e+01
1.776761342376945496e+00 1.097078862590231196e+01 4.033575927792623617e+01
1.797036688358381262e+00 1.093096828062856929e+01 3.601662017615564793e+01
1.816494725474013361e+00 1.089012163502406594e+01 3.221175566032533766e+01
1.835135746251629785e+00 1.084717656663939067e+01 2.888900825498884117e+01
1.852924800498222169e+00 1.080344977973854625e+01 2.593440834664776418e+01
1.869861574597073473e+00 1.075986230950132416e+01 2.332609724156119668e+01
1.885935412621808638e+00 1.071363747910323205e+01 2.103173987979855752e+01
1.901137004585966572e+00 1.066708041916768579e+01 1.897928324169657799e+01
1.915462403021612747e+00 1.061934930914896391e+01 1.711752616863538989e+01
1.928908600264664708e+00 1.057093704467657780e+01 1.556422689023940187e+01
1.941475951105239739e+00 1.052138589794705048e+01 1.408545003900129089e+01
1.953166440987352370e+00 1.047122591892524390e+01 1.285889211896404305e+01
1.963986183027514043e+00 1.041983973748902237e+01 1.169425549540146037e+01
1.973939554823400666e+00 1.036798704043824060e+01 1.066981864670257529e+01
1.983036810930032701e+00 1.031549433194203402e+01 9.787409235455820422e+00
1.991283710668573903e+00 1.026215118958148231e+01 8.972187103846090750e+00
1.998706107488105621e+00 1.020795185993598331e+01 8.218615633057567038e+00
2.005302480258964959e+00 1.015316984386796939e+01 7.581900732732338888e+00
2.011090932075296767e+00 1.009823235458330970e+01 6.968140449917755497e+00
2.016075973339339189e+00 1.004333591653030666e+01 6.454856970179258191e+00
2.020209258953508780e+00 9.987824019819010246e+00 5.979453277982959669e+00
2.023334405228165433e+00 9.931908332714304066e+00 5.538914020993654042e+00
2.025228482446336020e+00 9.877318970864779502e+00 5.186514216855210080e+00
2.025246654283580749e+00 9.827106074334315267e+00 4.886960203635752897e+00
2.021409369751706819e+00 9.787381959463143488e+00 4.746205531721377824e+00
2.014775804832429795e+00 9.748483051256581433e+00 4.670139218845127616e+00
2.006437425699738597e+00 9.710472344356533725e+00 4.624272167618980411e+00
