2.191799393479931801e-01 1.550982551689759603e+01 3.683552447462830693e+06
2.266201242492195955e-01 1.522871275505479360e+01 3.144640443611599039e+06
2.343456703622364690e-01 1.496204702008971843e+01 2.672583017756330315e+06
2.423827246108090361e-01 1.472349874827269289e+01 2.271035769585008733e+06
2.507139641949365227e-01 1.449305963108712270e+01 1.908921822943236912e+06
2.593540616413825828e-01 1.428311339979780925e+01 1.641101036988337291e+06
2.683189604433187658e-01 1.410955519259680990e+01 1.402349188908913638e+06
2.776097719851609025e-01 1.391891858470175158e+01 1.189795956271401607e+06
2.872355582104306748e-01 1.374602890816571588e+01 1.010452581242480548e+06
2.971892945816276277e-01 1.359987139600594119e+01 8.597587368085032795e+05
3.074951784024064771e-01 1.345706315036017209e+01 7.256296892516422085e+05
3.181566614983698527e-01 1.332426889470866627e+01 6.243595272961994633e+05
3.291604954637658564e-01 1.320135141215710206e+01 5.317398304212451912e+05
3.405333647522309493e-01 1.308720221473807399e+01 4.527191301566308830e+05
3.522665806668385247e-01 1.297850722937870138e+01 3.870027909376567113e+05
3.643938857435703449e-01 1.288337845044960517e+01 3.300697106632435462e+05
3.768572343188041351e-01 1.279216303158326795e+01 2.813806884641658980e+05
3.897212279927673162e-01 1.270702111558536807e+01 2.396206134160771326e+05
4.029913901486787964e-01 1.262662566778265472e+01 2.046880744840528641e+05
4.166022737923990027e-01 1.255502557317027623e+01 1.747210581816978811e+05
4.306157110706406166e-01 1.248804570867321928e+01 1.496266135936890787e+05
4.450407114598257663e-01 1.242612928463604050e+01 1.276767677234505827e+05
4.598479379459574634e-01 1.236780990968757621e+01 1.080826771199851792e+05
4.750218563216966894e-01 1.231235090704493906e+01 9.368917834947875235e+04
4.905953733129824190e-01 1.226166513990901130e+01 8.011301851248875028e+04
5.065469601020752277e-01 1.221400130244702353e+01 6.868995687613516930e+04
5.228984372745689724e-01 1.217096337380148263e+01 5.878619728275849775e+04
5.396358590313897752e-01 1.213041727219905219e+01 5.050397812874495139e+04
5.567607069468962777e-01 1.209169205568258043e+01 4.324721382903950143e+04
5.742367392516992686e-01 1.205648378859671155e+01 3.720538729993814195e+04
5.920900312871951732e-01 1.202117828418624335e+01 3.197569081542945059e+04
6.103245003354361709e-01 1.199247086988375877e+01 2.745891512574030276e+04
6.289517141861001859e-01 1.196504212418922819e+01 2.364666696171168951e+04
6.479962807346786313e-01 1.193395406780809154e+01 2.035317701834485706e+04
6.674775321888480883e-01 1.190731149133862488e+01 1.737111465199770828e+04
6.873770912507397579e-01 1.188165206500582549e+01 1.509936904520876487e+04
7.077345782043584776e-01 1.186116331189454165e+01 1.288752502960769198e+04
7.285347967385218393e-01 1.183910689896900159e+01 1.121326006290065743e+04
7.498023658145589465e-01 1.181766958067442452e+01 9.657385687406238503e+03
7.715125506407579659e-01 1.179844352679044128e+01 8.320407462517923705e+03
7.936713632219628556e-01 1.177889209162492534e+01 7.110324455789675085e+03
8.162585033663505296e-01 1.176130664530754188e+01 6.194500431970006503e+03
8.392873973964711798e-01 1.174463176826042421e+01 5.345139468007231699e+03
8.627698954538423060e-01 1.172897305432225501e+01 4.607264810959546594e+03
8.866310950464713070e-01 1.171374985744961172e+01 3.984617751618598049e+03
9.109182322185145342e-01 1.169667044300835812e+01 3.440675742802211971e+03
9.355682630647049747e-01 1.168224131452377890e+01 2.973355485083084204e+03
9.605847701836509600e-01 1.167090521178020701e+01 2.571651653903481929e+03
9.859405122821376377e-01 1.165703113137556102e+01 2.224087299884053664e+03
1.011614346258765229e+00 1.164422334783885304e+01 1.927008255186970700e+03
1.037583340060419745e+00 1.163028930377508274e+01 1.670156059239682691e+03
1.063821207796272095e+00 1.161896718224228131e+01 1.449944733791485305e+03
1.090298396574244544e+00 1.160486740783192161e+01 1.259724486482351722e+03
1.116983020499968893e+00 1.159468784918305140e+01 1.092826303604162376e+03
1.143831223929854923e+00 1.157881298007171011e+01 9.449092210348892422e+02
1.170834221529197805e+00 1.156569060538580729e+01 8.279500116455865282e+02
1.197956738151485734e+00 1.155548424049066192e+01 7.210061905043527304e+02
1.225141245422102232e+00 1.153731938139112501e+01 6.285765223670169917e+02
1.252381222489684198e+00 1.152550958810534887e+01 5.496944804384448844e+02
1.279627093669645888e+00 1.150854735376793947e+01 4.806015660340285081e+02
1.306845659313615959e+00 1.149086752357942132e+01 4.208248261168091631e+02
1.333994743533559513e+00 1.147838191968410371e+01 3.686308710997491289e+02
1.361037808530894955e+00 1.145858851713363791e+01 3.232907003593531954e+02
1.387944902098017907e+00 1.144049034310897994e+01 2.840659988314656630e+02
1.414655931629922092e+00 1.142310570428769090e+01 2.499470119523507776e+02
1.441167889249500567e+00 1.140209718835960295e+01 2.202157104100369907e+02
1.467386427274983918e+00 1.138076061569417163e+01 1.932672657690594349e+02
1.493295949637217790e+00 1.136066696816694588e+01 1.714991267631159246e+02
1.518787055898897620e+00 1.133757875848961838e+01 1.516595621153214495e+02
1.543839409172567345e+00 1.131350160215535539e+01 1.345353495978253591e+02
1.568379899286629131e+00 1.128948514964873517e+01 1.195524470841875200e+02
1.592392752046772442e+00 1.126354927661994410e+01 1.062782265730902367e+02
1.615792754321538238e+00 1.123692062532145464e+01 9.428147684290796349e+01
1.638559621715052650e+00 1.120814261480237484e+01 8.454700522749764957e+01
1.660650983383357593e+00 1.117916408713872300e+01 7.567282941868585056e+01
1.682044035535664950e+00 1.114796624584282192e+01 6.754762430464785439e+01
1.702702142536208552e+00 1.111629481303240219e+01 6.058806079398408428e+01
1.722595226252766620e+00 1.108339939724837997e+01 5.475738411074203782e+01
1.741699280853222787e+00 1.104926383323505945e+01 4.934641653510931292e+01
1.759988788271030113e+00 1.101304121527035740e+01 4.459610153487106743e+01
1.777468721874207791e+00 1.097699203432532578e+01 4.035400047412065305e+01
1.794095975729783854e+00 1.093847358562983985e+01 3.659294325839771034e+01
1.809902505988346455e+00 1.089913461099457059e+01 3.325249859839124156e+01
1.824840084399429907e+00 1.085804359455384116e+01 3.014023695447076534e+01
1.838919186210121959e+00 1.081643713147687258e+01 2.758086230011113216e+01
1.852151736135472460e+00 1.077292797985949591e+01 2.520120719239692875e+01
1.864523237759260432e+00 1.072937191499755727e+01 2.306780436891607522e+01
1.876039150597632155e+00 1.068410192582431861e+01 2.116011840012296119e+01
1.886698092882382438e+00 1.063775875129573478e+01 1.943112503267085600e+01
1.896448035145149369e+00 1.059141721083959986e+01 1.788911638548069405e+01
1.905214703354234151e+00 1.054346447735533054e+01 1.646512087283398884e+01
1.912923899801151739e+00 1.049437757391974024e+01 1.529719306340186336e+01
1.919493237551072706e+00 1.044517633208995377e+01 1.416064179330142636e+01
1.924846366984779955e+00 1.039570396125504459e+01 1.320211517081106223e+01
1.928883594134864321e+00 1.034570108676822464e+01 1.239433637378480846e+01
1.931528899594074478e+00 1.029555595584001715e+01 1.162859539046959334e+01
1.932597746182234122e+00 1.024578187303207422e+01 1.103687102060098901e+01
1.931955263956766533e+00 1.019698967510019649e+01 1.048609336986762308e+01
1.929234190188906739e+00 1.015297336485275359e+01 1.016238692953677614e+01
1.924437254014532916e+00 1.012101294008207830e+01 9.978695267781102274e+00
