2.383731302914612049e-01 1.510646317623783297e+01 2.423116349867075216e+06
2.522139162680080982e-01 1.469770860441376570e+01 1.847353416492372518e+06
2.666475174065187637e-01 1.434512153327103867e+01 1.415923007009884110e+06
2.816765662881323129e-01 1.403943650886042072e+01 1.090771266781920567e+06
2.973035616317528662e-01 1.377320677976793739e+01 8.442562567134945421e+05
3.135302323170711669e-01 1.354044281636902625e+01 6.564189641405032016e+05
3.303583685158129057e-01 1.333622102550484279e+01 5.125315691519370885e+05
3.477890799133585009e-01 1.315647968208872065e+01 4.018317414010056527e+05
3.658220096363219431e-01 1.299783529523197600e+01 3.162606993048381410e+05
3.844572373030394341e-01 1.285744195430040016e+01 2.498295188421376515e+05
4.036927339483021293e-01 1.273289656476687526e+01 1.980568376856402028e+05
4.235259592479175828e-01 1.262216024578760099e+01 1.575481442363557580e+05
4.439531038454353484e-01 1.252347712608789720e+01 1.257330028259979299e+05
4.649691639231560147e-01 1.243532497076754595e+01 1.006581345874411345e+05
4.865680031098345570e-01 1.235639780812761224e+01 8.082662896224430006e+04
5.087406573991226644e-01 1.228554621911649036e+01 6.509310272797906509e+04
5.314776769296478687e-01 1.222175650562264337e+01 5.257042619675897731e+04
5.547670879385562248e-01 1.216414239027426625e+01 4.257307872703386238e+04
5.785972237281853392e-01 1.211192359203155178e+01 3.456832100351536792e+04
6.029548687335827273e-01 1.206437924125775751e+01 2.814044626947290453e+04
6.278614486420208696e-01 1.202090310372905435e+01 2.295894926690538341e+04
6.533444442322989820e-01 1.198101480606837477e+01 1.876774438069409734e+04
6.794216290914145695e-01 1.194433546833533732e+01 1.536843512309490143e+04
7.061024082037375971e-01 1.191053971741641071e+01 1.260518257883795741e+04
7.333903784435765738e-01 1.187934146544900393e+01 1.035483055275970219e+04
7.612819779595786374e-01 1.185047854023608771e+01 8.519257476851744286e+03
7.897676423941931700e-01 1.182369883746477690e+01 7.019776469374693079e+03
8.188334967679660181e-01 1.179876743800277694e+01 5.792935419053917940e+03
8.484609369651220367e-01 1.177545700357079284e+01 4.787809567670605247e+03
8.786266766530081984e-01 1.175355034573100532e+01 3.963291156836908158e+03
9.093039750818111555e-01 1.173283040240334252e+01 3.285892896912323522e+03
9.404617461747214469e-01 1.171309258586926560e+01 2.728643051562058190e+03
9.720663348262266190e-01 1.169414002332766422e+01 2.269583195677090771e+03
1.004079618644339922e+00 1.167577576937513228e+01 1.890861996778257662e+03
1.036461919215455385e+00 1.165781373925457487e+01 1.577970295110176039e+03
1.069169161815101354e+00 1.164007081441201841e+01 1.319069278359926329e+03
1.102157026709259524e+00 1.162237973069710506e+01 1.104542734549049783e+03
1.135377337577004431e+00 1.160457253843410719e+01 9.264944430225422138e+02
1.168776068199681051e+00 1.158648774445432394e+01 7.785163788010293047e+02
1.202283630173724527e+00 1.156796261197511733e+01 6.553811610739506932e+02
1.235816685576383245e+00 1.154880911174122993e+01 5.527854252041940981e+02
1.269298306518910069e+00 1.152884945858641608e+01 4.671921232306261800e+02
1.302646390055695047e+00 1.150790221446734307e+01 3.956667306548645797e+02
1.335785390625083169e+00 1.148579570379879478e+01 3.357952112627200449e+02
1.368637570916564128e+00 1.146236778426376546e+01 2.855915238356677150e+02
1.401126561510704027e+00 1.143746268050372628e+01 2.434118047458547949e+02
1.433179595470712275e+00 1.141094121214687718e+01 2.079095478420320831e+02
1.464724994368152400e+00 1.138267575770254325e+01 1.779666982470506298e+02
1.495693034480398032e+00 1.135255063588113877e+01 1.526640782491109007e+02
1.526014066399810964e+00 1.132044611838200865e+01 1.312372612083050001e+02
1.555627250457164212e+00 1.128629078066544089e+01 1.130597893273327088e+02
1.584465631038726618e+00 1.124998552378554173e+01 9.760677234661926605e+01
1.612472907092523888e+00 1.121147551807067977e+01 8.444303050226508844e+01
1.639586878959204519e+00 1.117068127557222290e+01 7.320774582980479295e+01
1.665756391814221082e+00 1.112756819246786755e+01 6.360012848545403585e+01
1.690930678956216626e+00 1.108210129013785661e+01 5.536853035505534137e+01
1.715058173482412185e+00 1.103423811470092808e+01 4.830207506814699769e+01
1.738093693163559550e+00 1.098396131961279387e+01 4.222366819046649056e+01
1.759998547345275721e+00 1.093127888127804859e+01 3.698642797073934929e+01
1.780731237644995968e+00 1.087617177081225606e+01 3.246503715431758508e+01
1.800257726428648564e+00 1.081865999881933504e+01 2.855456134963287695e+01
1.818546117734819667e+00 1.075875666648561690e+01 2.516668042469142463e+01
1.835568290709928441e+00 1.069648557876194950e+01 2.222619865214610257e+01
1.851300173651445835e+00 1.063188653234366221e+01 1.966956116266252863e+01
1.865721382065764100e+00 1.056499887198085297e+01 1.744300526652206784e+01
1.878814498150063850e+00 1.049587108461352614e+01 1.550045953361890128e+01
1.890565871709104728e+00 1.042456341553402588e+01 1.380282824002495268e+01
1.900910807037642813e+00 1.035120633613120411e+01 1.232038831635472320e+01
1.909662896812454491e+00 1.027592243386044935e+01 1.103207305076872657e+01
1.916554905719631385e+00 1.019872247694805090e+01 9.919349691900498200e+00
1.921237278219322331e+00 1.011959527256789748e+01 8.967807918765570818e+00
1.923207890427142353e+00 1.003860280071827127e+01 8.168570535370674790e+00
