2.191799393479931801e-01 1.550982551689759603e+01 3.683552447462830693e+06
2.285808541524532445e-01 1.517227841624847606e+01 3.021909891220192425e+06
2.384219380031239177e-01 1.484820766649554535e+01 2.467641245014596730e+06
2.487571830682393514e-01 1.457325837085839915e+01 2.013758894592286786e+06
2.595763295750844191e-01 1.428124894046673177e+01 1.631808120979056461e+06
2.709003788831730875e-01 1.404301078098211875e+01 1.332368425709243631e+06
2.827440634694068922e-01 1.383019333353303004e+01 1.090729764170622919e+06
2.951097754202035017e-01 1.363097121056064864e+01 8.884533741313177161e+05
3.080214841113214641e-01 1.345446433883160076e+01 7.258837279987945221e+05
3.214889031834438082e-01 1.328954309938835010e+01 5.944766173965841299e+05
3.355137967930568732e-01 1.313665802285077078e+01 4.860457268314274261e+05
3.501199372395808473e-01 1.300240401881846886e+01 3.937658911845301627e+05
3.653146382377410739e-01 1.286851640589737045e+01 3.225294978768495494e+05
3.811016057597288453e-01 1.276138428063915420e+01 2.664174049631054513e+05
3.974825641965443745e-01 1.265921340680115037e+01 2.182021680989056767e+05
4.144471148037533470e-01 1.255838229772889392e+01 1.796948628572946764e+05
4.320479040709062635e-01 1.247979909954502986e+01 1.470941239988530288e+05
4.502745848228502656e-01 1.240331425268377608e+01 1.207890191429139813e+05
4.691031898365941033e-01 1.233080757839842789e+01 9.921285659978199692e+04
4.885463622883031154e-01 1.226631912497676424e+01 8.167471669445307634e+04
5.085826484302656825e-01 1.220721921648014963e+01 6.739883682920083811e+04
5.292481920650520255e-01 1.215553912777683543e+01 5.547750897649965918e+04
5.505229716882246160e-01 1.210582177229513512e+01 4.582457968718347547e+04
5.723793750283309167e-01 1.205985892382388514e+01 3.737652527984912012e+04
5.948333085616409610e-01 1.201799614807271155e+01 3.123094850508697346e+04
6.178634732863469425e-01 1.197833372090893711e+01 2.560431435646252430e+04
6.415509657243478880e-01 1.194416341625327149e+01 2.142996596211416181e+04
6.659286859781615719e-01 1.190964951596698462e+01 1.761945592802352621e+04
6.909710850237537061e-01 1.187972786650850132e+01 1.469265412655598629e+04
7.167488829353031443e-01 1.184933919270617686e+01 1.219723981864756388e+04
7.432516057793039366e-01 1.182417812817940472e+01 1.010875640811761696e+04
7.704597069485605854e-01 1.179769935905422074e+01 8.390195756374534540e+03
7.984222859936930261e-01 1.177753937455041822e+01 6.960909836933147744e+03
8.270805921584361009e-01 1.175385338454415063e+01 5.774370506616101011e+03
8.564217664854084644e-01 1.173433256967853744e+01 4.799066249667806005e+03
8.864654175131111424e-01 1.171448277585710684e+01 3.988762606160596079e+03
9.171335624041392354e-01 1.169613590689195881e+01 3.318302960828561936e+03
9.484181598440765137e-01 1.167730040900226740e+01 2.763138413587125342e+03
9.802774008046832854e-01 1.166288499183099603e+01 2.302330554603322071e+03
1.012658635817084818e+00 1.164647245018524480e+01 1.920047310227539583e+03
1.045502578864410115e+00 1.163041176420777845e+01 1.604428933706155476e+03
1.078788643210460307e+00 1.161901172369778656e+01 1.341716033006917996e+03
1.112438119582764839e+00 1.159867746935819355e+01 1.122942094453100026e+03
1.146379206649219773e+00 1.158334565376696190e+01 9.417981103536332057e+02
1.180567601452712889e+00 1.156776541725941421e+01 7.912092061970367922e+02
1.214950655835672855e+00 1.155295780047321941e+01 6.651742470623631789e+02
1.249426046268428347e+00 1.153514809697567500e+01 5.570954348482867999e+02
1.283920068130708581e+00 1.151217601183667938e+01 4.705655497192831831e+02
1.318382004546682529e+00 1.149296810823882886e+01 4.010594936103219652e+02
1.352737732177801577e+00 1.147327410681138105e+01 3.371955380499333614e+02
1.386897900036407894e+00 1.145241474319319330e+01 2.880548236354463825e+02
1.420779604371412042e+00 1.143000790134825984e+01 2.436522258836403694e+02
1.454345126043246061e+00 1.140396836765517641e+01 2.089872957891387557e+02
1.487488344883257430e+00 1.137920867887168974e+01 1.785151506130333416e+02
1.520145446819320290e+00 1.135250648328289458e+01 1.528663508306247536e+02
1.552246782605444020e+00 1.132372228590330288e+01 1.310700134558071284e+02
1.583718720393836321e+00 1.129545919658664843e+01 1.126503332462721971e+02
1.614515933586423424e+00 1.126127757887836900e+01 9.712607245023569646e+01
1.644550214667201748e+00 1.122811638083620878e+01 8.390882103420499050e+01
1.673776033066088020e+00 1.119260797097978610e+01 7.266638469328081840e+01
1.702144439814976318e+00 1.115565076422937985e+01 6.275219933722276267e+01
1.729587441923527091e+00 1.111685015154788658e+01 5.485613520873612003e+01
1.756072982190305831e+00 1.107668557591759395e+01 4.785174829637907834e+01
1.781540924867330400e+00 1.103484225888533921e+01 4.177920126671789802e+01
1.805980794248676080e+00 1.099140422895731817e+01 3.662051050295814747e+01
1.829329836634013384e+00 1.094582293357106018e+01 3.217922896628748219e+01
1.851577652479672098e+00 1.089863554321637906e+01 2.834326724441914536e+01
1.872687725426510408e+00 1.085026715365560612e+01 2.501907305502385981e+01
1.892647034756395286e+00 1.080036922335211713e+01 2.214617384126836441e+01
1.911444867754585886e+00 1.074882765281855157e+01 1.959988145003580229e+01
1.929059884324439311e+00 1.069603144822126417e+01 1.747036702907713135e+01
1.945497084959340039e+00 1.064194297963150682e+01 1.553076488641372599e+01
1.960753665158794457e+00 1.058705127595807660e+01 1.392502024306213215e+01
1.974821356969064690e+00 1.053036447075071003e+01 1.247638335237311047e+01
1.987713419375773949e+00 1.047321147875537939e+01 1.117783437530921198e+01
1.999437408581901554e+00 1.041304854371750999e+01 1.009472884968912787e+01
2.010008408573030092e+00 1.035386883451872286e+01 9.120793376498742333e+00
2.019446761679724034e+00 1.029314037658961034e+01 8.251978055911969534e+00
2.027766175332518461e+00 1.023158301919101909e+01 7.491464724134949016e+00
2.034958150329115867e+00 1.016975695649713884e+01 6.806585229094743283e+00
2.041007947615559814e+00 1.010722425672856062e+01 6.206628961202805606e+00
2.045921637744064103e+00 1.004407279965209554e+01 5.695530343256608674e+00
2.049664830542469396e+00 9.980058306428746917e+00 5.231096540947731910e+00
2.052264105116107018e+00 9.916235548180203807e+00 4.819126587288462105e+00
2.053714375939762693e+00 9.851902461560639424e+00 4.455004237630143749e+00
2.054028681696398184e+00 9.787943704801737255e+00 4.132321363028023775e+00
2.053238705590395785e+00 9.723808454717808303e+00 3.841365045571274894e+00
2.051354667410972610e+00 9.659385134739016721e+00 3.595165090110180817e+00
2.048410043548656745e+00 9.594968836843573712e+00 3.371387132125720054e+00
2.044459195198932377e+00 9.530450704028982756e+00 3.166150172014158048e+00
2.039523086763279203e+00 9.466219226000303522e+00 2.989313901713736676e+00
2.033641697682430749e+00 9.402347709461800207e+00 2.832758224506298106e+00
2.026884611687087112e+00 9.339121204038098867e+00 2.698035469590580604e+00
2.019282978189073763e+00 9.275532753187693658e+00 2.575014462063084153e+00
2.010895968229602371e+00 9.213359535258261346e+00 2.469700594122265613e+00
2.001773304529891107e+00 9.151253148748192956e+00 2.379776798959007511e+00
1.991970149177904714e+00 9.089725980671840233e+00 2.293370475704362477e+00
1.981528808712847978e+00 9.029331185380243596e+00 2.225945796485326422e+00
1.970519970023832945e+00 8.969709580270455618e+00 2.162073987000746378e+00
1.959047672769679060e+00 8.911428425359787298e+00 2.103658070145649095e+00
