2.191799393479931801e-01 1.550982551689759603e+01 3.683552447462830693e+06
2.278555784709474508e-01 1.521304081216707438e+01 3.083069785576209892e+06
2.369340814449103771e-01 1.488680464182781016e+01 2.501188881169825327e+06
2.464082236294060924e-01 1.460692689290433677e+01 2.093384065599641530e+06
2.563014649495051200e-01 1.436334079107282236e+01 1.732117277211909648e+06
2.666250480054376815e-01 1.412826200241439878e+01 1.439036096266708104e+06
2.773882812875974602e-01 1.392124157551624641e+01 1.192397942707067356e+06
2.886023716530791705e-01 1.373192569011985853e+01 9.870288283650252270e+05
3.002729306326418213e-01 1.355390664316653826e+01 8.206407066087236162e+05
3.124003959621646231e-01 1.338955409524551143e+01 6.800727047131515574e+05
3.250166043398198812e-01 1.323985020639319110e+01 5.643901091674623312e+05
3.381133854018631424e-01 1.311212333367649130e+01 4.685914383410527953e+05
3.517082365766557861e-01 1.298938555234051506e+01 3.890130354095149669e+05
3.658039598669580728e-01 1.287363909377695848e+01 3.233659570990402717e+05
3.804016994967105991e-01 1.276699613763213215e+01 2.683024913074909709e+05
3.955264833182709494e-01 1.267036092040809869e+01 2.236450713796836499e+05
4.111605917810923772e-01 1.258262001314877665e+01 1.862903726795885304e+05
4.273176497285411934e-01 1.250221603288525074e+01 1.549413099452034803e+05
4.440146304679158940e-01 1.242783163776973332e+01 1.291733163204864977e+05
4.612289323718572476e-01 1.236104862032197715e+01 1.078014096649272542e+05
4.789590214949300262e-01 1.229775604644351361e+01 8.987361983113856695e+04
4.972096358099516444e-01 1.223999916470634020e+01 7.526815607345753233e+04
5.159925676267520522e-01 1.218946506227872284e+01 6.276125991503019031e+04
5.353037726216787195e-01 1.213985927119909114e+01 5.252987686966700858e+04
5.551363535171822683e-01 1.209576061790776080e+01 4.392148290594903665e+04
5.754537486716947425e-01 1.205374507927400884e+01 3.675913875941390143e+04
5.962838816868077929e-01 1.201411021895896170e+01 3.087209998933448878e+04
6.176243372375511687e-01 1.197979589554591939e+01 2.591499470471646418e+04
6.395260470103378836e-01 1.194456091430715183e+01 2.175379470670488081e+04
6.620061710952493961e-01 1.191481528971923609e+01 1.827707856829831508e+04
6.850884927109385236e-01 1.188560453962200825e+01 1.536003029752191651e+04
7.087966561037960522e-01 1.186072215711831923e+01 1.289725932786051999e+04
7.331265502795082378e-01 1.183470646832379991e+01 1.085054336385924580e+04
7.580946686202227891e-01 1.181038932432100808e+01 9.133797307196069596e+03
7.836753634466536722e-01 1.178727462423143102e+01 7.637662563035773019e+03
8.098948090751501017e-01 1.176741914809253942e+01 6.455674899992669452e+03
8.367453763407886047e-01 1.174877117982000385e+01 5.430909765287344271e+03
8.641783228615582679e-01 1.173035558212184881e+01 4.576515216583246001e+03
8.922034761913800738e-01 1.171376189271461499e+01 3.824533123725041605e+03
9.207936975345482056e-01 1.169648517422285394e+01 3.247524386612460603e+03
9.499146385577581508e-01 1.168034559290849472e+01 2.741258143500890128e+03
9.795309648619622278e-01 1.166569999060610918e+01 2.298718117905256804e+03
1.009618659578001232e+00 1.165096659017523173e+01 1.956427647452949486e+03
1.040122496344296765e+00 1.163641880800100736e+01 1.655783149098656395e+03
1.071028581930453027e+00 1.162566888282573174e+01 1.400933629527950188e+03
1.102269139289470568e+00 1.160783680662684780e+01 1.188667449786435327e+03
1.133798251721075623e+00 1.159307830125962013e+01 1.008939814712946372e+03
1.165557756916615340e+00 1.157920687305545826e+01 8.515699583889829682e+02
1.197518284665671340e+00 1.156366447761655003e+01 7.294419239960014920e+02
1.229618503820778308e+00 1.154924335048004913e+01 6.175057906900392481e+02
1.261789762949997007e+00 1.153557657050066432e+01 5.307244635127054835e+02
1.293966126166837149e+00 1.151658734281264884e+01 4.536104421565045186e+02
1.326112162574627051e+00 1.150154104551505618e+01 3.884931531514187100e+02
1.358163774934348256e+00 1.148006934797805023e+01 3.329314999642555222e+02
1.390027248136244342e+00 1.146369095194440746e+01 2.860123903613016978e+02
1.421601702926667210e+00 1.144211529560242901e+01 2.461961922428905325e+02
1.452804236886627853e+00 1.141775817576338170e+01 2.111939388653002823e+02
1.483532715335403651e+00 1.139531341651416518e+01 1.836855171907876354e+02
1.513712284556207655e+00 1.137107329486483742e+01 1.590598989593256363e+02
1.543248880980949256e+00 1.134576542304247226e+01 1.375492811289804251e+02
1.572061017027696295e+00 1.131731619810611456e+01 1.203657837181226853e+02
1.600102958187627156e+00 1.128805402415467540e+01 1.050143568513112484e+02
1.627317648974124786e+00 1.125758997580100029e+01 9.197146109563848881e+01
1.653601435215023452e+00 1.122522961118402485e+01 8.030534274433549058e+01
1.678935023186084452e+00 1.119101869766832458e+01 7.103286767898170240e+01
1.703276115819463365e+00 1.115460077457463051e+01 6.264601522736111860e+01
1.726584421006856607e+00 1.111625129643605092e+01 5.534810228019251355e+01
1.748809714467965071e+00 1.107659182174303503e+01 4.890748712144755928e+01
1.769943295736279065e+00 1.103613526992763205e+01 4.363021263257014937e+01
1.789966421417557907e+00 1.099271890519458239e+01 3.889525061233037917e+01
1.808856273258775849e+00 1.094752519985923733e+01 3.474868806682424349e+01
1.826600265063509587e+00 1.090067116268918568e+01 3.113141267915176869e+01
1.843198079933075606e+00 1.085265149151526742e+01 2.796952821688865143e+01
1.858640416034116338e+00 1.080245671475614522e+01 2.517530932775306951e+01
1.872950437887981767e+00 1.075112799729081736e+01 2.271773491055871830e+01
1.886100010777417069e+00 1.069817246663078869e+01 2.054977224338748343e+01
1.898134877939212206e+00 1.064418864894793870e+01 1.858527239435363398e+01
1.909052836656136787e+00 1.058861082394700759e+01 1.694905016896471039e+01
1.918880572688105302e+00 1.053184304018137141e+01 1.544144011028941854e+01
1.927624095164003570e+00 1.047389300254910438e+01 1.405525355291254641e+01
1.935305861477551126e+00 1.041479023554820316e+01 1.287059461131538107e+01
1.941946341049652469e+00 1.035441513034361094e+01 1.184743539638177268e+01
1.947582380700340954e+00 1.029355959395922682e+01 1.086021530114835620e+01
1.952216965067299359e+00 1.023184950438243668e+01 1.004354367190404851e+01
1.955848099324721145e+00 1.016908303421203463e+01 9.276748441950635637e+00
1.958486528598317733e+00 1.010583323077547568e+01 8.599459077048594580e+00
1.960133910784571443e+00 1.004241381279893197e+01 7.983469438675823149e+00
1.960803134791015312e+00 9.978198778737734642e+00 7.433349196643162848e+00
1.960511911290678588e+00 9.913762238994410225e+00 6.924973642520977357e+00
1.959275928508575237e+00 9.849507912807300869e+00 6.484831341596952292e+00
1.957122781567619318e+00 9.784041140407049753e+00 6.088364504128382926e+00
1.954084842635273267e+00 9.718933927857220212e+00 5.751110517124803145e+00
1.950177217994901957e+00 9.654119180557088953e+00 5.432065143608885371e+00
1.945451357464525799e+00 9.589377635908967079e+00 5.136770773825220182e+00
1.939912694504957402e+00 9.524637332994259964e+00 4.894129253232893717e+00
1.933578295402661684e+00 9.460587654226506160e+00 4.664227430154604725e+00
1.926480935392820948e+00 9.397472026073785401e+00 4.454744461673113776e+00
1.918601546964710414e+00 9.335674982645306486e+00 4.284086521024412342e+00
1.909966345247632535e+00 9.276038994909429292e+00 4.144266939339777522e+00
1.900646278804571043e+00 9.219769434159434951e+00 4.033311361548379104e+00
