2.191799393479931801e-01 1.550982551689759603e+01 3.683552447462830693e+06
2.280515567397684296e-01 1.517159166239457235e+01 3.039359564041969832e+06
2.373453682885513505e-01 1.486914747177405438e+01 2.510079230856480543e+06
2.470453058061417573e-01 1.459039117127826124e+01 2.072612783277506009e+06
2.571883678563782749e-01 1.433569781627128670e+01 1.707432486174762249e+06
2.677816457457980470e-01 1.410305650644700570e+01 1.407030976697119186e+06
2.788351130419713386e-01 1.389536320116700097e+01 1.161427061272387160e+06
2.903698404426238722e-01 1.369977596842051604e+01 9.514783162597401533e+05
3.023560522783862448e-01 1.352569685494580654e+01 7.924525508603156777e+05
3.148487124961240058e-01 1.336113237519683317e+01 6.550651706366145518e+05
3.278485186673839591e-01 1.321320765470669301e+01 5.424898315819421550e+05
3.413646328885963643e-01 1.308111991397328389e+01 4.476051185828712187e+05
3.553727301168447816e-01 1.295497338490924477e+01 3.712593079786528251e+05
3.699021404339946084e-01 1.284045798081157663e+01 3.067509591860946384e+05
3.849857356573615497e-01 1.273587063867858582e+01 2.539307608470801497e+05
4.005969117835319060e-01 1.264262008766324108e+01 2.111443899898213567e+05
4.167777103014738693e-01 1.255353667177633170e+01 1.745780546391257085e+05
4.334659512548671434e-01 1.247537117521822303e+01 1.432312528605004190e+05
4.507266036625789396e-01 1.240297271356361186e+01 1.203966498370701011e+05
4.685342749185056888e-01 1.233541553609322783e+01 9.971912678468557715e+04
4.868998708220358962e-01 1.227360016875081072e+01 8.292938177138353058e+04
5.057793521187774477e-01 1.221547665504343883e+01 6.832591728593109292e+04
5.252271140079162182e-01 1.216607026317367790e+01 5.751557657426399237e+04
5.452239006194701254e-01 1.211700926335539918e+01 4.795993342896078684e+04
5.657662139618140351e-01 1.207230600975487711e+01 4.002982468773977598e+04
5.867872281666598466e-01 1.203246252705565311e+01 3.341831261133018415e+04
6.082795657364362674e-01 1.199295370542604999e+01 2.794715019689432665e+04
6.299783795994970959e-01 1.195977024811824485e+01 2.342629146650108669e+04
6.514981596841320499e-01 1.192671967018050694e+01 1.978529574874751052e+04
6.723857192488786882e-01 1.189522819365837947e+01 1.670801980965142502e+04
6.917327728869113734e-01 1.186289099159310823e+01 1.448921053441046570e+04
7.091246046968052719e-01 1.183132027116514529e+01 1.262378351127613314e+04
7.270014556736370537e-01 1.179396544556560045e+01 1.098837762811285211e+04
7.460291993168324254e-01 1.175938842516459637e+01 9.477278340916973320e+03
7.665068212316207275e-01 1.171940603364540401e+01 8.113620825447731477e+03
7.885636268407004712e-01 1.168138703986861238e+01 6.911707591430125831e+03
8.123300829463799833e-01 1.164503612956928080e+01 5.834964431025402519e+03
8.378767282630775748e-01 1.160689326289572953e+01 4.899721899919561110e+03
8.652799642518462786e-01 1.157744790444925265e+01 4.086493990464474791e+03
8.945641177898564500e-01 1.154732947439195279e+01 3.394637870135899448e+03
9.257404251086903679e-01 1.152265845304462566e+01 2.806624775503589262e+03
9.587987926130390193e-01 1.149960197315958865e+01 2.312621939316113640e+03
9.936666264420691563e-01 1.148223034940983389e+01 1.900704049991877810e+03
1.030232500885718494e+00 1.147017542606073270e+01 1.558217082543451170e+03
1.068383740883552813e+00 1.145969381106750973e+01 1.277402600306040995e+03
1.107998457361208944e+00 1.145232545583678174e+01 1.045356164813735404e+03
1.148917006889718317e+00 1.144959627505324029e+01 8.573117270189104602e+02
1.191001537637727425e+00 1.144931437250500217e+01 6.987852183115380740e+02
1.234062193299148458e+00 1.145332961813439887e+01 5.779967524423462919e+02
1.277946459369550203e+00 1.145648512454100398e+01 4.759813607897685870e+02
1.322460884379692336e+00 1.146059710475146609e+01 3.925534274819077609e+02
1.367444767427870245e+00 1.146890010642179547e+01 3.251326364536813003e+02
1.412716291373469879e+00 1.147300201336403447e+01 2.696847606990405666e+02
1.458041958133165839e+00 1.148006125718542236e+01 2.244152321516790778e+02
1.503276005024330564e+00 1.148696927221717345e+01 1.875071814096702383e+02
1.548271918288477211e+00 1.149359708502345612e+01 1.569962628354997207e+02
1.592753020288547816e+00 1.150045236402932858e+01 1.320605137586653939e+02
1.636631421848721901e+00 1.150343563806613822e+01 1.115241864319060596e+02
1.679732190446971751e+00 1.150545302544126436e+01 9.447772005869735779e+01
1.721893934218263311e+00 1.150570801580765234e+01 8.038934172388597688e+01
1.762946073870873986e+00 1.150426887466255543e+01 6.864950236166768605e+01
1.802762417944752338e+00 1.150079304880854814e+01 5.879977895602815607e+01
1.841218775897403015e+00 1.149428064209130795e+01 5.065885098385756891e+01
1.878215554692544531e+00 1.148549448456094169e+01 4.382257857288483649e+01
1.913654275869195454e+00 1.147387489797293902e+01 3.801886782653049579e+01
1.947479899956060967e+00 1.145987200825132390e+01 3.311369436584282511e+01
1.979556430119883581e+00 1.144236959472291026e+01 2.895782561312762482e+01
2.009859054285849211e+00 1.142253727634229854e+01 2.545343566137224656e+01
2.038341694072460797e+00 1.139959398859245354e+01 2.243877025815400472e+01
2.064973172027671389e+00 1.137402918739185687e+01 1.987187249817043622e+01
2.089722336233736044e+00 1.134524804180171564e+01 1.759805859288890417e+01
2.112561383421811101e+00 1.131377834549320482e+01 1.575660645841367646e+01
2.133507428886328938e+00 1.128004565939618331e+01 1.411001449677302766e+01
2.152577971923709921e+00 1.124210129975362271e+01 1.269484064830971981e+01
2.169753579833808566e+00 1.120283826885935596e+01 1.146530817278517844e+01
2.185090603173192481e+00 1.116127404650385557e+01 1.039192196523603329e+01
2.198601068624723709e+00 1.111683030485136392e+01 9.450202818393075077e+00
2.210335379499974717e+00 1.106969469671210327e+01 8.621399117914803512e+00
2.220335828939782985e+00 1.102109600164094871e+01 7.896348890388917852e+00
2.228650544221843166e+00 1.096992106760594332e+01 7.235885014444640717e+00
2.235324780292152980e+00 1.091709918652443534e+01 6.690531408734813112e+00
2.240427403839966303e+00 1.086275581807898405e+01 6.194830462769547630e+00
2.244014544476073514e+00 1.080618381504113223e+01 5.753844689306025550e+00
2.246142668216295935e+00 1.074814830714628755e+01 5.360072280686296153e+00
2.246883571022389336e+00 1.068930245202782636e+01 4.992367900116198243e+00
2.246300615607040196e+00 1.062906180784848686e+01 4.696578361352176323e+00
2.244456042830852205e+00 1.056717521793963144e+01 4.407648384195549163e+00
2.241422768490407780e+00 1.050552370278202297e+01 4.166496550559187106e+00
2.237261873276892299e+00 1.044148832921933767e+01 3.933148300110075990e+00
2.232039013737412869e+00 1.037795278872600058e+01 3.740558950673615879e+00
2.225822405549280791e+00 1.031329547851602157e+01 3.546870571652855464e+00
2.218674558677475428e+00 1.024872116519164855e+01 3.388942598009669904e+00
2.210658851158223026e+00 1.018326210594785763e+01 3.242393111278006224e+00
2.201836831895614743e+00 1.011751840145464421e+01 3.110962516552153723e+00
2.192267034242584511e+00 1.005227887490781669e+01 2.994565313703056120e+00
2.182027675291056124e+00 9.987133249769900800e+00 2.894915979983513132e+00
2.171510171470284689e+00 9.925901389821651932e+00 2.809445680284006208e+00
2.161030001084841334e+00 9.878196354190023953e+00 2.766765543412335493e+00
2.149010381440910944e+00 9.831426046977222555e+00 2.747626338237176391e+00
2.135663059021390531e+00 9.783722036979929371e+00 2.736852194175835251e+00
