2.191799393479931801e-01 1.550982551689759603e+01 3.683552447462830693e+06
2.269435378391256863e-01 1.523264834981835492e+01 3.124415493501405232e+06
2.350236996132759881e-01 1.494311516067236312e+01 2.628452802256774623e+06
2.434397646177937080e-01 1.469433227656261742e+01 2.222592468496384099e+06
2.521735564229091731e-01 1.445742098682860188e+01 1.872441415365557419e+06
2.612567144062882818e-01 1.424860517953319849e+01 1.570437603898492875e+06
2.706844254003047956e-01 1.404854577070285870e+01 1.337603786394472467e+06
2.804719747710808231e-01 1.386907998757402005e+01 1.131164425055278931e+06
2.906258406689189444e-01 1.369844367041137012e+01 9.558472616880330024e+05
3.011480521978543434e-01 1.354019200653123001e+01 8.091202132102500182e+05
3.120377615741368738e-01 1.340064769950423340e+01 6.830036631823645439e+05
3.233132611483067187e-01 1.326151337878909331e+01 5.782367517272047698e+05
3.349808460186912140e-01 1.313848683843878895e+01 4.891566202785907080e+05
3.470439996716180309e-01 1.302400583025504410e+01 4.141288979317616322e+05
3.595196363366544023e-01 1.292152528654603039e+01 3.505724161904174834e+05
3.723820931322078254e-01 1.282258390776302548e+01 2.971299438349944539e+05
3.856712349132272455e-01 1.273121047718645649e+01 2.520297643707427778e+05
3.993648767245459585e-01 1.265095016468753641e+01 2.137870614563202544e+05
4.134811660234589126e-01 1.257238707188048821e+01 1.812098650091204618e+05
4.280257004383034580e-01 1.250037556027900010e+01 1.537018791841766215e+05
4.429830311124742237e-01 1.243232234423072846e+01 1.304730569204929925e+05
4.583961396658232657e-01 1.237667518327565119e+01 1.107110046974312427e+05
4.741932889506955129e-01 1.231547393547250557e+01 9.430780698103333998e+04
4.904238720030342780e-01 1.226334907077412950e+01 8.016398356972073088e+04
5.070654209970933968e-01 1.221436695446596055e+01 6.829208966535398213e+04
5.241416492712198671e-01 1.216786869269955318e+01 5.808700804752480326e+04
5.416386073680359292e-01 1.212467126955810315e+01 4.952715365799091524e+04
5.595559207320704997e-01 1.208510758269816954e+01 4.222661278169079014e+04
5.778496275811704219e-01 1.205018943355805128e+01 3.600885016054808511e+04
5.965641557562505470e-01 1.201579553847875559e+01 3.079177293698007998e+04
6.156917209680733416e-01 1.198398098674108425e+01 2.631431855004123645e+04
6.352754946799129554e-01 1.195289390181181766e+01 2.227888270675112290e+04
6.553277980287673943e-01 1.192401701469057507e+01 1.924160266244420563e+04
6.758838502161074180e-01 1.189825505303115349e+01 1.643963229325776774e+04
6.969367262123090656e-01 1.187275477362740439e+01 1.406056938992524920e+04
7.184927357355255229e-01 1.184719019192069567e+01 1.204292351399296240e+04
7.405909709448007527e-01 1.182702196764999769e+01 1.030906217588158688e+04
7.631816362624175287e-01 1.180628235618466704e+01 8.824133610857261374e+03
7.863490188978881079e-01 1.178733952736331858e+01 7.541582118565722340e+03
8.099948801432639289e-01 1.176927845069772616e+01 6.460772073110461861e+03
8.341715827125595339e-01 1.175172798569946231e+01 5.530979126161194472e+03
8.588575305189350972e-01 1.173531647038573844e+01 4.732354227512571924e+03
8.840496222402608462e-01 1.172025712085269689e+01 4.060221720385854042e+03
9.097024863576311793e-01 1.170394526944784985e+01 3.479133623214082036e+03
9.358273689584413191e-01 1.168982563146043674e+01 2.984667803035858469e+03
9.623780881481683869e-01 1.167896669102271545e+01 2.561181880143151375e+03
9.893465831372821873e-01 1.166563311891179389e+01 2.197448844182258199e+03
1.016706982962099381e+00 1.165295956033293301e+01 1.890208474607580911e+03
1.044421850818757491e+00 1.164017332628628232e+01 1.624773129194898047e+03
1.072464129247810982e+00 1.163239070192127933e+01 1.398364808791587620e+03
1.100802371964925586e+00 1.161840710125117404e+01 1.204003633945057118e+03
1.129398198520325414e+00 1.160446116079127954e+01 1.038813951419666637e+03
1.158205545460049279e+00 1.159324335313490550e+01 8.961480774089417309e+02
1.187203858570016424e+00 1.158037990615459378e+01 7.748467395091865910e+02
1.216343226783877629e+00 1.156742827382605832e+01 6.700113565314271682e+02
1.245606818920678371e+00 1.155499686379192070e+01 5.804320290583605129e+02
1.274914030814246368e+00 1.154308531289265716e+01 5.029607870472623858e+02
1.304226878321129490e+00 1.152842773801380183e+01 4.367452895534601112e+02
1.333520296487180401e+00 1.151204488546039073e+01 3.803636973728440580e+02
1.362746785257866966e+00 1.149872914185454320e+01 3.305599292533926246e+02
1.391856971244022301e+00 1.148320589462801777e+01 2.865031083534185541e+02
1.420795212447127254e+00 1.146417610228604111e+01 2.514287945904131618e+02
1.449531402508796196e+00 1.144490978161157457e+01 2.195991472550532535e+02
1.478010141675051514e+00 1.142674179451854677e+01 1.923587031156706360e+02
1.506201649105760598e+00 1.140791170010150779e+01 1.687311516879201179e+02
1.534059665735860278e+00 1.138579587434321994e+01 1.473514683445665412e+02
1.561528328241372554e+00 1.136386574932081572e+01 1.302324047236114666e+02
1.588579187202114440e+00 1.134152813963468809e+01 1.146885886888449306e+02
1.615160655618095964e+00 1.131670436385062217e+01 1.011944852352461197e+02
1.641256929439861789e+00 1.129119634159378016e+01 8.903036529649119757e+01
1.666804825530472156e+00 1.126462505564678374e+01 7.910449136010572602e+01
1.691780035721468511e+00 1.123653098621839774e+01 6.993232852167282942e+01
1.716155402044306166e+00 1.120753149862795972e+01 6.225751215948351103e+01
1.739890862263776761e+00 1.117774724263440511e+01 5.538217111866327969e+01
1.762973971068931833e+00 1.114612780621771648e+01 4.936015197355173001e+01
1.785352518391828402e+00 1.111398002977878186e+01 4.402658678645607893e+01
1.807011517761622166e+00 1.107995561702800380e+01 3.923068299114658686e+01
1.827942242008568252e+00 1.104566798900029845e+01 3.523009961967613179e+01
1.848104871412928230e+00 1.100976384959869847e+01 3.149484815505982738e+01
1.867484679411331783e+00 1.097249449935650922e+01 2.840005264793101603e+01
1.886081137912895000e+00 1.093364221467312625e+01 2.556590600240449973e+01
1.903862221943805721e+00 1.089480273039228564e+01 2.305606176829253684e+01
1.920829740857745049e+00 1.085480013358695039e+01 2.081976390153108269e+01
1.936972136593196225e+00 1.081272323034858296e+01 1.884049456377946896e+01
1.952286805695018446e+00 1.076998373107310059e+01 1.708281378988241173e+01
1.966759440148899696e+00 1.072753416215448397e+01 1.550766807444652429e+01
1.980375584624620933e+00 1.068305306708795044e+01 1.411071519862927026e+01
1.992950770012646533e+00 1.063787809698539633e+01 1.283341603772589679e+01
2.004020557252674362e+00 1.059266735701255868e+01 1.179652221689151403e+01
2.010066189832102168e+00 1.055359797662595511e+01 1.105807424028313335e+01
2.009464829757459103e+00 1.051826266580673774e+01 1.068882003330062425e+01
2.005415219905541502e+00 1.048102180860937160e+01 1.043578562771921447e+01
1.999053673485650107e+00 1.044063918201907626e+01 1.028666048804288913e+01
1.990950268693253422e+00 1.039779949724193031e+01 1.014577934204936760e+01
1.981468175343867433e+00 1.035246259385336387e+01 1.003895963346747067e+01
1.970858206377119393e+00 1.030481049212529143e+01 9.950235384839080766e+00
1.959327423418201652e+00 1.025587356179772236e+01 9.846669971891914841e+00
1.947009149765808633e+00 1.020497097845231949e+01 9.816219412294262980e+00
1.934022749100974714e+00 1.015141968166214603e+01 9.731246876852269523e+00
1.920638331406615773e+00 1.009662439855695126e+01 9.711595945117215578e+00
