2.383731302914612049e-01 1.510646317623783297e+01 2.423116349867075216e+06
2.522139162680080982e-01 1.469770860441376570e+01 1.847353416492372518e+06
2.666475174065187637e-01 1.434512153327103867e+01 1.415923007009884110e+06
2.816765662881323129e-01 1.403943650886042072e+01 1.090771266781920567e+06
2.973035616317528662e-01 1.377320677976793739e+01 8.442562567134945421e+05
3.135302323170711669e-01 1.354044281636902625e+01 6.564189641405032016e+05
3.303583685158129057e-01 1.333622102550484279e+01 5.125315691519370885e+05
3.477890799133585009e-01 1.315647968208872065e+01 4.018317414010056527e+05
3.658220096363219431e-01 1.299783529523197600e+01 3.162606993048381410e+05
3.844572373030394341e-01 1.285744195430040016e+01 2.498295188421376515e+05
4.036927339483021293e-01 1.273289656476687526e+01 1.980568376856402028e+05
4.235259592479175828e-01 1.262216024578760099e+01 1.575481442363557580e+05
4.439531038454353484e-01 1.252347712608789720e+01 1.257330028259979299e+05
4.649691639231560147e-01 1.243532497076754595e+01 1.006581345874411345e+05
4.865680031098345570e-01 1.235639780812761224e+01 8.082662896224430006e+04
5.087406573991226644e-01 1.228554621911649036e+01 6.509310272797906509e+04
5.314776769296478687e-01 1.222175650562264337e+01 5.257042619675897731e+04
5.547670879385562248e-01 1.216414239027426625e+01 4.257307872703386238e+04
5.785971939868387315e-01 1.211192382199842399e+01 3.456859525555096479e+04
6.029585918368609576e-01 1.206437998200281214e+01 2.813982967143538190e+04
6.278949003255185346e-01 1.202090950379352208e+01 2.295382999904461394e+04
6.534576371819343921e-01 1.198109418874268783e+01 1.875423746188871519e+04
6.796808156616461760e-01 1.194462013874926498e+01 1.534494046498275566e+04
7.065885215121521234e-01 1.191124079369804889e+01 1.257154287614305576e+04
7.341923781230293988e-01 1.188072127914314891e+01 1.031222281200410544e+04
7.624957434113335264e-01 1.185284770885778904e+01 8.469279240513806144e+03
7.914946563534731583e-01 1.182741083729259834e+01 6.964636223202022848e+03
8.211784668324731973e-01 1.180420470935067101e+01 5.734703079653540954e+03
8.515304181952663143e-01 1.178301759516326719e+01 4.728330387033260195e+03
8.825289211983105009e-01 1.176364273877255506e+01 3.904059578967883226e+03
9.141475227168640583e-01 1.174586760317264478e+01 3.228205968134978775e+03
9.463550386430938932e-01 1.172948217257061110e+01 2.673401543136062173e+03
9.791162840510767573e-01 1.171428797664546906e+01 2.217430065394710255e+03
1.012392746767824203e+00 1.170007165440817865e+01 1.842170348817409831e+03
1.046141874716804088e+00 1.168663749216114489e+01 1.532970593318609190e+03
1.080319850593208786e+00 1.167378843099267627e+01 1.277834995954472333e+03
1.114878184523501847e+00 1.166133817029829167e+01 1.067005211479030095e+03
1.149765168102218960e+00 1.164909983057432363e+01 8.925327195601381618e+02
1.184922405877743223e+00 1.163689664761479747e+01 7.479377626556420182e+02
1.220259450842101634e+00 1.162452163570575792e+01 6.280000825149305683e+02
1.255675604247885824e+00 1.161174725871950209e+01 5.284145536498448337e+02
1.291072039054755205e+00 1.159833839079470863e+01 4.456096710986543030e+02
1.326352220436620044e+00 1.158406246425974295e+01 3.766506350200984343e+02
1.361416897683156879e+00 1.156869056885911640e+01 3.191177168134480553e+02
1.396174028778215614e+00 1.155200952521366098e+01 2.710270303160402250e+02
1.430527264269045418e+00 1.153381025921869707e+01 2.307441090463260309e+02
1.464391659887503971e+00 1.151391575780229459e+01 1.969323066070275559e+02
1.497674590797429151e+00 1.149213573609099548e+01 1.684904128037219664e+02
1.530293179564642392e+00 1.146831321360455291e+01 1.445097432896487533e+02
1.562166135331578998e+00 1.144230164911850167e+01 1.242468492191706702e+02
1.593214364425142859e+00 1.141396814719148090e+01 1.070878153134812578e+02
1.623362018734571199e+00 1.138319202458400170e+01 9.252299552176849318e+01
1.652538013594793576e+00 1.134986812940432621e+01 8.013248487368684891e+01
1.680676036947228225e+00 1.131391493127567749e+01 6.956876121310411065e+01
1.707710530741539001e+00 1.127524732454645928e+01 6.054113937015942071e+01
1.733582692823252280e+00 1.123380595188380227e+01 5.281035803310189181e+01
1.758236830834993158e+00 1.118953824382229634e+01 4.617425382272729451e+01
1.781621549862945741e+00 1.114240568158591316e+01 4.046677580845162225e+01
1.803691285798619148e+00 1.109239196169748531e+01 3.554765978728545406e+01
1.824404082323471954e+00 1.103947406134206943e+01 3.129809801377575695e+01
1.843721039830157560e+00 1.098365338911666633e+01 2.761980004094337815e+01
1.861610806984288269e+00 1.092494397174721854e+01 2.442971587359260965e+01
1.878044779595048563e+00 1.086336533157655282e+01 2.165705886433785565e+01
1.892999713500326697e+00 1.079895252472059575e+01 1.924319560455659683e+01
1.906457797120117759e+00 1.073174287308303043e+01 1.713714365218238100e+01
1.918404044880578807e+00 1.066179312268282153e+01 1.529589174702372389e+01
1.928829783822949562e+00 1.058916761285033203e+01 1.368418864705262195e+01
1.937730366561427608e+00 1.051393350201541566e+01 1.227005325385127321e+01
1.945106352341329004e+00 1.043618250889364951e+01 1.102745916413693372e+01
1.950961926181072670e+00 1.035600222661801517e+01 9.933678994709309151e+00
1.955298863499657092e+00 1.027351928013413485e+01 8.969928731322651672e+00
1.957969844102017465e+00 1.018912592728426603e+01 8.126784078177752946e+00
1.958513405400551521e+00 1.010337613754888331e+01 7.404897521523791326e+00
