2.191799393479931801e-01 1.550982551689759603e+01 3.683552447462830693e+06
2.271109177543064461e-01 1.523177675259330499e+01 3.135694033476987854e+06
2.353716453125905272e-01 1.493083288240676154e+01 2.613976617132397834e+06
2.439833679169137459e-01 1.468066820785953475e+01 2.200435414315333590e+06
2.529287620034607609e-01 1.443901259585161867e+01 1.848333432459211675e+06
2.622348636041380576e-01 1.422562932695368332e+01 1.555271835122863529e+06
2.719065615333677854e-01 1.405015732998212030e+01 1.307704532928549452e+06
2.819514774086475106e-01 1.384188310037015057e+01 1.103488761294583557e+06
2.923845075694826989e-01 1.367085354378052031e+01 9.291090208267924609e+05
3.032003007882791423e-01 1.351216239531784069e+01 7.826182248591597890e+05
3.143850365249893364e-01 1.336644677245391577e+01 6.597914690164880594e+05
3.259901229110228060e-01 1.323179887091148466e+01 5.565242290843043011e+05
3.380029955062268110e-01 1.310876311001454297e+01 4.688634983457808266e+05
3.504306238971980902e-01 1.299725970061978586e+01 3.956088975535900099e+05
3.632875961985548297e-01 1.289403675135645599e+01 3.339640946678317850e+05
3.765510469620787504e-01 1.279432354632273316e+01 2.822537133704565349e+05
3.902555133834472167e-01 1.270567435243003906e+01 2.381912990175661689e+05
4.044006849601767262e-01 1.262110381918706281e+01 2.012994772217142163e+05
4.189636221923948023e-01 1.254545608045283878e+01 1.703443715070680773e+05
4.339856174941061906e-01 1.247401856398901465e+01 1.437945723484014161e+05
4.494549338183576603e-01 1.240898577858832041e+01 1.217200990846120258e+05
4.653550089261808687e-01 1.234667052748030613e+01 1.033525454428312369e+05
4.816772423905812395e-01 1.229253464009871166e+01 8.738063563699835504e+04
4.984604941715264914e-01 1.223805234248660412e+01 7.412013876813300885e+04
5.156781668708610988e-01 1.218942604920363415e+01 6.283836942061403533e+04
5.333380635931247449e-01 1.214413913218671226e+01 5.340780013223460992e+04
5.514361393004525436e-01 1.210383313028645702e+01 4.537594573161911831e+04
5.699742895105910367e-01 1.206459153529177009e+01 3.857211263881871128e+04
5.889043816992795000e-01 1.202896825090562949e+01 3.286555288712030597e+04
6.082536115380430264e-01 1.199522564287824800e+01 2.795046762386019691e+04
6.280953528382097195e-01 1.196364113290693254e+01 2.358989339680841294e+04
6.484570551091676238e-01 1.193416476292138917e+01 2.028967963654476989e+04
6.693763126397602736e-01 1.190698765396821202e+01 1.726836647639820148e+04
6.908710255236554243e-01 1.187997285049539897e+01 1.472263324735982860e+04
7.129195521112062783e-01 1.185600666816586113e+01 1.254091223566097869e+04
7.356001278680914801e-01 1.183345628438060615e+01 1.068050289390041871e+04
7.588910612546240220e-01 1.181288851287693475e+01 9.097129281580215320e+03
7.828000105185158874e-01 1.179155022907128370e+01 7.749151384491366116e+03
8.073294925132542543e-01 1.177566882176346930e+01 6.590522297547058770e+03
8.324753474818065158e-01 1.175872663814299734e+01 5.616931184665617366e+03
8.582348262289077878e-01 1.174384299365764583e+01 4.773448176467907615e+03
8.845715479192304276e-01 1.172914171455230736e+01 4.067320572063214968e+03
9.115090164059631572e-01 1.171577577379103019e+01 3.470509783306465124e+03
9.390074084848030189e-01 1.170432611752909224e+01 2.955956963825729417e+03
9.670330319487340232e-01 1.168971497927079994e+01 2.522411899745183746e+03
9.955752147442507027e-01 1.168113772583285659e+01 2.152017798497239710e+03
1.024608191081452846e+00 1.167096643557416868e+01 1.824492398117526591e+03
1.054095192728529584e+00 1.166077194786281979e+01 1.570282940625858600e+03
1.083986307368099533e+00 1.165103011102312180e+01 1.343677385624205044e+03
1.114268313214745065e+00 1.164179396806013322e+01 1.149459701953041304e+03
1.144888701640281115e+00 1.163332780877664163e+01 9.835095022178244335e+02
1.175803594106811900e+00 1.162621791583982045e+01 8.444138442203029626e+02
1.206978461438402928e+00 1.161594506553167250e+01 7.200760289292275047e+02
1.238333010834000492e+00 1.160657561857141040e+01 6.231224964347707100e+02
1.269879371222886855e+00 1.159942707581866728e+01 5.363883676416016897e+02
1.301501290695406210e+00 1.158595016009178025e+01 4.627847734536458688e+02
1.333194325279182468e+00 1.157552444484308651e+01 3.987291901229314703e+02
1.364898526766019193e+00 1.156735599112585788e+01 3.425970203449265341e+02
1.396547014119477570e+00 1.155231095934936647e+01 2.981271846090673989e+02
1.428082298035098452e+00 1.154076959717422213e+01 2.583075456104951400e+02
1.459476581080089375e+00 1.152912429401390604e+01 2.242273958088563575e+02
1.490667944898262487e+00 1.151334300562995949e+01 1.949352099667327423e+02
1.521587908879846074e+00 1.149653127100275185e+01 1.697429122290942871e+02
1.552205161160794544e+00 1.148075064191822747e+01 1.479827453836455788e+02
1.582444299229178286e+00 1.146389084262802704e+01 1.292994406498738158e+02
1.612273402004633871e+00 1.144391654123360347e+01 1.131561176455861641e+02
1.641652094351155222e+00 1.142468696190837463e+01 9.917737010221398464e+01
1.670513022162815941e+00 1.140356135128757842e+01 8.673318772103206697e+01
1.698823061054844263e+00 1.138082660912718325e+01 7.659888301115337583e+01
1.726521489588433544e+00 1.135780756121801005e+01 6.748850734910965343e+01
1.753564940198970801e+00 1.133254182317297065e+01 5.936689752638356055e+01
1.779832402659537127e+00 1.130683193195405423e+01 5.274975960425540933e+01
1.805225473729664021e+00 1.127852280673555185e+01 4.673567035661611868e+01
1.829652495554290104e+00 1.124942447804253653e+01 4.155567536322936206e+01
1.853020339980823605e+00 1.121894528964400273e+01 3.708292837186455415e+01
1.875250656629953827e+00 1.118738221508955988e+01 3.311783706825142559e+01
1.896278311631478752e+00 1.115374429430004533e+01 2.972240035126603530e+01
1.916023439302769971e+00 1.111812110827388622e+01 2.663374819606290345e+01
1.934452028997534434e+00 1.108205915776334116e+01 2.411538769304098651e+01
1.951495824747031538e+00 1.104298091518055180e+01 2.183769420672577866e+01
1.967105100569376042e+00 1.100260243313267416e+01 1.984030096405964017e+01
1.981265369559841893e+00 1.096072345155238636e+01 1.808696409518254811e+01
1.993937995482168102e+00 1.091754490058876570e+01 1.648639564811854541e+01
2.005146198426789983e+00 1.087278881278939835e+01 1.519155999852285532e+01
2.014831133776834093e+00 1.082598710949524090e+01 1.395376301122630380e+01
2.023007641894290831e+00 1.077800213659608808e+01 1.295049626806921239e+01
2.029675771709284593e+00 1.072848890678320899e+01 1.201314040495649138e+01
2.034862627292042259e+00 1.067761850588823336e+01 1.119764101148966695e+01
2.038565162195556724e+00 1.062564383354214215e+01 1.047577515489142819e+01
2.040800372498851267e+00 1.057291029135555327e+01 9.838667516491037546e+00
2.041456954540769697e+00 1.051968742690177550e+01 9.293016754074264085e+00
2.040066051551100212e+00 1.047029637421671389e+01 8.877098046079494154e+00
2.035231869652503356e+00 1.042950643261510457e+01 8.671066804632847180e+00
2.027846865344086424e+00 1.038736140936776486e+01 8.532151721363279151e+00
2.018652703346027533e+00 1.034491147183272908e+01 8.436893169494267042e+00
2.008007878362382925e+00 1.029763939352845803e+01 8.348279401017601131e+00
1.996243558178623534e+00 1.025062624617917173e+01 8.328054359447536470e+00
1.983494577043178886e+00 1.019935493551599848e+01 8.294866376297624910e+00
1.969948905696801589e+00 1.014739971669075658e+01 8.272915412656471901e+00
1.955713464642669264e+00 1.009277614947230006e+01 8.235955155085392221e+00
