2.383731302914612049e-01 1.510646317623783297e+01 2.423116349867075216e+06
2.522139162680080982e-01 1.469770860441376570e+01 1.847353416492372518e+06
2.666475174065187637e-01 1.434512153327103867e+01 1.415923007009884110e+06
2.816765662881323129e-01 1.403943650886042072e+01 1.090771266781920567e+06
2.973035616317528662e-01 1.377320677976793739e+01 8.442562567134945421e+05
3.135302323170711669e-01 1.354044281636902625e+01 6.564189641405032016e+05
3.303583685158129057e-01 1.333622102550484279e+01 5.125315691519370885e+05
3.477890799133585009e-01 1.315647968208872065e+01 4.018317414010056527e+05
3.658220096363219431e-01 1.299783529523197600e+01 3.162606993048381410e+05
3.844572373030394341e-01 1.285744195430040016e+01 2.498295188421376515e+05
4.036927339483021293e-01 1.273289656476687526e+01 1.980568376856402028e+05
4.235259592479175828e-01 1.262216024578760099e+01 1.575481442363557580e+05
4.439531038454353484e-01 1.252347712608789720e+01 1.257330028259979299e+05
4.649691639231560147e-01 1.243532497076754595e+01 1.006581345874411345e+05
4.865680031098345570e-01 1.235639780812761224e+01 8.082662896224430006e+04
5.087406573991226644e-01 1.228554621911649036e+01 6.509310272797906509e+04
5.314776769296478687e-01 1.222175650562264337e+01 5.257042619675897731e+04
5.547670879385562248e-01 1.216414239027426625e+01 4.257307872703386238e+04
5.785971456236299604e-01 1.211192481402363086e+01 3.456857093598027132e+04
6.029592036046226289e-01 1.206437995501445393e+01 2.813955587329139598e+04
6.279002673648167443e-01 1.202091135850627346e+01 2.295281200664153585e+04
6.534756506549387334e-01 1.198110725412096933e+01 1.875213859424907059e+04
6.797218314827199181e-01 1.194466642241880372e+01 1.534130345823688913e+04
7.066645523222656600e-01 1.191134821875238003e+01 1.256629621943926395e+04
7.343171316614224287e-01 1.188093794227142830e+01 1.030561272978561465e+04
7.626832822394603584e-01 1.185321660762219587e+01 8.461740590796915058e+03
7.917600256511798662e-01 1.182798825878078830e+01 6.956265766642785820e+03
8.215367780278640675e-01 1.180504635259690538e+01 5.725850440697759041e+03
8.519968589638734491e-01 1.178418128606180737e+01 4.719394516249005392e+03
8.831187436986385197e-01 1.176518549067164088e+01 3.895262623081066067e+03
9.148763767335411634e-01 1.174785294173896233e+01 3.219676822065507622e+03
9.472392308131283301e-01 1.173197479955958933e+01 2.665285512005249075e+03
9.801693947309360055e-01 1.171733313605120941e+01 2.209811157021053532e+03
1.013629971876456315e+00 1.170373300891069768e+01 1.835117294446883307e+03
1.047578896176724284e+00 1.169096658082134965e+01 1.526498279782900227e+03
1.081969928689382021e+00 1.167883685832797092e+01 1.271951430048853581e+03
1.116755290816092705e+00 1.166715364861021165e+01 1.061668807054498075e+03
1.151883450998731462e+00 1.165572941127166473e+01 8.877202897424771209e+02
1.187301362612025235e+00 1.164438518925477872e+01 7.436075322563965528e+02
1.222952717794482780e+00 1.163294575318300694e+01 6.240164930398527758e+02
1.258779804506680478e+00 1.162124800042459150e+01 5.246184432896495764e+02
1.294722992594448341e+00 1.160913086744122502e+01 4.418726038334945088e+02
1.330720688186196377e+00 1.159644489880530749e+01 3.728717921907513073e+02
1.366711506727209091e+00 1.158305111764765272e+01 3.152395923837455598e+02
1.402631924368202609e+00 1.156880974520978178e+01 2.670133404343959569e+02
1.438416768228354181e+00 1.155359633824257237e+01 2.265966189769087578e+02
1.474001345935809004e+00 1.153729158062522409e+01 1.926624461526462824e+02
1.509320550273914874e+00 1.151978390146579301e+01 1.641236423899979400e+02
1.544308834878957315e+00 1.150096958448810369e+01 1.400799445468311717e+02
1.578900933067409085e+00 1.148075236971603807e+01 1.197866858403380661e+02
1.613031980839971791e+00 1.145904527510104742e+01 1.026305709531966670e+02
1.646637889531227472e+00 1.143576557457698861e+01 8.810086238122043767e+01
1.679655282944795935e+00 1.141084098622665799e+01 7.577504059893597343e+01
1.712021934090890207e+00 1.138420462641173181e+01 6.529883915356238333e+01
1.743676988689122132e+00 1.135579823265351607e+01 5.637992770190357561e+01
1.774561590376167564e+00 1.132556853433160171e+01 4.877312282765511497e+01
1.804617927737397487e+00 1.129347165795312158e+01 4.227592947224203357e+01
1.833790889788640133e+00 1.125946785486230795e+01 3.671554890716642916e+01
1.862027338650912522e+00 1.122352631262048206e+01 3.194862965111340003e+01
1.889276681255202428e+00 1.118562158031982712e+01 2.785525659902866025e+01
1.915490681484880442e+00 1.114573602547157094e+01 2.433421005656109060e+01
1.940624587221651876e+00 1.110385348210029477e+01 2.130040316383213650e+01
1.964635514360113966e+00 1.105997128778408189e+01 1.868193463161204804e+01
1.987478362425050715e+00 1.101409034523147668e+01 1.641881437825081846e+01
2.009055943836146607e+00 1.096620656435180940e+01 1.446223100644699855e+01
2.029230600841938514e+00 1.091625321929213754e+01 1.277173919804274149e+01
2.047855778133393923e+00 1.086411597525769679e+01 1.131167162900029055e+01
2.064775917769571922e+00 1.080965012514139367e+01 1.005076074277423004e+01
2.079829379675338874e+00 1.075269064331882696e+01 8.962493910151279053e+00
2.092843490375957849e+00 1.069305469228819305e+01 8.023764084993000978e+00
2.103632760949684322e+00 1.063055107387536147e+01 7.215192126359680103e+00
2.111991085634972620e+00 1.056498166384891668e+01 6.520057137714844409e+00
2.117680111652649355e+00 1.049615624456982133e+01 5.925489918707153691e+00
2.120409685456630999e+00 1.042390470920994794e+01 5.420678438273778710e+00
