2.191799393479931801e-01 1.550982551689759603e+01 3.683552447462830693e+06
2.267708767569991402e-01 1.522019504194195605e+01 3.130406909715888556e+06
2.346605770752180908e-01 1.495421743400816794e+01 2.642311956091428641e+06
2.428745780724537728e-01 1.471708835983767294e+01 2.245867355484657455e+06
2.513895041205336800e-01 1.447405577544762778e+01 1.902339622869183775e+06
2.602355510633467817e-01 1.427835814187058183e+01 1.622968925579311093e+06
2.694157066260669531e-01 1.407186138360015804e+01 1.371900321224731626e+06
2.789364221480333805e-01 1.389430794099915367e+01 1.158198319138763240e+06
2.888053202987510559e-01 1.372735789261891703e+01 9.847536951888642507e+05
2.990345927543281990e-01 1.357316704247614503e+01 8.367040291392857907e+05
3.095977508486447705e-01 1.342900423562557499e+01 7.102086959732557880e+05
3.205596340207499395e-01 1.329878726698793656e+01 6.016917361677137669e+05
3.318537630761538293e-01 1.317125027502085644e+01 5.120606868862868869e+05
3.435446988689597747e-01 1.305627736439014441e+01 4.347685203898579930e+05
3.556345564287956562e-01 1.295099945547935327e+01 3.695457282132351538e+05
3.680766091090592051e-01 1.285562741074427073e+01 3.138868305977979326e+05
3.809490362514189044e-01 1.276323738026077592e+01 2.667017122964476002e+05
3.941812160361491402e-01 1.267702834699560199e+01 2.273666247147849645e+05
4.078295892173594006e-01 1.260349266220960729e+01 1.933562515766723373e+05
4.218803519326794205e-01 1.252911123648283898e+01 1.647286845239925606e+05
4.363361080631968369e-01 1.246234268758091446e+01 1.403367820161383715e+05
4.511959048818382501e-01 1.239983313696955847e+01 1.195951915307535382e+05
4.664682195447375501e-01 1.234361890401869388e+01 1.020265950876011775e+05
4.821147687579211971e-01 1.228871301931623883e+01 8.694379450960661052e+04
4.981992643328292947e-01 1.223718679742881044e+01 7.362568237099268299e+04
5.146692528418431722e-01 1.219174622260072738e+01 6.346531583772533486e+04
5.315485836281156340e-01 1.214916131273041700e+01 5.428461631517363276e+04
5.488291116277584925e-01 1.211236763258506244e+01 4.647370118053600163e+04
5.665223771054507251e-01 1.207120896748863892e+01 3.937109306856320472e+04
5.845704595648845148e-01 1.203627915476791621e+01 3.410161222984257620e+04
6.030129160716798387e-01 1.200436736366886592e+01 2.917787158593564891e+04
6.218602950172676946e-01 1.197201140161895339e+01 2.503930812386004618e+04
6.412153489951050167e-01 1.194441207085244727e+01 2.145933944558881194e+04
6.610664374039321167e-01 1.191697824782386839e+01 1.841915578303817165e+04
6.814690932361647802e-01 1.189041961089832888e+01 1.579955648243748692e+04
7.024012056258004399e-01 1.186718356473966374e+01 1.353807456292201823e+04
7.239311612171392962e-01 1.184511915302207719e+01 1.160925368014920787e+04
7.460233409014009887e-01 1.182306457495853635e+01 9.941966481513198232e+03
7.687185549861683675e-01 1.180590138094008879e+01 8.512626717392622595e+03
7.920111415218927808e-01 1.178890432752034378e+01 7.288783303481047369e+03
8.158958626044691131e-01 1.176969854589104258e+01 6.247382911101118225e+03
8.403772798906109509e-01 1.175620469762573528e+01 5.351051031700751082e+03
8.654328808508410242e-01 1.174276962088806719e+01 4.585023155759847214e+03
8.910611767719267551e-01 1.173095939643530805e+01 3.927709903326663607e+03
9.172572432549517263e-01 1.171715328013198310e+01 3.362823130600742843e+03
9.439964393441131474e-01 1.170444237309659563e+01 2.885656680222375144e+03
9.712428010037769122e-01 1.169722335585567841e+01 2.474666120936537936e+03
9.989945627288350227e-01 1.168716856504542356e+01 2.121885284851238794e+03
1.027228267100896320e+00 1.167884141838675482e+01 1.822563464826008158e+03
1.055899803999702069e+00 1.166990588624087266e+01 1.566948564961792727e+03
1.084977600373284057e+00 1.166492729450911803e+01 1.345844649789614550e+03
1.114456790035870615e+00 1.165867958886820510e+01 1.158054097590615811e+03
1.144245958583688605e+00 1.164619687746796473e+01 9.975095738890526036e+02
1.174356000646336273e+00 1.163899159152213159e+01 8.540509243902503158e+02
1.204731894962000949e+00 1.163226947570222158e+01 7.418944216709310240e+02
1.235325101655119884e+00 1.162530768650664825e+01 6.406675555168374103e+02
1.266114786306716145e+00 1.161827883110117732e+01 5.537693812617245612e+02
1.297020907433656500e+00 1.161267727885653755e+01 4.795361163759505416e+02
1.328020514254012463e+00 1.160228822478227073e+01 4.129372336971239292e+02
1.359059567054852202e+00 1.159304285352675734e+01 3.607305730003883468e+02
1.390099028301912121e+00 1.158292304170941200e+01 3.134091693400548593e+02
1.421069624016752408e+00 1.157537971266774690e+01 2.727858060181223436e+02
1.451933653364517518e+00 1.156352378308632822e+01 2.376741856961818939e+02
1.482666489321279535e+00 1.155356777836003346e+01 2.073420627123615816e+02
1.513190775981112957e+00 1.153810290555544071e+01 1.811855146165985389e+02
1.543462081387822815e+00 1.152637281738393149e+01 1.586540522836116622e+02
1.573436899965775293e+00 1.150998191663549974e+01 1.383143220790776127e+02
1.603073882549575835e+00 1.149684039532872148e+01 1.220266155563430885e+02
1.632317885338380181e+00 1.147841423712939246e+01 1.073668206309910005e+02
1.661135953247921515e+00 1.146327134444892337e+01 9.452569331302284183e+01
1.689473147888185034e+00 1.144257147522543150e+01 8.299334741099009705e+01
1.717293794042116462e+00 1.142265687283549980e+01 7.332278397037467244e+01
1.744554135228747915e+00 1.140159939795115740e+01 6.520914726044554754e+01
1.771232103194167351e+00 1.137873063926190653e+01 5.780086958722090174e+01
1.797274488518029179e+00 1.135567527212993610e+01 5.133972445833618536e+01
1.822653270115678126e+00 1.133073435999627598e+01 4.571613223854569696e+01
1.847339115922512764e+00 1.130482614269008756e+01 4.066329494418502577e+01
1.871301055673417979e+00 1.127804336335818647e+01 3.632763016395218614e+01
1.894518967433397982e+00 1.124936179628176092e+01 3.247187789405319336e+01
1.916985013233923452e+00 1.122016730884827496e+01 2.909332894258072955e+01
1.938707705849023855e+00 1.118918313133756648e+01 2.610543905040902501e+01
1.959664726988526340e+00 1.115695138144972809e+01 2.345905866009314877e+01
1.979859383511539450e+00 1.112410494524479354e+01 2.110480166200495233e+01
1.999248877342348685e+00 1.108978345476246652e+01 1.902547159513080288e+01
2.017701608808394997e+00 1.105537754519463789e+01 1.717843690026498749e+01
2.035033905049363767e+00 1.101900548839782878e+01 1.557347808083652296e+01
2.051030495014991573e+00 1.098177046264541801e+01 1.415643037582960417e+01
2.065413124490074193e+00 1.094300623893954771e+01 1.292212390585866899e+01
2.077716934383539993e+00 1.090427746956034305e+01 1.188599562090117523e+01
2.087341654757409959e+00 1.086455489711101130e+01 1.101849627812221932e+01
2.094127311968529082e+00 1.082347107605506764e+01 1.031172374475758957e+01
2.097947257902921692e+00 1.078126948004389263e+01 9.726736901368646215e+00
2.098988788419082319e+00 1.073904202901776728e+01 9.262367138758531127e+00
2.097086368948668511e+00 1.069725955510479842e+01 8.959230445715279600e+00
2.092488787782851745e+00 1.066065389755326009e+01 8.771943102105128176e+00
2.085091914224358245e+00 1.062855284438186665e+01 8.722475286151489371e+00
2.075560462883811574e+00 1.059477251270734754e+01 8.704826368589030139e+00
2.064438837646827896e+00 1.055843713039749687e+01 8.764546756337189493e+00
2.052059735445915578e+00 1.051953320327278441e+01 8.818937200951600275e+00
2.038664553103313626e+00 1.047847841730610341e+01 8.894399471783007272e+00
