2.191799393479931801e-01 1.550982551689759603e+01 3.683552447462830693e+06
2.284476782529593908e-01 1.517656598873636220e+01 3.030049103516267613e+06
2.381468141291183394e-01 1.486083627340475388e+01 2.478931426230662037e+06
2.483257931924886808e-01 1.455849510087223209e+01 2.016974253405396827e+06
2.589746510102158839e-01 1.430041984824499757e+01 1.653872399283951148e+06
2.701135612021010601e-01 1.406737803907638273e+01 1.355543470323542366e+06
2.817571192929294033e-01 1.384524066300015122e+01 1.106918324376447825e+06
2.939171677685880057e-01 1.364736122314319999e+01 9.068264213044706266e+05
3.065891971488559076e-01 1.346617997610143647e+01 7.425099442164100474e+05
3.198100689962301568e-01 1.330316725567110758e+01 6.089913396593687357e+05
3.335762111058981905e-01 1.315323694334751004e+01 4.995661447389658424e+05
3.478931305556395293e-01 1.301713623601404102e+01 4.097607844561038073e+05
3.627922480427794305e-01 1.289472194490904933e+01 3.364973004563199356e+05
3.782470202496371892e-01 1.278057130124660112e+01 2.764273470438812510e+05
3.942901471635228972e-01 1.268116605544426179e+01 2.254278875135231356e+05
4.109600260835294394e-01 1.258544696300195653e+01 1.861869958921395882e+05
4.281674061568271905e-01 1.250117614871388305e+01 1.533172678678949887e+05
4.460004648160680318e-01 1.242142811864674457e+01 1.262733019147232553e+05
4.644385697890664466e-01 1.234894351895451337e+01 1.041794269618899561e+05
4.834397222391938476e-01 1.228343252119921480e+01 8.599483832522494777e+04
5.030654516399125642e-01 1.222332679041128500e+01 7.092548664761531109e+04
5.232809695978437592e-01 1.217103860824826000e+01 5.863129825280375371e+04
5.440911307053611923e-01 1.211730382870256939e+01 4.849983252160330449e+04
5.654953690135937627e-01 1.207227747700998144e+01 4.011477576726796542e+04
5.874246042468049822e-01 1.203144308966986564e+01 3.297234238992229803e+04
6.099732912740213342e-01 1.199211808189475725e+01 2.756482345548196827e+04
6.331868500968933500e-01 1.195255990307574123e+01 2.290065272478987390e+04
6.571427994857089727e-01 1.192109688875344631e+01 1.897087167555646738e+04
6.818967909934154914e-01 1.189119463672123267e+01 1.561879831563964763e+04
7.074860144379077065e-01 1.186195745572095284e+01 1.303760279139379782e+04
7.339360612404530748e-01 1.183625525453109262e+01 1.082087154209795517e+04
7.612820553102778165e-01 1.181254039657137511e+01 8.962676251817516459e+03
7.895327240711349503e-01 1.178916431943272691e+01 7.376546039317154282e+03
8.186795438541778491e-01 1.177059057073161163e+01 6.140973623521025729e+03
8.487299202631298778e-01 1.175411218104528821e+01 5.082266257239873994e+03
8.796531879766432693e-01 1.173644638975109977e+01 4.175193881426406733e+03
9.114350451169063172e-01 1.172228719027037869e+01 3.488778193833876230e+03
9.440674124151114954e-01 1.170894123776061591e+01 2.889413390187957702e+03
9.774755835410467997e-01 1.170502009442796165e+01 2.380102833471959002e+03
1.011649277965074978e+00 1.169305908969452190e+01 1.988312059053969733e+03
1.046529615859196793e+00 1.167746815772699343e+01 1.651619638232568605e+03
1.082064335252447940e+00 1.166884374381896983e+01 1.372396738475185657e+03
1.118176869619550651e+00 1.166345706461132004e+01 1.142947964332727452e+03
1.154827238679092316e+00 1.165241878004600196e+01 9.521515329055960137e+02
1.191940187082897840e+00 1.164898291292633914e+01 7.940885271327882720e+02
1.229436263734826396e+00 1.163694954245388047e+01 6.639038739309720540e+02
1.267227630060175469e+00 1.162848757545304501e+01 5.563541111732943136e+02
1.305236107396439360e+00 1.162280240092494132e+01 4.663721620354049833e+02
1.343385841575469586e+00 1.161064081292941275e+01 3.914709204557111093e+02
1.381583807681978415e+00 1.159963630156373249e+01 3.295311034590800432e+02
1.419758477441515288e+00 1.159069477424694838e+01 2.778686602621365864e+02
1.457784185851870307e+00 1.157856165056461606e+01 2.348401106644021183e+02
1.495620090804605340e+00 1.156626732722117978e+01 1.988294537964219728e+02
1.533142345297583642e+00 1.155140313324039170e+01 1.680436379743683233e+02
1.570262602367102467e+00 1.153595211954807631e+01 1.434295458652757986e+02
1.606930044495773258e+00 1.152037387390155132e+01 1.224373568969667474e+02
1.643013171906286374e+00 1.150004604447385681e+01 1.046767553326085505e+02
1.678464386469336045e+00 1.147918883326182460e+01 8.917036004229112223e+01
1.713187112344944252e+00 1.145712249884623368e+01 7.694150176140468034e+01
1.747108941306253271e+00 1.143355196427449982e+01 6.623290093888188323e+01
1.780177942048761786e+00 1.140761421622756977e+01 5.711938522539590224e+01
1.812305276100041107e+00 1.138063152868841676e+01 4.922999874396526110e+01
1.843396997156654837e+00 1.135046973498421252e+01 4.287761418994491436e+01
1.873284140409503085e+00 1.131938654436526903e+01 3.734097910232946305e+01
1.901782481320874130e+00 1.128680690436927136e+01 3.247249244969725623e+01
1.928731825130582278e+00 1.125145888858105359e+01 2.857133262092102655e+01
1.953957798873212415e+00 1.121451369499247619e+01 2.506588054043378122e+01
1.977327972043787074e+00 1.117420876521793716e+01 2.224485234762669350e+01
1.998674397395604485e+00 1.113313102238226371e+01 1.977239884391130431e+01
2.017922332240214889e+00 1.108890395431974518e+01 1.765460529663203815e+01
2.034911187947504807e+00 1.104228308240626966e+01 1.580724800129336494e+01
2.049574497009368113e+00 1.099390267769506835e+01 1.427883071727871211e+01
2.061779642805708246e+00 1.094245873072081743e+01 1.302590692238158354e+01
2.071434119512397309e+00 1.088870518724218250e+01 1.188366131479743437e+01
2.078481889252571158e+00 1.083397375057682410e+01 1.098365822682683834e+01
2.082777353420433908e+00 1.077767720826245323e+01 1.021068557852962577e+01
2.084235015983713080e+00 1.071926077983094139e+01 9.568519306906459576e+00
2.082673596710830299e+00 1.066146284201899697e+01 9.047321893958997663e+00
2.077815563878671057e+00 1.060966906925782283e+01 8.752962433463068237e+00
2.069943378010810964e+00 1.056943030715622633e+01 8.646622477566189957e+00
