2.191799393479931801e-01 1.550982551689759603e+01 3.683552447462830693e+06
2.271766759743626962e-01 1.521285707075059257e+01 3.101933955180929508e+06
2.355075867837536363e-01 1.492924072971939076e+01 2.616962162114895880e+06
2.441962691243253492e-01 1.467586342200197436e+01 2.183993775765125640e+06
2.532247405399798423e-01 1.443956755505868728e+01 1.837186224161488004e+06
2.626181247414925979e-01 1.422571740542219310e+01 1.550011002571211196e+06
2.723847564687277290e-01 1.401116931641550778e+01 1.299647503215435892e+06
2.825318537456575352e-01 1.381947166240382074e+01 1.094625187585374806e+06
2.930760039254561855e-01 1.365844121598865080e+01 9.200086028608528432e+05
3.039822543371079044e-01 1.350629741481861323e+01 7.742498630630103871e+05
3.153081723355247723e-01 1.335372400169006468e+01 6.501805754323399160e+05
3.270491181784509482e-01 1.323070969947772824e+01 5.477240969302441226e+05
3.391905259636839864e-01 1.309874522112084883e+01 4.613834158486108063e+05
3.517654551949259689e-01 1.298427722466984058e+01 3.843659920269030845e+05
3.647722688711272365e-01 1.287905259876735897e+01 3.279971883429383743e+05
3.781903863703529600e-01 1.278215832030010368e+01 2.768630813183261780e+05
3.920617163871549793e-01 1.269149457069672593e+01 2.313044620310841128e+05
4.063733587814078452e-01 1.261123269939074554e+01 1.966237535610028135e+05
4.211223976066253982e-01 1.253322035223694897e+01 1.662353025299300789e+05
4.363351863651649953e-01 1.246097765986689154e+01 1.404901206724810181e+05
4.519826258118906370e-01 1.239547470093671855e+01 1.187163963903503463e+05
4.680966940562300005e-01 1.233720104544262952e+01 1.004052175709450676e+05
4.846297806452062318e-01 1.228463930236328849e+01 8.483331267822199152e+04
5.016284437865968782e-01 1.222734122684324198e+01 7.199441603951067373e+04
5.190710669001218358e-01 1.218201838708755957e+01 6.092047001696061488e+04
5.369618304551371235e-01 1.213786066026666255e+01 5.164374303453946777e+04
5.552974850581197108e-01 1.209633150612022234e+01 4.381017963455687277e+04
5.740437720792915810e-01 1.205648501571158349e+01 3.724606881340628752e+04
5.932315185630909760e-01 1.201892146715997356e+01 3.168760921314599545e+04
6.128653214116002168e-01 1.198758765293822393e+01 2.690864171537059519e+04
6.330191752821149320e-01 1.195549363747313620e+01 2.292605181431041274e+04
6.537326047974274523e-01 1.192684088257198738e+01 1.948566418331828390e+04
6.750380484925236901e-01 1.189954559338798035e+01 1.657767902409566523e+04
6.969642910739670683e-01 1.187463590684287063e+01 1.408829809719170953e+04
7.195605792295408643e-01 1.185007899145170285e+01 1.197678864782439086e+04
7.428104754730758819e-01 1.182816982398557926e+01 1.016818533332218067e+04
7.667258047454349468e-01 1.180759351580879368e+01 8.635749878276661548e+03
7.913254516393765092e-01 1.179060731291061437e+01 7.325421560506153583e+03
8.166230755511585393e-01 1.177181556607641788e+01 6.228508567089638746e+03
8.425874461661814196e-01 1.175704002519823810e+01 5.282870438564935284e+03
8.692333036626227472e-01 1.174275768863365066e+01 4.486616951828894344e+03
8.965325921709675905e-01 1.172971320687234886e+01 3.808934610587440147e+03
9.244805293352322817e-01 1.171830190498550550e+01 3.237354990329811244e+03
9.530486021123784068e-01 1.170798404395224246e+01 2.749470977473961739e+03
9.821993720792747684e-01 1.169774564131486549e+01 2.338740854211682745e+03
1.011932766126971472e+00 1.169371497473343524e+01 1.987139974108112938e+03
1.042202767417298226e+00 1.168007555061073965e+01 1.690715308569611125e+03
1.072973344031167731e+00 1.167262941605423876e+01 1.440710344567044785e+03
1.104203091328595843e+00 1.166679783376625146e+01 1.227265288404877310e+03
1.135860607149180135e+00 1.166096773645536189e+01 1.047525633738124952e+03
1.167883576310633664e+00 1.165232328887813296e+01 8.945905212806162581e+02
1.200258921436084814e+00 1.164702215035691957e+01 7.646502399681166935e+02
1.232901955555436802e+00 1.163999101956041216e+01 6.546589316295768413e+02
1.265770927796795675e+00 1.163271687303648250e+01 5.607664351757293844e+02
1.298830369048572075e+00 1.162506441202482321e+01 4.815246111988807343e+02
1.331990218220205913e+00 1.161970706136912845e+01 4.135316618104512258e+02
1.365223094152779426e+00 1.161072678750731768e+01 3.559354808728586477e+02
1.398463352140527416e+00 1.160454190647284456e+01 3.066252736009140563e+02
1.431654930113101187e+00 1.159546554461359946e+01 2.647545651768944595e+02
1.464730943520362372e+00 1.158399988093317212e+01 2.286997235344087755e+02
1.497648903346687543e+00 1.157178248401052123e+01 1.980813223951957127e+02
1.530338467519135381e+00 1.155954543911650134e+01 1.718888218856537833e+02
1.562746497641597454e+00 1.154769730160635355e+01 1.490736356548790695e+02
1.594810293095148879e+00 1.153371455085859942e+01 1.298417808996387635e+02
1.626474871114551135e+00 1.151733700938846461e+01 1.131892939947984331e+02
1.657691565950715207e+00 1.150073936038585742e+01 9.882976459827393967e+01
1.688409567801317790e+00 1.148286379598548557e+01 8.644950039608431780e+01
1.718568889053425863e+00 1.146384613606847580e+01 7.575816782851542541e+01
1.748122073961993372e+00 1.144360500374653888e+01 6.651156769247666034e+01
1.777039550285305136e+00 1.142170024186822808e+01 5.854860535804602506e+01
1.805255418286598745e+00 1.139913569697463380e+01 5.157890626459059291e+01
1.832737570254856285e+00 1.137460496857671366e+01 4.553211857949723651e+01
1.859448468666468290e+00 1.134883554299680775e+01 4.027693608627514266e+01
1.885352808942955649e+00 1.132175087468402275e+01 3.571074470002055534e+01
1.910411303684645734e+00 1.129304006893745616e+01 3.160404999397458425e+01
1.934605837735342337e+00 1.126350489361639440e+01 2.823859789399948639e+01
1.957910668591979819e+00 1.123162175372751825e+01 2.508629868662377405e+01
1.980299039754950918e+00 1.119930155565943153e+01 2.249851141162580248e+01
2.001744435241308295e+00 1.116581462976734684e+01 2.014571295242193116e+01
2.022237715189546314e+00 1.113005933745500720e+01 1.800272130832821915e+01
2.041761104876195887e+00 1.109440830313370796e+01 1.623888131448095962e+01
2.060197614945447064e+00 1.105669266838114950e+01 1.463654224782817082e+01
2.077401050237242863e+00 1.101712747313182739e+01 1.318362832526345407e+01
2.093188678189475294e+00 1.097709909463122457e+01 1.200389715289357362e+01
2.107354523187018547e+00 1.093640705643294808e+01 1.092953234298112619e+01
2.119654841286274127e+00 1.089389892525727710e+01 1.001009664980965752e+01
2.129924036879532245e+00 1.085035531432295208e+01 9.217968809571742028e+00
2.138217540093026336e+00 1.080533386874224000e+01 8.533824249191747313e+00
2.144624391673359831e+00 1.075821297223769157e+01 7.934729437375672489e+00
2.149244934295713172e+00 1.071038289241662689e+01 7.397139887790030954e+00
2.152111875569941990e+00 1.066028991672262549e+01 6.961605487973704598e+00
2.153375431817350361e+00 1.060926484694894079e+01 6.563598436739123798e+00
2.153091835159433920e+00 1.055663925727450447e+01 6.195369415419524017e+00
2.151359786669494234e+00 1.050401256074946055e+01 5.892223084376173148e+00
2.148014812986980715e+00 1.045205057305995489e+01 5.637060656866282216e+00
2.143015539263739999e+00 1.039889390217993359e+01 5.438879583878540203e+00
2.136461497180871305e+00 1.034777369623808774e+01 5.256983783158902135e+00
2.128474365835924420e+00 1.029749701814821350e+01 5.132575173664572610e+00
2.119311325893899145e+00 1.024997734456301224e+01 5.047828335976990211e+00
2.109558485312301723e+00 1.020868664178483165e+01 5.020221705328695272e+00
