2.191799393479931801e-01 1.550982551689759603e+01 3.683552447462830693e+06
2.271512251121607373e-01 1.522479584843225808e+01 3.124193721669098828e+06
2.354561639982618027e-01 1.492715512196591376e+01 2.599867994734935928e+06
2.441151195563283638e-01 1.467559277966970832e+01 2.193684310593857430e+06
2.531118480929914760e-01 1.442927484137431726e+01 1.843164424929076340e+06
2.624728827953884958e-01 1.421947840404019914e+01 1.547217120773839997e+06
2.722026000501052145e-01 1.402608178539356309e+01 1.307312303357597440e+06
2.823109073879623843e-01 1.383633727097820909e+01 1.095789713080785470e+06
2.928128834315052997e-01 1.366330369515283749e+01 9.219995295487298863e+05
3.036759205570637166e-01 1.350354554597314660e+01 7.761393938638501568e+05
3.149556302421387399e-01 1.335978238346216784e+01 6.539857751883268356e+05
3.266440295391208615e-01 1.323301855114886472e+01 5.517235043999775080e+05
3.387381897613679915e-01 1.312133255428304324e+01 4.644597575025421102e+05
3.512625218665821891e-01 1.298774364805445813e+01 3.914959044526310754e+05
3.642190844734907174e-01 1.288539530061799709e+01 3.301896873412522837e+05
3.775743133381842531e-01 1.278542934224263483e+01 2.784112667504845886e+05
3.913725194783509997e-01 1.269625446163439086e+01 2.349680109615623951e+05
4.056210591475380434e-01 1.261387492590302628e+01 1.990546519017252140e+05
4.202991365888555930e-01 1.253763142368407557e+01 1.676002235696851567e+05
4.354608277902884961e-01 1.246874318337031973e+01 1.414774930680664256e+05
4.510218131493974325e-01 1.240068334304567799e+01 1.197082650652548327e+05
4.670525104922865212e-01 1.233945344030557045e+01 1.012514433061903837e+05
4.835009260459708358e-01 1.228299164330766402e+01 8.596863326372126176e+04
5.004238605023312303e-01 1.223138148291399574e+01 7.198126369715918554e+04
5.177787978536234625e-01 1.218397853442353096e+01 6.168184081379511917e+04
5.355813067733747879e-01 1.213970383557493804e+01 5.237635770929031423e+04
5.538263103039025026e-01 1.209937859866817611e+01 4.445295575555264804e+04
5.724830328602572571e-01 1.205982266785184542e+01 3.772988301832278376e+04
5.915685754180443068e-01 1.202247133319560213e+01 3.211461774633246750e+04
6.111126270235689439e-01 1.199032761854663853e+01 2.728673063065394672e+04
6.311679423992440086e-01 1.195717909494766573e+01 2.328898151885877087e+04
6.517916367737442984e-01 1.192797733411402916e+01 1.978145852799694694e+04
6.730111549063360066e-01 1.190126088576480434e+01 1.685614047064174520e+04
6.948996904802373642e-01 1.187588969252875160e+01 1.430090488185741560e+04
7.174147424277557139e-01 1.185211463322293923e+01 1.216067915783465105e+04
7.406317687883833267e-01 1.183056004001958783e+01 1.031699837713888337e+04
7.645463150765501315e-01 1.181106884621805619e+01 8.764641949117767581e+03
7.891504660835600982e-01 1.179262288380267876e+01 7.442581283220773912e+03
8.144738174608872061e-01 1.177726382742556943e+01 6.319839185282093240e+03
8.404908364751887406e-01 1.176095580567621823e+01 5.360835822873079451e+03
8.672148965955532862e-01 1.174740059086559008e+01 4.554341415476940711e+03
8.946193707226938185e-01 1.173500203790620056e+01 3.862659004807609563e+03
9.227059159215497131e-01 1.172449195005137135e+01 3.281094034269407530e+03
9.514343573842037882e-01 1.171336366488368341e+01 2.784331556932823332e+03
9.807761104224489435e-01 1.170457911529743278e+01 2.367022543054407834e+03
1.010727666944006176e+00 1.169624053651587836e+01 2.012046906462257539e+03
1.041243752583439264e+00 1.169366253254625576e+01 1.709888777813180013e+03
1.072289565637946307e+00 1.168346123313621021e+01 1.455897355293267765e+03
1.103834947046505421e+00 1.167785361125665844e+01 1.239521385085911334e+03
1.135814605853179282e+00 1.167186505255364004e+01 1.057034305419981592e+03
1.168221942973500127e+00 1.166588804758481501e+01 9.013712258989711472e+02
1.200976775640719918e+00 1.166208333941562891e+01 7.647655452016729214e+02
1.234042186610538661e+00 1.165618186306193316e+01 6.581565847825009996e+02
1.267371620482275363e+00 1.164918251812368055e+01 5.637665206755208374e+02
1.300888120363384859e+00 1.164714554438654837e+01 4.831459108924495922e+02
1.334546437556776599e+00 1.163783663144462999e+01 4.148044964045280381e+02
1.368309064292662747e+00 1.163117439239108819e+01 3.568204909501752127e+02
1.402094517217066905e+00 1.162389628356170945e+01 3.071627309523901772e+02
1.435862702750532183e+00 1.161707555793695512e+01 2.647237056043092025e+02
1.469523740100189269e+00 1.160862037045329132e+01 2.287676136581862636e+02
1.503053949551944823e+00 1.159943455426899739e+01 1.971709275465042026e+02
1.536370967674372423e+00 1.158862983513373379e+01 1.714714786773327830e+02
1.569418063641769390e+00 1.157855993091075142e+01 1.487667479832079209e+02
1.602140351328515733e+00 1.156562323855234808e+01 1.293974083375308908e+02
1.634482889712124631e+00 1.155289361878814525e+01 1.126603501543232397e+02
1.666378226695166997e+00 1.153753885585145156e+01 9.829484142834594707e+01
1.697789036386715411e+00 1.152163595926212025e+01 8.587191426994989740e+01
1.728645434736277409e+00 1.150406701505219509e+01 7.485639061735207633e+01
1.758902569984767794e+00 1.148571401708389494e+01 6.599522339079813094e+01
1.788529316999177610e+00 1.146649923596579690e+01 5.772671345398250509e+01
1.817455955077642571e+00 1.144447264097357753e+01 5.109137943309070806e+01
1.845650234871686779e+00 1.142174407418247029e+01 4.507448096744695931e+01
1.873072283299054952e+00 1.139760923451013142e+01 3.986502120855546849e+01
1.899681776929042831e+00 1.137241152894546303e+01 3.530074003738170774e+01
1.925450328199729944e+00 1.134611409938242943e+01 3.120689482166855200e+01
1.950347756332503568e+00 1.131738335829284914e+01 2.784985078538455028e+01
1.974348212164986238e+00 1.128818377355221436e+01 2.482508906371625557e+01
1.997413574436188499e+00 1.125683595520479940e+01 2.216657857916039376e+01
2.019511687977034509e+00 1.122449529166711102e+01 1.978235591504650159e+01
2.040462936769914304e+00 1.119135345609470633e+01 1.779290608990745071e+01
2.059999028175300673e+00 1.115579004797868912e+01 1.603143726318691975e+01
2.077764212204027849e+00 1.111953852039918900e+01 1.450719292399347893e+01
2.093156311265362834e+00 1.108198204484689064e+01 1.321324179291997858e+01
2.103232598624984018e+00 1.104621826425138309e+01 1.229188450448382142e+01
2.104732965162328107e+00 1.101221695151792090e+01 1.181073475244720150e+01
2.101688696878667884e+00 1.097427686429959159e+01 1.149692229126481280e+01
2.095666279943005694e+00 1.093375518593723861e+01 1.124487046815555757e+01
2.087507170816505830e+00 1.088942459995314849e+01 1.111527837428624110e+01
2.077681893454861761e+00 1.084230686463977911e+01 1.098787339511262040e+01
2.066514593170630132e+00 1.079253767915337470e+01 1.089030108099685989e+01
2.054244310160187492e+00 1.074077647035745997e+01 1.081052694613651433e+01
2.041053230889565029e+00 1.068595664703824610e+01 1.074525121225769908e+01
2.027006927766049849e+00 1.062863769990371310e+01 1.068667628033230343e+01
2.012298969720577979e+00 1.056911607609653991e+01 1.059602805098511347e+01
1.996974841854044502e+00 1.050715018586399729e+01 1.054311694360944074e+01
1.981137134813037992e+00 1.044267659784128632e+01 1.048365835802137980e+01
1.964904404989405551e+00 1.037542826029910970e+01 1.045152983779648537e+01
1.948428182655391527e+00 1.030760105650124991e+01 1.038562307501680948e+01
1.931801370333821932e+00 1.023843522181621246e+01 1.030935650421305283e+01
1.915094751854501842e+00 1.016833838664736689e+01 1.023761279852396910e+01
