2.383731302914612049e-01 1.510646317623783297e+01 2.423116349867075216e+06
2.522139162680080982e-01 1.469770860441376570e+01 1.847353416492372518e+06
2.666475174065187637e-01 1.434512153327103867e+01 1.415923007009884110e+06
2.816765662881323129e-01 1.403943650886042072e+01 1.090771266781920567e+06
2.973035616317528662e-01 1.377320677976793739e+01 8.442562567134945421e+05
3.135302323170711669e-01 1.354044281636902625e+01 6.564189641405032016e+05
3.303583685158129057e-01 1.333622102550484279e+01 5.125315691519370885e+05
3.477890799133585009e-01 1.315647968208872065e+01 4.018317414010056527e+05
3.658220096363219431e-01 1.299783529523197600e+01 3.162606993048381410e+05
3.844572373030394341e-01 1.285744195430040016e+01 2.498295188421376515e+05
4.036927339483021293e-01 1.273289656476687526e+01 1.980568376856402028e+05
4.235259592479175828e-01 1.262216024578760099e+01 1.575481442363557580e+05
4.439531038454353484e-01 1.252347712608789720e+01 1.257330028259979299e+05
4.649691639231560147e-01 1.243532497076754595e+01 1.006581345874411345e+05
4.865680031098345570e-01 1.235639780812761224e+01 8.082662896224430006e+04
5.087406573991226644e-01 1.228554621911649036e+01 6.509310272797906509e+04
5.314776769296478687e-01 1.222175650562264337e+01 5.257042619675897731e+04
5.547670879385562248e-01 1.216414239027426625e+01 4.257307872703386238e+04
5.785971775805476280e-01 1.211192281721148767e+01 3.456916874209999514e+04
6.029610896249787411e-01 1.206437568364125923e+01 2.813901392473930900e+04
6.279226432119133783e-01 1.202091531203028651e+01 2.294954957912921964e+04
6.535492992275501178e-01 1.198115699855146943e+01 1.874349180818161767e+04
6.798895275499022839e-01 1.194485448311312759e+01 1.532625734406812444e+04
7.069743339153429229e-01 1.191180667992732900e+01 1.254509582258348928e+04
7.348214528030941883e-01 1.188181876334442855e+01 1.027900580927838746e+04
7.634377398443350504e-01 1.185471810074955989e+01 8.430974984240339836e+03
7.928225149534753324e-01 1.183031896745833400e+01 6.922794933019056771e+03
8.229661533277620178e-01 1.180842973971468268e+01 5.691034491536766836e+03
8.538523827895787566e-01 1.178884595268097257e+01 4.684228143114846716e+03
8.854600300699518867e-01 1.177136728062149729e+01 3.860668937139287664e+03
9.177621436759682005e-01 1.175578232523572808e+01 3.186375756331828143e+03
9.507277695149534136e-01 1.174187570953356285e+01 2.633728787717399882e+03
9.843186809571112805e-01 1.172943067814272311e+01 2.180317564580442195e+03
1.018495886610421897e+00 1.171823277406061692e+01 1.807862290857472090e+03
1.053216998935712301e+00 1.170807628596727845e+01 1.501543824541238109e+03
1.088434471016280103e+00 1.169875159195630410e+01 1.249258003079123228e+03
1.124098338547480980e+00 1.169005468838466832e+01 1.041195802318164624e+03
1.160155801887455596e+00 1.168179047281694416e+01 8.693470085384689128e+02
1.196553336839509374e+00 1.167376726898400463e+01 7.271784213628615134e+02
1.233231033214763794e+00 1.166579815741291881e+01 6.093952717982211880e+02
1.270130733671869461e+00 1.165771105969106003e+01 5.116426411199706195e+02
1.307190402642805171e+00 1.164933446785375892e+01 4.303869619420970025e+02
1.344347083958833844e+00 1.164050898249112187e+01 3.627258159657365013e+02
1.381537060127584482e+00 1.163108203753556680e+01 3.062898680837155325e+02
1.418694309237167550e+00 1.162091246477747042e+01 2.591353421277397615e+02
1.455752614211768048e+00 1.160985836843656038e+01 2.196608616667764409e+02
1.492644320825228910e+00 1.159779639956242114e+01 1.865666870329547464e+02
1.529302395982226059e+00 1.158460502669977998e+01 1.587648942260663603e+02
1.565659364806524012e+00 1.157017195647865826e+01 1.353722012400997983e+02
1.601647480585701944e+00 1.155439477999676967e+01 1.156509992646927003e+02
1.637199476397000808e+00 1.153717763114368466e+01 9.899770977694504381e+01
1.672249643523772145e+00 1.151842960122100479e+01 8.490825724912082251e+01
1.706731753164950849e+00 1.149807267507513586e+01 7.296761535394338694e+01
1.740581382417565548e+00 1.147603270735295133e+01 6.282845320566319458e+01
1.773735485905764797e+00 1.145224472273659977e+01 5.420520287347120814e+01
1.806132573248566464e+00 1.142664872252191799e+01 4.685851809994272088e+01
1.837713040729763936e+00 1.139919442326055510e+01 4.058658964337556796e+01
1.868419111111880859e+00 1.136983663155396762e+01 3.522412650211700935e+01
1.898195443262847615e+00 1.133853792636354285e+01 3.063089868632005874e+01
1.926988994368063368e+00 1.130526628848056703e+01 2.668948613544975501e+01
1.954749631424893330e+00 1.126999777146592052e+01 2.330166296403221793e+01
1.981429773563290198e+00 1.123271382726260015e+01 2.038483133632476552e+01
2.006984901158287204e+00 1.119340263756009435e+01 1.786854593104231625e+01
2.031373295361602160e+00 1.115205753355841978e+01 1.569473186682212251e+01
2.054556868690700533e+00 1.110867947443211712e+01 1.381338230736116302e+01
2.076500615166237740e+00 1.106327402293983297e+01 1.218224959965374055e+01
2.097133163817785029e+00 1.101586269476334223e+01 1.076762849118277643e+01
2.116224511180233581e+00 1.096639854048914664e+01 9.544924923155216234e+00
2.133403495562028684e+00 1.091466497494462295e+01 8.494601281027058803e+00
2.148059876828775305e+00 1.086029954795317565e+01 7.603694236657501548e+00
2.157829375766012969e+00 1.080449583404748282e+01 6.914436420337310985e+00
