2.191799393479931801e-01 1.550982551689759603e+01 3.683552447462830693e+06
2.275659739609360299e-01 1.521663487358103772e+01 3.100794662039847579e+06
2.363274607812032579e-01 1.490822115522890812e+01 2.565749945559829473e+06
2.454667557101816444e-01 1.463373232249906231e+01 2.134109135869221296e+06
2.549906163341060794e-01 1.439320246453673846e+01 1.774690478101392742e+06
2.649168810250108197e-01 1.416651475547868877e+01 1.481754180396074895e+06
2.752528389785025564e-01 1.396385492677742768e+01 1.236536331845152192e+06
2.860097134130741292e-01 1.377211061696173644e+01 1.029459030053361086e+06
2.971845715581484249e-01 1.359710702553952544e+01 8.616267293462147936e+05
3.088078335685850995e-01 1.343716731269933540e+01 7.192367782588457922e+05
3.208835237701683774e-01 1.329607439261035040e+01 5.995387117149190744e+05
3.333752236980002115e-01 1.315912298778616041e+01 5.009736556332317414e+05
3.463415324785524829e-01 1.303179859607644886e+01 4.183041658153291210e+05
3.597793070986959885e-01 1.292084113412558999e+01 3.494868566670930595e+05
3.736893943535882778e-01 1.281520962377187800e+01 2.921899146185689024e+05
3.880804785703481641e-01 1.271658684893316327e+01 2.446731758377473743e+05
4.029776436404554074e-01 1.262653720564743942e+01 2.046264505843317020e+05
4.183111750199797751e-01 1.254778681314101441e+01 1.714755014676242718e+05
4.341699693374606039e-01 1.247233622733256020e+01 1.435497771414761955e+05
4.505224525519508916e-01 1.240076548134729606e+01 1.204472813394360710e+05
4.673630719617723472e-01 1.233913720612116016e+01 1.009561266009586252e+05
4.846761265783885997e-01 1.228014712338507408e+01 8.491921232732676435e+04
5.024985863449989987e-01 1.222510630877058091e+01 7.141389718445028120e+04
5.208091991350253247e-01 1.217517134608350204e+01 6.000455968126240623e+04
5.396102085146152749e-01 1.213050616838063434e+01 5.051508476284334756e+04
5.589013465590805252e-01 1.208559734028424515e+01 4.248589772005644772e+04
5.786433621400691729e-01 1.204673383512336038e+01 3.547508631408291694e+04
5.988566395413820187e-01 1.201013498571978211e+01 3.020719311073732388e+04
6.196095638024498031e-01 1.197720843653152123e+01 2.550509553951306589e+04
6.409678222994223962e-01 1.194899835816439193e+01 2.128009477627192973e+04
6.629848873432097056e-01 1.191522908696834904e+01 1.814799386067822343e+04
6.856814439522987970e-01 1.188653527136370158e+01 1.532633635783689897e+04
7.091468793444544172e-01 1.186097569876982760e+01 1.278816613972290543e+04
7.333536216611651337e-01 1.183810714654524787e+01 1.079960981289812298e+04
7.583426942270329318e-01 1.181607144384001806e+01 9.153428406911318234e+03
7.841159142351695754e-01 1.179742511982591857e+01 7.705041083165083364e+03
8.107045749419208303e-01 1.177869256693348987e+01 6.441490045338808159e+03
8.380797948719425072e-01 1.176237617901623089e+01 5.454808594274342795e+03
8.662549706580872089e-01 1.174888927667086769e+01 4.584837857539839206e+03
8.951924119737896257e-01 1.173554876451726159e+01 3.857375751867878080e+03
9.248943245367943211e-01 1.172696741995424397e+01 3.244256203074323821e+03
9.553469123050266631e-01 1.171638462875076314e+01 2.730787521272401136e+03
9.864836080223089443e-01 1.170630165248961774e+01 2.298871480124684240e+03
1.018306834858677012e+00 1.169892062611171113e+01 1.935342941253405797e+03
1.050763085784548911e+00 1.169190711945579686e+01 1.632371849423601134e+03
1.083812838700377590e+00 1.168595173303667423e+01 1.377751128128177697e+03
1.117420624598352230e+00 1.167987911034773063e+01 1.162412747443154558e+03
1.151518104282346577e+00 1.167705199985009834e+01 9.832601419506737557e+02
1.186053135376828438e+00 1.167007651144248115e+01 8.314159270446446044e+02
1.220981127613572470e+00 1.166507281789368022e+01 7.049499044167520196e+02
1.256238077475250625e+00 1.165987540639251030e+01 5.983155765439888683e+02
1.291741822980803978e+00 1.165638718790778228e+01 5.044885149485663760e+02
1.327479174993430933e+00 1.165294849316380876e+01 4.319363992732433530e+02
1.363314541577416605e+00 1.164497490645788069e+01 3.659225869359993908e+02
1.399219745979320972e+00 1.163910200424307284e+01 3.142477807834853252e+02
1.435130848332516695e+00 1.163324460199768318e+01 2.685804565125162640e+02
1.470941462689987933e+00 1.162461078200303888e+01 2.301111884889324131e+02
1.506620038567969999e+00 1.161572772642717588e+01 1.973327761350897163e+02
1.542073356747396762e+00 1.160577853565835760e+01 1.696179676183558627e+02
1.577238736843647349e+00 1.159500546135563326e+01 1.461888531395357234e+02
1.612041919838961945e+00 1.158281527355134166e+01 1.260650361202927598e+02
1.646417633206384235e+00 1.156969251057713244e+01 1.089576793208475038e+02
1.680305046295166083e+00 1.155530397155716038e+01 9.439872806196403587e+01
1.713639537205819297e+00 1.153928242380854918e+01 8.187185699967389496e+01
1.746341481637238013e+00 1.152142703949600211e+01 7.124656374237376610e+01
1.778365556749774257e+00 1.150250806104696011e+01 6.206484002658429233e+01
1.809666774068749318e+00 1.148221911950593821e+01 5.406939984429082813e+01
1.840173719511690731e+00 1.145972817769570717e+01 4.749957150104697945e+01
1.869844176794924540e+00 1.143586563462120154e+01 4.162797106134994607e+01
1.898630667614018330e+00 1.141115510213799134e+01 3.659713701755866566e+01
1.926494573110649311e+00 1.138444031925762623e+01 3.225252274137567809e+01
1.953399973077759588e+00 1.135670923820001121e+01 2.836716798659425365e+01
1.979312118963396649e+00 1.132628525003880426e+01 2.518963207408052085e+01
2.004162888985398627e+00 1.129548963423281016e+01 2.235765306323266088e+01
2.027291188596825666e+00 1.126241824306929296e+01 1.992468457272882887e+01
2.041256386451014926e+00 1.123113512534776781e+01 1.836672244732271508e+01
2.046035788634885222e+00 1.119614124218916551e+01 1.745005966537115327e+01
2.045581618107516153e+00 1.115733852441238305e+01 1.683009185590990242e+01
2.041616436033023341e+00 1.111394354556345299e+01 1.636485446951286349e+01
2.035176147886779141e+00 1.106599622659476445e+01 1.598784660854696682e+01
2.026905505327790458e+00 1.101360130459097597e+01 1.560333584988973143e+01
2.017265283682863508e+00 1.095719439521238314e+01 1.534209475746806284e+01
2.006504917090806028e+00 1.089712928281939774e+01 1.505288585734165352e+01
1.994880399292292772e+00 1.083307765931408362e+01 1.475493698564786804e+01
1.982571087350868622e+00 1.076609255739319337e+01 1.446181663235729253e+01
1.969692840761739117e+00 1.069675064073460469e+01 1.416253662450864503e+01
1.956389271696088672e+00 1.062411027722986923e+01 1.385674949587149740e+01
1.942750132444392541e+00 1.054886126384750078e+01 1.354211051071079908e+01
1.928859386363006134e+00 1.047126869303423824e+01 1.321920520428610502e+01
1.914801163506429260e+00 1.039169893943783762e+01 1.284643727329134144e+01
1.900648806225218701e+00 1.031082191368390788e+01 1.253470560620024266e+01
1.886471299726117934e+00 1.022868990321236460e+01 1.214072733080519306e+01
1.872298457250891612e+00 1.014363445370949535e+01 1.181892022479745563e+01
1.858184343497807145e+00 1.005721057787716965e+01 1.144107132137345317e+01
1.844161266016221434e+00 9.970947185172743588e+00 1.106268495408481556e+01
1.830292757872765019e+00 9.883311653151789500e+00 1.065639891633574443e+01
1.816570141928302462e+00 9.794798333944857660e+00 1.029457483634808312e+01
1.803037548005776980e+00 9.705844679612884107e+00 9.914890548008317595e+00
1.789742416312839923e+00 9.617347254211750851e+00 9.497284318657696289e+00
1.776827967197075919e+00 9.530111332933394408e+00 9.159159731994559905e+00
