2.191799393479931801e-01 1.550982551689759603e+01 3.683552447462830693e+06
2.264683930829012593e-01 1.522157510707170580e+01 3.146050664928655606e+06
2.340277232967083454e-01 1.497588415626944425e+01 2.681887745472606272e+06
2.418900294522148831e-01 1.473454683967079326e+01 2.287229155896493234e+06
2.500233008051250816e-01 1.451476922572812711e+01 1.951085253176041879e+06
2.584648371223337571e-01 1.430635951979385645e+01 1.663587700966567034e+06
2.672113417939627200e-01 1.411861040283534763e+01 1.424739197391093709e+06
2.762717050296760735e-01 1.393793892718481686e+01 1.213668695245992858e+06
2.856531423354948251e-01 1.377836118450644598e+01 1.038329923114158795e+06
2.953474296004074406e-01 1.362538495790670012e+01 8.851606738173790509e+05
3.053801746911236070e-01 1.348562325176225762e+01 7.577335300817983225e+05
3.157452434046854606e-01 1.335385693987233324e+01 6.465418688800556120e+05
3.264485403313334699e-01 1.323328346159713576e+01 5.521337349442561390e+05
3.374981349651530182e-01 1.312787285268405491e+01 4.720958338187249610e+05
3.488983254402500123e-01 1.300826875707995711e+01 4.046272897768424591e+05
3.606596166843587525e-01 1.291493670810740468e+01 3.453055230584501987e+05
3.727682666929288402e-01 1.282034086948513973e+01 2.958061195533640566e+05
3.852522297513089056e-01 1.273467963538345948e+01 2.530401766551078472e+05
3.980970458151303348e-01 1.265615984849855735e+01 2.168090281402184628e+05
4.113089995288988776e-01 1.258437718020678275e+01 1.856353146379314712e+05
4.249093070872020372e-01 1.251459025680672710e+01 1.592221295057170209e+05
4.388402845274242958e-01 1.244965237386487367e+01 1.365722658754563017e+05
4.531760063589069243e-01 1.239107085800057639e+01 1.171667023906115792e+05
4.678963379413516588e-01 1.233617551465260220e+01 9.996485613815563556e+04
4.829551715263384337e-01 1.228497143950273340e+01 8.637120382870224421e+04
4.984148384131354970e-01 1.223705768325079823e+01 7.416097942387800140e+04
5.142355116232376622e-01 1.219998404268616277e+01 6.372410057030381722e+04
5.304315898734114354e-01 1.215131187462544204e+01 5.482259079294570984e+04
5.469983119341195188e-01 1.211224157793103196e+01 4.720285334642676025e+04
5.639365532134033021e-01 1.207699287053941006e+01 4.062839214593953511e+04
5.811925586958840428e-01 1.204187780438252275e+01 3.503371116999705555e+04
5.988338947616967944e-01 1.201145015719481357e+01 3.017154490987168538e+04
6.168963037737333899e-01 1.198039806635394733e+01 2.603846421704257591e+04
6.354409565916669944e-01 1.195314444381991237e+01 2.247254695624373926e+04
6.545321102290992954e-01 1.192405430632377161e+01 1.936952462149466010e+04
6.741588962582895084e-01 1.190129148096867340e+01 1.652772610440558128e+04
6.944050383214410704e-01 1.187839897856278704e+01 1.436934438976310958e+04
7.152843695482251629e-01 1.185591436099180207e+01 1.235921610024244910e+04
7.367901222918057380e-01 1.183908792015726519e+01 1.064193127946524692e+04
7.589913678164883493e-01 1.181748564816593472e+01 9.129907227814837825e+03
7.818331470068087263e-01 1.180235939868562234e+01 7.841926495364479706e+03
8.053756796171221977e-01 1.178935932004899101e+01 6.672039115033708185e+03
8.296030768235114206e-01 1.177513031600544657e+01 5.767731911431693334e+03
8.544868485491116106e-01 1.176167384079092493e+01 4.930721520767874608e+03
8.800682671994644046e-01 1.175258982569368271e+01 4.248280679625437187e+03
9.063060077803947179e-01 1.174269818979234437e+01 3.643516938401881816e+03
9.331796213601992740e-01 1.173738119643753741e+01 3.128716051766809869e+03
9.606584875221015896e-01 1.173136590226303611e+01 2.683537786674985909e+03
9.886619278940705913e-01 1.172575739100752301e+01 2.303896081976746700e+03
1.017113781300095887e+00 1.172078466829923649e+01 1.980688599460592741e+03
1.045948453450258997e+00 1.171636686125757087e+01 1.703326936693563994e+03
1.075105405158004679e+00 1.171362522627961056e+01 1.467793945313428139e+03
1.104464889610857536e+00 1.171089029626878819e+01 1.267712192631708831e+03
1.134031399954638530e+00 1.170778336415441245e+01 1.094020394663519937e+03
1.163615111455372331e+00 1.170710101625175170e+01 9.474577335906258213e+02
1.193236729781784522e+00 1.170162903099562257e+01 8.220064628612345814e+02
1.222772963193031304e+00 1.169639201168819120e+01 7.149322415733290654e+02
1.252177552420209006e+00 1.169208804428154913e+01 6.224674031985490501e+02
1.281329304456855667e+00 1.168742307480833631e+01 5.434156812434399626e+02
1.310191843362201514e+00 1.168396786363047291e+01 4.755620613016057519e+02
1.338684866346156133e+00 1.167482049111135822e+01 4.175810354182367519e+02
1.366775942211225781e+00 1.166362427087767983e+01 3.667954091960051528e+02
1.394342175005838014e+00 1.165340632694629974e+01 3.214513529697247236e+02
1.421335788982784454e+00 1.164137099412341136e+01 2.856386150208708159e+02
1.447740200967700730e+00 1.162768871694041906e+01 2.514970067101614006e+02
1.473474583618761935e+00 1.161544854466585441e+01 2.245313236538936508e+02
1.498500597148770819e+00 1.159539994917033212e+01 1.988219636969090800e+02
1.522781424303405018e+00 1.157758193885502607e+01 1.783636013006298242e+02
1.546238809784126866e+00 1.155822023545741928e+01 1.594827121767979463e+02
1.568866144723016776e+00 1.153519140097416518e+01 1.429527479307945725e+02
1.590622830027971668e+00 1.151061413108375753e+01 1.284219088363134063e+02
1.611506529087013861e+00 1.148499466682727288e+01 1.157877633252105909e+02
1.631463837430784158e+00 1.145751466790227546e+01 1.045314854276771399e+02
1.650480167541524823e+00 1.142717844979629049e+01 9.468190887979120873e+01
1.668554196127200129e+00 1.139585285817985039e+01 8.587407370779800431e+01
1.685673763689969462e+00 1.136205027154043101e+01 7.810988778724541248e+01
1.701814268027654675e+00 1.132679794395455275e+01 7.112297397913715713e+01
1.716976894380415564e+00 1.129021883788021618e+01 6.504668231630910213e+01
1.731177338787880826e+00 1.125146375897741713e+01 5.951265677605508131e+01
1.744391649920461251e+00 1.121092560859414000e+01 5.440659681805031767e+01
1.756650097158638735e+00 1.116942674326640095e+01 5.023612176944740781e+01
1.767939240957136393e+00 1.112639388914588601e+01 4.630454033858724472e+01
1.778282063862930418e+00 1.108086458756224246e+01 4.275229600594496304e+01
1.787685656413556368e+00 1.103481753886219785e+01 3.955256800320132271e+01
1.796167307512919642e+00 1.098684414998550984e+01 3.670407320632966730e+01
1.803738286947529135e+00 1.093765700045890021e+01 3.409846562154514515e+01
1.810422365475210293e+00 1.088674117702903565e+01 3.172558271580003719e+01
1.816241600127522560e+00 1.083545493971833018e+01 2.956965232320025549e+01
1.821208644705255786e+00 1.078294119321541267e+01 2.763268644622126047e+01
1.825345568360277948e+00 1.072918580824011059e+01 2.586578134166821030e+01
1.828675571961356994e+00 1.067457247139047283e+01 2.426264953170161576e+01
1.831227159310044650e+00 1.061877624697269873e+01 2.279538925323352672e+01
1.832972499901981189e+00 1.056310364229866217e+01 2.146418823824014410e+01
1.833884776239699699e+00 1.050548461280977719e+01 2.019920863647033826e+01
1.833941264483573752e+00 1.044905477937354554e+01 1.916529504044202525e+01
1.833057094612346338e+00 1.039244869152403083e+01 1.820809315898543090e+01
1.830971739345049532e+00 1.034004413903023867e+01 1.738002571116351191e+01
1.826937650506884836e+00 1.029969925972097222e+01 1.695933919792964772e+01
1.821028625088482844e+00 1.026363691347258822e+01 1.681674210838958317e+01
1.813702967232848406e+00 1.023009712944535110e+01 1.672394995201440793e+01
