2.191799393479931801e-01 1.550982551689759603e+01 3.683552447462830693e+06
2.297893479217956447e-01 1.512748442628609524e+01 2.921740656688855495e+06
2.409827100549830625e-01 1.476119625619429954e+01 2.325667599581642076e+06
2.527640038153707303e-01 1.444581337005712918e+01 1.855099564474086510e+06
2.651863973255281226e-01 1.416110786389961085e+01 1.472838675074553350e+06
2.782568344566163643e-01 1.390371595895538093e+01 1.173741765060215490e+06
2.919987895488472818e-01 1.367721531407848801e+01 9.358979135911094490e+05
3.064027062910108512e-01 1.347515418188601188e+01 7.442305614048035350e+05
3.215176811697136317e-01 1.328194530052129885e+01 5.931316083806545939e+05
3.373413659122241337e-01 1.312043946091293911e+01 4.733101657853026409e+05
3.538952741207474495e-01 1.296881746338105046e+01 3.786146381936838734e+05
3.711950233162616408e-01 1.283140552845477877e+01 3.021213421282121562e+05
3.892496606529496916e-01 1.270905676418656149e+01 2.413173679387074080e+05
4.080718276355059237e-01 1.259928631210228289e+01 1.930960432908908115e+05
4.276603892216149228e-01 1.250148025529239604e+01 1.545206782577006379e+05
4.480361958460316596e-01 1.241342799923086737e+01 1.237880651589855115e+05
4.691837029387548319e-01 1.233251464546914811e+01 9.919694643548892054e+04
4.911017410617248280e-01 1.226013200222134891e+01 7.959796152416159748e+04
5.137889526082268787e-01 1.219603339365169603e+01 6.409490391996547987e+04
5.372610775350136203e-01 1.213434738067785901e+01 5.149489899380889983e+04
5.615055397937552817e-01 1.208146514301988184e+01 4.153968787790963688e+04
5.864593056940292648e-01 1.203219458001401243e+01 3.353713695569797710e+04
6.122170735689738130e-01 1.198847986488723372e+01 2.709408121760168069e+04
6.389242524435236881e-01 1.194777003131354043e+01 2.186168768260617435e+04
6.667111908678282628e-01 1.191080293458909445e+01 1.766088969267930588e+04
6.956924801749362341e-01 1.187552933600403726e+01 1.421825071552005829e+04
7.259196397607916573e-01 1.184531654469457429e+01 1.146811938937696505e+04
7.574787978606685179e-01 1.181902728742121766e+01 9.202108953479777483e+03
7.903646317635084628e-01 1.179561930080371646e+01 7.405519104116476228e+03
8.246343687390099708e-01 1.177390935604293354e+01 5.948173257956644193e+03
8.602365117128740746e-01 1.175772560948939471e+01 4.774272085017994868e+03
8.971901993627687810e-01 1.174439821926289795e+01 3.827197736343672204e+03
9.354432739016875775e-01 1.173581811867448366e+01 3.073259233093989224e+03
9.749529502747209531e-01 1.172042781932237254e+01 2.456296381130282953e+03
1.015648214219445622e+00 1.171302884085835494e+01 1.984178059649054603e+03
1.057466285695948915e+00 1.170688465804479250e+01 1.594838268706786948e+03
1.100326510289764359e+00 1.170296343265008687e+01 1.276074610038167293e+03
1.144131454814173887e+00 1.169989038239438450e+01 1.036401203437795630e+03
1.188752634159194521e+00 1.169553972640884432e+01 8.377157428214545689e+02
1.234099480216712896e+00 1.169465846991186631e+01 6.726769339816046340e+02
1.280033685398260346e+00 1.169137379481359496e+01 5.497942394295073427e+02
1.326422150679670287e+00 1.168816112175019484e+01 4.465748776766837409e+02
1.373071797525163174e+00 1.168943573994567764e+01 3.618418075250154970e+02
1.419799834238590908e+00 1.168258816511037068e+01 2.964018736642508998e+02
1.466472611690069039e+00 1.168053569284678339e+01 2.441354341733078854e+02
1.512871167246867321e+00 1.167121627264566364e+01 2.006492121659250074e+02
1.558836232464783089e+00 1.166252853797955957e+01 1.655654317585430135e+02
1.604220659667207949e+00 1.165358519258726666e+01 1.369292638703792306e+02
1.648845478434886269e+00 1.164042872076456625e+01 1.139559125848922321e+02
1.692579752999615161e+00 1.162552976458265164e+01 9.504628899468079339e+01
1.735263575148740189e+00 1.160785844121125088e+01 7.951373530222842589e+01
1.776791242691474926e+00 1.158824983731434877e+01 6.680432019495042084e+01
1.817017854605658789e+00 1.156559180363642447e+01 5.631407879435437280e+01
1.855846042568848331e+00 1.153980933361348171e+01 4.765564050007143493e+01
1.893176270979112896e+00 1.151167356063189651e+01 4.031132987850222804e+01
1.928914788422244175e+00 1.148053115972225413e+01 3.453423437719400368e+01
1.963009197234188097e+00 1.144653321127328560e+01 2.956696655238193117e+01
1.995367399170146161e+00 1.140989442949002708e+01 2.530360437067897905e+01
2.025963473238022505e+00 1.136999156208120887e+01 2.190984320590930068e+01
2.054748350593365469e+00 1.132792767945397649e+01 1.895269075509839141e+01
2.081696223448804339e+00 1.128353008465328067e+01 1.647474474784600673e+01
2.106779912197640048e+00 1.123581631239539114e+01 1.437278851847788808e+01
2.129958441285380477e+00 1.118613949979934752e+01 1.258411464401777202e+01
2.151104910906767920e+00 1.113331147654755604e+01 1.106436971055957663e+01
2.170102651554429052e+00 1.107902008238444935e+01 9.775493692188014450e+00
2.186846902838029294e+00 1.102283653209135750e+01 8.679164569751399938e+00
2.201252518780460576e+00 1.096476536878859953e+01 7.729613964633009537e+00
2.213242670471188056e+00 1.090347402342166916e+01 6.965568783271457676e+00
2.222788307153316101e+00 1.084062503053867310e+01 6.270537815455234032e+00
2.229837006165214852e+00 1.077574525676502049e+01 5.701710544945023607e+00
2.234387350997420363e+00 1.070934042226851446e+01 5.231547206147718398e+00
2.236434460058680074e+00 1.064164777392296912e+01 4.808005315089462606e+00
2.236000721203604602e+00 1.057211853821165448e+01 4.464224203002634894e+00
2.233125470269595958e+00 1.050278856464079702e+01 4.184533977133836125e+00
2.227820853913586419e+00 1.043129554685358151e+01 3.949270089480936718e+00
2.220196086489118148e+00 1.036157254721523913e+01 3.748116151697479470e+00
2.210311916866253501e+00 1.029285949927017896e+01 3.611119685107903265e+00
2.198570433997168116e+00 1.023001100221268089e+01 3.509245795061987749e+00
2.185921078721875688e+00 1.018223965790672558e+01 3.492449863218542117e+00
2.170248137896849450e+00 1.013181211760940847e+01 3.514644051560175786e+00
