2.191799393479931801e-01 1.550982551689759603e+01 3.683552447462830693e+06
2.265209927713306426e-01 1.522134928712598345e+01 3.139038473610853311e+06
2.341371632722525631e-01 1.497790090521769457e+01 2.686697137307268102e+06
2.420608392528483532e-01 1.476620233310545238e+01 2.275558643146028277e+06
2.502602474393746390e-01 1.450643724050451944e+01 1.943037086606624769e+06
2.587716782256562764e-01 1.430009814867753448e+01 1.655595090826223604e+06
2.675912176235965001e-01 1.410642640686023697e+01 1.413215264054935891e+06
2.767331512905720770e-01 1.393225422546881198e+01 1.204585987131889677e+06
2.861989193526607855e-01 1.376838497571630882e+01 1.024770698612834094e+06
2.959860621723036100e-01 1.361851026442530355e+01 8.780370172857146244e+05
3.061089602479242777e-01 1.347564947143726322e+01 7.482274860186423175e+05
3.165783667841859383e-01 1.334345134027459245e+01 6.390692009052395588e+05
3.273925636649060444e-01 1.322214847355818179e+01 5.410338929331219988e+05
3.385414160637343350e-01 1.310529127078335598e+01 4.657963469179776148e+05
3.500579388370961276e-01 1.300137616609228886e+01 3.980818951222088654e+05
3.619392717759612466e-01 1.290280900475608128e+01 3.398253693249640637e+05
3.741761660542043400e-01 1.281117786145447646e+01 2.904118358699209057e+05
3.867898909947588559e-01 1.272451654357271167e+01 2.482909379586518044e+05
3.997692407851676233e-01 1.264580833935224646e+01 2.134537061086441099e+05
4.131231435210729885e-01 1.257196076366091475e+01 1.820529207774507813e+05
4.268664731482049723e-01 1.250798095907360086e+01 1.557749847977932077e+05
4.409658865904138025e-01 1.244298958280475098e+01 1.336250280674094683e+05
4.554647732684291017e-01 1.238193214117234753e+01 1.144669823758912971e+05
4.703489388249603720e-01 1.233026873778761789e+01 9.788970109003974358e+04
4.855866189587733084e-01 1.228027025957188556e+01 8.398134981545184564e+04
5.012124342956497669e-01 1.223037426760812885e+01 7.231400582700507948e+04
5.172162575359833259e-01 1.218643713173820053e+01 6.195501888659175893e+04
5.335985579932092104e-01 1.214148929811087996e+01 5.349675132927210507e+04
5.503559319403121819e-01 1.210605594284962372e+01 4.587877333513277699e+04
5.674920436250380229e-01 1.207043627393867880e+01 3.942799283405958704e+04
5.849503518476899533e-01 1.203424045129311892e+01 3.395291824657107645e+04
6.028261801167253964e-01 1.200509212168661932e+01 2.922974719093628300e+04
6.210813126465455358e-01 1.197478811182305591e+01 2.519479266189972623e+04
6.398619128989435634e-01 1.194463438163216473e+01 2.170879900299655128e+04
6.591799520672121382e-01 1.192041581983406751e+01 1.867577411307383954e+04
6.790526874197297946e-01 1.189486188691057045e+01 1.608608366972075783e+04
6.995352239566143826e-01 1.187252864835096489e+01 1.383622818113569519e+04
7.206372059941963393e-01 1.185126529906460391e+01 1.187415307963096711e+04
7.423737015744700241e-01 1.182972232489798259e+01 1.021296294588200726e+04
7.647887058578217712e-01 1.181216442456348759e+01 8.777099264972661331e+03
7.878490748014429501e-01 1.179705933976778631e+01 7.533211388531835837e+03
8.115822326227651873e-01 1.178276449446882346e+01 6.460883807014991362e+03
8.360004849557536311e-01 1.176917953827388708e+01 5.548692449906069669e+03
8.610551456515392887e-01 1.175779166498073991e+01 4.753400660620651252e+03
8.867779143566961730e-01 1.174689219358184999e+01 4.076063026502386037e+03
9.131480809410210675e-01 1.173929402285367019e+01 3.493094128022930818e+03
9.401621726581380623e-01 1.172941987563233823e+01 2.972887102719142604e+03
9.677683478774735670e-01 1.172398219055210866e+01 2.570929819731378757e+03
9.959829873158263513e-01 1.171834187724360987e+01 2.206590098168759141e+03
1.024765692133091433e+00 1.171812947417089745e+01 1.891336202812709416e+03
1.054092072803102909e+00 1.170910758549301534e+01 1.625524066415780680e+03
1.083934919329276880e+00 1.170558725780817610e+01 1.397162210766702174e+03
1.114255333074122500e+00 1.170327711753738598e+01 1.201358998130433974e+03
1.145038678406219868e+00 1.170216566641624745e+01 1.033430647678422702e+03
1.176233132090838129e+00 1.169977457900301587e+01 8.907838211759831211e+02
1.207773697017725745e+00 1.169897990943846366e+01 7.673889398964440716e+02
1.239657340238356831e+00 1.169802586496407137e+01 6.589025241518096436e+02
1.271828092423187284e+00 1.169673417133000015e+01 5.716839051155584457e+02
1.304241478863696679e+00 1.169397312746062312e+01 4.944072552689768258e+02
1.336857937623585180e+00 1.169402732051199401e+01 4.252215564796125022e+02
1.369596075626189124e+00 1.169493233691748379e+01 3.685682195919016522e+02
1.402442739598347643e+00 1.168923211364638171e+01 3.219030883972702668e+02
1.435325538719963490e+00 1.168691141044830850e+01 2.798488262154833706e+02
1.468230813934818801e+00 1.168383010632810404e+01 2.432759459476169752e+02
1.501054696669658073e+00 1.168008705768369992e+01 2.120028426899101532e+02
1.533774815785700296e+00 1.167582953412095037e+01 1.850401670209149358e+02
1.566333824353017157e+00 1.167003352104666725e+01 1.615640110112717878e+02
1.598683805561595062e+00 1.166425909661895055e+01 1.414351479850924704e+02
1.630785445249539389e+00 1.165748759140094926e+01 1.239070265289059165e+02
1.662566886891029272e+00 1.164958212228817480e+01 1.088208478328737954e+02
1.693988080162009080e+00 1.164139147583408374e+01 9.570455844263965162e+01
1.725005371390370357e+00 1.163055942427319778e+01 8.420619555746246476e+01
1.755565314072224048e+00 1.161928438847873046e+01 7.431153803858497042e+01
1.785639273670773131e+00 1.160746895922776822e+01 6.565510862448169860e+01
1.815156424309517069e+00 1.159381253985542592e+01 5.802397560312002867e+01
1.844108302890097972e+00 1.157928369748296760e+01 5.146495198586785591e+01
1.872434185555472475e+00 1.156319568896907057e+01 4.569956884161641142e+01
1.900104572986159868e+00 1.154607641853309374e+01 4.064451479923435784e+01
1.927084386454983367e+00 1.152744636141940227e+01 3.621570680082052718e+01
1.953340168992251158e+00 1.150725897258711328e+01 3.222438943580393556e+01
1.978854904924060687e+00 1.148679910106935509e+01 2.888182750563054668e+01
2.003567275598484798e+00 1.146470449357906851e+01 2.590737025127173609e+01
2.027425547525306904e+00 1.144134803558686819e+01 2.324160619765037339e+01
2.050371491687340786e+00 1.141671311042412285e+01 2.088777659888754457e+01
2.072351060265544831e+00 1.139080867344627812e+01 1.882027896869372086e+01
2.093321353776090632e+00 1.136318710693325151e+01 1.701150384245234903e+01
2.113232940678450245e+00 1.133481913404124874e+01 1.539903140692670114e+01
2.132061811167458742e+00 1.130426388516121960e+01 1.397695542922039103e+01
2.149770131368418991e+00 1.127314002975668750e+01 1.271278273261028602e+01
2.166329904379238780e+00 1.124052969395204293e+01 1.158607613343338372e+01
2.181717652650390082e+00 1.120687102790061118e+01 1.056844919402521299e+01
2.195618464810843218e+00 1.117196486753991813e+01 9.727448856390747522e+00
2.204886411278019320e+00 1.113828211546003821e+01 9.063807886467783348e+00
2.207913820047040510e+00 1.110545260266582090e+01 8.694706240261233177e+00
2.206184813717258386e+00 1.107180084890768157e+01 8.428019043450307279e+00
2.201038993342446126e+00 1.103761453494095157e+01 8.317199666314900597e+00
2.193425340910355015e+00 1.100396546620008742e+01 8.262335121471705790e+00
2.184124111962618020e+00 1.097132396967291079e+01 8.259583617096570407e+00
2.173742620872141984e+00 1.094001277992568255e+01 8.307760746887556280e+00
2.162731873112052838e+00 1.091053869087804706e+01 8.389790989121227227e+00
