2.383731302914612049e-01 1.510646317623783297e+01 2.423116349867075216e+06
2.522139162680080982e-01 1.469770860441376570e+01 1.847353416492372518e+06
2.666475174065187637e-01 1.434512153327103867e+01 1.415923007009884110e+06
2.816765662881323129e-01 1.403943650886042072e+01 1.090771266781920567e+06
2.973035616317528662e-01 1.377320677976793739e+01 8.442562567134945421e+05
3.135302323170711669e-01 1.354044281636902625e+01 6.564189641405032016e+05
3.303583685158129057e-01 1.333622102550484279e+01 5.125315691519370885e+05
3.477890799133585009e-01 1.315647968208872065e+01 4.018317414010056527e+05
3.658220096363219431e-01 1.299783529523197600e+01 3.162606993048381410e+05
3.844572373030394341e-01 1.285744195430040016e+01 2.498295188421376515e+05
4.036927339483021293e-01 1.273289656476687526e+01 1.980568376856402028e+05
4.235259592479175828e-01 1.262216024578760099e+01 1.575481442363557580e+05
4.439531038454353484e-01 1.252347712608789720e+01 1.257330028259979299e+05
4.649691639231560147e-01 1.243532497076754595e+01 1.006581345874411345e+05
4.865680031098345570e-01 1.235639780812761224e+01 8.082662896224430006e+04
5.087406573991226644e-01 1.228554621911649036e+01 6.509310272797906509e+04
5.314776769296478687e-01 1.222175650562264337e+01 5.257042619675897731e+04
5.547670879385562248e-01 1.216414239027426625e+01 4.257307872703386238e+04
5.785972009355485612e-01 1.211192271189578840e+01 3.456860059010585246e+04
6.029649711564993853e-01 1.206437399161123558e+01 2.813827642457030743e+04
6.279553584475099370e-01 1.202091910727760649e+01 2.294427578325164359e+04
6.536572965364175758e-01 1.198123686696302670e+01 1.873073177140047846e+04
6.801304395496468036e-01 1.194512919333783252e+01 1.530457678278453386e+04
7.074143677231148342e-01 1.191246108112646773e+01 1.251506277555351699e+04
7.355315256930196055e-01 1.188308049220228035e+01 1.024174310862187485e+04
7.644917143837697271e-01 1.185684793273764370e+01 8.388519285203756226e+03
7.942962799631250181e-01 1.183359990626040492e+01 6.877008762440544160e+03
8.249356321568103168e-01 1.181315989915753306e+01 5.643791333145743010e+03
8.563946138630348370e-01 1.179533209292542750e+01 4.636934289262375387e+03
8.886502356610749276e-01 1.177991153460680351e+01 3.814489861073479915e+03
9.216757183573421885e-01 1.176668355808628341e+01 3.142195996206411110e+03
9.554381166744702059e-01 1.175542831917202413e+01 2.592184494547109807e+03
9.898987987222978013e-01 1.174591484078459480e+01 2.141771462221086040e+03
1.025016445759765471e+00 1.173792118377157756e+01 1.772461228809298518e+03
1.060747052551431757e+00 1.173122266044527606e+01 1.469319064344910657e+03
1.097041845764352930e+00 1.172560055536840373e+01 1.220166847843135201e+03
1.133848621431119641e+00 1.172083264542800052e+01 1.015073296683282138e+03
1.171112783789217682e+00 1.171670939609698792e+01 8.460183106900796020e+02
1.208777412084327540e+00 1.171302653899674162e+01 7.064366839055542187e+02
1.246782406743194516e+00 1.170958322739611290e+01 5.910164406091364526e+02
1.285065156485604598e+00 1.170618964208703083e+01 4.954021688808526847e+02
1.323563991916532734e+00 1.170266688151964551e+01 4.160748049359606853e+02
1.362212369679582258e+00 1.169883877653506232e+01 3.501308098041089920e+02
1.400943840979716359e+00 1.169454284569728486e+01 2.952240635517434271e+02
1.439690067962008380e+00 1.168962302193433445e+01 2.494223306721559652e+02
1.478382409070773562e+00 1.168392843005108794e+01 2.111481187363758920e+02
1.516951126710535558e+00 1.167732473202953969e+01 1.791048391878815664e+02
1.555326014610017626e+00 1.166968161963818496e+01 1.522278871294258238e+02
1.593437157286509143e+00 1.166087501208597388e+01 1.296442538865732956e+02
1.631214303067435090e+00 1.165079385147773294e+01 1.106332493350646899e+02
1.668587859255071137e+00 1.163933273051223871e+01 9.459953522745161081e+01
1.705488183793805845e+00 1.162639497705852776e+01 8.105245553476407849e+01
1.741847659236579027e+00 1.161188963695166088e+01 6.958463111239552745e+01
1.777598810978117561e+00 1.159573823164022777e+01 5.985940103439940430e+01
1.812671355846633192e+00 1.157786424481013832e+01 5.159822607376231218e+01
1.846970285778404941e+00 1.155818044043748216e+01 4.457012164196501658e+01
1.880389893280726810e+00 1.153657464826490120e+01 3.858628512690121681e+01
1.912825958914144975e+00 1.151292926528220129e+01 3.348322497058249780e+01
1.944179819301823819e+00 1.148712388699471276e+01 2.912462930011679774e+01
1.974356077074290283e+00 1.145904307081434759e+01 2.539657165474188716e+01
2.003263100044462064e+00 1.142857404066616489e+01 2.220085923044549503e+01
2.030817395799715541e+00 1.139561632097459665e+01 1.945737462813482210e+01
2.056939027581651924e+00 1.136007278724393288e+01 1.709759627847314434e+01
2.081553898353676324e+00 1.132185793617002822e+01 1.506387588950767586e+01
2.104595386542060353e+00 1.128089949993290020e+01 1.330758987162333717e+01
2.126001114789296320e+00 1.123712585069693759e+01 1.178805207827122459e+01
2.145714748586892373e+00 1.119048543429314435e+01 1.047073147114645586e+01
2.163686649375703652e+00 1.114093402182885839e+01 9.326474628194153738e+00
2.179879209277912899e+00 1.108845504566214402e+01 8.330596328850365495e+00
2.194250351697678347e+00 1.103301532266794105e+01 7.462234900444614460e+00
2.206772812140842976e+00 1.097461617002423218e+01 6.703559254762231134e+00
2.217422236256938461e+00 1.091326234184329635e+01 6.039502334727979260e+00
2.226183328328499744e+00 1.084897671574432110e+01 5.457407182448236860e+00
2.233045448718665504e+00 1.078179449948543045e+01 4.946213215679863495e+00
2.238005711830743927e+00 1.071176473716466049e+01 4.496512413310181699e+00
2.241067876394390979e+00 1.063895219293766203e+01 4.100454051376154041e+00
2.242241558191945039e+00 1.056343225205172409e+01 3.751081971418648742e+00
