2.191799393479931801e-01 1.550982551689759603e+01 3.683552447462830693e+06
2.280232249021887647e-01 1.517209981593524226e+01 3.048203212868467439e+06
2.372802372738288257e-01 1.488296173871806793e+01 2.515885273788848892e+06
2.469539791425514885e-01 1.459158574546309950e+01 2.073653927430594806e+06
2.570697760071392612e-01 1.433631815439770385e+01 1.698333899116105400e+06
2.676129981145961012e-01 1.410990184066219655e+01 1.414109762180899037e+06
2.786349446815365449e-01 1.392487254053469314e+01 1.154113106594735058e+06
2.901095736443383144e-01 1.370869584380327844e+01 9.637959840053630760e+05
3.020582451337064933e-01 1.353042514759036408e+01 7.968014697184651159e+05
3.145177252068215301e-01 1.336912015768642270e+01 6.578877201594227226e+05
3.274429874675330865e-01 1.321667074715452550e+01 5.448185502633842407e+05
3.409000718038492916e-01 1.308212098095808784e+01 4.500789041423748131e+05
3.548395571032980644e-01 1.295605654849406285e+01 3.732449912312592496e+05
3.693134767174989230e-01 1.284803917981697552e+01 3.088550763356306124e+05
3.843287693734388499e-01 1.274023631322691585e+01 2.562770479650266934e+05
3.998658140501021308e-01 1.264475011754675293e+01 2.123338820875431993e+05
4.159491879921218271e-01 1.256118627555530942e+01 1.758221748894389020e+05
4.325741117022625093e-01 1.248078916774011482e+01 1.462282211607471399e+05
4.497626803742065804e-01 1.240629952930487079e+01 1.215550234711660014e+05
4.674823170931720062e-01 1.233723367542630101e+01 1.008798156979856140e+05
4.857355344009548492e-01 1.227744327106015554e+01 8.393577667388544069e+04
5.045424408624631374e-01 1.222034817848120980e+01 6.995210412008703861e+04
5.238965132926270973e-01 1.216922102523168014e+01 5.831323737017618259e+04
5.437936654740717080e-01 1.211971108027882593e+01 4.860079402891755308e+04
5.642335830547827724e-01 1.207495823153774239e+01 4.053181250626931433e+04
5.851665852166767490e-01 1.203549759205611736e+01 3.387548444838332216e+04
6.076657332185676497e-01 1.199537408622165557e+01 2.812448907128605060e+04
6.321947545420179004e-01 1.196345680510431642e+01 2.311930581636041825e+04
6.588082623487224732e-01 1.193454900163809818e+01 1.892459792661452957e+04
6.875484545630626831e-01 1.191147506489263641e+01 1.535565751135150822e+04
7.183936155972991955e-01 1.189243154993515539e+01 1.243567124123322355e+04
7.512962151374934505e-01 1.188479604845806925e+01 1.001675933868717402e+04
7.862920015207991442e-01 1.188128581577720233e+01 7.991063690248251078e+03
8.233193003559875489e-01 1.188452638103093761e+01 6.464080710306902802e+03
8.623194898792326812e-01 1.189211988751982396e+01 5.186830307081855608e+03
9.032268938671983438e-01 1.191021647780897119e+01 4.158980042109802525e+03
9.459604991273130592e-01 1.193067840188565754e+01 3.336735078027210875e+03
9.904235950570150493e-01 1.195430452708695768e+01 2.677611508036242867e+03
1.036511142871158864e+00 1.198335001957772761e+01 2.156295367000938768e+03
1.084051163888112956e+00 1.202657842248756026e+01 1.736233016645714088e+03
1.133032677767224161e+00 1.205625451479216359e+01 1.390690065068957665e+03
1.183100249552495820e+00 1.209362781089483008e+01 1.133349192623465115e+03
1.234266906440543821e+00 1.213350628841453194e+01 9.211662321759558836e+02
1.286346596466018788e+00 1.217592324634264678e+01 7.498073495885928423e+02
1.339047097406845133e+00 1.221898510438360397e+01 6.126020061745256271e+02
1.392290263316888765e+00 1.225911095906279868e+01 5.019681941281357922e+02
1.445845337904060779e+00 1.230020195925507132e+01 4.130617226712796537e+02
1.499566925213181579e+00 1.234007280806299356e+01 3.407001169285782112e+02
1.553262818085643815e+00 1.238030410777933632e+01 2.821942076060099112e+02
1.606631100956016578e+00 1.241701988091024766e+01 2.346052415837150704e+02
1.659498598439723249e+00 1.245255533373409129e+01 1.960589977257697569e+02
1.711776908116662055e+00 1.248363102073018460e+01 1.644491516452598034e+02
1.763109426047714257e+00 1.251307365034083219e+01 1.376906316513903334e+02
1.813544732437392781e+00 1.253909016202918636e+01 1.169870695200888377e+02
1.862711361062318716e+00 1.256211462010545254e+01 9.936893485703923545e+01
1.910521642241780560e+00 1.258241808463697708e+01 8.471365179460546813e+01
1.956865687274547794e+00 1.259610859280115314e+01 7.252553698553531092e+01
2.001553837566521388e+00 1.260612879072153270e+01 6.236885391255954403e+01
2.044491290817911811e+00 1.261291825360991403e+01 5.385344442270402254e+01
2.085530890769260015e+00 1.261542442097410444e+01 4.675509488177897310e+01
2.124647663765704575e+00 1.261428266430901601e+01 4.066804521528115401e+01
2.161681758673470011e+00 1.260826789395163949e+01 3.557508875419640049e+01
2.196610387866062997e+00 1.259828422931130376e+01 3.124253375735922589e+01
2.229359585735449123e+00 1.258372274999058327e+01 2.756800370820997159e+01
2.259903434935766953e+00 1.256522398870553303e+01 2.440605224099547144e+01
2.288208349430106203e+00 1.254270872986274021e+01 2.169536766654105620e+01
2.314241091067529066e+00 1.251608378515753728e+01 1.938613625528454776e+01
2.338022169647992143e+00 1.248527038210516871e+01 1.739246761995365631e+01
2.359566711553340301e+00 1.245092025579330119e+01 1.565728335746928757e+01
2.378862481916207638e+00 1.241313799620192881e+01 1.414343466649714998e+01
2.395958397485923541e+00 1.237125758465846026e+01 1.284111763391236138e+01
2.410894705343778366e+00 1.232672449869546583e+01 1.170254336761180092e+01
2.423706715839372805e+00 1.227872072812389703e+01 1.069868507602189922e+01
2.434449870577823027e+00 1.222792142299761409e+01 9.823368074750510104e+00
2.443193344750912210e+00 1.217395979738855871e+01 9.053447269062937508e+00
2.449989177704393395e+00 1.211756333419693732e+01 8.373604523455748350e+00
2.454920665961874970e+00 1.205878989760646824e+01 7.771718930412729875e+00
2.458040759799254626e+00 1.199736528665153301e+01 7.210803248796371356e+00
2.459482616640026542e+00 1.193411622744495837e+01 6.761171723242077825e+00
2.459701911168079125e+00 1.186794610786681758e+01 6.325993005395260660e+00
2.458971508652733284e+00 1.179954382445376027e+01 5.900667541439525543e+00
2.457360863349499436e+00 1.172923405139533237e+01 5.543589361849227792e+00
2.454960323938656597e+00 1.165725599897466935e+01 5.197290789731818350e+00
2.451788350086343549e+00 1.158470362519081043e+01 4.863975143839225801e+00
2.447871311466069510e+00 1.151074537119487573e+01 4.585054264981022420e+00
2.443285234606334289e+00 1.143717800047565269e+01 4.316843879550094520e+00
2.437955220170810566e+00 1.136305416175306249e+01 4.058153409803773926e+00
2.431963990039016643e+00 1.128815997725247122e+01 3.830913263773971345e+00
2.425263985796959787e+00 1.121286875225987423e+01 3.635435276906539670e+00
2.417953531940959522e+00 1.113821140945649191e+01 3.437837029678952661e+00
2.409974545759643760e+00 1.106398675624733308e+01 3.265316528104148297e+00
2.401368846973106486e+00 1.098943396420386165e+01 3.117322191217647642e+00
2.392367452698759500e+00 1.092360631693869877e+01 2.991248648477604188e+00
2.382192444421470601e+00 1.086744276480850857e+01 2.922432173947338896e+00
2.370325227333633489e+00 1.081483853663042716e+01 2.884653854892462288e+00
2.357107483349475618e+00 1.076290462421601468e+01 2.862676816816837722e+00
2.342833444568725554e+00 1.071153049956560466e+01 2.867341561548682805e+00
2.327876203364231955e+00 1.066222695527960340e+01 2.862546670034422203e+00
2.312337634028573952e+00 1.061352397591445040e+01 2.888406312088341643e+00
2.296470284881660273e+00 1.056669260702991942e+01 2.906548437643703853e+00
