2.191799393479931801e-01 1.550982551689759603e+01 3.683552447462830693e+06
2.275733775840537987e-01 1.519633726293685960e+01 3.069358430312294047e+06
2.363418773678515883e-01 1.490288284510161532e+01 2.557604042071657721e+06
2.454894354858344896e-01 1.464136024536912473e+01 2.140860368654252030e+06
2.550224809817407401e-01 1.438454268368546352e+01 1.775679674082248472e+06
2.649571567295812002e-01 1.416416997991891158e+01 1.482518270896168193e+06
2.753041718541321403e-01 1.398928795678879844e+01 1.233148464038470760e+06
2.860728890832518467e-01 1.377239431965283778e+01 1.029873936483959667e+06
2.972581573887139172e-01 1.359815225499310998e+01 8.590243698761819396e+05
3.088921847002997767e-01 1.343847694346471933e+01 7.172151336997970939e+05
3.209861310087668285e-01 1.328879010200039446e+01 5.981667873333566822e+05
3.334900651909530334e-01 1.315420292845089634e+01 4.999121508397886646e+05
3.464704992295384312e-01 1.303117877753317799e+01 4.173778670585711952e+05
3.599351790660764716e-01 1.292178022826864847e+01 3.486256908603042830e+05
3.738501995088565066e-01 1.281368154764621714e+01 2.916059060764798196e+05
3.882589869557098172e-01 1.271447080300933052e+01 2.442057438296795881e+05
4.031577754786649370e-01 1.262582091017896246e+01 2.040575680571312259e+05
4.185271796581153114e-01 1.254418931945460081e+01 1.712436903232636978e+05
4.344078836907839802e-01 1.247216351892648944e+01 1.437763791450515855e+05
4.507779720230422615e-01 1.240326509786543774e+01 1.199366248297763668e+05
4.676416228583907819e-01 1.233784102594699839e+01 1.006682107500800194e+05
4.849786398302625701e-01 1.227781102466561158e+01 8.460669833478618239e+04
5.028225864687503321e-01 1.222569987724906859e+01 7.109258143302828830e+04
5.211572730156770472e-01 1.217389267245292750e+01 5.974315322316111997e+04
5.399832682271237250e-01 1.212926342075243902e+01 5.035324599556610337e+04
5.592999513082227425e-01 1.208643978897552351e+01 4.231086275371984084e+04
5.790592556916956957e-01 1.204673236061015196e+01 3.567947876124429604e+04
5.998278041381658321e-01 1.201030495241759333e+01 2.993711411142381257e+04
6.224496618148268601e-01 1.197602773948238841e+01 2.499059877727256753e+04
6.469449908183420028e-01 1.194506472436748012e+01 2.067046823490103634e+04
6.733495769687199983e-01 1.192039574690540071e+01 1.702783802316376750e+04
7.016606249921525373e-01 1.190208847830298211e+01 1.383434286017668455e+04
7.318991141350231766e-01 1.189090560528216756e+01 1.135801862857630476e+04
7.640322831840861140e-01 1.188201601593759626e+01 9.253765639956585801e+03
7.980347610616231879e-01 1.188220364537323626e+01 7.516618909541849462e+03
8.338731136512391728e-01 1.188718624692343617e+01 6.096267996042341110e+03
8.714923439055917154e-01 1.189862128028515720e+01 4.936147085786405114e+03
9.108376865071985407e-01 1.191310305108735434e+01 4.002374007383969001e+03
9.518339762906082857e-01 1.193428167133260054e+01 3.245493247712829998e+03
9.944077042868895155e-01 1.195966927476595920e+01 2.630636713256391886e+03
1.038439824208416962e+00 1.198876306109016099e+01 2.139019224880017646e+03
1.083837026409703030e+00 1.202008892174795918e+01 1.740299786215078257e+03
1.130468636936301063e+00 1.205511103204053214e+01 1.413184575267893251e+03
1.178207088295193161e+00 1.209253345216268194e+01 1.162492117434680949e+03
1.226994315217356357e+00 1.213037699169561812e+01 9.511795013179037142e+02
1.276584371092725378e+00 1.217390360279376793e+01 7.812435806449194615e+02
1.326858313170741210e+00 1.221143336319276251e+01 6.436212413290146515e+02
1.377640454787406599e+00 1.225287084821599670e+01 5.320414892891236605e+02
1.428938169515078016e+00 1.229266276509595812e+01 4.382972040015009156e+02
1.480198376853517184e+00 1.233319571832502071e+01 3.667116486839468052e+02
1.531736760969943933e+00 1.237110976022895237e+01 3.057118126494926855e+02
1.582844926101302008e+00 1.240805033035860916e+01 2.563786955547265052e+02
1.633826123999904567e+00 1.244323868490629081e+01 2.152809865067170563e+02
1.684403134096684074e+00 1.247622468775480975e+01 1.814226395207921030e+02
1.734213738400563587e+00 1.250948949054174797e+01 1.535846369193859857e+02
1.783255158300941723e+00 1.253532279392290327e+01 1.297645269679603928e+02
1.831307867071964468e+00 1.256000032020039470e+01 1.113311622725940140e+02
1.878262830593162569e+00 1.258393094870177009e+01 9.528704302274375948e+01
1.923980503971653100e+00 1.260081760403527085e+01 8.189706739607885311e+01
1.968360263107442609e+00 1.261483204090070842e+01 7.035747701747108351e+01
2.011245243662695970e+00 1.262596673554125459e+01 6.121229200639366042e+01
2.052053429606393919e+00 1.263310457377152751e+01 5.330021574032838316e+01
2.090386496782347781e+00 1.263545473168932887e+01 4.664488215207769883e+01
2.126200995584428100e+00 1.263317476653079297e+01 4.107110207817812153e+01
2.159481416251453734e+00 1.262642813113911089e+01 3.637073196426835864e+01
2.190219074037184743e+00 1.261452870385404523e+01 3.238608078320732631e+01
2.216134499957072457e+00 1.259755999631686230e+01 2.914475729024804096e+01
2.236033903000417933e+00 1.257341899378854144e+01 2.661937321272770518e+01
2.250617460719715801e+00 1.254250440077956874e+01 2.464916195224002493e+01
2.260591236990582953e+00 1.250511458830841960e+01 2.301689137089831405e+01
2.266496942855419139e+00 1.246298749910199177e+01 2.168943874066033572e+01
2.268848184262263423e+00 1.241491211442825637e+01 2.061330775145702887e+01
2.268688854510922059e+00 1.236175262325392232e+01 1.955423652894386777e+01
2.267269350900341429e+00 1.230262842340028051e+01 1.869556304720576989e+01
2.264976266419392203e+00 1.223834412303773789e+01 1.776156020635289678e+01
2.261962248578313517e+00 1.217120405070654243e+01 1.686730985217554846e+01
2.258693524515699380e+00 1.210119737617869973e+01 1.597604067648541459e+01
2.254432736854364627e+00 1.202775263689761509e+01 1.514708113615981055e+01
2.250031121278615931e+00 1.195301523071816696e+01 1.439170787388877493e+01
2.245172059546972854e+00 1.187626993756772364e+01 1.353407505148679313e+01
2.240013460746734797e+00 1.179798271104311347e+01 1.285329633419817341e+01
2.234355625895988240e+00 1.171859695139961133e+01 1.212592283317106379e+01
2.228253469676497733e+00 1.163853238507217469e+01 1.152100929584072730e+01
2.221814541061122306e+00 1.155817179489685742e+01 1.087878581346752860e+01
2.214852009063228433e+00 1.147679450871262929e+01 1.034833283167978024e+01
2.207593044967370854e+00 1.139585943168269822e+01 9.824085635864536314e+00
2.199806694134224472e+00 1.131376164556757935e+01 9.334184911072849644e+00
2.191531573023212331e+00 1.123199890854435168e+01 8.881564327384428026e+00
2.182864463121309662e+00 1.115001484780152374e+01 8.456352155372734103e+00
2.173717811589469751e+00 1.106981082120011806e+01 8.071580071475489504e+00
2.164192723632713200e+00 1.098798441303730478e+01 7.705125571359150882e+00
2.154197749525195604e+00 1.090689588532196197e+01 7.351887345079589409e+00
2.143873994002798877e+00 1.082780828833293185e+01 7.050290289940413402e+00
2.133280802153269207e+00 1.075258502573534614e+01 6.821522566979066227e+00
2.122122718324472412e+00 1.068193328538848696e+01 6.618217385216619064e+00
2.110633923245113230e+00 1.061594341540393671e+01 6.440293214008678824e+00
2.098120174444614072e+00 1.055130552964576474e+01 6.335162187270684697e+00
2.085238597085058654e+00 1.049036083922925933e+01 6.229804245472938540e+00
2.071912866508053508e+00 1.043139917077143330e+01 6.174901029682104969e+00
2.058126350959309736e+00 1.037473051974975036e+01 6.155567299846608442e+00
