2.191799393479931801e-01 1.550982551689759603e+01 3.683552447462830693e+06
2.277163836050361823e-01 1.520021448521177376e+01 3.056406250571888871e+06
2.366403248614604993e-01 1.489168825885523084e+01 2.544903200257429853e+06
2.459540505594476067e-01 1.462576745544273571e+01 2.115629939402597956e+06
2.556689091239761069e-01 1.436907951358557689e+01 1.752625007804981666e+06
2.657995667603897383e-01 1.414745312506545716e+01 1.460869378985844785e+06
2.763564023507320000e-01 1.396602888730889980e+01 1.211531980083553586e+06
2.873498754764575724e-01 1.375001157698669019e+01 1.009131487001606147e+06
2.987955521163563888e-01 1.357426817118724571e+01 8.380505295246114256e+05
3.106770295945676108e-01 1.341504706169736849e+01 6.904137710935825016e+05
3.230047711013033229e-01 1.326436649949812363e+01 5.806799053009246709e+05
3.358199577305636119e-01 1.313472771608233991e+01 4.843578486969828373e+05
3.491100183770524112e-01 1.300680750863029722e+01 4.030925022364495671e+05
3.629150032850194663e-01 1.289565005789289032e+01 3.362446881691070157e+05
3.771544895630188354e-01 1.278795768747191985e+01 2.800445460139503703e+05
3.919191983931311629e-01 1.269318357305855827e+01 2.316853991246712976e+05
4.071857131108225225e-01 1.260650852437624891e+01 1.949036982907454658e+05
4.229509390480277187e-01 1.252467800993618496e+01 1.627077549982847704e+05
4.392288902120799476e-01 1.244842053837801465e+01 1.361591350925108418e+05
4.560268661930509393e-01 1.237932665009715194e+01 1.137123337355548138e+05
4.733396698971295558e-01 1.231675235362780185e+01 9.496560521968860121e+04
4.911462499498904788e-01 1.225922831794902379e+01 7.953867336839089694e+04
5.094534592202573098e-01 1.220382371804738675e+01 6.668890409527540032e+04
5.282798596426666604e-01 1.215690294139296057e+01 5.599533891933276755e+04
5.476120963783960294e-01 1.211177941667232538e+01 4.689492752590993769e+04
5.674547013554739339e-01 1.207116379825995267e+01 3.900055335528668365e+04
5.877804203345613487e-01 1.203125876536993566e+01 3.283345211309748993e+04
6.097656826399914243e-01 1.199415229638200486e+01 2.767178480934540858e+04
6.336121923953152990e-01 1.196142513950050024e+01 2.290646395464456873e+04
6.594612845683724967e-01 1.193408303722121921e+01 1.880379132229879906e+04
6.873111091140299278e-01 1.190990816766403881e+01 1.541487230433580407e+04
7.171396209893208251e-01 1.189481610518864407e+01 1.254932835851168420e+04
7.489634908259421575e-01 1.188399597616896841e+01 1.018241229214723899e+04
7.827551114040500746e-01 1.188038718578866693e+01 8.238528142160619609e+03
8.184893829531696419e-01 1.188460622858244164e+01 6.663205288024920264e+03
8.560963130604016813e-01 1.189560576300523387e+01 5.375256834595930741e+03
8.955375897503387028e-01 1.190944460265687965e+01 4.338966876857120042e+03
9.367528472635500147e-01 1.192689448521980466e+01 3.502439573532049963e+03
9.796556086490888493e-01 1.195217330607622941e+01 2.833401331624531849e+03
1.024115638321589916e+00 1.198159541568980657e+01 2.288543017489818340e+03
1.070087054795982651e+00 1.201311767009221398e+01 1.855264870492046839e+03
1.117368941492594470e+00 1.204850775179798283e+01 1.506331261587695053e+03
1.165933791131314567e+00 1.208659966286752407e+01 1.224178220134215053e+03
1.215527854786624840e+00 1.212705628374802913e+01 9.989970623749291008e+02
1.266096090937934404e+00 1.216720774231708901e+01 8.177919834378750465e+02
1.317485442467587253e+00 1.220942104655403604e+01 6.700242816322742101e+02
1.369403068815898017e+00 1.225159578876768762e+01 5.509475195024967888e+02
1.421917591497272149e+00 1.229427452509439611e+01 4.543000085858682837e+02
1.474484681663042807e+00 1.233696090430311898e+01 3.765378091214274718e+02
1.527282052853270011e+00 1.237704761782940821e+01 3.128172073713779469e+02
1.580049574562594428e+00 1.241652059788011542e+01 2.605366357804893482e+02
1.632388629015633530e+00 1.245374583114185896e+01 2.181703076644644739e+02
1.684505223545313068e+00 1.248868147641537973e+01 1.828741743517019813e+02
1.735814623716592564e+00 1.252167951564464410e+01 1.543823566298642902e+02
1.786334597168519167e+00 1.255130610452846796e+01 1.306313643942701503e+02
1.835931214447298565e+00 1.257802369386251762e+01 1.109816874224028993e+02
1.884414171786189973e+00 1.260199498360019454e+01 9.471101315680498089e+01
1.931665626355397736e+00 1.262380922420432938e+01 8.102447573464067432e+01
1.977512607792893506e+00 1.263925442656747933e+01 6.964043357148462121e+01
2.021838654703373095e+00 1.265235342684240294e+01 6.015064086111221542e+01
2.064488433813455259e+00 1.266105271972634405e+01 5.214375806301937644e+01
2.105427700074766761e+00 1.266613856080184064e+01 4.535353837917256214e+01
2.144530173228047953e+00 1.266730182433232166e+01 3.959062013613902309e+01
2.181713342431689018e+00 1.266420193906584402e+01 3.473621949668470421e+01
2.216906264270769089e+00 1.265737946670806657e+01 3.057046503950242666e+01
2.250079795375215408e+00 1.264702566917361715e+01 2.702113821757827949e+01
2.281163648256182785e+00 1.263193765114239397e+01 2.396751981833294920e+01
2.310135241134167572e+00 1.261294541369558964e+01 2.135797667272156630e+01
2.336986384514869730e+00 1.259064382037446528e+01 1.910585708731874988e+01
2.361684030723366856e+00 1.256468711842533104e+01 1.714796124082887729e+01
2.384261588399144927e+00 1.253471624362386372e+01 1.544204441482673396e+01
2.404725449485745958e+00 1.250123362145048489e+01 1.397062236636157273e+01
2.423069409927900875e+00 1.246471054128601175e+01 1.268557043367981763e+01
2.439343231899907316e+00 1.242422787680614960e+01 1.155158222731674478e+01
2.453577498058206352e+00 1.238122904433432758e+01 1.053183036970638220e+01
2.465831479785417724e+00 1.233485314030784785e+01 9.691653043804398848e+00
2.476133842758815984e+00 1.228552568974051162e+01 8.932258674398804388e+00
2.484554327104290472e+00 1.223452083951790392e+01 8.256587026945352292e+00
2.491133714867009630e+00 1.218013204584035769e+01 7.627597440260435846e+00
2.495963383913275102e+00 1.212373805471060173e+01 7.123960847528036489e+00
2.499082610995305931e+00 1.206544128203103128e+01 6.650080467783399563e+00
2.500578897974154557e+00 1.200523682274287474e+01 6.231440120539488703e+00
2.500505287600695237e+00 1.194292359262911773e+01 5.853525909417514939e+00
2.498956162711222895e+00 1.187928148530276395e+01 5.503531449413178400e+00
2.495960173638839485e+00 1.181383225625683586e+01 5.227936356816649699e+00
2.491689240057879395e+00 1.174743172416010140e+01 4.951651633135097264e+00
2.486120809782844887e+00 1.167959109615686586e+01 4.710221438380377990e+00
2.479364509195641997e+00 1.161210414633267973e+01 4.495580891693088610e+00
2.471493727241161231e+00 1.154227694001933102e+01 4.302245389644800966e+00
2.462708911629164277e+00 1.147427489310632254e+01 4.123401675852321091e+00
2.453705149579082256e+00 1.142752021783653404e+01 4.069537536624773466e+00
2.441467726200003074e+00 1.138018161334479750e+01 4.037670592267723180e+00
2.426856689802896927e+00 1.132722605990377396e+01 4.025203564432152881e+00
2.410588061441297558e+00 1.126968089791400196e+01 4.020838855553286351e+00
2.393116105745686450e+00 1.120859423384831288e+01 4.022031314064745899e+00
2.374709511731103895e+00 1.114469678784144335e+01 4.030572572078284566e+00
2.355617345113952155e+00 1.107889144559992189e+01 4.025404274560721696e+00
2.335956448794397566e+00 1.101139440708284134e+01 4.040805688960557696e+00
2.316536666324602312e+00 1.094500119641917735e+01 4.037289261247765992e+00
2.299735939424538245e+00 1.089053699208568560e+01 4.070472858269070571e+00
