2.191799393479931801e-01 1.550982551689759603e+01 3.683552447462830693e+06
2.280660886598562254e-01 1.517917647074600396e+01 3.027438231207608245e+06
2.373669713033342010e-01 1.487045314452489642e+01 2.508521214719337411e+06
2.470829093718120983e-01 1.458776386259609303e+01 2.067498902833350701e+06
2.572417220434209950e-01 1.433802944299461757e+01 1.703132202518050792e+06
2.678507711812972980e-01 1.409425570499119651e+01 1.405886671654832317e+06
2.789218364208962964e-01 1.389644669948549804e+01 1.160714536918042460e+06
2.904680829111943585e-01 1.370462866996663465e+01 9.596334562673062319e+05
3.024806047409515086e-01 1.352117566204086430e+01 7.934154216101416387e+05
3.149946299381173875e-01 1.336098748749532561e+01 6.544337654748579953e+05
3.280198212681688652e-01 1.321434016367762965e+01 5.359287684805060271e+05
3.415594782489553838e-01 1.307702879752505254e+01 4.469674955628322205e+05
3.555968725161371413e-01 1.295257734568436447e+01 3.692941325446303817e+05
3.701489094437978022e-01 1.283750341693633601e+01 3.059585393178698141e+05
3.852604498921445297e-01 1.273364926179197809e+01 2.533692337246575626e+05
4.009041363169825178e-01 1.264018699371181143e+01 2.099123454908490530e+05
4.171015034101293595e-01 1.255428665538950028e+01 1.739490164955366054e+05
4.338270262197216343e-01 1.247540991060875193e+01 1.427913723673712811e+05
4.511282963770538723e-01 1.240207540350512438e+01 1.195545899172961363e+05
4.689765956566477323e-01 1.233246359615965559e+01 9.870259477950133441e+04
4.873745270548092146e-01 1.227166696516022704e+01 8.268053823345067212e+04
5.062946038444217089e-01 1.221469203500448408e+01 6.823730905117043585e+04
5.257835921014689662e-01 1.216270214134697092e+01 5.726585107861569122e+04
5.458209566201086549e-01 1.211610743190403028e+01 4.771863127839558001e+04
5.664144578222005677e-01 1.207161165695056226e+01 3.944052001628140715e+04
5.875099015917745193e-01 1.203064157918138477e+01 3.322149221056977694e+04
6.103817625720009410e-01 1.199287882168336239e+01 2.750649457223267018e+04
6.352762843224634137e-01 1.196047063602367899e+01 2.259922113202608307e+04
6.623221925655854436e-01 1.193110352972331434e+01 1.844163331419729366e+04
6.915323552087491166e-01 1.190811593717975470e+01 1.493905326530217098e+04
7.228963028181709660e-01 1.189386954897343607e+01 1.196532799560063177e+04
7.564139398507101486e-01 1.188376025155159077e+01 9.616653842528146924e+03
7.920604225861113123e-01 1.188175558929412645e+01 7.791025616927045121e+03
8.297999844854538898e-01 1.188735405303046022e+01 6.239618931381623042e+03
8.695066522372628670e-01 1.189867027016998513e+01 4.951172315511519628e+03
9.112061743223863752e-01 1.191551860830371190e+01 3.998452266237286949e+03
9.547843546333666387e-01 1.193820814852181655e+01 3.174123446266837618e+03
1.000149438054308781e+00 1.196696071840448461e+01 2.544494867605497802e+03
1.047157163683728465e+00 1.199755056130576314e+01 2.060240288363573654e+03
1.095728512231987750e+00 1.203273935352626722e+01 1.655512433571553629e+03
1.145650469114519510e+00 1.206950298226892748e+01 1.334336024687880354e+03
1.196851778493023932e+00 1.211453517085210230e+01 1.078481027956202070e+03
1.249130145931912850e+00 1.215436996252965507e+01 8.736510676355994747e+02
1.302323656290088616e+00 1.219796671389406661e+01 7.103009423312158788e+02
1.356245532588277847e+00 1.224169341708448222e+01 5.789040361327619166e+02
1.410651935276233448e+00 1.228575623331154532e+01 4.740512360649962034e+02
1.465522218532568255e+00 1.233149717651928334e+01 3.865679375158377979e+02
1.520418157061872666e+00 1.237309549226594996e+01 3.203498128835740886e+02
1.575380231106169537e+00 1.241569063977242315e+01 2.650179687284311285e+02
1.629961241863826515e+00 1.245331426590577273e+01 2.201711003672539846e+02
1.683976302884881759e+00 1.249046335109508021e+01 1.836283841279909836e+02
1.737539142612524401e+00 1.252666537906638844e+01 1.536152572306462787e+02
1.790111616722457999e+00 1.255610924645452364e+01 1.292224641620014154e+02
1.841673951313765212e+00 1.258315779873086271e+01 1.085991901104506496e+02
1.891997022460955913e+00 1.260817882375699384e+01 9.250689131452257641e+01
1.941017045582497769e+00 1.262940611359848653e+01 7.875229757887572646e+01
1.988470990465501576e+00 1.264676284390232830e+01 6.733145374129156835e+01
2.034259688035708447e+00 1.265786164745365028e+01 5.782042776130175099e+01
2.078223347363503226e+00 1.266663535434322796e+01 4.991196184562819127e+01
2.120258144779849641e+00 1.267064687880017715e+01 4.321268759632699386e+01
2.160322490436115572e+00 1.267066941709923000e+01 3.759588806062669164e+01
2.198256786062848800e+00 1.266650751964352395e+01 3.285279634338193233e+01
2.234032298313136877e+00 1.265790831835211883e+01 2.881864614172318895e+01
2.267585633355700292e+00 1.264474595231726717e+01 2.538766523598804170e+01
2.298883533033476478e+00 1.262716812639703790e+01 2.248634097937105025e+01
2.327887968366018079e+00 1.260590956041631117e+01 1.995160391322579230e+01
2.354555833251701369e+00 1.258025007106804871e+01 1.781340818444591889e+01
2.378937628519798064e+00 1.255069851340294562e+01 1.595708798823776320e+01
2.400999801072804196e+00 1.251734089180480503e+01 1.434797599173733396e+01
2.420804648566255324e+00 1.247983965096714343e+01 1.296984640526583554e+01
2.438340508123136630e+00 1.243991289294016056e+01 1.175642819448898102e+01
2.453666880703080810e+00 1.239544683322183083e+01 1.071007811574999913e+01
2.466832554124582799e+00 1.234816414306635579e+01 9.778166684940908127e+00
2.477926121485741984e+00 1.229776525036538715e+01 8.939994987273655269e+00
2.487075850724397963e+00 1.224433902202760827e+01 8.256064131447020671e+00
2.494241891662804633e+00 1.218899012110926350e+01 7.633023651780458607e+00
2.498520926357132854e+00 1.213245551099941366e+01 7.112880004281207036e+00
2.499725493195259940e+00 1.207378721920088438e+01 6.685577891503087677e+00
2.498000503577157527e+00 1.201353502213015645e+01 6.313353791080183797e+00
2.493666759463281757e+00 1.195127036667938469e+01 6.036659709067570212e+00
2.487012190156611346e+00 1.188758261559165419e+01 5.797925749038149945e+00
2.478302045760687911e+00 1.182226624144435334e+01 5.596780348450374198e+00
2.467741987472676701e+00 1.175597743025472397e+01 5.428138567665156344e+00
2.455602027389031328e+00 1.168819596565688101e+01 5.293404293315704834e+00
2.442088811482476363e+00 1.162039841105556981e+01 5.182783667984393716e+00
2.427375029034060550e+00 1.155202454018252567e+01 5.079654144490150181e+00
2.411584908609427647e+00 1.148393898372884436e+01 5.025388006710990396e+00
2.394595399630837118e+00 1.141219008238480015e+01 4.965964915107671906e+00
2.376683186071702814e+00 1.133971101299672135e+01 4.900259005270457102e+00
2.358081863108540510e+00 1.126517020464957675e+01 4.867291299679851413e+00
2.338932846812741495e+00 1.118954229023792202e+01 4.831174531411710937e+00
2.319402190396650187e+00 1.111355686747105764e+01 4.795182150782954622e+00
2.299585842856699536e+00 1.103754264727419887e+01 4.770217454105692312e+00
2.279542404134694777e+00 1.096142329864821185e+01 4.729231673001987879e+00
2.259349716728392465e+00 1.088596267482892443e+01 4.723427623619892657e+00
2.239062198248400470e+00 1.081058450887676337e+01 4.699412837807250831e+00
2.218685488116995508e+00 1.073612899383274133e+01 4.695520254444703667e+00
2.198033185661562694e+00 1.066103567758215043e+01 4.692599637115067779e+00
2.177331101771565969e+00 1.058647197474029156e+01 4.690534796231903947e+00
2.156535010430550070e+00 1.051197646999533397e+01 4.695472034413482376e+00
