1.550982551689759603e+01 2.191799393479931801e-01 3.683552447462830693e+06
1.517108779503982774e+01 2.280830954984315040e-01 3.041918445122689474e+06
1.487113225833547325e+01 2.374054994163772581e-01 2.500511812881352380e+06
1.458343303277949943e+01 2.471492652845687366e-01 2.064037795921971556e+06
1.433451808664236182e+01 2.573334176897761338e-01 1.703777640044251923e+06
1.410237883414325211e+01 2.679708921271661826e-01 1.403881838199510472e+06
1.389009483305448356e+01 2.790723461241479963e-01 1.158785612404353218e+06
1.369727504618428959e+01 2.906512746446138218e-01 9.544725614070934244e+05
1.351928878644239340e+01 3.027037408051199141e-01 7.883799356053646188e+05
1.335524824459006155e+01 3.152492295721244231e-01 6.516304863155920757e+05
1.320787622445365983e+01 3.283110960753736762e-01 5.382732481966423802e+05
1.307448394316864793e+01 3.418716420956718904e-01 4.446226752367676818e+05
1.295262193095270575e+01 3.559853331624575068e-01 3.678356406978014275e+05
1.283882458365021684e+01 3.705762857629898988e-01 3.048548653236038517e+05
1.273079346366781728e+01 3.857363946604634997e-01 2.518820611083084077e+05
1.263672012033678094e+01 4.014441191802466391e-01 2.082374528391295462e+05
1.254287257420198642e+01 4.176753376381284744e-01 1.724153363189145748e+05
1.247072158106348461e+01 4.344797003177773287e-01 1.416411553643027728e+05
1.239724199573963404e+01 4.518239920084397010e-01 1.186966210413511726e+05
1.232970044777053076e+01 4.697371572155799591e-01 9.889443973315195763e+04
1.226813587630120850e+01 4.881989911645582270e-01 8.202285070465230092e+04
1.221354453216137159e+01 5.071898287586679155e-01 6.748321205666662718e+04
1.216229594948925552e+01 5.267472604796348268e-01 5.679775598693330539e+04
1.211258631085911830e+01 5.468563671570965123e-01 4.721618895690812496e+04
1.207112979897918592e+01 5.675154250522513877e-01 3.943507147916423128e+04
1.202818245290687038e+01 5.887230364402267213e-01 3.287469488718728826e+04
1.198971666291120108e+01 6.114990707527028224e-01 2.730416045946393569e+04
1.195673816361492747e+01 6.359442545647597811e-01 2.250677216277858315e+04
1.192709410265939596e+01 6.621484472568822666e-01 1.842930191569530143e+04
1.190363473557040130e+01 6.900846373562139480e-01 1.502863076168846783e+04
1.188524228109579894e+01 7.196579435429778515e-01 1.225607529675926526e+04
1.187156977671116920e+01 7.509634934115576588e-01 9.956308832759663346e+03
1.186601612503790726e+01 7.837730093372957674e-01 8.085433292886486925e+03
1.186277006778780851e+01 8.180904609126560256e-01 6.558042665010228120e+03
1.186126276133796864e+01 8.537960407395362994e-01 5.330795790562932780e+03
1.186771866692897071e+01 8.908143815293373402e-01 4.301216872661593698e+03
1.187566226784590029e+01 9.290220856972808416e-01 3.525853863961261141e+03
1.188743618522380885e+01 9.682875137321029779e-01 2.874576948086147240e+03
1.190146021355526962e+01 1.008496088544105440e+00 2.348629327512947384e+03
1.191698721714480946e+01 1.049454503835671071e+00 1.922652600761544363e+03
1.193371321687778419e+01 1.091142462686707892e+00 1.578986872682552530e+03
1.195487348155381113e+01 1.133222112892808831e+00 1.301387674579511895e+03
1.196941313561222309e+01 1.175739279069918153e+00 1.075922056384268672e+03
1.198577392630934746e+01 1.218389140824773564e+00 8.928488543342144794e+02
1.200420877237909245e+01 1.260980557478301289e+00 7.430340058974895783e+02
1.201805453531093981e+01 1.303388631394331476e+00 6.215009914141669469e+02
1.203327196141376554e+01 1.345519437559672848e+00 5.210724816028479154e+02
1.204474134831866472e+01 1.387122389250398546e+00 4.392334235382647307e+02
1.205280833238738580e+01 1.428117784739026286e+00 3.714748334763596063e+02
1.205929985372284996e+01 1.468250432450584730e+00 3.159407028473859782e+02
1.206321074592090348e+01 1.507482946832331860e+00 2.689457013620339580e+02
1.206391272393843828e+01 1.545643734923852319e+00 2.307277673109142597e+02
1.206018980604517132e+01 1.582564890152829529e+00 1.984620843754243253e+02
1.205396199111444133e+01 1.618180715702063344e+00 1.714342894661274670e+02
1.204467423553038685e+01 1.652333784131605476e+00 1.486609463697106150e+02
1.203087657818965717e+01 1.685000004343188751e+00 1.289043475627674979e+02
1.201354201937966337e+01 1.716036630287674170e+00 1.133866526209458954e+02
1.199264270197932802e+01 1.745394043157120434e+00 9.963417094179881417e+01
1.196993733467985166e+01 1.773004571269390484e+00 8.792342677674318452e+01
1.193937895870335808e+01 1.798816277793216178e+00 7.791372366049400000e+01
1.190725360271412825e+01 1.822820511262047027e+00 6.930063364533944537e+01
1.187131864732816844e+01 1.844977409887898379e+00 6.195076278867295372e+01
1.183240029893921097e+01 1.865260336896335636e+00 5.552913078369122246e+01
1.178952584483850785e+01 1.883685923117637717e+00 5.002959103413497388e+01
1.174381458050607385e+01 1.900238922169724010e+00 4.525741864333786424e+01
1.169490391091987291e+01 1.914948567625910814e+00 4.106924170565874022e+01
1.164318949866295227e+01 1.927840415903274041e+00 3.742228004509600225e+01
1.158904646932834659e+01 1.938935298864003842e+00 3.423193715227072431e+01
1.153187732787127473e+01 1.948270855664995249e+00 3.142303737673980635e+01
1.147178260556615648e+01 1.956034425193094783e+00 2.893645704256245565e+01
1.140862131004760371e+01 1.962854034004565262e+00 2.664455350141235357e+01
1.134214577866997864e+01 1.968882557307184200e+00 2.455465747232288365e+01
1.127450246601356199e+01 1.974150942368133821e+00 2.252723885017114114e+01
1.120471833869066991e+01 1.978694180314446438e+00 2.076272431216363401e+01
1.113214584967125731e+01 1.982477462430277448e+00 1.915966643000760072e+01
1.106014589942105175e+01 1.985509771375980836e+00 1.769027090956091186e+01
1.098603671777484614e+01 1.987767207895896115e+00 1.642165258568683583e+01
1.091129452384704734e+01 1.989213821723835762e+00 1.521105594319903531e+01
1.083607655721795382e+01 1.989855688924285326e+00 1.410826425222924740e+01
1.076004524798370987e+01 1.989698909884671796e+00 1.308061833853923339e+01
1.068387849480969720e+01 1.988691674693063849e+00 1.222151480948002167e+01
1.060716482104820813e+01 1.986842214915784499e+00 1.142407501911870860e+01
1.053022258285864687e+01 1.984175781999220511e+00 1.068411253277355044e+01
1.045333731727919435e+01 1.980675440338718118e+00 9.997441113840256577e+00
1.037666190539932565e+01 1.976364922796283841e+00 9.401483309970025459e+00
1.029979396820889725e+01 1.971253326474405210e+00 8.902140644874796394e+00
1.022257273377978848e+01 1.965353174237918443e+00 8.412267934451026719e+00
1.014695070941333555e+01 1.958734355007703654e+00 7.954214612166972564e+00
1.007043261454835381e+01 1.951367334913114426e+00 7.563650582267666067e+00
9.994672975883533539e+00 1.943323503909985428e+00 7.231281197817359896e+00
9.919607588081854388e+00 1.934608657366427398e+00 6.896939480552014778e+00
9.844636580478113075e+00 1.925236880912104320e+00 6.601575438071846769e+00
9.768756764795622161e+00 1.915287098718982062e+00 6.352330070464845768e+00
9.692164816437092156e+00 1.904877874137307137e+00 6.079855174617663671e+00
9.615676113158741600e+00 1.894117290906278894e+00 5.841623736894031360e+00
9.537911516322035155e+00 1.882954131563122857e+00 5.616375807343588988e+00
9.460462710597965952e+00 1.871581657491975692e+00 5.398562691334748642e+00
9.382818928430792127e+00 1.860006836080260406e+00 5.194903311966100112e+00
9.305241618733273157e+00 1.848231898638385440e+00 5.013892832247941911e+00
9.228913562328733278e+00 1.836396656849472286e+00 4.816621789782272067e+00
