2.191799393479931801e-01 1.550982551689759603e+01 3.683552447462830693e+06
2.289886423410958660e-01 1.514783572374635412e+01 2.981013285335302819e+06
2.393066352404877029e-01 1.481915201246380143e+01 2.403658825328302570e+06
2.501417572839760850e-01 1.457250341085574163e+01 1.945558837019346422e+06
2.615121811138839680e-01 1.424355192551023919e+01 1.576212262761546765e+06
2.734347260191498097e-01 1.399217543180236234e+01 1.274980226810507942e+06
2.859269207063481755e-01 1.377256333527161658e+01 1.031719742347206455e+06
2.990057619874871286e-01 1.357219361144919922e+01 8.359276668796291342e+05
3.126483601668545442e-01 1.339340553952500201e+01 6.776294940927273128e+05
3.269249376370794713e-01 1.322332029206916992e+01 5.434479640614655800e+05
3.418048552105362181e-01 1.307394586471018449e+01 4.456492173954800819e+05
3.573281021360489862e-01 1.293936021070087783e+01 3.610262153815120691e+05
3.734744505507606727e-01 1.281388122215196645e+01 2.932353102712578257e+05
3.902831166896781889e-01 1.270203537452931464e+01 2.397838670489749929e+05
4.077520793822765333e-01 1.260412867820715199e+01 1.933498955591706617e+05
4.258895492438903863e-01 1.251205697274994932e+01 1.574255890019504295e+05
4.446944240999507469e-01 1.242568365507426975e+01 1.283121460474574997e+05
4.641594449890194540e-01 1.235036949559241215e+01 1.043792662508611102e+05
4.842747302720950553e-01 1.228441909301619539e+01 8.515172864326085255e+04
5.050837056686857673e-01 1.221783879537212414e+01 6.885424201756979164e+04
5.265490101156687919e-01 1.216180148855204024e+01 5.681622216425235820e+04
5.486829157715689131e-01 1.210850069806337181e+01 4.651454505584337312e+04
5.714520692486830811e-01 1.206204146079523021e+01 3.805484144623242173e+04
5.951323092909625023e-01 1.201621928368920322e+01 3.118405103588121710e+04
6.212242322203638256e-01 1.197774669858917740e+01 2.506326067292719381e+04
6.498584773184242769e-01 1.194131401638360046e+01 2.022634779922577218e+04
6.811063729669309952e-01 1.191575315094964616e+01 1.608254713331251332e+04
7.149928187594709605e-01 1.189721384698632889e+01 1.272476803061859573e+04
7.514951556896899421e-01 1.188617517201790186e+01 1.001702535645405806e+04
7.905855844449579672e-01 1.188425749046572832e+01 7.858995373968527929e+03
8.322208374950607057e-01 1.188880627830551617e+01 6.153296935091051637e+03
8.763219475777624945e-01 1.190097758815118212e+01 4.820121770520408063e+03
9.227971149580019850e-01 1.192129777981788763e+01 3.764172189642637022e+03
9.715379503844889797e-01 1.194835403511156890e+01 2.948944148383089669e+03
1.022395204390452284e+00 1.197979398091506731e+01 2.311162053120513974e+03
1.075226751508208789e+00 1.201902013686271964e+01 1.814989516168986711e+03
1.129850560095512435e+00 1.205996581979683135e+01 1.428337793778682453e+03
1.186044486497852546e+00 1.210439363917914690e+01 1.128465632021129522e+03
1.243601346538633301e+00 1.215135721828740856e+01 8.941670697972118660e+02
1.302327291380269703e+00 1.220050236449249681e+01 7.112572861979439267e+02
1.361962675208264528e+00 1.224998016179718263e+01 5.678446078401540262e+02
1.422192745656452262e+00 1.229843738939846176e+01 4.557338797089444142e+02
1.482969991701603929e+00 1.234679506623476897e+01 3.639415375326395292e+02
1.543686034263386020e+00 1.239336147839880731e+01 2.963552806791296916e+02
1.604243212552514120e+00 1.243849282418493374e+01 2.409858399810843252e+02
1.664514348969382551e+00 1.248123725082605695e+01 1.965751513891586342e+02
1.723999542890694681e+00 1.252121065085222895e+01 1.613375155838430715e+02
1.782451813886513303e+00 1.255965653150139971e+01 1.331222547176652142e+02
1.839770186901356963e+00 1.259155151243598425e+01 1.101852284704321363e+02
1.895637803734405269e+00 1.261642017328417786e+01 9.199365547896327655e+01
1.949854274602477844e+00 1.264009742800355696e+01 7.696709912427080269e+01
2.002195122953453144e+00 1.265929577518706139e+01 6.482257027378734904e+01
2.052460356465274582e+00 1.267175701035904645e+01 5.484797618152325072e+01
2.100499044449335884e+00 1.268077162455480078e+01 4.665759990207957486e+01
2.146150486013095993e+00 1.268360317765683476e+01 3.969128605568778312e+01
2.189327433261539557e+00 1.268147809920044544e+01 3.429600236424464299e+01
2.229880166118781926e+00 1.267416855763140049e+01 2.962048731966345727e+01
2.267755409749937723e+00 1.266119809738422752e+01 2.575327812723268650e+01
2.302890782640770961e+00 1.264360659714667889e+01 2.246468120708388483e+01
2.335211509714663958e+00 1.262049647887156212e+01 1.972540796273415253e+01
2.364739222856197198e+00 1.259301895829738172e+01 1.737963803801777729e+01
2.391457619157351999e+00 1.255988093595057542e+01 1.540255732502992458e+01
2.415363017290694359e+00 1.252262428739790501e+01 1.372226029157314287e+01
2.436510727768971485e+00 1.248129918595459920e+01 1.227788291909607921e+01
2.454918886960760105e+00 1.243458955646524267e+01 1.104048338526676254e+01
2.470666648412625843e+00 1.238457853130663189e+01 9.975353570311890294e+00
2.483804431698574788e+00 1.233009379793427129e+01 9.051285996678727130e+00
2.494423045975872721e+00 1.227327090628556050e+01 8.261374444388843941e+00
2.502607092061675420e+00 1.221209658388197994e+01 7.568168550595767208e+00
2.508451756876822536e+00 1.214787779507120824e+01 6.966503689740984662e+00
2.512046002712718717e+00 1.208225547776401854e+01 6.444007640779147117e+00
2.513505915223055887e+00 1.201200134181416601e+01 5.978233774260434785e+00
2.512935264879361696e+00 1.194067293354683201e+01 5.576400643125160705e+00
2.510643396153148910e+00 1.186636682761410100e+01 5.213055238938987479e+00
2.507053718598595715e+00 1.178888704185559355e+01 4.877138516676035707e+00
2.502345512165438990e+00 1.171000358143584563e+01 4.572083973268310508e+00
2.496576442755287228e+00 1.162924518745167823e+01 4.292126887209859021e+00
2.489785067567542587e+00 1.154781688765619307e+01 4.026094382692329887e+00
2.481968168030427968e+00 1.146640974926684642e+01 3.800082791189965281e+00
2.473276128079211489e+00 1.138296025022101965e+01 3.602671809683726689e+00
2.463705677492801449e+00 1.130065676036515576e+01 3.414767516374474177e+00
2.453224231631935481e+00 1.121732882796056607e+01 3.237432652797887833e+00
2.441990026006238157e+00 1.113514744334632312e+01 3.086771594979427213e+00
2.429936384520125170e+00 1.105279103800135765e+01 2.957635442155064798e+00
2.417208918639597748e+00 1.097086224095624907e+01 2.836680833157122272e+00
2.403719770961705748e+00 1.088945856342856722e+01 2.719726144350081309e+00
2.389674673669239802e+00 1.080912627442724272e+01 2.627173530477176833e+00
2.375127876197634436e+00 1.072925785848566704e+01 2.533943288913858449e+00
2.360000179786955865e+00 1.065073245268090751e+01 2.458396097486587273e+00
2.344393711913012712e+00 1.057288381246073605e+01 2.396261753580076981e+00
2.328347227824289600e+00 1.049610145335640254e+01 2.338093707175288305e+00
2.311912429382883438e+00 1.042151481361935694e+01 2.282625435070751330e+00
2.295239289176231434e+00 1.034777907707815281e+01 2.239811434006156343e+00
2.278419304065443463e+00 1.027649281917236834e+01 2.204796276391648213e+00
2.261423197910559235e+00 1.020749893090451010e+01 2.179112043804563914e+00
2.244135463618067483e+00 1.013975766997039152e+01 2.159528873615120581e+00
2.226862475155669596e+00 1.007487956822030561e+01 2.145655021231560600e+00
2.209468078011126213e+00 1.001155743808018173e+01 2.146970075275883350e+00
2.192029089326545055e+00 9.950784619362586625e+00 2.142193603700922377e+00
2.174628387531281515e+00 9.892114188185315626e+00 2.143228361572929064e+00
