2.191799393479931801e-01 1.550982551689759603e+01 3.683552447462830693e+06
2.276884704803922577e-01 1.518380754340099337e+01 3.064841089646099135e+06
2.365823566226138430e-01 1.488838607319953056e+01 2.546485774286570493e+06
2.458666331019300488e-01 1.465037761565517371e+01 2.136573074052005541e+06
2.555468317333826622e-01 1.437613820533385223e+01 1.762656310908722458e+06
2.656402765271855260e-01 1.414293548871419937e+01 1.464444091227796162e+06
2.761573693723740619e-01 1.394833100283696581e+01 1.217921391006950522e+06
2.871083879769122937e-01 1.375796089987898796e+01 1.011221857093824539e+06
2.985123676811884952e-01 1.357985878082879161e+01 8.418565992831657641e+05
3.103251238782311905e-01 1.342270458883551854e+01 7.014873264004272642e+05
3.226182013371179935e-01 1.326959132926677576e+01 5.854853435679407557e+05
3.353789350742925057e-01 1.314370339023027334e+01 4.864738231639869628e+05
3.486108235745546957e-01 1.301119122182272392e+01 4.058214880265129032e+05
3.623266313710085673e-01 1.289967214683479213e+01 3.378376000703405007e+05
3.765279982009753224e-01 1.278700865550162824e+01 2.822208811996949953e+05
3.912266867429811112e-01 1.269809023046401997e+01 2.335790695986061182e+05
4.064228086068748524e-01 1.261096495717429633e+01 1.965645523465492006e+05
4.221142249107300293e-01 1.252698524608291741e+01 1.644720667005038122e+05
4.383153353293889332e-01 1.245246936001868043e+01 1.372777048318650923e+05
4.550301050957216709e-01 1.238414443937861797e+01 1.149122708748958248e+05
4.722603986390684905e-01 1.232086688169727395e+01 9.637628950014623115e+04
4.899750384910820378e-01 1.226167661870879400e+01 8.004609919499936223e+04
5.081981702529237976e-01 1.220958752139103076e+01 6.765895435728444136e+04
5.269313562291452202e-01 1.216190532597313556e+01 5.658098747001813172e+04
5.461673614657068798e-01 1.211386056230138131e+01 4.756595970706852677e+04
5.659075142179371687e-01 1.207139463827578574e+01 3.998122550141510874e+04
5.861075431582600803e-01 1.203485194791917579e+01 3.359282377546276257e+04
6.078509818982558155e-01 1.199525384639753156e+01 2.809074243226115141e+04
6.315075435378096902e-01 1.196421432880508995e+01 2.328208207669248441e+04
6.571342429088945503e-01 1.193541584745024764e+01 1.916275006157136886e+04
6.847549427081132123e-01 1.191298616108508490e+01 1.567831162477221733e+04
7.143815975344002256e-01 1.189611095219998482e+01 1.278102940373493766e+04
7.460012229426252750e-01 1.188723297005441992e+01 1.037027307066639878e+04
7.795960091135286651e-01 1.188249693826114139e+01 8.409441548794489790e+03
8.151391802938033893e-01 1.188521990837055320e+01 6.803471815381403758e+03
8.525940803850841077e-01 1.189411024034972719e+01 5.487687649493767822e+03
8.918948612893214944e-01 1.191018452110097492e+01 4.426908199439413693e+03
9.330014219719564572e-01 1.192729321849770940e+01 3.575724191580074148e+03
9.757750835257442690e-01 1.195053898385888758e+01 2.888105262295654938e+03
1.020184497022294856e+00 1.198099732930095307e+01 2.335055017598956965e+03
1.066110581838991989e+00 1.201320315390609395e+01 1.892131051874218201e+03
1.113412505889879167e+00 1.204936868878381162e+01 1.536068678208466736e+03
1.162040215899838413e+00 1.208829320052951140e+01 1.248634133729398627e+03
1.211704955964371999e+00 1.213197863409334509e+01 1.018015386530611750e+03
1.262399389055526733e+00 1.217025098850487375e+01 8.314280849173886736e+02
1.313928675688286196e+00 1.221215852241697952e+01 6.813500271652059155e+02
1.366174796844392025e+00 1.225651218219049277e+01 5.600585664812260802e+02
1.418914258857457034e+00 1.229956044161245821e+01 4.620797795374798511e+02
1.471910767067343473e+00 1.234261285464004487e+01 3.821940697570337875e+02
1.525005708517542136e+00 1.238353128509233869e+01 3.171722074621405341e+02
1.578126350274454470e+00 1.242596137015241986e+01 2.624399474504963905e+02
1.631213155027169348e+00 1.246457873960366314e+01 2.205440367151805674e+02
1.683706534964825252e+00 1.250150429552823894e+01 1.852975672501404460e+02
1.735666724000961780e+00 1.253588759860621948e+01 1.560493728287003989e+02
1.786843401817318044e+00 1.256709071357138718e+01 1.323584728981445551e+02
1.837150909637369933e+00 1.259666675258249313e+01 1.120147761552057375e+02
1.886432465059326047e+00 1.262134490278494781e+01 9.547059504135452812e+01
1.934452490527176938e+00 1.264661854096377702e+01 8.159204397157975563e+01
1.981120048345761164e+00 1.266348240809961467e+01 6.971094064460412199e+01
2.026333167402439184e+00 1.267832928008072990e+01 6.042760228335733785e+01
2.069908346820726219e+00 1.268958977800212118e+01 5.227852604608371934e+01
2.111794860426923659e+00 1.269716238951706799e+01 4.544731268703436911e+01
2.151845620189976493e+00 1.270043619316335004e+01 3.963082856613670657e+01
2.190043740801379091e+00 1.269991549619277471e+01 3.470709087400823734e+01
2.225848498956928712e+00 1.269494797782068574e+01 3.055275421588451934e+01
2.252221777324447505e+00 1.268253569709858475e+01 2.760237132114909642e+01
2.268410107375610441e+00 1.265945939450653057e+01 2.558809725930371215e+01
2.276565925429918646e+00 1.262689696738494938e+01 2.413498437513213446e+01
2.278608458001231352e+00 1.258707564908133847e+01 2.313882014319645108e+01
2.275867081218739596e+00 1.254220328307128618e+01 2.231742199277669414e+01
2.269427430772851473e+00 1.249287301947042472e+01 2.190812583739380415e+01
2.259997765886666787e+00 1.243797659992229754e+01 2.150871879541746523e+01
2.248681138086936482e+00 1.237454641987570092e+01 2.111647054511857391e+01
2.236158805023503060e+00 1.230520203977299332e+01 2.068531368609341214e+01
2.222920845761783504e+00 1.223040734556699149e+01 2.023006242172139579e+01
2.209157594612990660e+00 1.215167538549479076e+01 1.976064383095153332e+01
2.195103446157950611e+00 1.206974554981360193e+01 1.925520893907569686e+01
2.180820338454335428e+00 1.198460977236078229e+01 1.872279714831413600e+01
2.166373301888804725e+00 1.189773456734842938e+01 1.817954533727239053e+01
2.151874601503416251e+00 1.180785526282168618e+01 1.762178091945086322e+01
2.137361284497884206e+00 1.171709240222969051e+01 1.706826846460768721e+01
2.122842361041346049e+00 1.162523925823243687e+01 1.651189549487896713e+01
2.108321714408559977e+00 1.153284075816703513e+01 1.595197228905154674e+01
2.093840263571519422e+00 1.143912071574798439e+01 1.534589879928890710e+01
2.079343821760592181e+00 1.134529018402793810e+01 1.481114050277974492e+01
2.064873890050725525e+00 1.125087573804916552e+01 1.434257240039074688e+01
2.050452092158272066e+00 1.115631437185429142e+01 1.378302648043226419e+01
2.035966022766463990e+00 1.106208824594187767e+01 1.333944885239714928e+01
2.021540060461974431e+00 1.096858832832029229e+01 1.281780825266064916e+01
2.007092486421158561e+00 1.087543169845745616e+01 1.236804392353256610e+01
1.992653829666249043e+00 1.078163861634708098e+01 1.198633719577872725e+01
1.978206853831381951e+00 1.069030266968326259e+01 1.153327220004696052e+01
1.963738765515571583e+00 1.059918218766288511e+01 1.118920425378254357e+01
1.949252573819631351e+00 1.050935394175144921e+01 1.079152045277446881e+01
1.934660733615537698e+00 1.041930741063521637e+01 1.045623669379316389e+01
1.920022842407535846e+00 1.033039145023226268e+01 1.016720260785760033e+01
1.905283457530679625e+00 1.024206753866641151e+01 9.824619106938204283e+00
1.890525070115411044e+00 1.015411808037700858e+01 9.523330259021616229e+00
1.875737610821707646e+00 1.006668728619391118e+01 9.262712427492891365e+00
1.861027601014589417e+00 9.980869091882324184e+00 8.971693178992172335e+00
