1.550982551689759603e+01 2.191799393479931801e-01 3.683552447462830693e+06
1.522959264833449033e+01 2.274555002707519258e-01 3.121171286983914673e+06
1.490617960380181195e+01 2.360980321105314861e-01 2.565823059028947260e+06
1.463542810202813982e+01 2.451068262378606755e-01 2.149674111425918061e+06
1.439748607622472676e+01 2.544907068916039128e-01 1.798752373811196070e+06
1.418768583081745405e+01 2.642661206936139928e-01 1.497648433915492147e+06
1.397517984193381757e+01 2.744438117259062060e-01 1.242030652016960550e+06
1.378846689468653786e+01 2.850241983026153836e-01 1.048782631958758691e+06
1.361728416733776292e+01 2.960138861421370282e-01 8.760550680458896095e+05
1.345475991580329378e+01 3.074335311102757151e-01 7.332055250616470585e+05
1.330886481462980164e+01 3.192832392609536440e-01 6.133349043931586202e+05
1.317854068973267267e+01 3.315759846781369813e-01 5.131259367542280233e+05
1.304808799902066774e+01 3.443095833704844511e-01 4.310398136672773981e+05
1.293700195519879514e+01 3.575083409189661610e-01 3.604235396229744074e+05
1.283240999547955141e+01 3.711496645093046443e-01 3.020623211402268498e+05
1.273400892978997234e+01 3.852718244089989863e-01 2.535554007437545515e+05
1.264585346854022951e+01 3.998543863827581646e-01 2.122927596009649278e+05
1.255981082588597353e+01 4.149134357921273608e-01 1.781770758061238739e+05
1.248711794807795172e+01 4.304526861746503230e-01 1.496828508379702980e+05
1.241794307340433967e+01 4.464783617773775970e-01 1.257015779369013762e+05
1.235381123056293795e+01 4.629896829797420788e-01 1.056904909453557193e+05
1.229574735308807654e+01 4.799509428956520440e-01 8.892406135363876820e+04
1.223937925594221454e+01 4.974090703492977661e-01 7.482212726773483155e+04
1.218906117962371205e+01 5.153424872086889152e-01 6.307088339540494053e+04
1.214388266055705223e+01 5.337566696096422980e-01 5.326730665990043053e+04
1.210157863120560684e+01 5.526469865509809898e-01 4.492084029146547255e+04
1.205870581642402328e+01 5.719837264291915968e-01 3.790557722389953415e+04
1.202336804646960999e+01 5.919630555136079497e-01 3.197566010107626062e+04
1.198780243208018881e+01 6.133191270282938312e-01 2.691552245789964218e+04
1.195814332169417327e+01 6.361538032861017156e-01 2.246761185940952055e+04
1.193013866550749746e+01 6.605162324462932055e-01 1.865394442642895956e+04
1.190720150333723915e+01 6.863838355565680116e-01 1.543776225226832685e+04
1.188905116058346145e+01 7.137118795539862948e-01 1.275924540131799768e+04
1.187525912026504749e+01 7.424682937602368193e-01 1.044839662279108416e+04
1.186441745398738945e+01 7.726055707670591577e-01 8.708608726880738686e+03
1.186190757506093973e+01 8.040707683614679580e-01 7.138365300902175477e+03
1.186090034828802686e+01 8.367598087482753799e-01 5.880456087196355838e+03
1.186225106294885911e+01 8.706361473501008641e-01 4.846067051163858196e+03
1.187022678262576925e+01 9.055845776848909789e-01 3.993086217045922695e+03
1.187944634199844529e+01 9.415264969556936814e-01 3.299998346452911846e+03
1.189155491130036602e+01 9.783579997427005459e-01 2.726764117484303824e+03
1.190772940886042086e+01 1.016028022092488881e+00 2.258772125858956315e+03
1.191881197113608515e+01 1.054232685135732872e+00 1.878031005800734420e+03
1.193468091041633805e+01 1.093102683367982664e+00 1.553389944516311289e+03
1.195432641805793850e+01 1.132294690083209598e+00 1.307426614717220446e+03
1.196705695663347591e+01 1.171854306735754303e+00 1.093442601881579776e+03
1.198704501480561113e+01 1.211563001690106001e+00 9.190291577776963550e+02
1.199975372875487523e+01 1.251297040719251186e+00 7.741505783195399317e+02
1.201340540347837837e+01 1.290846281299732112e+00 6.548085036586679735e+02
1.202640198657598347e+01 1.330182741041324501e+00 5.558667804353242445e+02
1.204245177218477103e+01 1.369135789821986027e+00 4.729830492357499452e+02
1.204898165408503097e+01 1.407558920592322460e+00 4.039365232029855406e+02
1.205855473236375808e+01 1.445407029026429591e+00 3.441815400578260551e+02
1.206067095179900761e+01 1.482489015263063203e+00 2.961732045267741000e+02
1.206454145597915151e+01 1.518720168108730340e+00 2.572254397630138669e+02
1.206504107506365564e+01 1.553955439662616289e+00 2.229449423116056153e+02
1.205920269366436770e+01 1.588131726650283682e+00 1.941248237079085754e+02
1.205588242342607685e+01 1.621147998375225496e+00 1.692641554855960919e+02
1.204384456428352657e+01 1.652887374970293699e+00 1.476230138777020215e+02
1.203198061073969960e+01 1.683337515195515666e+00 1.297556096157330501e+02
1.201584403551964009e+01 1.712375598310128311e+00 1.152296781995559343e+02
1.199762026290616390e+01 1.739951212457275576e+00 1.020703907585743053e+02
1.197446813226411422e+01 1.766048792109424115e+00 9.077201580353069232e+01
1.194914498481349518e+01 1.790576126620875730e+00 8.103815876613070657e+01
1.192053417594186548e+01 1.813560498450672798e+00 7.229819068655034187e+01
1.188857115505112994e+01 1.834933311442752846e+00 6.520476142441883383e+01
1.185402680630259731e+01 1.854680916161916659e+00 5.882344561647730785e+01
1.181601885935880958e+01 1.872822538579486107e+00 5.328412387563678010e+01
1.177498348114252380e+01 1.889347791537407950e+00 4.838593559938657052e+01
1.173149461950700712e+01 1.904261173989992839e+00 4.409233673480026994e+01
1.168553126967564637e+01 1.917569702276932908e+00 4.031668391589253986e+01
1.163755035603245958e+01 1.929305699573730548e+00 3.698962270838907784e+01
1.158621673888716685e+01 1.939493318840808778e+00 3.406253545394586979e+01
1.153235328916950486e+01 1.948154021165247718e+00 3.146721393126776078e+01
1.147706006038346516e+01 1.955333036691239812e+00 2.917584693052776501e+01
1.141982412728723695e+01 1.961063215662155468e+00 2.702520627261042208e+01
1.136106403381594099e+01 1.965403525270306151e+00 2.518239910074866472e+01
1.129955286477144405e+01 1.968380770242430744e+00 2.354601355551830721e+01
1.123877881629229591e+01 1.969850673215390424e+00 2.222787194310438252e+01
1.118355836717537244e+01 1.968423073437793880e+00 2.123546378825977499e+01
1.113250624612795470e+01 1.964005013404304556e+00 2.055902375545078087e+01
1.108245843059137670e+01 1.957108994100526189e+00 2.012447834010706771e+01
1.102809968977088850e+01 1.948065915208755827e+00 1.977144228508759127e+01
1.096760160897739667e+01 1.937604334576086718e+00 1.940405886624898102e+01
1.090152303748669382e+01 1.926156094272767128e+00 1.896033724223694961e+01
1.083232288962574508e+01 1.913976357328311728e+00 1.857469781273308485e+01
1.075911005165756507e+01 1.901292975442506306e+00 1.824352188136868236e+01
1.068343710242489308e+01 1.888233257299794632e+00 1.783272427612664046e+01
1.060669324422926252e+01 1.875093698672922304e+00 1.741317051095819579e+01
1.053386970029730030e+01 1.862074047199182347e+00 1.705578955121746176e+01
1.045431167046196563e+01 1.848210517155432608e+00 1.668236717071089359e+01
1.037203213266862711e+01 1.833927519635300651e+00 1.622684591934315534e+01
1.028548889965488833e+01 1.819443036431609428e+00 1.582408200614813687e+01
1.019765397689510777e+01 1.804940928172529935e+00 1.532412482008501264e+01
1.010669275796085920e+01 1.790504413051567933e+00 1.486590415011949773e+01
1.001483569248648564e+01 1.776165315206511996e+00 1.438439909674701944e+01
9.921652560997001657e+00 1.762105169115582015e+00 1.381928595743581667e+01
9.827032468724487657e+00 1.748284315414614154e+00 1.329828709924687402e+01
9.732825359408868948e+00 1.734962551523596241e+00 1.274729605449583758e+01
9.638052212443584565e+00 1.721629525568851848e+00 1.226190874653862828e+01
