2.191799393479931801e-01 1.550982551689759603e+01 3.683552447462830693e+06
2.288355593088955975e-01 1.514919973498894379e+01 2.961122637920259964e+06
2.389551684089517847e-01 1.482220329183354934e+01 2.425575818627751432e+06
2.495926565397114660e-01 1.451878156184121060e+01 1.972195317923771916e+06
2.607434489543056233e-01 1.426049115888967478e+01 1.594185001473065699e+06
2.724279694549220920e-01 1.401438684894345776e+01 1.296830822268009419e+06
2.846621262476679570e-01 1.379559547598509006e+01 1.053945224705495872e+06
2.974466018369973930e-01 1.359333175164896090e+01 8.551353108690897934e+05
3.108058035652192519e-01 1.340848017599009800e+01 6.974990413966043852e+05
3.247622036659091882e-01 1.324614262748274740e+01 5.659065265088634333e+05
3.392975895787168628e-01 1.309844365614618411e+01 4.612628748011647840e+05
3.544534330531642352e-01 1.296089446732364792e+01 3.757803042775157373e+05
3.702180151345047521e-01 1.284035392041262114e+01 3.057739151970089879e+05
3.866184529567467387e-01 1.272509103000836994e+01 2.490325716548241326e+05
4.036474781358507791e-01 1.262811617704391054e+01 2.028360103498601238e+05
4.213163084171866468e-01 1.253029208857062393e+01 1.659298401865867781e+05
4.396319130400072051e-01 1.245077659473712295e+01 1.351896407280671119e+05
4.586291890456530851e-01 1.236910607056912248e+01 1.105532957707916939e+05
4.782304447448287865e-01 1.230149685067929965e+01 9.046127266345660610e+04
4.984766844096130689e-01 1.223740895174369747e+01 7.412254205682866450e+04
5.193868817909180757e-01 1.218084210187710603e+01 6.017714133614261664e+04
5.409244238426715867e-01 1.212607800073230280e+01 4.990190615329699358e+04
5.631142225090552955e-01 1.208059533791130136e+01 4.090121699586190516e+04
5.859007512841134524e-01 1.203246726543316392e+01 3.371059394245299336e+04
6.106127081948943269e-01 1.198905477375567763e+01 2.745769713882889482e+04
6.377579550183639645e-01 1.195750729378039345e+01 2.194623480885712706e+04
6.674593378396738164e-01 1.192188469466881884e+01 1.778591608326234928e+04
6.997335719999201453e-01 1.190366144583228269e+01 1.401533442027917226e+04
7.345763523402749628e-01 1.189050351723338927e+01 1.117384042636879167e+04
7.719825068207598617e-01 1.188448328906455842e+01 8.736066384879719408e+03
8.118944199255354599e-01 1.188604970437719288e+01 6.923983478631294929e+03
8.542838973117599100e-01 1.189535128777632877e+01 5.443017719973850944e+03
8.990536914508069355e-01 1.191266089249964644e+01 4.269221216738606017e+03
9.461202999104949551e-01 1.193697967224549572e+01 3.348821780810078508e+03
9.953687340455857901e-01 1.196630419614888119e+01 2.631834268001526652e+03
1.046631077464422965e+00 1.200095828893413419e+01 2.070208309838601963e+03
1.099785544470802234e+00 1.203932327288185178e+01 1.632904175471218423e+03
1.154650274515192754e+00 1.208463930648367857e+01 1.291235278640015622e+03
1.211050506590559239e+00 1.213154604822217308e+01 1.023410095470845590e+03
1.268698956926214816e+00 1.217916323032017267e+01 8.085946939311763799e+02
1.327452685970498925e+00 1.222950613975735479e+01 6.504156816077720578e+02
1.387078083976791110e+00 1.227978811563770734e+01 5.205701856041874862e+02
1.447258571094658164e+00 1.232928564364454260e+01 4.193288910979774755e+02
1.507851804848064914e+00 1.237823553319725534e+01 3.386904346582935545e+02
1.568483700849587548e+00 1.242941475487646485e+01 2.747927311642209247e+02
1.628936348577558535e+00 1.247176101308193807e+01 2.240057658632005939e+02
1.688861779458091128e+00 1.251589271269132375e+01 1.836388032576454066e+02
1.748272556801686806e+00 1.255640851162089433e+01 1.510937055005020966e+02
1.806600391345681400e+00 1.259344737415026572e+01 1.249465383578140347e+02
1.863740904594626713e+00 1.262538500159620369e+01 1.039337242731197364e+02
1.919537691747043029e+00 1.265466683041508666e+01 8.675393996283486331e+01
1.973616102042888620e+00 1.267907640792310531e+01 7.285742032997055162e+01
2.025932689678621834e+00 1.269885273100200251e+01 6.146951207964441011e+01
2.076247730375969436e+00 1.271500102302219659e+01 5.190177890398210536e+01
2.124359400694847633e+00 1.272345038645686444e+01 4.441332848533210864e+01
2.170145234136560575e+00 1.272906533781309513e+01 3.802896416653670286e+01
2.213540492692775530e+00 1.272837600947919690e+01 3.273115315049481211e+01
2.254368676230174007e+00 1.272338407424816609e+01 2.833580750491213607e+01
2.292591378005592873e+00 1.271301371326155305e+01 2.453646739552165812e+01
2.328149909196018275e+00 1.269690311737467070e+01 2.152330918543896487e+01
2.360951838604349096e+00 1.267654245999445628e+01 1.891579586335176444e+01
2.391036802915515569e+00 1.265095932572879001e+01 1.669295042819656416e+01
2.418364841283908717e+00 1.262155999521823979e+01 1.477899730184286931e+01
2.443277902191767659e+00 1.258674164741608870e+01 1.317554059756796647e+01
2.466045972267302044e+00 1.254793022414466819e+01 1.176650893562574751e+01
2.486653922832657848e+00 1.250552675007220671e+01 1.053762315799597538e+01
2.505100762785819057e+00 1.245923312827568452e+01 9.475200985333188441e+00
2.521415055451134535e+00 1.240986585095916439e+01 8.515761949514947915e+00
2.535567662287157464e+00 1.235757377884012342e+01 7.742561914636799436e+00
2.547627991199701292e+00 1.230196336883802566e+01 7.032053408112670212e+00
2.557593454864875326e+00 1.224418663834103427e+01 6.416926693526819214e+00
2.565560306847500804e+00 1.218344567406893830e+01 5.876211545814434167e+00
2.571504826350517803e+00 1.212047032599283369e+01 5.382364383743552416e+00
2.575495613068979228e+00 1.205521425272495151e+01 4.987122079399258112e+00
2.577693213320880528e+00 1.198810159064391812e+01 4.632851170177856304e+00
2.578041821210826701e+00 1.191892478327124039e+01 4.282422089445251601e+00
2.576686683835035296e+00 1.184806246314087552e+01 4.011681216399821004e+00
2.573633038609675516e+00 1.177580686940038213e+01 3.766222528727168672e+00
2.569115940874798998e+00 1.170288122308403800e+01 3.526559839134037588e+00
2.563047966395423760e+00 1.162817976875019355e+01 3.329909478138406875e+00
2.555638206330166806e+00 1.155364963949041446e+01 3.163823613564536341e+00
2.546904337412590369e+00 1.147730920598690574e+01 3.009222416361036156e+00
2.536990856491292856e+00 1.140128072988314401e+01 2.872694923607597595e+00
2.525923407239732743e+00 1.132461763036285696e+01 2.751113861888533130e+00
2.513833855872180667e+00 1.124810729763800765e+01 2.643865642691128670e+00
2.500787000601832233e+00 1.117121389439464352e+01 2.543185286343507823e+00
2.486845021098136765e+00 1.109498344298577344e+01 2.461486165358468536e+00
2.472193643087845061e+00 1.101904691750607768e+01 2.394835469349874568e+00
2.456807185638312241e+00 1.094375410211171484e+01 2.326187888702922368e+00
2.440815902627984535e+00 1.086892348278325215e+01 2.271276647409242955e+00
2.424521224567341982e+00 1.079675080626843098e+01 2.229116665237248274e+00
2.407905725629585714e+00 1.072790942792133961e+01 2.201871568643793520e+00
2.390876893542182913e+00 1.066092674025948916e+01 2.175946203447315153e+00
2.373531863349444215e+00 1.059727024583204624e+01 2.163115984194706076e+00
2.355695977228198235e+00 1.053465011842064669e+01 2.157221088174965384e+00
2.337448969002477561e+00 1.047327268920330745e+01 2.160030807101290584e+00
2.318776841712993697e+00 1.041170498670225442e+01 2.168309909980684846e+00
2.299840214478519052e+00 1.035162349923526826e+01 2.181485646083423102e+00
2.280752438928783654e+00 1.029203158235077176e+01 2.201985610172685348e+00
2.261633620203295170e+00 1.023408373534928550e+01 2.218269909477702306e+00
