2.191799393479931801e-01 1.550982551689759603e+01 3.683552447462830693e+06
2.270118863901513795e-01 1.521705168219524928e+01 3.113852164472190198e+06
2.351649973904973434e-01 1.494774193503360671e+01 2.628356591938887723e+06
2.436608606652396203e-01 1.468308193132498474e+01 2.206204612373436335e+06
2.524809392069864433e-01 1.444927278921956137e+01 1.864822740516572027e+06
2.616521135853136504e-01 1.423354803431031357e+01 1.570449966595280450e+06
2.711809121633972919e-01 1.404098080229775647e+01 1.325855330355648417e+06
2.810728728581531333e-01 1.385511447437561117e+01 1.119166452150509227e+06
2.913393763431962880e-01 1.368858059028459273e+01 9.444000002045753645e+05
3.019871656131734028e-01 1.352969235011710403e+01 7.995005930425749393e+05
3.129908164723600450e-01 1.338394178277788349e+01 6.747312085725347279e+05
3.244023698788904286e-01 1.325460769954617390e+01 5.689861227830867283e+05
3.362062789334598345e-01 1.312868869801853222e+01 4.816010264470153488e+05
3.484175893264511714e-01 1.301428082406384412e+01 4.071962320859608590e+05
3.610399331728454397e-01 1.290367906441623802e+01 3.435526443468116340e+05
3.740721579618677683e-01 1.281096618552691524e+01 2.908472639270732761e+05
3.875288633239256653e-01 1.272038819653158370e+01 2.460717372531458386e+05
4.014181743670696689e-01 1.263756077432589287e+01 2.087596897585272673e+05
4.157100925674420133e-01 1.256164376686466433e+01 1.765533991637949075e+05
4.304375700585678088e-01 1.248815628085902674e+01 1.497133243715359131e+05
4.456083703632515158e-01 1.242245787041454186e+01 1.270411101927063864e+05
4.612150525184195993e-01 1.236091238947330240e+01 1.076071274266981054e+05
4.772309025379364300e-01 1.230294664339023036e+01 9.145273107104895462e+04
4.936775946540457038e-01 1.225268757776485096e+01 7.767029932703301893e+04
5.105549150207814302e-01 1.220224338435602718e+01 6.602894021190766944e+04
5.278673552182123752e-01 1.215719644409801248e+01 5.619446266641677357e+04
5.456072186771668830e-01 1.211542982900490095e+01 4.781664931260798767e+04
5.637757159610229385e-01 1.207702111058241456e+01 4.068642114256523928e+04
5.823169198150073278e-01 1.204095819966713421e+01 3.478048333105539496e+04
6.015964157314102057e-01 1.200786844015616950e+01 2.951324284759828151e+04
6.217892014635539866e-01 1.197463439222101123e+01 2.508972718120235731e+04
6.428260344971321594e-01 1.194583099765677581e+01 2.128344663428229615e+04
6.646953248415303772e-01 1.191948045834718251e+01 1.799979001255958792e+04
6.873525591860722983e-01 1.189534111086225998e+01 1.522736109065096753e+04
7.107841093006478372e-01 1.187518238436829243e+01 1.288778417927565170e+04
7.348519387045295836e-01 1.185514048925778674e+01 1.090605600672836226e+04
7.595159263298012498e-01 1.184049728670224333e+01 9.236261726622773494e+03
7.847463148891878904e-01 1.182558552519470574e+01 7.835296862244358636e+03
8.104272203446961642e-01 1.181427138885033301e+01 6.648669589104649276e+03
8.364821234911065106e-01 1.180153859988823228e+01 5.648895703955437057e+03
8.628404285542646823e-01 1.179423256731638503e+01 4.810247851861502568e+03
8.894703944295673237e-01 1.178112415253480982e+01 4.106471651754411141e+03
9.161766900806883607e-01 1.177096967961939455e+01 3.517580179046884041e+03
9.430093292665410187e-01 1.176240171430887216e+01 3.004152145343413395e+03
9.697867044578021289e-01 1.175133188065686340e+01 2.574940994876489185e+03
9.964008422638392926e-01 1.174141861404933707e+01 2.234874932933932996e+03
1.022811517414278226e+00 1.173251632050650883e+01 1.934438386283602085e+03
1.048978284783133264e+00 1.172073273680308780e+01 1.676383364374505163e+03
1.074833874310553883e+00 1.170835168208113508e+01 1.457383686660587728e+03
1.100214760838252648e+00 1.169542177777839775e+01 1.262972960069690089e+03
1.125042527395823333e+00 1.167799943701874632e+01 1.114156375245036770e+03
1.149354389246054708e+00 1.166307293592486971e+01 9.772138093479496774e+02
1.172989073266544224e+00 1.164350317153816583e+01 8.613356538862039997e+02
1.195894924017837146e+00 1.162150886713448017e+01 7.615948717224401889e+02
1.218098574072423501e+00 1.159732370981334881e+01 6.739225889876685187e+02
1.239470094432918224e+00 1.157755369475303908e+01 5.957883413211777679e+02
1.260516803006606512e+00 1.154770939184192713e+01 5.331306442984273417e+02
1.282643810415043939e+00 1.152006379242379097e+01 4.714046306969482885e+02
1.305921630899593122e+00 1.148757868136533844e+01 4.152646274344266999e+02
1.330362762620791006e+00 1.145650887941280516e+01 3.644161077714223325e+02
1.355998101468132822e+00 1.142575279241420638e+01 3.178811479041938242e+02
1.382622785061270676e+00 1.139804405629339179e+01 2.767692221800934931e+02
1.410309956915489105e+00 1.136491545310985707e+01 2.402224407808103877e+02
1.438841639191330790e+00 1.133707931479342967e+01 2.083441151466468853e+02
1.468129582147562395e+00 1.130850707388864507e+01 1.805226116474893274e+02
1.498048223997005879e+00 1.128158857913738444e+01 1.562501671587061765e+02
1.528436570200408129e+00 1.125426634826084005e+01 1.350890188481465088e+02
1.559334529661255964e+00 1.122882086376725752e+01 1.169677431476854821e+02
1.590413552803258135e+00 1.120413906172644936e+01 1.012610940176844565e+02
1.621610662363741628e+00 1.117970415023778763e+01 8.770509316574319314e+01
1.652791820327865313e+00 1.115558520209425097e+01 7.609097899679763088e+01
1.683755427742282151e+00 1.113151800531117530e+01 6.633536959454941950e+01
1.714646248338555612e+00 1.110756172090854754e+01 5.743848132414268548e+01
1.745048450595738654e+00 1.108395851135430377e+01 5.019311972974828961e+01
1.774941702558629375e+00 1.106025683987916963e+01 4.372171481095135448e+01
1.804217328402755616e+00 1.103594814546521263e+01 3.847770650859855124e+01
1.832742597959182262e+00 1.101108461604523292e+01 3.380912911634368356e+01
1.860574401323671578e+00 1.098598781330369256e+01 2.977351669029720327e+01
1.887478795511583929e+00 1.095984642507876750e+01 2.630052837024367207e+01
1.913394251103705646e+00 1.093241414184641336e+01 2.321521251411220632e+01
1.938290294529751101e+00 1.090568299849261180e+01 2.066034193207131509e+01
1.962079397074665055e+00 1.087690685223878795e+01 1.837035048035726703e+01
1.984723678608320441e+00 1.084726467007711115e+01 1.645373820134697240e+01
2.006174655538583984e+00 1.081601036320149412e+01 1.473882834215553395e+01
2.026397028889409313e+00 1.078351444041445539e+01 1.321450480786379167e+01
2.045354001345006445e+00 1.075001752502664765e+01 1.194597907697827388e+01
2.063035639118387721e+00 1.071601296024701178e+01 1.080191042076586427e+01
2.079417603054277919e+00 1.068020709915390043e+01 9.805982144516397270e+00
2.094494274139844681e+00 1.064333609505108136e+01 8.908338809801040981e+00
2.104976574953422386e+00 1.060800276746509851e+01 8.259376781264403888e+00
2.108804089738377296e+00 1.057357665472075681e+01 7.867575933739836991e+00
2.107789320404221733e+00 1.053891638247176132e+01 7.588449016525252944e+00
2.103023227659599481e+00 1.050246230398927239e+01 7.415884134412682016e+00
2.095692808137100016e+00 1.046330301023667708e+01 7.308051895726880964e+00
2.086557206800414566e+00 1.042211146233329977e+01 7.251476628568423344e+00
2.076029953859139354e+00 1.037781894286450068e+01 7.203890703371881088e+00
2.064407850752519646e+00 1.033378628072934902e+01 7.182305201889882085e+00
2.051916142736060600e+00 1.028936627912412582e+01 7.175522272276441349e+00
2.038686876237379320e+00 1.024392592367125765e+01 7.191026169674716861e+00
2.024541368723304036e+00 1.019622423961368796e+01 7.223588965736976952e+00
