2.191799393479931801e-01 1.550982551689759603e+01 3.683552447462830693e+06
2.285453702898087858e-01 1.519148605442315869e+01 3.001743970287301112e+06
2.383476265839929165e-01 1.484007822372826979e+01 2.456896544076550752e+06
2.486404175394744676e-01 1.454809899277673502e+01 2.004000333183949813e+06
2.594131058343392415e-01 1.428653449035016898e+01 1.635904607966087991e+06
2.706871744217736464e-01 1.405194656331797809e+01 1.337313638455833541e+06
2.824767991042643756e-01 1.383541939982314872e+01 1.096492610127408756e+06
2.947866940248238810e-01 1.363446640587002534e+01 8.926938968463077908e+05
3.076365966360417592e-01 1.345066892586189766e+01 7.307778048901819857e+05
3.210399519014149328e-01 1.329049502118461845e+01 5.980089766155825928e+05
3.349869490402992422e-01 1.314287381814248334e+01 4.891663071568418527e+05
3.495128815800878086e-01 1.300573383377712844e+01 4.006132068330644979e+05
3.646370713969197541e-01 1.288039349755061735e+01 3.247646190180386184e+05
3.803134394789955408e-01 1.276911152378418812e+01 2.690344386857604259e+05
3.966142134474927583e-01 1.266210624574972066e+01 2.209048437459541601e+05
4.134928597534094363e-01 1.257077587099549199e+01 1.812772268267854524e+05
4.309939970302025247e-01 1.248612894359090220e+01 1.489651978030204191e+05
4.491185954079017217e-01 1.240711617770987374e+01 1.223083079381096613e+05
4.678367563431076182e-01 1.233815616815392424e+01 1.007085311827729020e+05
4.871720606858445657e-01 1.227274021362040557e+01 8.282689307644971996e+04
5.070850822165634542e-01 1.221296127460816372e+01 6.824784716087306151e+04
5.276283319701471353e-01 1.215724660210039332e+01 5.637320000177131442e+04
5.487763347013403514e-01 1.210724756514891531e+01 4.654241021810445818e+04
5.705095533922063256e-01 1.206383643491744095e+01 3.843258245643830742e+04
5.930002383762484897e-01 1.202265610286663033e+01 3.169284247425701324e+04
6.176200561415583490e-01 1.198267849469083757e+01 2.596456704999372596e+04
6.444492403168339267e-01 1.194921708812612771e+01 2.107407417927784991e+04
6.736116234352466092e-01 1.192108150570320824e+01 1.697226767997579736e+04
7.051219974900393428e-01 1.189960628991906866e+01 1.359955379513338448e+04
7.390912106870978215e-01 1.188474576275662820e+01 1.083434350791502402e+04
7.755262121946114862e-01 1.188089556201277652e+01 8.611724527977949037e+03
8.143915732465698554e-01 1.188291062449624214e+01 6.818319678554354141e+03
8.556550088273028321e-01 1.189292499251611623e+01 5.382470597050162723e+03
8.992286651440499767e-01 1.190995016193132017e+01 4.256318121592102216e+03
9.450720167003043848e-01 1.193263351526684346e+01 3.356874969826626057e+03
9.930066008060449700e-01 1.196107276429381727e+01 2.654874603580581606e+03
1.043051376819462250e+00 1.199560640768103781e+01 2.100846351317851713e+03
1.094858572308395672e+00 1.203435420285186197e+01 1.665807353243333637e+03
1.148458928167403137e+00 1.207532929172976921e+01 1.323296606068950723e+03
1.203569369783431542e+00 1.212335144825313016e+01 1.054095599307891916e+03
1.260111420533462034e+00 1.217172299441295102e+01 8.414077202619052969e+02
1.317815186928932514e+00 1.222222899740354585e+01 6.736635786765294824e+02
1.376439620753617143e+00 1.227252183200452684e+01 5.428940681347218060e+02
1.435775777899198635e+00 1.232319132787152149e+01 4.381580119404470679e+02
1.495620801464409455e+00 1.237337414303319250e+01 3.549103491208125547e+02
1.555794179200470140e+00 1.242309959245242368e+01 2.886023139657889374e+02
1.615944824719303563e+00 1.247115466557104035e+01 2.356587820692213882e+02
1.675824134748215011e+00 1.251694755353194211e+01 1.935102650103691531e+02
1.735247539881471512e+00 1.256103388084121697e+01 1.595033919472990078e+02
1.793987591237601320e+00 1.260199678632149300e+01 1.319618981053745870e+02
1.851839412022703746e+00 1.264051694679370819e+01 1.097245960599123720e+02
1.908408117538751059e+00 1.267409427439829450e+01 9.167814963775597903e+01
1.963722662967006594e+00 1.270328009761660049e+01 7.695938229919920559e+01
2.017384135097779030e+00 1.272837656107367543e+01 6.488724478506142646e+01
2.069293758574088038e+00 1.275047271463925824e+01 5.499147112569539075e+01
2.119299171754434941e+00 1.276630330133775537e+01 4.684755227772759412e+01
2.167204176195159704e+00 1.277845989620594658e+01 4.006411351218998362e+01
2.212932416734252339e+00 1.278563240164941739e+01 3.444923365138077997e+01
2.256328155344875519e+00 1.278793043449886113e+01 2.976933246896184571e+01
2.297314589655494732e+00 1.278557872202700452e+01 2.580033199116707365e+01
2.335784230130343087e+00 1.277817857874752683e+01 2.248516364549572089e+01
2.371717377515384140e+00 1.276589866417786645e+01 1.970839687002451868e+01
2.405046851215856485e+00 1.274929261515519485e+01 1.726667512542448435e+01
2.435748622768206584e+00 1.272830032225195218e+01 1.531755220272296647e+01
2.463812816961214569e+00 1.270172236917909103e+01 1.353415286233492765e+01
2.489237176610628932e+00 1.267178411181054543e+01 1.214179063596679775e+01
2.512065393629485666e+00 1.263713495110958362e+01 1.087680423491512371e+01
2.532320235464797786e+00 1.259838948412587989e+01 9.795056877933923545e+00
2.550026102773139680e+00 1.255579664980519361e+01 8.857857526413150495e+00
2.565255592256884931e+00 1.250885701989305865e+01 8.046565246351093492e+00
2.578074170354009098e+00 1.245926713072061709e+01 7.335843854020666299e+00
2.588535234146447372e+00 1.240653204662711495e+01 6.717052820150134274e+00
2.596733127009168474e+00 1.234968457986396650e+01 6.180193777173694336e+00
2.602754288100147306e+00 1.229103991927520134e+01 5.702025978552358154e+00
2.606680076600114138e+00 1.222913222192434191e+01 5.271596824541675552e+00
2.608603981673538463e+00 1.216521661588741665e+01 4.923890072178093824e+00
2.608621375624955885e+00 1.209939356822996537e+01 4.601892353673490810e+00
2.606836764049853539e+00 1.203105699004685292e+01 4.315008714717619043e+00
2.603342815386201714e+00 1.196100194339462419e+01 4.061357291734467800e+00
2.598242188479846337e+00 1.188954234074411076e+01 3.838545292970880762e+00
2.591633047925341327e+00 1.181673698721098908e+01 3.630853831022090805e+00
2.583614488486881910e+00 1.174320293605854815e+01 3.465677558149747650e+00
2.574281243917920126e+00 1.166801204570541906e+01 3.314019535479150402e+00
2.563744733164815326e+00 1.159305421412496528e+01 3.162715066578074552e+00
2.552082785507603369e+00 1.151720965542374842e+01 3.042593891139898421e+00
2.539398028878818270e+00 1.144134962042189407e+01 2.935446141878187198e+00
2.525776424818396038e+00 1.136524724319284019e+01 2.841262377854401056e+00
2.511306895074786549e+00 1.128912954460793827e+01 2.764784946244131181e+00
2.496071969946902058e+00 1.121322688531402534e+01 2.692108471471536202e+00
2.480220252594238950e+00 1.113843188570263543e+01 2.629701885631561264e+00
2.463869063948773253e+00 1.106551708668007272e+01 2.572964691697411155e+00
2.447030300850506102e+00 1.099373777690754928e+01 2.533326641976228810e+00
2.429654497487625964e+00 1.092359261991649788e+01 2.508457558009074440e+00
2.411879043528804889e+00 1.085498820780087392e+01 2.480936138101038413e+00
2.393776166679119299e+00 1.078757232764755791e+01 2.464736305112288584e+00
2.375375823169269651e+00 1.072239642064122656e+01 2.463778512523175479e+00
2.356957051926034996e+00 1.065901447828914073e+01 2.464049086613372186e+00
2.338567877249444926e+00 1.059796785851692746e+01 2.470826720421821054e+00
2.320319225699384980e+00 1.054063706445961657e+01 2.482381759937774213e+00
2.302172933601182692e+00 1.048581240257228764e+01 2.506877215000024250e+00
