2.191799393479931801e-01 1.550982551689759603e+01 3.683552447462830693e+06
2.282470151579739925e-01 1.522744215574088678e+01 3.089435836320965085e+06
2.377370231084434127e-01 1.485741663890099495e+01 2.489095594865646679e+06
2.476810539635887209e-01 1.458369809213794177e+01 2.049788449935965938e+06
2.580744547180106041e-01 1.431733306066176326e+01 1.681876128306783270e+06
2.689385116751663030e-01 1.408553752036252327e+01 1.377145955655483529e+06
2.802866331659770727e-01 1.387572995265586506e+01 1.121933051213687519e+06
2.921279177450430975e-01 1.370592749690263901e+01 9.313054155958393821e+05
3.044544188882950531e-01 1.349604322841712367e+01 7.670577268919997150e+05
3.173137620639035483e-01 1.333751118618965492e+01 6.327853322577008512e+05
3.306792689905915794e-01 1.318286843796161278e+01 5.199816929086129530e+05
3.445835743522067118e-01 1.304926602251566514e+01 4.288836754062439431e+05
3.590316512331999110e-01 1.292431353788919779e+01 3.530661198222783278e+05
3.740173411741748999e-01 1.280958993807810486e+01 2.894120390268078772e+05
3.895873092562682771e-01 1.270773712045235904e+01 2.408762338644035044e+05
4.057112913671446219e-01 1.261298501621849510e+01 1.978189661899376079e+05
4.223897730920340154e-01 1.252873460238865277e+01 1.636921288378622558e+05
4.396475022021988921e-01 1.244754362080423959e+01 1.353203179671615944e+05
4.574904717262101572e-01 1.237424876086582870e+01 1.118923194098685490e+05
4.759071247481583833e-01 1.230868759084892083e+01 9.255370419662873610e+04
4.948774399807433499e-01 1.224782757582598691e+01 7.680581242203775037e+04
5.144229947699754391e-01 1.219242049537299799e+01 6.369123841296365572e+04
5.345440042949138881e-01 1.214136559666056669e+01 5.284282597678873572e+04
5.552342584471744447e-01 1.209490739847346674e+01 4.388923941097464558e+04
5.764610862164288863e-01 1.205602867758789465e+01 3.610670291958567395e+04
5.986772283886416801e-01 1.201170577865999256e+01 3.027903247118984291e+04
6.231085931039033188e-01 1.197580598007948360e+01 2.486494018081465765e+04
6.497433943297409309e-01 1.194330320210313978e+01 2.007017559118058853e+04
6.786557561664290361e-01 1.191772551595941465e+01 1.638447422552995704e+04
7.098491288311138403e-01 1.190009923857773444e+01 1.319328152620490255e+04
7.433416664747753977e-01 1.188598468532826757e+01 1.056104088167881127e+04
7.791019000037183728e-01 1.188326648945912822e+01 8.444997261865622932e+03
8.170986941291908945e-01 1.188618299982855575e+01 6.721895110512175961e+03
8.572930329068720878e-01 1.189733306716547645e+01 5.352476704192092257e+03
8.996105937847710399e-01 1.191333351857701395e+01 4.256610732534590170e+03
9.439749302983642121e-01 1.193665811478634886e+01 3.390993095293332772e+03
9.902837306011008645e-01 1.196393728256533784e+01 2.701132931992392969e+03
1.038436154627033092e+00 1.199834177473491614e+01 2.152596672254254372e+03
1.088306995787117648e+00 1.203375695409765456e+01 1.719216612480349795e+03
1.139736322106441602e+00 1.207348839540286534e+01 1.377110883843285819e+03
1.192599744226367831e+00 1.211815495605860526e+01 1.104156717570776891e+03
1.246648832979247334e+00 1.216335152363108385e+01 8.896074556081938454e+02
1.301791917677748600e+00 1.221421613381248861e+01 7.183366844958891306e+02
1.357822063090118325e+00 1.226109993855386371e+01 5.818983715386600579e+02
1.414475636912025047e+00 1.230671334992935861e+01 4.731378249588341305e+02
1.471695833706285317e+00 1.235422622410787064e+01 3.830104565903848766e+02
1.529125932053990944e+00 1.240017169544389652e+01 3.156559792913945444e+02
1.586368115732591288e+00 1.244590297321249928e+01 2.597417773224110533e+02
1.643650322292879551e+00 1.248965705262975767e+01 2.143744197537711500e+02
1.700389541325179055e+00 1.253164897057956573e+01 1.766649784987050964e+02
1.756581209449429748e+00 1.256945490975622981e+01 1.479241839402804999e+02
1.811918090509027079e+00 1.260465287583598482e+01 1.236336545201266262e+02
1.866152528173813829e+00 1.263690617006673200e+01 1.038442623546386443e+02
1.919233419874115887e+00 1.266704598766328260e+01 8.757553965941644947e+01
1.970839401288279502e+00 1.269111834099489400e+01 7.416924555800946450e+01
2.020877741893922774e+00 1.271024888895648886e+01 6.312464221424590249e+01
2.069191719423060682e+00 1.272670454226476622e+01 5.394678256622202639e+01
2.115602065693431122e+00 1.274057284448372407e+01 4.631640839795232267e+01
2.160029315072645062e+00 1.274552006416503502e+01 3.994734003508858677e+01
2.202340318351112991e+00 1.274895067090542433e+01 3.461319257490398371e+01
2.242431140451592420e+00 1.274717109417765748e+01 3.001221913230996918e+01
2.280229175734509006e+00 1.274105898758589284e+01 2.618342452732775527e+01
2.315692674266041529e+00 1.272978825849099493e+01 2.309794480956607643e+01
2.348750576165850479e+00 1.271485326939393801e+01 2.036464215811770728e+01
2.379370897415100661e+00 1.269499089934518210e+01 1.803352211723655429e+01
2.407550761792863092e+00 1.267132950777304146e+01 1.604104938853556206e+01
2.433284601125221602e+00 1.264327560734334632e+01 1.432158708353911791e+01
2.456579518408591678e+00 1.261087752303628307e+01 1.285102058677214210e+01
2.477464282633811798e+00 1.257482790117288118e+01 1.157516637238539658e+01
2.495946556801438287e+00 1.253460670499891449e+01 1.046914117954704260e+01
2.512087468646029276e+00 1.249183939725974923e+01 9.508859479411803761e+00
2.525938900340163773e+00 1.244388743836539213e+01 8.674848256126898249e+00
2.537555081900235265e+00 1.239457622129425474e+01 7.940531031459597600e+00
2.546997519776806218e+00 1.234085380857406378e+01 7.295236881641830706e+00
2.554357647569506451e+00 1.228466087969967369e+01 6.738066643301515057e+00
2.559687775500151030e+00 1.222681396362206208e+01 6.240076130515088693e+00
2.563082434901296391e+00 1.216555092037264352e+01 5.802871039702096390e+00
2.564624456486976012e+00 1.210198056289423540e+01 5.416454109692513619e+00
2.564324788519156240e+00 1.203715337164329569e+01 5.062310401858421294e+00
2.562134038412754666e+00 1.197089050409170952e+01 4.778607352201970748e+00
2.558125101555471570e+00 1.190307947469369410e+01 4.518579235894994106e+00
2.552386805536189573e+00 1.183360434074875123e+01 4.293464176965655632e+00
2.545025921959664039e+00 1.176328624497543274e+01 4.108038753259338094e+00
2.536192354542330385e+00 1.169280264955826887e+01 3.924208357894551025e+00
2.525980751933360580e+00 1.161995181747268546e+01 3.771938280025432633e+00
2.514605079746930372e+00 1.154671949947426413e+01 3.639809073954846319e+00
2.502094695595437290e+00 1.147316566634745882e+01 3.513339916509078620e+00
2.488604186257528106e+00 1.139884982907233812e+01 3.418230110871621985e+00
2.474277904941221795e+00 1.132463647302568965e+01 3.326693284537093120e+00
2.459125815516197466e+00 1.125079962296212877e+01 3.235963492725667745e+00
2.443329843481846453e+00 1.117680573160681945e+01 3.171495524941102317e+00
2.426888211374523152e+00 1.110353252717636430e+01 3.123079648469781144e+00
2.409969514386257394e+00 1.103128849695875147e+01 3.066583061135699673e+00
2.392581175183277065e+00 1.095927176212338772e+01 3.025394643879058876e+00
2.374860485422671363e+00 1.088792936923661969e+01 3.003744783409050267e+00
2.356740420757915011e+00 1.081808845379305950e+01 2.970242915615013413e+00
2.338417040589845453e+00 1.074929104608097319e+01 2.954050285801804510e+00
2.319926415504713457e+00 1.068171414794050378e+01 2.942634447004532916e+00
2.301307422430607375e+00 1.061598036624792663e+01 2.944777208931412371e+00
2.283230263185057840e+00 1.055361786934906121e+01 2.949119461295726108e+00
