2.191799393479931801e-01 1.550982551689759603e+01 3.683552447462830693e+06
2.284191124996563793e-01 1.515906042332274417e+01 3.008374242041907739e+06
2.380886122718062214e-01 1.484708487584113890e+01 2.473120937555710319e+06
2.482345484439501815e-01 1.455587726332651144e+01 2.022191274861378362e+06
2.588469002103632177e-01 1.429800920843719325e+01 1.653695037257399410e+06
2.699465618424206625e-01 1.405853292196570159e+01 1.357148663292007521e+06
2.815477196502729762e-01 1.384689350446214640e+01 1.111500482059270842e+06
2.936781455386227591e-01 1.365050411486618032e+01 9.084274391567932907e+05
3.062871645479486316e-01 1.347134722355725955e+01 7.460216487504525576e+05
3.194506162886078249e-01 1.330824770481670249e+01 6.113654112709427718e+05
3.331635889766897396e-01 1.315584242385598124e+01 5.017529441311552655e+05
3.474226141060123840e-01 1.302280107268905418e+01 4.124906383111028699e+05
3.622504342356958618e-01 1.289823411976315271e+01 3.382203704003046150e+05
3.776584522458208970e-01 1.278451815832568705e+01 2.782041574770189472e+05
3.936285381516320681e-01 1.268112322782390322e+01 2.291333921870354679e+05
4.102047074885036282e-01 1.259020764940611414e+01 1.881610351352185535e+05
4.273484177486375768e-01 1.250297896450381430e+01 1.550966705561002600e+05
4.451061489438717933e-01 1.242361231030454682e+01 1.275819122602266434e+05
4.634525095586633503e-01 1.235492199316262329e+01 1.051052292282176786e+05
4.823631731831616309e-01 1.228630066030118329e+01 8.689293072175252018e+04
5.018991536405192910e-01 1.222660518126679818e+01 7.179837966093177965e+04
5.220188792750871665e-01 1.217735210893415676e+01 5.919354087220839574e+04
5.427313628934837819e-01 1.212216462589490185e+01 4.904049546622263006e+04
5.640336325499624159e-01 1.207585807560355917e+01 4.063995516378453613e+04
5.858802500834301430e-01 1.203288047037411701e+01 3.368284417123135790e+04
6.095183281091115512e-01 1.199480805555706020e+01 2.770566145363981559e+04
6.354093142349149792e-01 1.196116923122819387e+01 2.255971291269239373e+04
6.636662570337629186e-01 1.192993640081062345e+01 1.825795304606921491e+04
6.943050838011626258e-01 1.190693618902025008e+01 1.465778925287326456e+04
7.273341092754815884e-01 1.189165131144850029e+01 1.172502715908683240e+04
7.627465026993482944e-01 1.188385510045304727e+01 9.349899385069335040e+03
8.005079749530881195e-01 1.188417065344157741e+01 7.420898239236373229e+03
8.405907570882157342e-01 1.189269687402585873e+01 5.827611780182808616e+03
8.829303359005243879e-01 1.190771108051403360e+01 4.653986556821569138e+03
9.274341389119268309e-01 1.192785459507684820e+01 3.690680479431006916e+03
9.740426808183061391e-01 1.195322095222845427e+01 2.919593554001025950e+03
1.022602240049801159e+00 1.198811329269579673e+01 2.320708916067122118e+03
1.073020266623097019e+00 1.202577876324610351e+01 1.842616613613779236e+03
1.125155189766648078e+00 1.206577242305515441e+01 1.467279684994388845e+03
1.178797476799481991e+00 1.210975844937907198e+01 1.171452550133747991e+03
1.233851241965980394e+00 1.215616834512148969e+01 9.392791617927247216e+02
1.290024080012885044e+00 1.220523974048714777e+01 7.533327094823993093e+02
1.347210705846550782e+00 1.225322534037611177e+01 6.077430612834072008e+02
1.405244032221239836e+00 1.230341307973080589e+01 4.905167093912426139e+02
1.463747451667406718e+00 1.235292970138431734e+01 3.982662041805929789e+02
1.522537108487738600e+00 1.240190293076438088e+01 3.231590225816781299e+02
1.581420628035911768e+00 1.244992025950361558e+01 2.655446057863828742e+02
1.640149203576870107e+00 1.249466346884788059e+01 2.182972215248248347e+02
1.698650633816241040e+00 1.253893718094562537e+01 1.797359864608711177e+02
1.756349156497938546e+00 1.257971506939727213e+01 1.491762589591449455e+02
1.813361251160338528e+00 1.261793472748670375e+01 1.241675452840169385e+02
1.869276428139587498e+00 1.265107570096881062e+01 1.038321952171829139e+02
1.923939718729672954e+00 1.268136265181098210e+01 8.714538010284520908e+01
1.977188422799422751e+00 1.270854423031858005e+01 7.353411863811483329e+01
2.028771581378118860e+00 1.273136981404119616e+01 6.209771358729022239e+01
2.078595012420965116e+00 1.274884371661373628e+01 5.282129764968900787e+01
2.126437350148280725e+00 1.276171392682516270e+01 4.541207006646428823e+01
2.172223726947887901e+00 1.277029817070282114e+01 3.903940153710757954e+01
2.215798870402140963e+00 1.277419318705874929e+01 3.370672388458815760e+01
2.257086515255606329e+00 1.277341089500219162e+01 2.926932878213048639e+01
2.295977017728865643e+00 1.276813852525570070e+01 2.549306026508612177e+01
2.332429964784512144e+00 1.275784983036843556e+01 2.231220182750377390e+01
2.366377213414169844e+00 1.274259785362259834e+01 1.954154986069886135e+01
2.397809819112316720e+00 1.272325021387138655e+01 1.734757280197915463e+01
2.426667933418284573e+00 1.269909532946462960e+01 1.538490942079927493e+01
2.452981329249694475e+00 1.267147952485983353e+01 1.371875031262301370e+01
2.476747192791560082e+00 1.263861013860681126e+01 1.227695592930732360e+01
2.498010488428197284e+00 1.260191557665750217e+01 1.104234669467783370e+01
2.516768987286128301e+00 1.256151161844493735e+01 9.947679372344209625e+00
2.533094313352736382e+00 1.251726391681060946e+01 9.052043324939656799e+00
2.547041831232647269e+00 1.246943565222791150e+01 8.240106253285539140e+00
2.558665065673537242e+00 1.241812038328085777e+01 7.510172615593606160e+00
2.568046037898450873e+00 1.236426416533386075e+01 6.919773230556480748e+00
2.575253531993817013e+00 1.230717649953493442e+01 6.382676406563743576e+00
2.580376969974556012e+00 1.224729400447131411e+01 5.905729088407387195e+00
2.583500245976875664e+00 1.218514148266681474e+01 5.489033662302363226e+00
2.584704739052976930e+00 1.212043254541247528e+01 5.120033835940366984e+00
2.584115175258020258e+00 1.205378102325116529e+01 4.794002755701313845e+00
2.581871135901463443e+00 1.198527898884865728e+01 4.500386199574048618e+00
2.578055169085152976e+00 1.191494801621878530e+01 4.233262819827012358e+00
2.572763138176321629e+00 1.184324787253028788e+01 4.014179957227805851e+00
2.566107121004955527e+00 1.177046263406805515e+01 3.798737995335100592e+00
2.558126699481395594e+00 1.169647213294079968e+01 3.634622734087006535e+00
2.548958118028772812e+00 1.162148258212592467e+01 3.451487114378452237e+00
2.538646456773492766e+00 1.154652792746439616e+01 3.315195642016961930e+00
2.527323354482220008e+00 1.147106006534899869e+01 3.187391918033457561e+00
2.515007058890701863e+00 1.139515925032974586e+01 3.073753960801532514e+00
2.501839903651244423e+00 1.131947631331801496e+01 2.962672288246311236e+00
2.487837694173731240e+00 1.124351625328811899e+01 2.873789679197127356e+00
2.473142974422304796e+00 1.116797930615168788e+01 2.802946805267714669e+00
2.457832383291451706e+00 1.109382246438032560e+01 2.726333540322800619e+00
2.442246869739243653e+00 1.102258990294111918e+01 2.671623305998593434e+00
2.426187571229435846e+00 1.095367654359008647e+01 2.630963997267733223e+00
2.409658348644449610e+00 1.088785894547179112e+01 2.609238392370066162e+00
2.392709009336678960e+00 1.082363234346296288e+01 2.585275769977712468e+00
2.375456003076709344e+00 1.076232345430596915e+01 2.589000657666193916e+00
2.357925193831161170e+00 1.070280569641769119e+01 2.589190372410700380e+00
2.340380420830771691e+00 1.064602099986533013e+01 2.594615260092107967e+00
2.323343132875171690e+00 1.059455096913784899e+01 2.615523072725637554e+00
2.305129700222364963e+00 1.054144646212933623e+01 2.652847889786951185e+00
