1.550982551689759603e+01 2.191799393479931801e-01 3.683552447462830693e+06
1.516732796457731780e+01 2.282783827490496575e-01 3.036041895480707753e+06
1.485106129515549611e+01 2.377998696296146908e-01 2.485790623888295144e+06
1.456538196079127978e+01 2.477806993870188823e-01 2.035855918966014870e+06
1.431507579469949576e+01 2.582132099151546178e-01 1.678610460406008875e+06
1.407820824511337499e+01 2.691194855657836893e-01 1.375775070831457153e+06
1.386414793658522626e+01 2.805108726499687122e-01 1.128519907064091647e+06
1.367169910011875444e+01 2.924064458133677213e-01 9.274352722694388358e+05
1.349075868365502373e+01 3.047842922480543115e-01 7.639318213335878681e+05
1.336351020728850969e+01 3.177161524545151772e-01 6.268709722700696439e+05
1.317971113274346706e+01 3.311250432838260815e-01 5.169988229284028639e+05
1.304977919098083738e+01 3.450926726789113053e-01 4.254232436874358100e+05
1.292186133444971219e+01 3.596114695107092141e-01 3.504464583522182656e+05
1.280502950222782133e+01 3.746787950381159638e-01 2.885652692322992370e+05
1.270366282038841987e+01 3.903121267000922989e-01 2.380167905637068616e+05
1.260798097937282591e+01 4.065139186213773126e-01 1.966976531641925103e+05
1.252160061675888159e+01 4.232806752087734381e-01 1.621106768303726276e+05
1.244356213485026252e+01 4.406230170175022831e-01 1.338092391642575967e+05
1.237000490029648070e+01 4.585795132302587507e-01 1.107010986020699929e+05
1.230401673768446713e+01 4.770692245548305843e-01 9.181155266794640920e+04
1.224449014396826918e+01 4.961363452328758084e-01 7.585077259441398201e+04
1.219053628796013022e+01 5.157850345039605156e-01 6.285371149305420113e+04
1.213764478646712597e+01 5.360119888083618722e-01 5.217229916639212752e+04
1.209187107899641767e+01 5.568116428761177295e-01 4.323909478371357545e+04
1.204745792553516992e+01 5.781394154181583867e-01 3.603526631540982635e+04
1.200548851294630026e+01 6.005076650881341349e-01 2.981337187497913692e+04
1.196997634428728219e+01 6.246880322849811540e-01 2.454257890528536882e+04
1.194502969018516936e+01 6.506631579511649166e-01 2.006136701732714937e+04
1.191243495677509046e+01 6.784424428770247095e-01 1.635721039490463409e+04
1.189240870962155761e+01 7.080094948041169012e-01 1.328025319901086732e+04
1.187791622723935170e+01 7.392966384948276293e-01 1.074126484009578235e+04
1.187454005716497818e+01 7.722485744287308496e-01 8.691026772494875331e+03
1.186136888779305565e+01 8.067292769956039278e-01 7.026640949468674080e+03
1.186050779598485860e+01 8.428131155961460230e-01 5.677740420018296390e+03
1.186630984669901778e+01 8.802441225257506829e-01 4.588035088084922791e+03
1.187305312840551963e+01 9.189324777588977478e-01 3.717260365510679094e+03
1.188397569133693565e+01 9.587525969855951180e-01 3.018417599514084941e+03
1.189903197355481979e+01 9.995921002031645797e-01 2.453017018497256231e+03
1.191162756610229678e+01 1.041271974905065845e+00 2.002496125726889886e+03
1.193032893991259336e+01 1.083740348341873050e+00 1.634888974000764620e+03
1.194856103641972211e+01 1.126603649031707732e+00 1.342084936909150656e+03
1.196799693244150831e+01 1.169956465667839396e+00 1.103987033125348262e+03
1.198443867122676387e+01 1.213494223791432125e+00 9.118164736466085287e+02
1.200364796933615708e+01 1.257036440724929927e+00 7.545810821025357882e+02
1.201997777868603023e+01 1.300357450517376279e+00 6.292132868723756474e+02
1.203182957109970630e+01 1.343407957004334019e+00 5.258229743550103876e+02
1.204467912166849963e+01 1.385899069412122486e+00 4.415545968450081773e+02
1.205450448042241973e+01 1.427774694320586679e+00 3.721590100557091318e+02
1.206212346674771752e+01 1.468752957686773941e+00 3.148029627538908244e+02
1.206291346541625842e+01 1.508790480145175250e+00 2.662535208834630112e+02
1.206372088332308579e+01 1.547695307535341014e+00 2.287723617670363012e+02
1.206298003417336773e+01 1.585312483268313644e+00 1.961434195087744854e+02
1.205566761195344228e+01 1.621558725372551191e+00 1.690331402240936427e+02
1.204232707060674201e+01 1.656267923036615297e+00 1.463182249913749615e+02
1.202825439901812388e+01 1.689419120754989123e+00 1.272697724398080226e+02
1.201043326094042563e+01 1.720859170935765903e+00 1.110450057152790606e+02
1.198806507641248942e+01 1.750497724568909952e+00 9.789344216208910154e+01
1.196217252505365813e+01 1.778373471490570790e+00 8.577471443519741001e+01
1.193259155504996549e+01 1.804434690864340718e+00 7.583614095277005163e+01
1.189869580316086406e+01 1.829209748993781526e+00 6.722019183782880702e+01
1.186221496547140930e+01 1.852767161649951699e+00 5.969555732911373269e+01
1.182212670684535816e+01 1.875053180054978785e+00 5.288425112258116911e+01
1.177879094834668372e+01 1.896022762011976504e+00 4.740093886810462465e+01
1.173314565485266314e+01 1.915623867354785848e+00 4.233111370720082078e+01
1.168470151275982438e+01 1.933777692283163985e+00 3.804222326512471142e+01
1.163432903720100597e+01 1.950437252998669546e+00 3.418374768349223558e+01
1.158102769877121929e+01 1.965595903315001891e+00 3.084981004358849432e+01
1.152556411126093572e+01 1.979191029352906028e+00 2.794259055769844124e+01
1.146695561244916384e+01 1.991241969547933754e+00 2.537852613760783882e+01
1.140743211785119904e+01 2.001705547267993435e+00 2.311594824758840261e+01
1.134552742614795307e+01 2.010621361092382653e+00 2.113416577235388516e+01
1.128135914291854114e+01 2.017990282298490534e+00 1.938318664257776902e+01
1.121566640090737721e+01 2.023813385142361199e+00 1.784825251588426198e+01
1.114868461936988098e+01 2.028162837895814530e+00 1.649265566439681763e+01
1.107914263485722550e+01 2.031124231544199965e+00 1.527534588263885773e+01
1.100701306228852339e+01 2.033263588586508241e+00 1.414445041242057677e+01
1.093310900024907362e+01 2.034833536526023501e+00 1.304726451531686671e+01
1.085691187672828839e+01 2.035923064109734781e+00 1.210207990734065930e+01
1.077927327664776058e+01 2.036535795317647501e+00 1.118871628261045714e+01
1.070083446467667976e+01 2.036676437212416424e+00 1.031792153417791624e+01
1.062170603346936737e+01 2.036344798616301244e+00 9.572952304614165797e+00
1.054240642275992990e+01 2.035501171709420021e+00 8.866873180857645309e+00
1.046323512878119821e+01 2.034207899917244600e+00 8.224236485476197345e+00
1.038320774930589430e+01 2.032347974915919675e+00 7.638063811197688402e+00
1.030516646357525801e+01 2.029941720888392975e+00 7.077468209931878640e+00
1.022538747787674751e+01 2.026968571697091548e+00 6.592856827965087874e+00
1.014680902215899927e+01 2.023382854385574081e+00 6.149810898292081163e+00
1.006872148457113525e+01 2.019197491494601593e+00 5.787332294643602992e+00
9.991769685961020997e+00 2.014418390799082914e+00 5.406288260509652055e+00
9.914902410519111697e+00 2.008996083903560770e+00 5.071220553410625165e+00
9.838978947782473838e+00 2.002988292650301094e+00 4.777032312649110324e+00
9.763830088452094103e+00 1.996396781693243305e+00 4.521195461055182996e+00
9.689670071867174883e+00 1.989173510421751612e+00 4.284777360594755002e+00
9.616115060843942075e+00 1.981409314515548026e+00 4.055908346115994156e+00
9.543394962463569442e+00 1.973072771759770916e+00 3.862611318663394133e+00
9.471857475202805077e+00 1.964217415080913964e+00 3.692325164782757962e+00
9.401853518624868400e+00 1.954860368188310327e+00 3.544631111507198895e+00
9.334272797760341689e+00 1.945114554669508999e+00 3.408445086536113777e+00
9.270398519962300909e+00 1.934823331025039783e+00 3.300685384913586429e+00
9.208837378941787222e+00 1.923915202946937963e+00 3.211001154167081761e+00
