1.550982551689759603e+01 2.191799393479931801e-01 3.683552447462830693e+06
1.526910056704639729e+01 2.271875296631364616e-01 3.170716049192862120e+06
1.491866605667333445e+01 2.355315918685379761e-01 2.599245297474496067e+06
1.466751562189683966e+01 2.442330308939723860e-01 2.188774139831372071e+06
1.443732520539970032e+01 2.532757923447344628e-01 1.843461001863300567e+06
1.421242457887377952e+01 2.626854908703518121e-01 1.545097200392472325e+06
1.401028397516811985e+01 2.724680373019169322e-01 1.295765115617875243e+06
1.382860536056325884e+01 2.826322612662886535e-01 1.091067114057562547e+06
1.366180415901805567e+01 2.931967289749476402e-01 9.166374576688054949e+05
1.350225242606109965e+01 3.041217297859779567e-01 7.711555275368894218e+05
1.335593826447598609e+01 3.154691224737654065e-01 6.499756008796986425e+05
1.322679593695499634e+01 3.272330761149132572e-01 5.461464091475137975e+05
1.310141220695070352e+01 3.393962132165243006e-01 4.602986098510863958e+05
1.298449573042496219e+01 3.519920402961260741e-01 3.880081068276027218e+05
1.288178677531875138e+01 3.650251770311837562e-01 3.263470842755282065e+05
1.277932742784412312e+01 3.784740687262282965e-01 2.757670432572793798e+05
1.268772455133943033e+01 3.923748514336746762e-01 2.307674443109769491e+05
1.260647667528226279e+01 4.067161724874929773e-01 1.957365384262265288e+05
1.252938303913590801e+01 4.214980242014032541e-01 1.655084640845584508e+05
1.246265808096135252e+01 4.367386505722981593e-01 1.394896025379730563e+05
1.239604427394835717e+01 4.524218697776183906e-01 1.182546572226651624e+05
1.233465377906655291e+01 4.685715730739385410e-01 9.985163676270529686e+04
1.227936725976979204e+01 4.851438754799024533e-01 8.451199143405554059e+04
1.222739742753551262e+01 5.021783046901403536e-01 7.161229521594732068e+04
1.217918789593774420e+01 5.196601971962673261e-01 6.053399950523063308e+04
1.213402679292378039e+01 5.375909125629848573e-01 5.135411451136677351e+04
1.209361365101857011e+01 5.559673893912696618e-01 4.359462875017510669e+04
1.205383731111457379e+01 5.747547657587995795e-01 3.701347082284987118e+04
1.201607754485112345e+01 5.942229843640076670e-01 3.142699943890702343e+04
1.198586812888163600e+01 6.150216729225304046e-01 2.649410718100975282e+04
1.195498330879265225e+01 6.372348243155167014e-01 2.221107279615731750e+04
1.192838769776751029e+01 6.608734743025608260e-01 1.860887797164499716e+04
1.190727250409773497e+01 6.859165215129212623e-01 1.548471756056694903e+04
1.188975531968662125e+01 7.123304378369924583e-01 1.288346536751893109e+04
1.187533178751574425e+01 7.400907122080866429e-01 1.059312620118532868e+04
1.186610745385905297e+01 7.691345870352973568e-01 8.864045155968455219e+03
1.186175070481400518e+01 7.994240224967621433e-01 7.356533700543568557e+03
1.186055731235581945e+01 8.309010824427172093e-01 6.095302278165368989e+03
1.186310674402169241e+01 8.634775136357397685e-01 5.048572009531579170e+03
1.186742797074163924e+01 8.971093191958011692e-01 4.147619049793963313e+03
1.187699140897434802e+01 9.316701900160453409e-01 3.473943071047575813e+03
1.188833869033522994e+01 9.670925976029048909e-01 2.888955066499134773e+03
1.189935924756263219e+01 1.003280064574117780e+00 2.410313743887566034e+03
1.191109669494958467e+01 1.040114795121550584e+00 2.011331162523036028e+03
1.192786058569982899e+01 1.077576963349490269e+00 1.683275883578521643e+03
1.194421341154195026e+01 1.115387870810559345e+00 1.412172782856305957e+03
1.196317602481375886e+01 1.153552703267406665e+00 1.187187277661641929e+03
1.197649434570969973e+01 1.191887298490156955e+00 1.001938504553912821e+03
1.199349640958055652e+01 1.230317795280439386e+00 8.473343173654767497e+02
1.200638314513549254e+01 1.268784419205907898e+00 7.182038147901286038e+02
1.201938560816095602e+01 1.306993205048818218e+00 6.118610317364922366e+02
1.203410880541323813e+01 1.344975697997428776e+00 5.227612089207747204e+02
1.204209287730153655e+01 1.382507873777651941e+00 4.477884402775283661e+02
1.205001356716887528e+01 1.419601146296470162e+00 3.850343630399461290e+02
1.205739158048572079e+01 1.455992990281863575e+00 3.320010486311510931e+02
1.206174286654077754e+01 1.491668261465582512e+00 2.870799427739511316e+02
1.206314024330098889e+01 1.526547161692413113e+00 2.477084329099570539e+02
1.206554703797284844e+01 1.560438217487932988e+00 2.171042392350923933e+02
1.206181834808147535e+01 1.593341426630357827e+00 1.897870509961512084e+02
1.205222760693746409e+01 1.625152044107613714e+00 1.664580931918332851e+02
1.204327852793332632e+01 1.655745307502564545e+00 1.465485712450663129e+02
1.203034621281025451e+01 1.685127478308133586e+00 1.288447762440526105e+02
1.201551211257819496e+01 1.713181200089951783e+00 1.147778584228089045e+02
1.199664812370118128e+01 1.739862135267224108e+00 1.020604510765588344e+02
1.197496718897303047e+01 1.765071286616276769e+00 9.120125906616935652e+01
1.195051467512638510e+01 1.788983505150491649e+00 8.162202297015971908e+01
1.192312261014054187e+01 1.811364047107702380e+00 7.332711843311608391e+01
1.189294862406577558e+01 1.832235247234589748e+00 6.610289677819038445e+01
1.185983873525474586e+01 1.851587348488493934e+00 5.974852258603539212e+01
1.182335417387855614e+01 1.869427908742670841e+00 5.426112718019722081e+01
1.178433392954848635e+01 1.885762515139692175e+00 4.940911090545364459e+01
1.174313732703435953e+01 1.900566684927964323e+00 4.512800981159076485e+01
1.169895271188293151e+01 1.913878089820609363e+00 4.134768129485757981e+01
1.165234633481719939e+01 1.925708081761846824e+00 3.804112495243361991e+01
1.160437355789457214e+01 1.936074625303847219e+00 3.506734267163425756e+01
1.155340188996034811e+01 1.945001063383925421e+00 3.240560052116159540e+01
1.150039953010220017e+01 1.952519730868100156e+00 3.008921142186974151e+01
1.144523858727945687e+01 1.958676119951347827e+00 2.798614640464221637e+01
1.138894497335486378e+01 1.963495100675666238e+00 2.601780204426030707e+01
1.133060959772460308e+01 1.967021687522622519e+00 2.436168906872984152e+01
1.127117567935506059e+01 1.969303290021041652e+00 2.293778704426110338e+01
1.120976198386072298e+01 1.970378137375322858e+00 2.159236849279331949e+01
1.114798303645069133e+01 1.970290294502790918e+00 2.039749182109910564e+01
1.108434277168631077e+01 1.969105594241790103e+00 1.922303027977280010e+01
1.101947198423588326e+01 1.966854173200981437e+00 1.831803450394887278e+01
1.095404182530087489e+01 1.963593237199500185e+00 1.741618793130557563e+01
1.088856509490301505e+01 1.959381845514537090e+00 1.660718626344863225e+01
1.082128914903521100e+01 1.954248532317138576e+00 1.588995122017992578e+01
1.075507439845008406e+01 1.948277433051222474e+00 1.518770047544116508e+01
1.069446183371281656e+01 1.941548530775224934e+00 1.468373471084450443e+01
1.063412621053591778e+01 1.933405242448151373e+00 1.429164412487954827e+01
1.057307578991503050e+01 1.924139254986707570e+00 1.398730702283058847e+01
1.051039426390535070e+01 1.913992110574583849e+00 1.363740001630249132e+01
1.044847255215564807e+01 1.903110058571271468e+00 1.341991449342016374e+01
1.038460931932363174e+01 1.891537306536973384e+00 1.312390625099309638e+01
1.031731230557955925e+01 1.879027596148069357e+00 1.292126305156178567e+01
1.024563781091754677e+01 1.865887339475480911e+00 1.263223842677128950e+01
1.017198902690219064e+01 1.852576342971314238e+00 1.241025545956748211e+01
1.009980370874233202e+01 1.839268078482928725e+00 1.212145003254489239e+01
1.002879881937842654e+01 1.825900665363874520e+00 1.192570743394510124e+01
