1.550982551689759603e+01 2.191799393479931801e-01 3.683552447462830693e+06
1.519278458927905007e+01 2.276330382842620959e-01 3.065195649550670292e+06
1.490896485290473450e+01 2.364651146307076846e-01 2.551575884138824418e+06
1.462816616410422199e+01 2.456841324807996496e-01 2.122180367294613272e+06
1.438963492452602466e+01 2.552931626572263468e-01 1.764636215556564508e+06
1.415499966514934194e+01 2.653104700591755738e-01 1.471727753114941297e+06
1.395193043812387046e+01 2.757449190253755678e-01 1.224402356399685144e+06
1.375533844624000324e+01 2.866079765009625357e-01 1.023963003074518987e+06
1.358899188871666297e+01 2.978994927201369380e-01 8.493801027855181601e+05
1.342859105705944067e+01 3.096316355046128677e-01 7.087352097233774839e+05
1.328057330040820716e+01 3.218158610621452698e-01 5.904838235980062746e+05
1.314850741639098963e+01 3.344712599053886182e-01 4.928113447782620788e+05
1.302064963427503308e+01 3.475755047072118797e-01 4.117757266040816903e+05
1.291222633569267764e+01 3.611787606037301646e-01 3.396889934561373666e+05
1.280178047178290512e+01 3.752320296503080521e-01 2.869228218163931742e+05
1.270484321698561203e+01 3.897900506677154375e-01 2.397935906740797509e+05
1.261828668449570046e+01 4.048471239562536628e-01 2.000065041824224754e+05
1.253678987288006397e+01 4.203774287403150289e-01 1.674520001734575490e+05
1.245920476858910675e+01 4.364295135366571543e-01 1.401880330300338974e+05
1.239323407474604188e+01 4.529641906645178739e-01 1.172775748366807384e+05
1.233032988475984126e+01 4.700246158911209338e-01 9.841669289133512939e+04
1.226980901176307093e+01 4.875751840558606442e-01 8.246567821156805439e+04
1.221753852432819620e+01 5.055958827975670644e-01 6.924133891041693278e+04
1.216699210483176330e+01 5.241360368305740813e-01 5.810230822834683204e+04
1.212111947006504131e+01 5.431741396727934879e-01 4.886153209671845252e+04
1.207966329163964403e+01 5.627091201918211771e-01 4.105402165920610423e+04
1.204005661150920048e+01 5.826863086558722316e-01 3.460758606395651441e+04
1.200361172246935659e+01 6.038117303979255723e-01 2.902680351313760912e+04
1.196983872785203218e+01 6.264915432512010440e-01 2.403636382617870186e+04
1.194533878063729482e+01 6.507489902722066732e-01 2.002480202425946482e+04
1.191617697425583167e+01 6.765633790564625771e-01 1.658454782490366415e+04
1.189308087650781509e+01 7.039348679175176926e-01 1.353446656690894633e+04
1.188113266364960197e+01 7.327968839307097415e-01 1.121176872395313330e+04
1.186794573091631300e+01 7.631153028740514932e-01 9.146345022509718547e+03
1.186201261607404867e+01 7.948272355760827024e-01 7.555755878947040401e+03
1.186010330203538388e+01 8.278675156169652549e-01 6.191803966697953001e+03
1.186393224439611416e+01 8.621423695811694099e-01 5.081543148800885319e+03
1.186833553839261590e+01 8.975845042955558073e-01 4.173809412930104372e+03
1.187786158873290177e+01 9.340667494740406696e-01 3.424710115198511630e+03
1.188620165082749480e+01 9.715009226397212094e-01 2.824632257959031449e+03
1.190265785417374822e+01 1.009785852978941412e+00 2.331743155430283878e+03
1.191668663128531414e+01 1.048725574497210156e+00 1.930544417179288985e+03
1.193304873513914899e+01 1.088350225290321660e+00 1.599968030055237477e+03
1.195320293942331702e+01 1.128294771886725778e+00 1.330590074531687378e+03
1.196596241619403855e+01 1.168656109123863418e+00 1.111557815295255750e+03
1.198287316531701485e+01 1.209215283884010672e+00 9.286792957139625742e+02
1.199867166904673788e+01 1.249780573748651591e+00 7.745025046369465827e+02
1.201311814016744250e+01 1.290153752918401731e+00 6.573042991116356006e+02
1.202714824542144356e+01 1.330310485298077383e+00 5.557489579932654351e+02
1.203944768652051245e+01 1.370078153896652218e+00 4.709761870897660856e+02
1.204812795114833435e+01 1.409304340323710214e+00 4.016419624815101201e+02
1.205982697079549304e+01 1.447884381655637265e+00 3.407306390839892742e+02
1.206084322383565954e+01 1.485674388687845404e+00 2.940761852905114324e+02
1.206348841585853116e+01 1.522577765164763619e+00 2.532298886603640540e+02
1.206316174805739649e+01 1.558412557172985657e+00 2.189510778343625361e+02
1.205969346926445596e+01 1.593109591602794417e+00 1.901651864015195486e+02
1.205459170220228593e+01 1.626655412442573834e+00 1.654554751287003285e+02
1.204189968932812249e+01 1.658816345895083977e+00 1.447177002716708500e+02
1.202815834424666264e+01 1.689622023311030397e+00 1.271991450417328764e+02
1.201144272935557211e+01 1.718944344724546491e+00 1.119519086729651889e+02
1.199142117770945859e+01 1.746731595165388118e+00 9.905190732813046850e+01
1.196923591622961780e+01 1.772951911323634500e+00 8.782841296351641347e+01
1.194081595088629832e+01 1.797541413626180251e+00 7.838674988037296032e+01
1.191049600506547712e+01 1.820495227784542314e+00 7.013681829156695358e+01
1.187720140415728665e+01 1.841782726778925738e+00 6.296559299930506626e+01
1.184044353236480518e+01 1.861377516611250282e+00 5.675270125067805793e+01
1.180101769088064856e+01 1.879285285698142127e+00 5.130601387234378308e+01
1.175754489777839495e+01 1.895520637527605468e+00 4.654132027912138625e+01
1.171234906879966964e+01 1.910063298084906380e+00 4.224206417984757422e+01
1.166397566380969053e+01 1.922962179218754564e+00 3.862749152483311121e+01
1.161331219198567766e+01 1.934217931626537990e+00 3.559453006666075936e+01
1.156024702839398977e+01 1.943875511846682391e+00 3.275246395417090639e+01
1.150502568142970183e+01 1.951962800085189409e+00 3.026950039980863139e+01
1.144727002323179832e+01 1.958531912094869876e+00 2.802822881892748441e+01
1.138751421769830863e+01 1.963611787299201161e+00 2.606643415050610457e+01
1.132553981533726883e+01 1.967271420012707717e+00 2.431086732270319217e+01
1.126163192155257597e+01 1.969722342477940646e+00 2.264593187000389918e+01
1.119640712126104631e+01 1.971077871867718656e+00 2.119439988135903263e+01
1.112940723469228388e+01 1.971417467918181288e+00 1.995234393993452215e+01
1.106032710990239387e+01 1.970730364146525693e+00 1.876597863034232816e+01
1.099058048299434631e+01 1.969109948668810173e+00 1.766774107679791328e+01
1.091999118572646843e+01 1.966558951532068056e+00 1.660977991622993599e+01
1.084733654548034032e+01 1.963082095945519079e+00 1.571012511423975866e+01
1.077559782281417711e+01 1.958808636766739442e+00 1.493679894473495473e+01
1.070260085087374335e+01 1.953676724538390141e+00 1.419844782793492932e+01
1.062965498583258572e+01 1.947756304680380302e+00 1.347740938967071855e+01
1.055447912923366793e+01 1.941069166203775787e+00 1.283811675473893210e+01
1.047675367896490783e+01 1.933879069111496429e+00 1.226309766846151028e+01
1.039777354920073549e+01 1.926342062256118037e+00 1.166726781411689906e+01
1.031657447220560009e+01 1.918550219606237839e+00 1.105820335305158864e+01
1.023535253424052449e+01 1.910536216208265303e+00 1.051472033554375329e+01
1.015250865944669911e+01 1.902283359820711173e+00 1.003583366256061282e+01
1.007177889458958653e+01 1.893927138758053852e+00 9.495978623685768838e+00
9.992310088317093886e+00 1.885373829123422773e+00 9.081107372812850187e+00
9.914534234104861454e+00 1.876498876961815609e+00 8.686048546495245049e+00
9.838687724400275059e+00 1.867250817461612256e+00 8.320022725018894505e+00
9.764619987091442965e+00 1.857558490337570145e+00 7.995433416241976232e+00
9.690933440057152737e+00 1.847490124108866594e+00 7.696927013238170190e+00
9.619409311768563953e+00 1.836981211185378049e+00 7.426230349282104015e+00
9.548763587771544437e+00 1.826115595203735786e+00 7.209154319022742285e+00
