2.191799393479931801e-01 1.550982551689759603e+01 3.683552447462830693e+06
2.279392340178137133e-01 1.519550037973156265e+01 3.066628113147653174e+06
2.371032211237237286e-01 1.487690725868395347e+01 2.519771065952612553e+06
2.466807885570988512e-01 1.460554748655627044e+01 2.094096494174694875e+06
2.566804935553159694e-01 1.435360801690714361e+01 1.726986399694400840e+06
2.671190125357229550e-01 1.411588478569192162e+01 1.423421159187374869e+06
2.780062923406546038e-01 1.391067790338221322e+01 1.179748118737758137e+06
2.893541550066792700e-01 1.371895199333696347e+01 9.749627041912938002e+05
3.011707777725377011e-01 1.354604975911945708e+01 8.066767124835081631e+05
3.134698346178219075e-01 1.337953349077821841e+01 6.686577549308142625e+05
3.262208563589528154e-01 1.322882919515651778e+01 5.539993874056034256e+05
3.394912554111535474e-01 1.309661534852304676e+01 4.595903467571315705e+05
3.532655484139428093e-01 1.297296555048183642e+01 3.812124469857611693e+05
3.675490327853214723e-01 1.285656466838345580e+01 3.165933920769856195e+05
3.823707468288934930e-01 1.275484215654006448e+01 2.623938608088071924e+05
3.977090771559278481e-01 1.265884832732007581e+01 2.176694244874860451e+05
4.135405455448719070e-01 1.257090842851833301e+01 1.808031371642024023e+05
4.299349309773313199e-01 1.249088146587150483e+01 1.504049341914779798e+05
4.468707666223785124e-01 1.241563320199169063e+01 1.257499188684705150e+05
4.643447518740128066e-01 1.234990609818668972e+01 1.041216621832733945e+05
4.823205412392562730e-01 1.228754569500534721e+01 8.682586701778350107e+04
5.008629852777862768e-01 1.223201146295738262e+01 7.240614027498585347e+04
5.199308620553817484e-01 1.217805575887165936e+01 6.048339460584378685e+04
5.395328529789480410e-01 1.213182475986096343e+01 5.054374682794864930e+04
5.596685115062571825e-01 1.208502923661869310e+01 4.221615293288234534e+04
5.802858980961718149e-01 1.204840533659214685e+01 3.526416211398396990e+04
6.021103545014879765e-01 1.200463111802028315e+01 2.945689090305441277e+04
6.260472997235968506e-01 1.197116959753835097e+01 2.429366430600011154e+04
6.521455844543169178e-01 1.194180591469125652e+01 1.990079560383145144e+04
6.804299482380771202e-01 1.191631833944249941e+01 1.619728883152251001e+04
7.109280635467483123e-01 1.190061299688663965e+01 1.296397637242907331e+04
7.436311502915579075e-01 1.188762564345580408e+01 1.055465423640542576e+04
7.785474736224536896e-01 1.188561151346285349e+01 8.473140177378647422e+03
8.156468460177008772e-01 1.188993609048394262e+01 6.793041280739784270e+03
8.549002305883147690e-01 1.189874540122619884e+01 5.405831980603911688e+03
8.962438913891186409e-01 1.191726718188508727e+01 4.349338625263467293e+03
9.396300036774097864e-01 1.193957168159070292e+01 3.450411321857760413e+03
9.849752910619526958e-01 1.196907956374269411e+01 2.785252506891923076e+03
1.032181400231657609e+00 1.200038352952162768e+01 2.212044864859079098e+03
1.081120272174225683e+00 1.204089583858765167e+01 1.776675587648960800e+03
1.131719157458250136e+00 1.208179552342151020e+01 1.437567308929345018e+03
1.183829647569382582e+00 1.212669706735061403e+01 1.157837401656743168e+03
1.237271478907251865e+00 1.217320287825814695e+01 9.353982366355745626e+02
1.291917872159898284e+00 1.222306100722138922e+01 7.571917526797353730e+02
1.347607227084549830e+00 1.227289162712794912e+01 6.145645350535293119e+02
1.404053590951621189e+00 1.232554024181260921e+01 4.973598937592130937e+02
1.461242895785537899e+00 1.237578755627992777e+01 4.091812118008243715e+02
1.518876420345013578e+00 1.242736322234937596e+01 3.347250220928689828e+02
1.576713688642690014e+00 1.247743010045327416e+01 2.745389836859396269e+02
1.634638764366658226e+00 1.252564186578571537e+01 2.277826877734353275e+02
1.692343466083574555e+00 1.257310999150708319e+01 1.889864732665037934e+02
1.749815139692840971e+00 1.261796950486271918e+01 1.571306248029185895e+02
1.806787008803474981e+00 1.266083558474703707e+01 1.312716664448754784e+02
1.862833715850724436e+00 1.269980693001951089e+01 1.101704325584281321e+02
1.917981457634066134e+00 1.273633392773796125e+01 9.279262912227333970e+01
1.972054997107700824e+00 1.276965020603358170e+01 7.844289659778696944e+01
2.024824821751110449e+00 1.279986269371165619e+01 6.666483749116785873e+01
2.076099436833464207e+00 1.282516593904094648e+01 5.686880852930597996e+01
2.125777016960741062e+00 1.284699433789728573e+01 4.865327214381979815e+01
2.173735806968345674e+00 1.286490134801016971e+01 4.183687994770389906e+01
2.219764386215766550e+00 1.287808813484897996e+01 3.613327367480032848e+01
2.263850672679046827e+00 1.288774126087932892e+01 3.132573576911604363e+01
2.305861116714758463e+00 1.289255179288206676e+01 2.727879650928376520e+01
2.345679171534248653e+00 1.289300712845619934e+01 2.385398648066212601e+01
2.383272965269070731e+00 1.288929529296416732e+01 2.092218412317542686e+01
2.418591416951290096e+00 1.288128607089992528e+01 1.845888544823910848e+01
2.451589124249599738e+00 1.286934194838892509e+01 1.633218004161144421e+01
2.482244179226001712e+00 1.285307483912302828e+01 1.450748858422478982e+01
2.510529724409550578e+00 1.283235544695230956e+01 1.294323649198586246e+01
2.536466281056077410e+00 1.280805285101576985e+01 1.160696151989393066e+01
2.560010815026306119e+00 1.277966999220857502e+01 1.044767814208103651e+01
2.580935984573168529e+00 1.274770320497177067e+01 9.446560493097329925e+00
2.599216890377876066e+00 1.271119758053625048e+01 8.582588873799975815e+00
2.614937126466074790e+00 1.267176346529681119e+01 7.815776814033722708e+00
2.628166847758588887e+00 1.262810762244705742e+01 7.181783115677019325e+00
2.639038478952923317e+00 1.258191305291357587e+01 6.612022850064314561e+00
2.647602977364454269e+00 1.253185736121697857e+01 6.112535306857177275e+00
2.653941195763048544e+00 1.247879594935914760e+01 5.679292104432631660e+00
2.658183232437932642e+00 1.242336538396301115e+01 5.291883919031368677e+00
2.659412054859811025e+00 1.236804921530689860e+01 4.982618107919051909e+00
2.656414974474242907e+00 1.231333745145296099e+01 4.741716184438221404e+00
2.649790175172141105e+00 1.225720985356350390e+01 4.599846519121493671e+00
2.640072943261070559e+00 1.220073843000633040e+01 4.475427140628046807e+00
2.627899856048155680e+00 1.214318169579301099e+01 4.427966593604133472e+00
2.613803077010928178e+00 1.208537713538824576e+01 4.372346815911702933e+00
2.598179266471257964e+00 1.202807757978647984e+01 4.339873027155237928e+00
2.581339694811701335e+00 1.197026316459478323e+01 4.355950153256078039e+00
2.563664124282690970e+00 1.191443286548938119e+01 4.375919142113757765e+00
2.545295562887083918e+00 1.185843072671024423e+01 4.408839696267194519e+00
2.525516743599456326e+00 1.180095002676419114e+01 4.443666533839118138e+00
2.503995293796238197e+00 1.173804811494545142e+01 4.500876130847879963e+00
2.481205638050899331e+00 1.167192512372356283e+01 4.573819069999641940e+00
2.457371570255344917e+00 1.160166002101551186e+01 4.635553764026627555e+00
2.432874762701393578e+00 1.152931399437254356e+01 4.701824283651524716e+00
2.407916419038025335e+00 1.145439721239092457e+01 4.765542126503962805e+00
2.382576529744754978e+00 1.137793167520027282e+01 4.814747363623617105e+00
2.357055931165699558e+00 1.129997206806891441e+01 4.879534739126676790e+00
2.331373699661478227e+00 1.122114568797693046e+01 4.944096041371822459e+00
2.305691650920672409e+00 1.114136252772242841e+01 5.004766802611595899e+00
2.280160422425964839e+00 1.106115706078272609e+01 5.082257799998955328e+00
