2.191799393479931801e-01 1.550982551689759603e+01 3.683552447462830693e+06
2.289801010968259276e-01 1.515749487599922141e+01 3.002440900906301104e+06
2.392878066369305556e-01 1.480807238051535535e+01 2.411334402770983055e+06
2.501127230596966178e-01 1.451077291216340193e+01 1.945889732361279195e+06
2.614709506225068036e-01 1.424101162808679888e+01 1.580276549095429946e+06
2.733811680273132705e-01 1.399829687438026227e+01 1.279825253683633404e+06
2.858596723329057121e-01 1.377397900208209691e+01 1.032583400633498444e+06
2.989248406942550118e-01 1.357256035801999516e+01 8.367059280212076847e+05
3.125500953541291982e-01 1.338873086944053803e+01 6.783964318747121142e+05
3.268050397968655929e-01 1.322239470135158612e+01 5.497092366371356184e+05
3.416769049625605348e-01 1.307650014672617367e+01 4.450607155999687384e+05
3.571727897542286145e-01 1.293864088432138004e+01 3.623565506982141524e+05
3.733000965706875229e-01 1.281503658084539943e+01 2.938544270659076865e+05
3.900874510716594856e-01 1.270342657930845043e+01 2.388084260020329966e+05
4.075328238942453885e-01 1.260469116987938243e+01 1.942260912426179566e+05
4.256472737932538997e-01 1.251820131643752276e+01 1.578070325095748412e+05
4.444241339173246041e-01 1.242637356264435944e+01 1.283877707730037364e+05
4.638638474454179206e-01 1.235105469971551706e+01 1.047792090794896067e+05
4.839494995199034588e-01 1.228199725437981549e+01 8.550860673799415235e+04
5.047266543502746394e-01 1.222134133894159724e+01 6.985809895460918779e+04
5.261651987802740127e-01 1.216336501930153169e+01 5.707320350193068589e+04
5.482675070762236258e-01 1.210860385116629701e+01 4.669823147247212182e+04
5.710054110890904200e-01 1.206225184200981815e+01 3.824827558935251727e+04
5.946118272744134181e-01 1.202164369007485156e+01 3.127828839567595423e+04
6.207364086429985051e-01 1.197817787935784040e+01 2.532410824530724858e+04
6.494914220592552523e-01 1.194118562895951463e+01 2.030271222119100639e+04
6.809799110263405897e-01 1.191712035683851134e+01 1.612270420657234172e+04
7.152247765699679682e-01 1.189711612335496760e+01 1.271681614962679305e+04
7.522384073621054545e-01 1.188710495420655278e+01 9.990946961018735237e+03
7.920241799916879488e-01 1.188514226772466742e+01 7.748851050185004169e+03
8.345164403529147235e-01 1.189294980907551746e+01 6.098128551460386916e+03
8.796688685269578034e-01 1.191077409642602269e+01 4.752968103672865254e+03
9.274213206940653542e-01 1.193599182899530931e+01 3.702297864099612525e+03
9.776326290353641868e-01 1.196485840308464965e+01 2.887585956957539111e+03
1.030210215774070015e+00 1.200182000014378403e+01 2.251386678134735121e+03
1.084986483029286797e+00 1.204618625895802886e+01 1.760590237355923136e+03
1.141814538648862953e+00 1.209222483268966641e+01 1.379865165196295493e+03
1.200620180968698714e+00 1.214370706360307572e+01 1.078873945828586784e+03
1.261397021913991834e+00 1.220160858791471803e+01 8.525730775188050075e+02
1.323891279338850202e+00 1.225505011741164374e+01 6.725704676598868446e+02
1.387981909077254272e+00 1.231768405700060143e+01 5.324488672436415300e+02
1.453323424765790239e+00 1.237631575262397199e+01 4.227697593225820469e+02
1.519585600146540427e+00 1.243656748772642118e+01 3.369904940993992568e+02
1.586665044973735172e+00 1.249719744787686082e+01 2.696374154958521672e+02
1.654076958723592838e+00 1.255859180515542484e+01 2.166432029004228355e+02
1.721730647159175120e+00 1.261649651258929161e+01 1.747779287199786893e+02
1.789156292143261107e+00 1.267563121034399920e+01 1.417028036707812646e+02
1.856178691060805797e+00 1.272724039397714790e+01 1.153745890241500831e+02
1.922526512268354582e+00 1.277875990544974449e+01 9.436489339377456531e+01
1.987756371349329587e+00 1.282581493173020881e+01 7.757054377115383659e+01
2.051670209178401372e+00 1.286928901457033980e+01 6.416590746351488406e+01
2.114128320563046337e+00 1.290855015071214140e+01 5.325259167969060314e+01
2.174692241127272663e+00 1.294421167423165997e+01 4.447076337557196268e+01
2.233253132924206241e+00 1.297324099061266445e+01 3.730036070164426576e+01
2.289622958205629111e+00 1.299776082132053645e+01 3.148480069581144036e+01
2.343599372412553894e+00 1.301711677538912681e+01 2.666438170939617436e+01
2.395010169974896463e+00 1.303207671751697383e+01 2.272592421470876189e+01
2.443703102302310359e+00 1.304157718519826403e+01 1.948054437576152864e+01
2.489636894532711864e+00 1.304532313281511513e+01 1.676059265449133662e+01
2.532655328706313824e+00 1.304425283541381120e+01 1.449929764379281316e+01
2.572722556970849173e+00 1.303777093350108096e+01 1.260037006433010554e+01
2.609801693360298547e+00 1.302578469688310037e+01 1.103179029918231357e+01
2.643850383997869535e+00 1.300878687346208551e+01 9.689011141630238910e+00
2.674878758594167127e+00 1.298747413752654367e+01 8.557381690620573522e+00
2.702900745827986562e+00 1.296062012856898704e+01 7.600752081012712935e+00
2.727938047789531861e+00 1.292970762046696542e+01 6.774524534686236166e+00
2.750035008491078514e+00 1.289369465435745177e+01 6.074341648049890630e+00
2.769293989563199165e+00 1.285381326370128185e+01 5.450711083390443079e+00
2.785737079955063145e+00 1.280990958873968211e+01 4.946436151020930261e+00
2.799459354618102136e+00 1.276203725983215698e+01 4.498288232148718535e+00
2.810545735479721419e+00 1.271031501154182486e+01 4.110863579884320274e+00
2.819124926485048199e+00 1.265580435543783899e+01 3.772772726429018508e+00
2.825279873760508043e+00 1.259825144783192208e+01 3.465321341820172929e+00
2.829108941404741007e+00 1.253724742128192915e+01 3.209276230050682077e+00
2.830754379701206247e+00 1.247394250612376077e+01 2.991375746347228581e+00
2.830302906359183357e+00 1.240811924899595020e+01 2.791948695851965478e+00
2.827882414191264182e+00 1.234065787475586085e+01 2.617587988175705149e+00
2.823615887296784699e+00 1.227131875627690327e+01 2.463948654588246967e+00
2.817614269101719415e+00 1.220028135390852242e+01 2.329525187014012566e+00
2.810005043605711794e+00 1.212784508549946416e+01 2.209488423302924609e+00
2.800880754604729628e+00 1.205381756180731756e+01 2.106501015337476801e+00
2.790394409124163921e+00 1.197971933693032653e+01 2.007239221166903231e+00
2.778620432697580078e+00 1.190466944630098567e+01 1.926159429614570762e+00
2.765680157966809105e+00 1.182889880556601803e+01 1.859115143426438577e+00
2.751679598692918116e+00 1.175317648193343167e+01 1.792134318999494269e+00
2.736730760343617508e+00 1.167721713498860225e+01 1.743037713362588947e+00
2.720909753204189041e+00 1.160145968863326971e+01 1.695925341460208680e+00
2.704350753389941353e+00 1.152645794824411851e+01 1.650255057678377657e+00
2.687091795027305885e+00 1.145155885584283695e+01 1.619301779306489442e+00
2.669287346341401079e+00 1.137759825018444459e+01 1.587356697652470450e+00
2.650983920057047527e+00 1.130434472099447518e+01 1.569335428848156244e+00
2.632266213304251590e+00 1.123206593412898968e+01 1.550090673636418837e+00
2.613209939635043000e+00 1.116122226736767153e+01 1.531995307667459283e+00
2.593911079832659006e+00 1.109145045772762472e+01 1.524282863215181472e+00
2.574413174426657402e+00 1.102318734760453189e+01 1.513779558883462162e+00
2.554808684767084781e+00 1.095653114313259913e+01 1.512164878453885919e+00
2.535127858899552056e+00 1.089164808592009948e+01 1.512638549099097007e+00
2.515813319250841396e+00 1.082972229272076525e+01 1.519000270740043623e+00
2.498199778625589840e+00 1.077689148192274615e+01 1.534928502998444744e+00
2.481344530629688183e+00 1.072979531241433904e+01 1.547257982225193729e+00
