2.191799393479931801e-01 1.550982551689759603e+01 3.683552447462830693e+06
2.283684435310842087e-01 1.516299702232774393e+01 3.012549723826244939e+06
2.379847301423028139e-01 1.485150944175288146e+01 2.481783430290317163e+06
2.480701925956907417e-01 1.456126261004130917e+01 2.027381044625040842e+06
2.586161304515578463e-01 1.429945355849038791e+01 1.659224654928533360e+06
2.696484954470314555e-01 1.407143894419518126e+01 1.362355198446807917e+06
2.811735167491386522e-01 1.385632024227905923e+01 1.117093089644361055e+06
2.932179158596182056e-01 1.365591567788656668e+01 9.155467763080364093e+05
3.057458637793357692e-01 1.347818613558455780e+01 7.521562051341101760e+05
3.188157901779920533e-01 1.332226653477257727e+01 6.173036580136583652e+05
3.324267557187443045e-01 1.316564625476215866e+01 5.078961746504479670e+05
3.465814389428026332e-01 1.303044626503014314e+01 4.164216810544035980e+05
3.612953230531913418e-01 1.290079182753094500e+01 3.428131069860330899e+05
3.765751946391859839e-01 1.279222516115228103e+01 2.821141842101059156e+05
3.924309955869178523e-01 1.269326710061754859e+01 2.302099819332084444e+05
4.088670152703143823e-01 1.259743329268476586e+01 1.909613620591240469e+05
4.258880185159719667e-01 1.251124586089335899e+01 1.573230563947054325e+05
4.434820043943581980e-01 1.243017888190007980e+01 1.297463369735575980e+05
4.616905067802566376e-01 1.236005438504484211e+01 1.073306674090590532e+05
4.804478190599017484e-01 1.229337796849881848e+01 8.799446904213256494e+04
4.998179904637076176e-01 1.223260270167969921e+01 7.240427777718960715e+04
5.197656520628792798e-01 1.217739737453167592e+01 6.060758296525788319e+04
5.403018028834416508e-01 1.213005740852654846e+01 5.016945458115453948e+04
5.614229533324095467e-01 1.208248316828203528e+01 4.161599744747117802e+04
5.830715398488063306e-01 1.203892605671258131e+01 3.449393729298777180e+04
6.062848308425793364e-01 1.199978071183910444e+01 2.844829349197630654e+04
6.318364376038952956e-01 1.196411371127848611e+01 2.323517580034516868e+04
6.598016580496190997e-01 1.193331201163648458e+01 1.879339660422723682e+04
6.902077191839603998e-01 1.190620906157009173e+01 1.512071516050613354e+04
7.230727932231165722e-01 1.189575592022346129e+01 1.207585095482024553e+04
7.584055726160726651e-01 1.188855893302435263e+01 9.618108275695250995e+03
7.961922455573557933e-01 1.188773017986028613e+01 7.623359853682026369e+03
8.363950291836115269e-01 1.189413607958007546e+01 6.042751400470053341e+03
8.789981311834725863e-01 1.191150353439386578e+01 4.777916200558275705e+03
9.239080704227873309e-01 1.193421739478002941e+01 3.754540589195608845e+03
9.710638795725575756e-01 1.196181446523991632e+01 2.984744356530544337e+03
1.020345628556710960e+00 1.199668430627945881e+01 2.361775507552787985e+03
1.071668303433987335e+00 1.203706603530896579e+01 1.872849462363594967e+03
1.124873627269534992e+00 1.208151372971856929e+01 1.486618228638802293e+03
1.179834282301363446e+00 1.212988875771808139e+01 1.182711833542149861e+03
1.236347236129617055e+00 1.218084301335552944e+01 9.440700914654776170e+02
1.294252404403322787e+00 1.223389934558682057e+01 7.554181095734764995e+02
1.353401807082296626e+00 1.229013142994932295e+01 6.059258730039955481e+02
1.413528026749880873e+00 1.234470843134499596e+01 4.883305589818984345e+02
1.474396819297476124e+00 1.240167765729178484e+01 3.954220313748846252e+02
1.535833862058668231e+00 1.245770054234477087e+01 3.200391591279833960e+02
1.597654840070275251e+00 1.251252163841107290e+01 2.603653481743207863e+02
1.659492385287926197e+00 1.256628431883572716e+01 2.130439115825377314e+02
1.721198078538790810e+00 1.261792386896196660e+01 1.749351954979889854e+02
1.782540955923852088e+00 1.266649111257022753e+01 1.431984684553635248e+02
1.843264426580004667e+00 1.271364378985056121e+01 1.194573586408699697e+02
1.903169102801230084e+00 1.275619428523316223e+01 9.940023035524242800e+01
1.961847171796951450e+00 1.279669575314516372e+01 8.305198265311004491e+01
2.019324304990290919e+00 1.283320540443082258e+01 6.964819228582426547e+01
2.075325185944599138e+00 1.286587673144678234e+01 5.872422018008016664e+01
2.129659284142671805e+00 1.289331348168354374e+01 4.975831495579759434e+01
2.182134789002653452e+00 1.291673645079129606e+01 4.229759551716207966e+01
2.232637236487109877e+00 1.293524988104108608e+01 3.617381306968945864e+01
2.281005747171739539e+00 1.295026017119938366e+01 3.106107740166750020e+01
2.327091171183713225e+00 1.295987291298857258e+01 2.678710615366550485e+01
2.370845448909702391e+00 1.296423549673085596e+01 2.320207776941120414e+01
2.412121843364263718e+00 1.296439690543360612e+01 2.019597069821488233e+01
2.450888289388091668e+00 1.295939434284448311e+01 1.768166389256774451e+01
2.487099002269202330e+00 1.295016487235296587e+01 1.551700077152663582e+01
2.520702317437323980e+00 1.293600786131907832e+01 1.364342070483236391e+01
2.551692209109424958e+00 1.291740202618827560e+01 1.212989614620733292e+01
2.580052048591549685e+00 1.289456468777120435e+01 1.079861083821401202e+01
2.605809947802176119e+00 1.286659279349065699e+01 9.658791175353195868e+00
2.628969380795462385e+00 1.283576103544562130e+01 8.637731365152909291e+00
2.649746086772181375e+00 1.279952687503892861e+01 7.795777005860522912e+00
2.668224851037288126e+00 1.276074296052272317e+01 7.054249753884513474e+00
2.684495495235099671e+00 1.271831870906258821e+01 6.420314927538750105e+00
2.698541280043859736e+00 1.267214814319960325e+01 5.849494433716280639e+00
2.710397833388895616e+00 1.262328727574391252e+01 5.350682729867816789e+00
2.720199934408277898e+00 1.257200174379683766e+01 4.908504466129276267e+00
2.727963633308006841e+00 1.251705566800133518e+01 4.524084654616300050e+00
2.733722704964525629e+00 1.245993285538971840e+01 4.185576814331368745e+00
2.737590444741357043e+00 1.240099703461762282e+01 3.884127557072027059e+00
2.739648043894565177e+00 1.233990479368621962e+01 3.617932215929242190e+00
2.739910841847588152e+00 1.227651092915821529e+01 3.371416967091497963e+00
2.738534082464660013e+00 1.221137275048870308e+01 3.174319923366788476e+00
2.735540099145093773e+00 1.214463733151025338e+01 2.986029920917220082e+00
2.731087809841563629e+00 1.207692257843417138e+01 2.821214934228974958e+00
2.725161913603380004e+00 1.200792479334775820e+01 2.668030552458893201e+00
2.717905297595572200e+00 1.193772957834037030e+01 2.543853555882438222e+00
2.709422847691322023e+00 1.186687576928688870e+01 2.427107137965432759e+00
2.699757699906559338e+00 1.179600793279044169e+01 2.324573164139794201e+00
2.689026757211692598e+00 1.172394535042192310e+01 2.232021852316052435e+00
2.677276726413749586e+00 1.165187063384556687e+01 2.151304897655059278e+00
2.664598072289618536e+00 1.157938600872032708e+01 2.078824842717558408e+00
2.651076644811363181e+00 1.150728628214035609e+01 2.010894586002476281e+00
2.636833841287659741e+00 1.143497770587005213e+01 1.959020044607466149e+00
2.621896916671196287e+00 1.136362243157334539e+01 1.910377818728623556e+00
2.606321683324521299e+00 1.129243014047144911e+01 1.868273909981184477e+00
2.590594489647908727e+00 1.122354391148587816e+01 1.827544908849214833e+00
2.576375310257384754e+00 1.116974558502609938e+01 1.818360717117958547e+00
2.562760764690987347e+00 1.112684818133570985e+01 1.824428714584580558e+00
2.548991866754522384e+00 1.108981253937506928e+01 1.839296792378621870e+00
2.533518899065621000e+00 1.105077758985598813e+01 1.872797952569386304e+00
2.517343926701801404e+00 1.101213192334103752e+01 1.905771478317432432e+00
