2.191799393479931801e-01 1.550982551689759603e+01 3.683552447462830693e+06
2.281765539058259185e-01 1.517557698335634875e+01 3.035827223329299130e+06
2.375910950146661593e-01 1.486212758153011215e+01 2.501175297080888413e+06
2.474504965636518672e-01 1.458904296590980998e+01 2.057130925952820340e+06
2.577529538830448663e-01 1.431531776745537421e+01 1.687309935781873995e+06
2.685188921393577566e-01 1.408669975757567627e+01 1.388193192669189768e+06
2.797584395594590045e-01 1.388346418026595686e+01 1.145672950881013880e+06
2.914874532982762445e-01 1.368442813660474755e+01 9.429370948441374348e+05
3.036917885567794184e-01 1.350621566567772014e+01 7.773161880275357980e+05
3.164192444665311355e-01 1.334857234329568598e+01 6.398361444148520241e+05
3.296519872435089704e-01 1.320039084616204406e+01 5.275107181329044979e+05
3.434092837302978318e-01 1.305908035515875021e+01 4.356422368612773716e+05
3.576986171296843708e-01 1.293249623316646080e+01 3.592130125489659840e+05
3.725308902440263026e-01 1.282110400339564471e+01 2.963316257594109047e+05
3.879178370927712227e-01 1.271729585430812470e+01 2.422860660781733168e+05
4.038473377570890310e-01 1.262534031419392200e+01 2.023563534629266942e+05
4.203409509380152120e-01 1.253568473353413104e+01 1.675647042066506110e+05
4.374017446492790007e-01 1.245846661710928238e+01 1.386805621967465559e+05
4.550268111064256216e-01 1.238624233491582771e+01 1.147649089883577108e+05
4.732279362831962599e-01 1.231840646857764199e+01 9.519583549321956525e+04
4.919753854450545361e-01 1.225709599380927983e+01 7.897906708438925853e+04
5.112813145459530473e-01 1.220090077396818273e+01 6.536952640587881615e+04
5.311575033193373097e-01 1.215046768370765484e+01 5.441303678476424830e+04
5.515953570391398664e-01 1.210331004475595762e+01 4.530488500909718277e+04
5.725621107687948186e-01 1.205981433122438418e+01 3.770969826012345584e+04
5.942843317449290064e-01 1.201737154233515881e+01 3.139043095464548969e+04
6.182262806526767074e-01 1.198175916779162620e+01 2.580332788610042917e+04
6.443354875469300413e-01 1.194925838158275866e+01 2.111711695033379874e+04
6.728045389863547276e-01 1.192362656605303073e+01 1.710192833592548413e+04
7.036238809355256363e-01 1.190318007789395161e+01 1.375758378921028270e+04
7.368125366639490803e-01 1.189264262369260017e+01 1.102835504721354664e+04
7.723640532032708395e-01 1.188705152344546967e+01 8.810523564228487885e+03
8.102512529056064006e-01 1.188961580568293819e+01 7.032902672506155795e+03
8.504736956606351317e-01 1.190012835963038995e+01 5.582279158161413761e+03
8.929396077351362537e-01 1.191835519126188458e+01 4.433945311394180862e+03
9.376168649548708434e-01 1.194246187161245665e+01 3.520324305495540557e+03
9.844225956042385040e-01 1.197202712359988652e+01 2.799084500140754699e+03
1.033237786251773871e+00 1.200856328643642890e+01 2.225836832305207281e+03
1.083965226409149940e+00 1.204768613117982490e+01 1.774076909536586300e+03
1.136490090139728126e+00 1.209226616989788461e+01 1.415433678825750349e+03
1.190623874259697956e+00 1.213840584933569744e+01 1.126551054885513395e+03
1.246244495804457397e+00 1.218965692308450244e+01 9.079621585437247404e+02
1.303187578972289762e+00 1.224236658305583880e+01 7.298887012924652709e+02
1.361277827291710985e+00 1.229649668896635895e+01 5.885434032454296585e+02
1.420271371597026988e+00 1.235323695156473356e+01 4.764809350383012543e+02
1.479912071935583162e+00 1.240586467256838432e+01 3.868876950432299964e+02
1.540124378679212702e+00 1.246053692717507033e+01 3.153966699393270687e+02
1.600687056883594916e+00 1.251334470033881630e+01 2.567746700750138302e+02
1.661234449899470000e+00 1.256616777906947036e+01 2.119251316105110732e+02
1.721675057272746168e+00 1.261592178026235089e+01 1.746956193574302176e+02
1.781662951820097929e+00 1.266532132213674089e+01 1.445865138323855774e+02
1.841161024366853027e+00 1.271106070260066723e+01 1.201266897965354872e+02
1.899842179892754501e+00 1.275296546523974683e+01 1.003101291514593498e+02
1.957355493234460342e+00 1.279259142595786436e+01 8.449024886944589241e+01
2.013703296973930357e+00 1.282794128100969822e+01 7.082424932336162726e+01
2.068668050192164376e+00 1.286010128185859358e+01 5.981095059653516444e+01
2.122076005808006816e+00 1.288765172162209893e+01 5.085351984382026558e+01
2.173674825760846474e+00 1.291110483987679380e+01 4.341980943532478676e+01
2.223420793623549496e+00 1.293208496205341973e+01 3.716144756056984733e+01
2.271087546176339789e+00 1.294490557430908773e+01 3.198719726312220502e+01
2.316646958985453697e+00 1.295511973683611373e+01 2.765650818977435677e+01
2.359943175418716788e+00 1.296061223302698018e+01 2.398148476648005456e+01
2.400914636536618296e+00 1.296173637177730065e+01 2.093524138644809796e+01
2.439475550392565140e+00 1.295816646614763101e+01 1.833240030714591029e+01
2.475590140297900810e+00 1.294958403799386382e+01 1.612319829365492296e+01
2.509217128397676522e+00 1.293718592520764510e+01 1.425067840953897402e+01
2.540333971082514797e+00 1.292032774875438861e+01 1.263985955368892355e+01
2.568927281541529162e+00 1.289908723204929686e+01 1.126181131155711945e+01
2.595026229094970383e+00 1.287394871844735000e+01 1.007739172787120019e+01
2.618602927024709981e+00 1.284442855460831545e+01 9.054898940863285617e+00
2.639715915646577926e+00 1.281117737683505631e+01 8.178191372110429569e+00
2.658396189117813613e+00 1.277363442225523293e+01 7.403867918870758125e+00
2.674702932656161547e+00 1.273309083930706542e+01 6.737235213466171047e+00
2.688678925738219316e+00 1.268870602899361621e+01 6.150261447710386520e+00
2.700395948925164102e+00 1.264152740595596214e+01 5.640406111568151637e+00
2.709803993808120648e+00 1.259190478364776489e+01 5.189570805957098187e+00
2.716372961070697478e+00 1.253886909699669161e+01 4.819685235339768781e+00
2.718352618391795872e+00 1.248673560831131724e+01 4.535995167928520644e+00
2.715378024707857385e+00 1.243273027369363781e+01 4.335013173629511662e+00
2.708248280680931597e+00 1.237691924298013113e+01 4.198828934787421474e+00
2.697791218496629728e+00 1.231993888261980175e+01 4.104042354854907870e+00
2.684696633902899254e+00 1.226211149644758258e+01 4.032705764657449343e+00
2.669569782105114086e+00 1.220323883540900844e+01 4.012366166972256565e+00
2.652803920898461509e+00 1.214487908507277325e+01 4.004402771749405510e+00
2.634908889356227579e+00 1.208615941351637169e+01 4.016248758633581772e+00
2.616144658456040606e+00 1.202809279062852710e+01 4.043664965990179994e+00
2.596003551491849581e+00 1.196886048125080215e+01 4.081001279477954213e+00
2.573850760479745148e+00 1.190452602867681620e+01 4.129640349015926581e+00
2.550122958271544782e+00 1.183527019974757444e+01 4.184248000562447167e+00
2.525276594776028283e+00 1.176189313978109929e+01 4.237804890016451331e+00
2.499652500910691355e+00 1.168530079073356376e+01 4.293392092190615017e+00
2.473411587633088882e+00 1.160661042198999837e+01 4.337244304226582692e+00
2.446795764327624134e+00 1.152554357129615070e+01 4.406082951883528942e+00
2.419907149098970756e+00 1.144261964065989545e+01 4.457900936016785387e+00
2.392896633929931571e+00 1.135860388928061937e+01 4.510631148024039305e+00
2.365966641013148131e+00 1.127380337065884497e+01 4.551844906791419731e+00
2.339086489277023784e+00 1.118850679273387350e+01 4.611854286498388689e+00
2.312440198056345153e+00 1.110329066353245153e+01 4.659906174972157977e+00
2.286064732658907417e+00 1.101792564700462407e+01 4.694067398889117726e+00
2.260049484916893725e+00 1.093318624431936925e+01 4.737614519905989141e+00
