2.191799393479931801e-01 1.550982551689759603e+01 3.683552447462830693e+06
2.273534805070945575e-01 1.519953958374075853e+01 3.082034935925496742e+06
2.358805999076266646e-01 1.491197449965853572e+01 2.577691082544996403e+06
2.447740837279394066e-01 1.464774284378227520e+01 2.164814465165656991e+06
2.540284162241599475e-01 1.441210020743866238e+01 1.807604534587113885e+06
2.636639081164980358e-01 1.418930758623021404e+01 1.515762210645393701e+06
2.736896180622117036e-01 1.398707352241219226e+01 1.273020761855437187e+06
2.841129593657870100e-01 1.381038215825117277e+01 1.066320596694342559e+06
2.949348212446128992e-01 1.363376029725372618e+01 8.931616786176083842e+05
3.061728862145327579e-01 1.347368477152958910e+01 7.484138107268373715e+05
3.178388479859343141e-01 1.332547689194369944e+01 6.270447200350725325e+05
3.299194341384567575e-01 1.319073958129533075e+01 5.257212387225731509e+05
3.424442896941677916e-01 1.307154828013329073e+01 4.400844498816300766e+05
3.554124652968638221e-01 1.295283913951634602e+01 3.700682700173225603e+05
3.688219170862559460e-01 1.285186834091481067e+01 3.116145960898412159e+05
3.826880145859106741e-01 1.275236363599556100e+01 2.613033635977657686e+05
3.970105970059354950e-01 1.266192743043665203e+01 2.196134410364833311e+05
4.117815192961441495e-01 1.258010038856300739e+01 1.846621716437706782e+05
4.270392561224712336e-01 1.250311676853406695e+01 1.555855932336964179e+05
4.427495375890819762e-01 1.243410958647136688e+01 1.308570224807969498e+05
4.589650118566453441e-01 1.236999423798384612e+01 1.102827348068391439e+05
4.756102798753765737e-01 1.230973511908561058e+01 9.295254504466384242e+04
4.927278919519373912e-01 1.225538975821889309e+01 7.836579363215995545e+04
5.103116573968740077e-01 1.220373702029197105e+01 6.623748360566281190e+04
5.283690795869862011e-01 1.215827514551925148e+01 5.595295510870201542e+04
5.468919651568912021e-01 1.211446961366846864e+01 4.722682232659013971e+04
5.658807653105997204e-01 1.207264165352754404e+01 3.995686328332153062e+04
5.852832089493127388e-01 1.203497675209916729e+01 3.387671498383020662e+04
6.060855389362856949e-01 1.199950966164365163e+01 2.827681532966754457e+04
6.287871887747764621e-01 1.196761136811394621e+01 2.379433014896896566e+04
6.533913539759300670e-01 1.193924828946335026e+01 1.972375864200106298e+04
6.799333958285498358e-01 1.191779387501913412e+01 1.622430265972447160e+04
7.084364893882392211e-01 1.190080589333377858e+01 1.333148849101537053e+04
7.389071195133782854e-01 1.189148009148361496e+01 1.088480983859794833e+04
7.713429970307679184e-01 1.188723431655541773e+01 8.873655190876492270e+03
8.057223714595317388e-01 1.188784268475935413e+01 7.207534560866423817e+03
8.420352435597163732e-01 1.189830984472352249e+01 5.852903741958581122e+03
8.802465337115460420e-01 1.191223567428257013e+01 4.744107491239706178e+03
9.202982531666357158e-01 1.193204383152348491e+01 3.847317625451060849e+03
9.621577631346507342e-01 1.195610308580481274e+01 3.119537380899165782e+03
1.005730482465830189e+00 1.198571747649357633e+01 2.530507057574811370e+03
1.050945872742674592e+00 1.202256568645025148e+01 2.053904101496329986e+03
1.097715848772370606e+00 1.205895388341880725e+01 1.671590020295879640e+03
1.145960586876080045e+00 1.209959664604796714e+01 1.360914109063460501e+03
1.195519314068346439e+00 1.214419218458532690e+01 1.111083385275074988e+03
1.246344267258363558e+00 1.219033622586384880e+01 9.082406333179159219e+02
1.298211851204701839e+00 1.223911042109807923e+01 7.441241678682010843e+02
1.351085578527498443e+00 1.228888049405012062e+01 6.071443346727506878e+02
1.404711543067318269e+00 1.234048838965538408e+01 5.041749404394131489e+02
1.459054534859991703e+00 1.238893396903667465e+01 4.164207778212169728e+02
1.513860948499464287e+00 1.243899997279804026e+01 3.448894723219374896e+02
1.568987200000714344e+00 1.248757899511752889e+01 2.869184608404044639e+02
1.624249165223904612e+00 1.253737353299818658e+01 2.392790593869603981e+02
1.679533042359373063e+00 1.258650071313987873e+01 2.000608778739451168e+02
1.734694508432531146e+00 1.263016274091411262e+01 1.678926417120644317e+02
1.789482840850626477e+00 1.267366811354844103e+01 1.413426824195687175e+02
1.843678674856134458e+00 1.271569224757924488e+01 1.188500405678609155e+02
1.897219024531660914e+00 1.275445484176577438e+01 1.013875301104583997e+02
1.949968223043333948e+00 1.279153757389104129e+01 8.624316932409197989e+01
2.001712647734346096e+00 1.282578044804091455e+01 7.365055525695797201e+01
2.052420066954105060e+00 1.285695080212186880e+01 6.313205243654133625e+01
2.101750004306336184e+00 1.288264523014911944e+01 5.429979629459418078e+01
2.149745177916153605e+00 1.290617529636110383e+01 4.689877939163940113e+01
2.196172266718740662e+00 1.292589020598166449e+01 4.067222595451114842e+01
2.241037375662897180e+00 1.294214446236200011e+01 3.536685542038306806e+01
2.284148925483561410e+00 1.295570652247467436e+01 3.085308229855315076e+01
2.324864834650962386e+00 1.296366654680847397e+01 2.709176382737523170e+01
2.362629832772983107e+00 1.296701172583274264e+01 2.392828556005921925e+01
2.397506530193695529e+00 1.296553636227913486e+01 2.123195938976020969e+01
2.429541996469868348e+00 1.295905174218377809e+01 1.895488229795304491e+01
2.458811672117205305e+00 1.294778658413383710e+01 1.700805192710187086e+01
2.485295490727624568e+00 1.293154224345285286e+01 1.533606049875550248e+01
2.509107971204860732e+00 1.291072499548200625e+01 1.388897531548486519e+01
2.530364311919817588e+00 1.288552872263568894e+01 1.264507406660826483e+01
2.549111202011287602e+00 1.285587279521002557e+01 1.155398708674109898e+01
2.565421866424881792e+00 1.282184689923384546e+01 1.058865599267061164e+01
2.579410777079198969e+00 1.278493124655508240e+01 9.720943924294719096e+00
2.591171674506012934e+00 1.274425491697773616e+01 9.019373176474958953e+00
2.600779795876413392e+00 1.270014218975569520e+01 8.371455663859414642e+00
2.607598314246651672e+00 1.265384233803882807e+01 7.821089253233122207e+00
2.610377194363549869e+00 1.260571295450571050e+01 7.392152264702128939e+00
2.609589142940017314e+00 1.255485265035872189e+01 7.052574039315934407e+00
2.606196114281419618e+00 1.249970282152594692e+01 6.753325023660062598e+00
2.600607894738630410e+00 1.244136368901991574e+01 6.506232800536102978e+00
2.593130814231932035e+00 1.238052829865716475e+01 6.282863308687141490e+00
2.583902538052839759e+00 1.231765520176942985e+01 6.093950893597541274e+00
2.573258576663974839e+00 1.225344601266795941e+01 5.931119810826264604e+00
2.561292656857854677e+00 1.218775323856933035e+01 5.791918788901840642e+00
2.548174893642196626e+00 1.212111997328872981e+01 5.671731210973334214e+00
2.534118798165813757e+00 1.205380530050445387e+01 5.565884072659730286e+00
2.518984331825385947e+00 1.198582011728851704e+01 5.482829345994258752e+00
2.503171965433110824e+00 1.191735293284907016e+01 5.391008814702890284e+00
2.486692168521038582e+00 1.184919523961193022e+01 5.354419935189621782e+00
2.469589420034214555e+00 1.178104965949789751e+01 5.293996599411342707e+00
2.452022092324867231e+00 1.171273690745073459e+01 5.278026611943750446e+00
2.434110086519183369e+00 1.164575693610285967e+01 5.255615613536464004e+00
2.416849953093125336e+00 1.158377545665968000e+01 5.248002762272290234e+00
2.400248063609720539e+00 1.152849770409404506e+01 5.267645602625916190e+00
2.384046602431460826e+00 1.147725627195808507e+01 5.289380460099255998e+00
2.368308789798930558e+00 1.143097442052670232e+01 5.355805210648465930e+00
