2.191799393479931801e-01 1.550982551689759603e+01 3.683552447462830693e+06
2.277533415082116930e-01 1.520513444488183730e+01 3.081513231336439960e+06
2.367200179074715194e-01 1.489508845124310099e+01 2.541616944523660000e+06
2.460746496011803341e-01 1.461425311337454858e+01 2.105234833828296978e+06
2.558445932454626037e-01 1.436746410637778659e+01 1.734770062824869528e+06
2.660182541880712348e-01 1.414030433845175949e+01 1.455305906236146111e+06
2.766298633115398808e-01 1.392177753800581463e+01 1.206384831463712035e+06
2.876815672010671343e-01 1.374781527269056092e+01 1.002481001373641542e+06
2.991866269162722913e-01 1.356981155635869740e+01 8.321929320552300196e+05
3.111245389016162877e-01 1.341025023687592999e+01 6.927088127913553035e+05
3.235521773760367537e-01 1.326815092991311218e+01 5.769001044051334029e+05
3.364267767556667343e-01 1.312383569078170531e+01 4.794136147992054466e+05
3.497970981277239710e-01 1.300318638078703515e+01 3.991965378558454686e+05
3.636675238347835126e-01 1.289148207719619599e+01 3.323513483206650126e+05
3.780219361076784246e-01 1.278263448310327455e+01 2.771582872804690269e+05
3.928713691450234635e-01 1.268807701008100786e+01 2.306823347850784485e+05
4.082383865430262992e-01 1.259794830747474315e+01 1.931184497599095630e+05
4.241124793475228305e-01 1.251827891514336599e+01 1.606311035895037639e+05
4.404882453825847421e-01 1.244303486225075694e+01 1.342587795416568115e+05
4.573988355085528146e-01 1.237731859852024563e+01 1.119717787510712515e+05
4.748251012452094355e-01 1.231162689315520531e+01 9.368366489808393817e+04
4.927484681453794813e-01 1.225320535559308155e+01 7.853018890227138763e+04
5.111831264082260518e-01 1.220178741030408176e+01 6.550261630268946465e+04
5.301370859772730482e-01 1.215246711308758876e+01 5.501007924437311885e+04
5.496010193313823899e-01 1.210892104945439662e+01 4.620452946762936335e+04
5.695780263264499377e-01 1.206652757382373231e+01 3.867628943733096821e+04
5.900704769864949517e-01 1.202748117284465756e+01 3.252115420398692004e+04
6.124547316592567903e-01 1.199143841622079876e+01 2.679839226396625963e+04
6.368211771505721819e-01 1.195676376934563656e+01 2.235108462237304047e+04
6.633410779687425318e-01 1.193272623189109005e+01 1.830535131744194223e+04
6.919958915908074326e-01 1.190684935560678781e+01 1.492249833288766786e+04
7.228099835038483967e-01 1.189451746945107757e+01 1.210168322269488817e+04
7.557870470807798169e-01 1.188740061541430393e+01 9.694335638955708419e+03
7.909446404225789484e-01 1.188869650292629032e+01 7.876723377147529391e+03
8.282237454740738469e-01 1.189382554510584811e+01 6.324461039293608337e+03
8.676068807311859699e-01 1.190591876897799573e+01 5.083276848508837247e+03
9.090430147866653821e-01 1.192662174438970091e+01 4.078786633283430547e+03
9.525410880384848067e-01 1.195219721224397347e+01 3.247345403716416513e+03
9.978418887966632456e-01 1.198073627263807417e+01 2.626414199386775636e+03
1.045027255425419410e+00 1.201634404250925137e+01 2.112249604325497330e+03
1.093936693746513367e+00 1.205798412105424156e+01 1.700724640793616345e+03
1.144484221021524473e+00 1.210037461942217796e+01 1.369896905913798037e+03
1.196509971803622729e+00 1.214981419730553647e+01 1.106663991566418190e+03
1.249955344810428803e+00 1.219494383701249163e+01 8.972990190038873379e+02
1.304502470292394189e+00 1.224645340722864262e+01 7.276159347257029140e+02
1.360153761227260505e+00 1.229799029768737206e+01 5.923897702123476847e+02
1.416680781734273920e+00 1.235221587411120758e+01 4.838556896767963167e+02
1.473857238982414941e+00 1.240464960702331965e+01 3.962456306836497788e+02
1.531593833942029859e+00 1.245853037533780849e+01 3.264384427891465066e+02
1.589635943390399264e+00 1.251026949401298971e+01 2.682458094359538450e+02
1.647771345991513092e+00 1.256100648329088010e+01 2.221319693059698750e+02
1.705850398041595550e+00 1.261005238296954012e+01 1.845667495757288918e+02
1.763645038523074193e+00 1.265871530101130027e+01 1.528007454321154341e+02
1.821033162592331500e+00 1.270414004194539359e+01 1.286185597551107094e+02
1.877821915569398037e+00 1.274625397854808817e+01 1.080076151329801490e+02
1.933708175825440856e+00 1.278842068829184164e+01 9.103612798801671602e+01
1.988565900579421841e+00 1.282479367321435504e+01 7.702616428439583274e+01
2.042277248384116728e+00 1.285665426399011224e+01 6.544650341701044738e+01
2.094210272187643440e+00 1.288600480629725098e+01 5.590502551075855564e+01
2.142279766627871673e+00 1.291057641538096057e+01 4.819397361090063470e+01
2.186377499061836982e+00 1.292529926953105068e+01 4.193987220771624180e+01
2.226694331271622307e+00 1.293437607160996983e+01 3.681678562304946922e+01
2.263128859102437662e+00 1.293563296827013254e+01 3.241148285991462075e+01
2.296017930741375501e+00 1.293168234760576141e+01 2.883856946523416198e+01
2.325493884998719452e+00 1.292024036809322141e+01 2.583337624296972024e+01
2.351620064048557612e+00 1.290229980239458740e+01 2.339765002952363204e+01
2.374615774167966542e+00 1.287893762716983659e+01 2.116086643807801693e+01
2.394549393424101336e+00 1.285041743268709169e+01 1.930761976147043768e+01
2.411605812048818631e+00 1.281624591708038707e+01 1.765929983945782311e+01
2.425937988097021325e+00 1.277721932558297802e+01 1.623546975679088789e+01
2.437619998858366888e+00 1.273407307846984082e+01 1.499642009506889195e+01
2.446850535817807870e+00 1.268647844159231042e+01 1.391039208409606154e+01
2.453739042608193976e+00 1.263512577434507023e+01 1.296005690604914662e+01
2.458361727960844956e+00 1.257972682954507526e+01 1.211264631617243914e+01
2.460999143738612283e+00 1.252186151164331207e+01 1.133522594083182966e+01
2.461620980602435171e+00 1.246094623717337413e+01 1.072001010231654128e+01
2.460413679596995529e+00 1.239699678929614457e+01 1.013400619000103120e+01
2.457478393776856951e+00 1.233169331456915252e+01 9.610159459004188776e+00
2.452936364749484177e+00 1.226321922620149429e+01 9.151557680367918834e+00
2.446896801381991171e+00 1.219336562382721922e+01 8.735789513222478320e+00
2.439504254397680150e+00 1.212208450175397800e+01 8.364828177476374194e+00
2.430770596691721241e+00 1.205075640824082761e+01 8.047235826925355440e+00
2.420736963015742482e+00 1.198090349255707032e+01 7.757269027755266499e+00
2.409289966534772010e+00 1.191147387802013924e+01 7.573881687655778627e+00
2.396576351373960634e+00 1.184278432227721112e+01 7.399898485483134891e+00
2.382762834902774962e+00 1.177421447462117499e+01 7.264777844296535392e+00
2.367956337898688535e+00 1.170674704733496263e+01 7.146028405670385553e+00
2.352253915091530256e+00 1.164073551522689698e+01 7.093011855575158009e+00
2.335893839732839261e+00 1.157485739942048220e+01 7.021327287532451500e+00
2.319101030187063373e+00 1.151046459378583187e+01 7.018450350178303765e+00
2.300784339934696110e+00 1.144204908029753831e+01 6.984708058575243683e+00
2.281397651858987352e+00 1.136979949869694018e+01 6.997311764074934715e+00
2.260685190890699303e+00 1.129231229189798924e+01 6.989552729561079758e+00
2.239446307442717110e+00 1.121209205344791116e+01 6.950723057140413275e+00
2.217738644145267557e+00 1.112912826238857811e+01 6.944559716405412253e+00
2.195642290600948510e+00 1.104363147212222529e+01 6.901027679078378441e+00
2.173424407721831209e+00 1.095584552002300249e+01 6.908625715167698189e+00
2.151494061148913062e+00 1.086875992665684620e+01 6.821522312977699620e+00
2.130568113730434199e+00 1.078523857918903062e+01 6.779278632242744074e+00
2.110636632091271281e+00 1.070725318088336664e+01 6.747066716082152027e+00
