1.550982551689759603e+01 2.191799393479931801e-01 3.683552447462830693e+06
1.525827673257505523e+01 2.264022791968497705e-01 3.179691460889020469e+06
1.498234094482289613e+01 2.338875145857471083e-01 2.692474565769518260e+06
1.473748332051324539e+01 2.416738341837348092e-01 2.296915887279761024e+06
1.452772982452825978e+01 2.497233404027614789e-01 1.973559914005635539e+06
1.431674347024597793e+01 2.580757637608657729e-01 1.678642951417683391e+06
1.412950542248207775e+01 2.667281887922324235e-01 1.435727299480202608e+06
1.397855822156005878e+01 2.756881414133161012e-01 1.226079114703449886e+06
1.379324459283880167e+01 2.849620741344626174e-01 1.050247586328941630e+06
1.363853076922101693e+01 2.945483607668147874e-01 8.965065411702743731e+05
1.349227398748421969e+01 3.044572713040727963e-01 7.675587232892292086e+05
1.336594411139803107e+01 3.146976998727433750e-01 6.567329930772419320e+05
1.323870142245995041e+01 3.252717731448151461e-01 5.615884893595174653e+05
1.313015764685787978e+01 3.361789561503030765e-01 4.810351699820660870e+05
1.302155856818923674e+01 3.474335229261543145e-01 4.119420231303688488e+05
1.292759636224778674e+01 3.590354556442275080e-01 3.529967757184172515e+05
1.283252156781906450e+01 3.709904435116486154e-01 3.024788619851696421e+05
1.274832649564135956e+01 3.833136793377197593e-01 2.593428789698016772e+05
1.267150782543443732e+01 3.959803594416179684e-01 2.222585287325968384e+05
1.259359315284381609e+01 4.090115435646126119e-01 1.906331278183466056e+05
1.252575266616319638e+01 4.223963930111100940e-01 1.636265742105523532e+05
1.245556767666765197e+01 4.361725129163224746e-01 1.406143579425506759e+05
1.240335687221824124e+01 4.503061393197338447e-01 1.207519146658497630e+05
1.234824972357212403e+01 4.648069140373932706e-01 1.037985133518718649e+05
1.229639736842450226e+01 4.796673070612929024e-01 8.945013438521709759e+04
1.224719065153780484e+01 4.948869795102315838e-01 7.671003067582138465e+04
1.220370103844432208e+01 5.104771343186886856e-01 6.601239612259894784e+04
1.216255364256012683e+01 5.264379587980417829e-01 5.691357214976006071e+04
1.212312623144840629e+01 5.427628341149832725e-01 4.900447674048660701e+04
1.208674546262107619e+01 5.594522696966082176e-01 4.224865359621023526e+04
1.205370912482354662e+01 5.764733038313206714e-01 3.610331612919594045e+04
1.201799987602651143e+01 5.940804127040339999e-01 3.146915824891405282e+04
1.198932281679352840e+01 6.127916849904814223e-01 2.695130787188727481e+04
1.196178705670738296e+01 6.326585754668310191e-01 2.303968247456163590e+04
1.193745123576409206e+01 6.536806309378316859e-01 1.962441534717906688e+04
1.191454519606588214e+01 6.758586639859829326e-01 1.667258934050388416e+04
1.189866236917568543e+01 6.991591668135040960e-01 1.411592585504266572e+04
1.188365019729740268e+01 7.235781842987697443e-01 1.194321408436486308e+04
1.187208344040459451e+01 7.490665959373514760e-01 1.008202682299390472e+04
1.186497044577038196e+01 7.756022144469308932e-01 8.514261353544383383e+03
1.186108444828099273e+01 8.031456433451730215e-01 7.179648592666677359e+03
1.186077918751757565e+01 8.316334505391641541e-01 6.059559344635878915e+03
1.186292524539005555e+01 8.610412895163433999e-01 5.111609081963473727e+03
1.186628315525623734e+01 8.912973215568900098e-01 4.322942876757309023e+03
1.187392668142461005e+01 9.223276925613786981e-01 3.649514186533549946e+03
1.188516642466374051e+01 9.540546155776392645e-01 3.089083428609824296e+03
1.189480987661936062e+01 9.864584217796603660e-01 2.619370336770588892e+03
1.190630141339206283e+01 1.019450443207686519e+00 2.223486298675347371e+03
1.191872310377146427e+01 1.052902140724969682e+00 1.889674389995062256e+03
1.193188896296042678e+01 1.086867733976368156e+00 1.610266308130642528e+03
1.194718518356572190e+01 1.121132444143601248e+00 1.374672948697679885e+03
1.196119953168499528e+01 1.155561482792701211e+00 1.171426853028449614e+03
1.197568533123102519e+01 1.190222896899545635e+00 1.008613813173641915e+03
1.198903231909817357e+01 1.224957945841952611e+00 8.681287124690844621e+02
1.200291402033340837e+01 1.259654594806967731e+00 7.471240054707146783e+02
1.201821963808156468e+01 1.294210755834059645e+00 6.457360471164903402e+02
1.202808262674590623e+01 1.328606715341671851e+00 5.592842561675814750e+02
1.203702556848197069e+01 1.362699666962733813e+00 4.858087250495496505e+02
1.204944657038224776e+01 1.396451190940039000e+00 4.225470994383828724e+02
1.205302896183936845e+01 1.429736041398498303e+00 3.690480023861047130e+02
1.205805104979199704e+01 1.462451766536610132e+00 3.211227147584198178e+02
1.206529870642302171e+01 1.494587461927762151e+00 2.840860341646278471e+02
1.206306047685316507e+01 1.526059201897071338e+00 2.498272492879615072e+02
1.206218701842064611e+01 1.556719054307341477e+00 2.205540411070124378e+02
1.206280937092092032e+01 1.586585440468235797e+00 1.952790839170355071e+02
1.205467504123231137e+01 1.615575047452726398e+00 1.732569098005357944e+02
1.204778364637311938e+01 1.643585472819356186e+00 1.533875625126092075e+02
1.203717217828033981e+01 1.670631441203335177e+00 1.376963436111020656e+02
1.202608205390410312e+01 1.696595539939682151e+00 1.226518606651942065e+02
1.200959742349968806e+01 1.721513537241146308e+00 1.107321783366028995e+02
1.199271557236168384e+01 1.745295508946557606e+00 9.964460751984456977e+01
1.197302615209942012e+01 1.767918086744155071e+00 9.001376967598990575e+01
1.195050858276771066e+01 1.789350071558671651e+00 8.150974072953765415e+01
1.192557000928646893e+01 1.809596342426724958e+00 7.395647499508476130e+01
1.189822939853305073e+01 1.828591871555025339e+00 6.767498245106889954e+01
1.187304746225331264e+01 1.841972722168585763e+00 6.266853458662221499e+01
1.184832794940249379e+01 1.842236134949885695e+00 6.126624461208552219e+01
1.181382786841854760e+01 1.839618933246834898e+00 6.008974023050923563e+01
1.177202933031366250e+01 1.835919190586614791e+00 5.839604023271626687e+01
1.172395282616939660e+01 1.831678428345121512e+00 5.720615416307882128e+01
1.167114032905256238e+01 1.827150813192523815e+00 5.549793112521149396e+01
1.161391038288080324e+01 1.822553896812856733e+00 5.364028827154410806e+01
1.155341281792009234e+01 1.817992845631193344e+00 5.174116079136445023e+01
1.148830668388412413e+01 1.813578830368949291e+00 4.967461877624649702e+01
1.142086201165701809e+01 1.809457519278751869e+00 4.733665757703886356e+01
1.135102004135805132e+01 1.805557168128519407e+00 4.530917469115744467e+01
1.127927700572732661e+01 1.802037117688176648e+00 4.313196589156606819e+01
1.120570869883003340e+01 1.798877984756504178e+00 4.068472671310510691e+01
1.113075742574562099e+01 1.796051940778623512e+00 3.861521579870703391e+01
1.105452138190314493e+01 1.793680194687773843e+00 3.643022614088326350e+01
1.097774442021276720e+01 1.791539661392846039e+00 3.426578858908241187e+01
1.090059869119355618e+01 1.789766732657922299e+00 3.201417836049240151e+01
1.082263630324258052e+01 1.788311270000027653e+00 3.011010167979917540e+01
1.074416516455722004e+01 1.787105663131012490e+00 2.817549380151952221e+01
1.066685605169769424e+01 1.786109330101755432e+00 2.630789919269329857e+01
1.059059736393975193e+01 1.785240446521299651e+00 2.459896205865167573e+01
1.051863070327472549e+01 1.784125418815690312e+00 2.303343547157717097e+01
1.046328319022639519e+01 1.781571939291155982e+00 2.208857399710431935e+01
1.042144136199999949e+01 1.777160730572322711e+00 2.158749193179807335e+01
1.038717866985250460e+01 1.771351148499560546e+00 2.137716349645540603e+01
