2.191799393479931801e-01 1.550982551689759603e+01 3.683552447462830693e+06
2.284594167733926817e-01 1.516373485826981593e+01 3.013794760748593602e+06
2.381703156280165212e-01 1.484387723302918438e+01 2.463180234766065143e+06
2.483616303506829548e-01 1.455408255258619477e+01 2.013898439290151233e+06
2.590261437874850636e-01 1.429356436342100700e+01 1.634865414984783391e+06
2.701799390249519095e-01 1.406202239187775582e+01 1.356835235350944800e+06
2.818396925084761251e-01 1.384330043858233417e+01 1.104088125046248082e+06
2.940170873892172798e-01 1.364678145392398712e+01 9.064485674334975192e+05
3.067098107334585433e-01 1.346533050044888569e+01 7.408148567653228529e+05
3.199525399395760639e-01 1.329896608197469554e+01 6.066753080156982178e+05
3.337387359128122788e-01 1.315209799003460489e+01 4.979668146477577975e+05
3.480784242191548028e-01 1.301697235433142730e+01 4.086281700139386230e+05
3.630033961025240230e-01 1.289525195511796163e+01 3.352872094561732374e+05
3.784844057159231223e-01 1.277944184326541510e+01 2.754118577568948967e+05
3.945661091355391337e-01 1.267798152302798265e+01 2.260692021422093385e+05
4.112340748146420255e-01 1.258201757100529683e+01 1.859564769752039574e+05
4.284924815294069433e-01 1.249738126897985246e+01 1.527835827059287985e+05
4.463583941988008563e-01 1.241551360000779347e+01 1.257911805125643587e+05
4.648290155844534977e-01 1.234792425834046092e+01 1.037734804253932525e+05
4.838663292357633372e-01 1.228342916046192457e+01 8.554269391836359864e+04
5.035293209786541047e-01 1.222211137936269409e+01 6.992824714078607212e+04
5.237800953713411811e-01 1.216786788443590872e+01 5.829007336468844005e+04
5.446296849833839326e-01 1.211978205727912794e+01 4.829864661268633063e+04
5.660741702536769004e-01 1.207021429198191953e+01 3.995809674067530432e+04
5.880851192363298896e-01 1.202879771115040519e+01 3.305545574690200738e+04
6.120914925971180365e-01 1.199121054171153666e+01 2.710070172869967791e+04
6.385157803465203452e-01 1.195494329170490388e+01 2.206370155010401504e+04
6.674475880716372878e-01 1.192764798205551813e+01 1.776870257574613061e+04
6.988986631104209257e-01 1.190632861722150615e+01 1.422265512932507954e+04
7.329106513044995053e-01 1.189350672147610055e+01 1.132908507359584837e+04
7.694796470239795294e-01 1.188768627579972303e+01 8.982182287210343929e+03
8.085920402532357221e-01 1.189124915870903187e+01 7.095187312544027918e+03
8.502207864361772671e-01 1.190211076243489785e+01 5.599668300028360136e+03
8.944127124443250754e-01 1.192281592638038745e+01 4.408531947609963026e+03
9.408226983494812901e-01 1.194753512042514387e+01 3.443777723905434868e+03
9.896503743118418850e-01 1.198050946546465667e+01 2.737144814325813513e+03
1.040682990681905951e+00 1.201836687854055263e+01 2.159489983341047719e+03
1.093816440144483870e+00 1.206122405739028025e+01 1.706274906222866093e+03
1.148925477120029015e+00 1.211008609352840537e+01 1.349171977542846207e+03
1.205800522353521975e+00 1.216254425998106115e+01 1.070490373816435522e+03
1.264302831869813293e+00 1.221859227447504992e+01 8.521754101087544768e+02
1.324230165581394392e+00 1.227467079540216055e+01 6.807009051335908225e+02
1.385405326310869656e+00 1.233267984499032188e+01 5.441250252985628322e+02
1.447642444279608531e+00 1.239112016162708407e+01 4.375280035686694191e+02
1.510636847701664953e+00 1.245421623964547386e+01 3.527319195246215031e+02
1.574108253604532548e+00 1.250995980513376793e+01 2.855973047594434888e+02
1.638001590998875212e+00 1.256859201057647013e+01 2.320670661679382647e+02
1.701866728090510206e+00 1.262479134059874575e+01 1.893202666273444663e+02
1.765676495309242977e+00 1.267999919937434861e+01 1.541004260581532037e+02
1.828828451607714900e+00 1.273261661305711279e+01 1.276376040448586764e+02
1.891502894266012591e+00 1.278106159273279196e+01 1.048741395361709436e+02
1.953159648729652309e+00 1.282705474855830197e+01 8.762043927000148358e+01
2.013639355446611656e+00 1.286948986764398839e+01 7.310440474991882809e+01
2.072776425430467917e+00 1.290841128395786619e+01 6.124653379803098119e+01
2.130405236082103748e+00 1.294210353947378955e+01 5.151760101560415706e+01
2.186202337440845245e+00 1.297364157016518504e+01 4.356966468331650333e+01
2.240071887353600744e+00 1.299747119333985346e+01 3.703719439432361327e+01
2.291860941954452890e+00 1.301881118078372879e+01 3.145310621412577845e+01
2.341394745652602971e+00 1.303428637304471316e+01 2.697740865791180198e+01
2.388546316289289706e+00 1.304511533520506639e+01 2.336757917045598631e+01
2.433267230935911130e+00 1.305146996177839469e+01 2.021773261647978615e+01
2.475414775779550602e+00 1.305236090186507880e+01 1.757790120082086816e+01
2.514948664864736116e+00 1.304910168347164579e+01 1.535932887903998179e+01
2.551821814178663050e+00 1.304045768624053281e+01 1.349030595040325586e+01
2.585998091734305948e+00 1.302741701670455932e+01 1.184223201379966639e+01
2.617460026877838075e+00 1.300960036084651605e+01 1.052945887082998766e+01
2.646211175596966836e+00 1.298751485308508791e+01 9.374577619427668651e+00
2.672271232540270436e+00 1.296075045058933917e+01 8.368159587033275670e+00
2.695636997534087698e+00 1.292995292353152337e+01 7.515829165872184525e+00
2.716385387725900102e+00 1.289504966891141713e+01 6.776080195269229556e+00
2.734547378917264293e+00 1.285589019402928379e+01 6.138721234700195595e+00
2.750198770371546253e+00 1.281341313442746710e+01 5.578831771487648084e+00
2.763386286649141876e+00 1.276704956776538324e+01 5.095627423225254304e+00
2.771927350504910681e+00 1.272009715956473741e+01 4.722735040448575283e+00
2.775322399347658120e+00 1.266709407821231714e+01 4.408860331836526925e+00
2.775568054115058914e+00 1.260972137285027905e+01 4.164711842236115125e+00
2.773175945345782711e+00 1.254779742242904916e+01 3.940892288552695355e+00
2.768467015979813706e+00 1.248231817787189435e+01 3.744869808225422148e+00
2.761660938880152294e+00 1.241444245474098906e+01 3.572979922814657705e+00
2.753002742546761805e+00 1.234375387044317485e+01 3.419569376835522423e+00
2.742671476289788579e+00 1.227168128177724249e+01 3.286136766327273140e+00
2.730846469359649920e+00 1.219851184056189020e+01 3.170045294188167606e+00
2.717611875119900322e+00 1.212286842280757249e+01 3.067663506409044505e+00
2.703174800019894963e+00 1.204634834073290683e+01 2.971467462749579624e+00
2.687652333111751890e+00 1.197004888710909398e+01 2.900962691645756042e+00
2.671161778410186205e+00 1.189292047852440781e+01 2.832618310317691179e+00
2.653818109017372251e+00 1.181616492443355426e+01 2.769254244402158172e+00
2.635729368167789133e+00 1.173907058051885421e+01 2.728335123362653825e+00
2.617001696460451665e+00 1.166245311444143340e+01 2.681364895357555067e+00
2.597732955769191499e+00 1.158624897080719762e+01 2.656119100376090447e+00
2.578013553090392485e+00 1.151074311325642618e+01 2.625654165252483629e+00
2.557908282447546089e+00 1.143620971118283514e+01 2.616332726826096966e+00
2.537459825803148661e+00 1.136286189085301501e+01 2.601987016548862997e+00
2.516739580814306709e+00 1.128987554355755307e+01 2.596098332840824696e+00
2.495857857465651364e+00 1.121828277497306736e+01 2.589748247865593989e+00
2.474869569425828253e+00 1.114783683197811470e+01 2.592416647947728858e+00
2.453870094713664241e+00 1.107916993548518647e+01 2.603877601258432595e+00
2.432907877597579649e+00 1.101206631818842219e+01 2.616733628678123313e+00
2.412766980540334227e+00 1.094941192212674430e+01 2.643944461297119020e+00
2.394145433824030444e+00 1.089436266947211784e+01 2.667227701452348665e+00
