1.550982551689759603e+01 2.191799393479931801e-01 3.683552447462830693e+06
1.515473883172013103e+01 2.285257855543175454e-01 3.004851751390726306e+06
1.484052228152676101e+01 2.383072294058873331e-01 2.462224647180305328e+06
1.455519287158455910e+01 2.485774506420508068e-01 2.007894555491361069e+06
1.428731850345695165e+01 2.593252745527298564e-01 1.639193288225224474e+06
1.405578386682056724e+01 2.705723472734521962e-01 1.340589613595785806e+06
1.383177359302705156e+01 2.823328004193597085e-01 1.097093505752766039e+06
1.363734473771227584e+01 2.946126181852355419e-01 8.965227554141230648e+05
1.346188124929050289e+01 3.074242469581058845e-01 7.333530444055028493e+05
1.329261631444924241e+01 3.208085012061897001e-01 6.001667864119515289e+05
1.314441315074810035e+01 3.347134793947216247e-01 4.915659968407620327e+05
1.301004721465859681e+01 3.491926308441615223e-01 3.983631642166581005e+05
1.288589750113387566e+01 3.642738519671072650e-01 3.298391087883622386e+05
1.276966842327722240e+01 3.799024098737225352e-01 2.704588230963350506e+05
1.266580960487643104e+01 3.961502031400246371e-01 2.217945698385397263e+05
1.257798793793766023e+01 4.129797845324110761e-01 1.821294571876430709e+05
1.248914243835072568e+01 4.304276877840599314e-01 1.496949616507812752e+05
1.241110199822352023e+01 4.484942799005193215e-01 1.232783476403739769e+05
1.233958831346503082e+01 4.671571693606866860e-01 1.005128001823065424e+05
1.227417095711827777e+01 4.864438731809084260e-01 8.270678239343845053e+04
1.221416936281957533e+01 5.062803818575424275e-01 6.829014342552209564e+04
1.216130633867980215e+01 5.267570498401248358e-01 5.678594409401377925e+04
1.211110271220209533e+01 5.478381272715953099e-01 4.688177123314717028e+04
1.206613535875866638e+01 5.695231801396161142e-01 3.875590510926637216e+04
1.202164676828046375e+01 5.919143266010968851e-01 3.203190973881339232e+04
1.198428686481241812e+01 6.160177578496375261e-01 2.628063101876154542e+04
1.195057874192789704e+01 6.420377843587949940e-01 2.144314061395153840e+04
1.192099260269089989e+01 6.699755880312577849e-01 1.738911821440337371e+04
1.189393153525753277e+01 6.997906576501562448e-01 1.407066257287612279e+04
1.187954777067959355e+01 7.314412591155611265e-01 1.133374202447266543e+04
1.187220044031694144e+01 7.648551035322204150e-01 9.101956099636881845e+03
1.186113399726994544e+01 7.999586673825047622e-01 7.322466899903101876e+03
1.186144448487919689e+01 8.366559768737041880e-01 5.884327655538562794e+03
1.186446408256708018e+01 8.748231788662316211e-01 4.733199640001667831e+03
1.187237330020723292e+01 9.143849815567361983e-01 3.809061007283519757e+03
1.188116416436455935e+01 9.551135419694006812e-01 3.073296565312960865e+03
1.189629377276946975e+01 9.968363957267080133e-01 2.492341125447426748e+03
1.191119042907787140e+01 1.039679731481983449e+00 2.014940809440894782e+03
1.193014931146369229e+01 1.083224226133953749e+00 1.638041575187295848e+03
1.194881673251783383e+01 1.127200955376679969e+00 1.337917602456724808e+03
1.196759236774946800e+01 1.171696709523205149e+00 1.095087603344094305e+03
1.198615044124644768e+01 1.216371764927876020e+00 8.998805095234881719e+02
1.200328574845926255e+01 1.261022945121406558e+00 7.429370348639292843e+02
1.201955245170782405e+01 1.305493964488534164e+00 6.158479730855113985e+02
1.203382569893815734e+01 1.350245275016040081e+00 5.117312941451949655e+02
1.205111553806687752e+01 1.395314785540796576e+00 4.255310217853333938e+02
1.205983470005219971e+01 1.440307037972696769e+00 3.549860951818808417e+02
1.207039070607986453e+01 1.485250787287928143e+00 2.968883746068992764e+02
1.208177404804443000e+01 1.529757806789599606e+00 2.489649884009162690e+02
1.208484120051008759e+01 1.574417794069881582e+00 2.092883807665973563e+02
1.209163870564557364e+01 1.619586617575216492e+00 1.758117650428397951e+02
1.209539709102218019e+01 1.665077393725809651e+00 1.476989761976783768e+02
1.210075640991670021e+01 1.710567940596256831e+00 1.242385212649392940e+02
1.210100876536519010e+01 1.756132678648222978e+00 1.046526656352405524e+02
1.210108458606119797e+01 1.801232540859464271e+00 8.850714369762692968e+01
1.209982564350254641e+01 1.845800995332119498e+00 7.487779682682331384e+01
1.209587879737367899e+01 1.889524993993328517e+00 6.356356229938919711e+01
1.209050036020129859e+01 1.932339252375533833e+00 5.417954541493183029e+01
1.208240975399065675e+01 1.973953940771724147e+00 4.630680241495011984e+01
1.207191601693605421e+01 2.014185283156906703e+00 3.974069536459786178e+01
1.205556154534875368e+01 2.044306011278891333e+00 3.518970971084714705e+01
1.202848692155707333e+01 2.060401832323460969e+00 3.231172934488286330e+01
1.199238932213267894e+01 2.066596037278850773e+00 3.071834032018092842e+01
1.194779875896503896e+01 2.066440127269047355e+00 2.948533291461619044e+01
1.189113368930948234e+01 2.064204875309043175e+00 2.821952270093456505e+01
1.182625002835730577e+01 2.061226380561802962e+00 2.688049353011229670e+01
1.175571423195840381e+01 2.058012650001722843e+00 2.548441177054100493e+01
1.167979540450566134e+01 2.054902218243502166e+00 2.404349983479287545e+01
1.160035269514480127e+01 2.051908201890425332e+00 2.247862742892282384e+01
1.151737136166180342e+01 2.049226151365252324e+00 2.110329789556894298e+01
1.143201517886632956e+01 2.046882398850546902e+00 1.966409723581224256e+01
1.134400218445160036e+01 2.044838752014798811e+00 1.818671871939122653e+01
1.125504822562010965e+01 2.042963377835263383e+00 1.683855280770250928e+01
1.116475521367944346e+01 2.041356500834479615e+00 1.562602122302837948e+01
1.107499112962848642e+01 2.040100529550032071e+00 1.439289165440448492e+01
1.098395759445247322e+01 2.038818526048102431e+00 1.325067125966832826e+01
1.089324995003618390e+01 2.037550943501746037e+00 1.219939818085071259e+01
1.080307113666247787e+01 2.036261731331942215e+00 1.118475623909311523e+01
1.071297883536620077e+01 2.034835148365138124e+00 1.031308680943596734e+01
1.062447334440859237e+01 2.033195507525669576e+00 9.501598900449751639e+00
1.053623062590397730e+01 2.031262976370320050e+00 8.730543598241064629e+00
1.044748923201088964e+01 2.029004793092447301e+00 8.082979947384817621e+00
1.036086860730031312e+01 2.026321795798483372e+00 7.455408257125831106e+00
1.027449395926438847e+01 2.023204289813051115e+00 6.901523376831574019e+00
1.018983597206035618e+01 2.019586002648938727e+00 6.403183844597291952e+00
1.010585257449853813e+01 2.015434755931606592e+00 5.968771243233152113e+00
1.002358864278850170e+01 2.010762330886010307e+00 5.549063632093046650e+00
9.941626214558674235e+00 2.005497032106234201e+00 5.186233371395920777e+00
9.861083779362783019e+00 1.999642421048509755e+00 4.862818130408278705e+00
9.781496606350103207e+00 1.993234558993250083e+00 4.571168793142791564e+00
9.703633782432291355e+00 1.986231607249579145e+00 4.307191818252829485e+00
9.626177185889346788e+00 1.978634936641134434e+00 4.068725512387513454e+00
9.550052981072949976e+00 1.970482089236016643e+00 3.864932536356570303e+00
9.475649391357672258e+00 1.961754278485956293e+00 3.680235402693618152e+00
9.402050461447981178e+00 1.952570365817794196e+00 3.509018507896481953e+00
9.330562167099756721e+00 1.942905616107161837e+00 3.354645076921231706e+00
9.259286580382267928e+00 1.932743347787999610e+00 3.220091018980665076e+00
9.190036410497699038e+00 1.922117240178329078e+00 3.113170629259265354e+00
9.122064273545452906e+00 1.911114464708961735e+00 3.000211363808185538e+00
9.055365991257195546e+00 1.899707032923776406e+00 2.909587951896950742e+00
