1.550982551689759603e+01 2.191799393479931801e-01 3.683552447462830693e+06
1.518487264572254780e+01 2.284117875115544705e-01 3.040246210474262480e+06
1.484194207300896551e+01 2.380744893830547826e-01 2.470596311971377116e+06
1.456643803180229213e+01 2.482112554305521968e-01 2.017793018026019679e+06
1.429470743286720058e+01 2.588146286686038300e-01 1.655442615673062392e+06
1.406394638495451943e+01 2.699049578113217884e-01 1.356602478072984843e+06
1.384812711092422965e+01 2.814954066722570314e-01 1.111787645488884300e+06
1.365218716570572788e+01 2.936131923307633840e-01 9.099761141694748076e+05
1.347013448060185503e+01 3.062115444770881489e-01 7.463497523067890434e+05
1.331522055402763449e+01 3.193614468358331737e-01 6.117597709925241070e+05
1.315679755053542976e+01 3.330604251185766418e-01 5.028453315348332399e+05
1.302398416769664991e+01 3.473091520327405424e-01 4.090581485666068620e+05
1.290230124500864051e+01 3.621154949815236779e-01 3.387032670119744143e+05
1.278739036654683758e+01 3.775043599694680174e-01 2.786651364095038734e+05
1.268327236893025578e+01 3.934605653252031821e-01 2.296420664302513178e+05
1.259237858442619284e+01 4.100170231683609723e-01 1.882884778060848475e+05
1.249692294418134964e+01 4.271441534811533103e-01 1.552590116653334699e+05
1.242762515639623899e+01 4.448858650953182448e-01 1.278444305912706914e+05
1.235560145759886375e+01 4.632080318648046369e-01 1.042896872630412399e+05
1.228853054690969415e+01 4.820952358297282414e-01 8.703354851282478194e+04
1.222774417904041933e+01 5.016071716459620244e-01 7.191684081402669835e+04
1.217493216954942881e+01 5.217041641209586578e-01 5.932690314581967687e+04
1.212440593686005386e+01 5.423914154209159566e-01 4.913382688328578661e+04
1.207699507211964551e+01 5.636679430258482171e-01 4.077429375698418880e+04
1.203482014574722925e+01 5.854904408532600746e-01 3.378568410800378479e+04
1.199560126972189167e+01 6.088257867809478974e-01 2.783284138493082355e+04
1.196125026742353370e+01 6.339758259029164567e-01 2.282226489483858313e+04
1.192949003557943399e+01 6.610034233148321947e-01 1.859273568988110128e+04
1.190429168726221754e+01 6.898869329130999928e-01 1.507625456714489155e+04
1.188702956644049813e+01 7.205726408817533235e-01 1.217524152805196536e+04
1.187109163245328247e+01 7.530118796848160878e-01 9.831720916395184759e+03
1.186324480165562179e+01 7.871221816014070116e-01 7.846167538047866401e+03
1.185989018090791447e+01 8.228374722407103548e-01 6.367590367602760125e+03
1.186255496634666251e+01 8.600234366066431546e-01 5.143211596427405311e+03
1.186861497821498901e+01 8.985876343788616882e-01 4.149120433511582632e+03
1.187796715614626031e+01 9.383344894456858709e-01 3.358948506449893557e+03
1.189060103534597346e+01 9.793223498489194156e-01 2.715840264426984049e+03
1.190713122249734646e+01 1.021244776467521431e+00 2.203987193052406838e+03
1.192349862958427842e+01 1.063868763745032586e+00 1.794409219546893382e+03
1.194175776397601751e+01 1.107240498384357119e+00 1.465929935035007020e+03
1.196008107481097582e+01 1.151062140787814547e+00 1.192243955213893287e+03
1.197655378218765598e+01 1.195047780019824257e+00 9.880778117660730686e+02
1.199507555913980283e+01 1.239185678295355864e+00 8.154329190294989758e+02
1.201081537099929086e+01 1.283286535649941218e+00 6.761124177594159619e+02
1.202789941296978604e+01 1.328176646513423265e+00 5.604366163745416998e+02
1.204339827642760063e+01 1.374808923100145686e+00 4.637380723356000090e+02
1.206234710377763086e+01 1.422981043244325061e+00 3.827413167275198020e+02
1.208389828601434957e+01 1.472403631062511487e+00 3.137559125133751081e+02
1.210277043445175593e+01 1.523050374904760806e+00 2.604727834142158258e+02
1.212002595641257052e+01 1.574542455247211148e+00 2.151769661990046529e+02
1.213974277486141595e+01 1.626720374864859542e+00 1.777718528590403366e+02
1.216135131154045723e+01 1.679309668675143197e+00 1.472521065201685531e+02
1.217906566513474687e+01 1.732101076357861702e+00 1.222287414849184870e+02
1.219723329180782656e+01 1.784827819926976034e+00 1.017690827955450885e+02
1.221429578720435494e+01 1.837266512613990210e+00 8.494397816859819272e+01
1.222996964737707160e+01 1.889136703879333634e+00 7.118175869144847923e+01
1.224486585388697080e+01 1.940272756388228714e+00 5.980842620581772451e+01
1.225540152598682297e+01 1.990453972998225574e+00 5.046386561771377899e+01
1.226474903664266414e+01 2.039426469387443763e+00 4.273419334406364101e+01
1.227156137366598543e+01 2.087019966640457636e+00 3.616068509872174985e+01
1.227598551861361642e+01 2.133100424170330633e+00 3.100056922658583858e+01
1.227682472949709336e+01 2.177485064753208910e+00 2.647030744657373802e+01
1.227427212826850145e+01 2.220023988154106842e+00 2.288186242588352570e+01
1.226829233591464785e+01 2.260509120954553364e+00 1.983843480776857859e+01
1.225984285588538469e+01 2.299119380981166305e+00 1.718469835000293244e+01
1.224795853674931934e+01 2.335493551214123720e+00 1.499213825001035794e+01
1.223229937709266935e+01 2.369644812474917650e+00 1.313168241829676752e+01
1.221288179624882986e+01 2.401508769034689017e+00 1.155163284480413033e+01
1.219051827357331241e+01 2.431072767874141061e+00 1.020474879941820667e+01
1.216483815570414251e+01 2.458297872863388633e+00 9.071187773343991623e+00
1.213569394924927991e+01 2.483184062828772909e+00 8.077914895300926545e+00
1.210335485774034225e+01 2.505737112822627122e+00 7.227389991100971578e+00
1.206818259847925567e+01 2.525977569792732691e+00 6.499372080455566802e+00
1.202972526180193213e+01 2.543878057313309515e+00 5.871206763824558195e+00
1.198878118086060063e+01 2.558433741000250006e+00 5.343571848750974240e+00
1.194427326225297570e+01 2.569141428471988231e+00 4.916323740893505878e+00
1.189624723394069328e+01 2.576220463983192488e+00 4.558771228988969249e+00
1.184459712958465438e+01 2.579950201386158160e+00 4.250223753492051060e+00
1.178988312483694934e+01 2.580636337555775484e+00 3.995446226880272622e+00
1.173242877551208352e+01 2.578588586481908695e+00 3.792800367130580774e+00
1.167156409446071130e+01 2.574034226667962333e+00 3.614952685261846987e+00
1.160963818687773319e+01 2.567273206665839247e+00 3.450007383147672524e+00
1.154715007196244159e+01 2.558618048516028587e+00 3.338463969915068219e+00
1.149171873204518945e+01 2.547686545536691494e+00 3.268458043021793102e+00
1.143121070717410959e+01 2.533774346472274175e+00 3.213632728556717666e+00
1.136659541152291908e+01 2.517796161388992093e+00 3.183833839576573510e+00
1.129872916499318691e+01 2.500386443379910784e+00 3.149772939457055720e+00
1.122822399397051996e+01 2.481913376037963026e+00 3.110500014285696668e+00
1.115584507316227558e+01 2.462647096432308391e+00 3.095013153524288185e+00
1.108202435141578412e+01 2.442776605899157349e+00 3.074939774033094153e+00
1.100764426843306865e+01 2.422439333728535704e+00 3.058321235292927209e+00
1.093233585685358200e+01 2.401748552688112159e+00 3.031942841106585185e+00
1.085808584993487891e+01 2.380805355135272805e+00 3.024285897655301536e+00
1.078373767972929187e+01 2.359742399310511551e+00 3.016386563110153407e+00
1.070912265990463830e+01 2.338527530956819422e+00 3.019830702969446889e+00
1.063618230430366829e+01 2.317280626934330012e+00 3.012915349392382147e+00
1.056360688810977244e+01 2.296074737651091713e+00 3.022111133554988616e+00
1.049232553117162148e+01 2.274909627445511173e+00 3.025842095792003139e+00
1.042194849169779047e+01 2.253868339675466625e+00 3.037464808035327035e+00
1.035377703283473849e+01 2.233075690314824335e+00 3.057719653908224977e+00
