1.550982551689759603e+01 2.191799393479931801e-01 3.683552447462830693e+06
1.517925891626566504e+01 2.280156668245694185e-01 3.046309261771202553e+06
1.487639731607201909e+01 2.372663759089920499e-01 2.514571304153766483e+06
1.459473456247804357e+01 2.469341647221107716e-01 2.079279625371227507e+06
1.433825803596184478e+01 2.570338910977496560e-01 1.708941577271799790e+06
1.410844061280251793e+01 2.675764990921266628e-01 1.413143596355744638e+06
1.390167840547780109e+01 2.785820453105667394e-01 1.166374482639554190e+06
1.370569842890744106e+01 2.900540988203613169e-01 9.625234413637653925e+05
1.352891194733606817e+01 3.019941400356433991e-01 7.994291568880372215e+05
1.337479284328712659e+01 3.144240162566579455e-01 6.592741079242742853e+05
1.321924241211326390e+01 3.273567800906568848e-01 5.419419364088044968e+05
1.308121025069035248e+01 3.407896505623098093e-01 4.527483723196310457e+05
1.296075823318325071e+01 3.547249424360986447e-01 3.735565170477611828e+05
1.284810591793017132e+01 3.691869323074728482e-01 3.096128297650528839e+05
1.274103999566529311e+01 3.841858252597679657e-01 2.563664151710733131e+05
1.264523395874006439e+01 3.997054199477538816e-01 2.123379209922540467e+05
1.256017814681902145e+01 4.157718481935427368e-01 1.766943208394572721e+05
1.247976146735628511e+01 4.323815273555193794e-01 1.464653123665576859e+05
1.241524921694465711e+01 4.495525847815721177e-01 1.216625209931598074e+05
1.234101390878801929e+01 4.672542425593496640e-01 1.011389468291006633e+05
1.227888510093468355e+01 4.854867144817420765e-01 8.413591536215358065e+04
1.221875425925846592e+01 5.042743465446462015e-01 7.005081058684643358e+04
1.216945672802361500e+01 5.236078520663246527e-01 5.837492691537263454e+04
1.212032950234672946e+01 5.434836378081122632e-01 4.872737747804813989e+04
1.207738448084060146e+01 5.639009500935264763e-01 4.064573894674790790e+04
1.203650196567387276e+01 5.848119390204880030e-01 3.398385830452913797e+04
1.199650910273837212e+01 6.070846372547198389e-01 2.826724711253594069e+04
1.196403298251142822e+01 6.310362565572028570e-01 2.318552317558729555e+04
1.193402749301090715e+01 6.567136554365994305e-01 1.919610275790632295e+04
1.190879272789692322e+01 6.841020070838147449e-01 1.569990763374481503e+04
1.188945778890007787e+01 7.131508538968415190e-01 1.282713649801382780e+04
1.187414618741343730e+01 7.438328087306496084e-01 1.043370273731566340e+04
1.186547568999052693e+01 7.760691095404796958e-01 8.409930036866613591e+03
1.186078354926666023e+01 8.097926089432432306e-01 6.900258303784776217e+03
1.186041835465971417e+01 8.449268986614437704e-01 5.609257570824135655e+03
1.186544344474481250e+01 8.813807755949656375e-01 4.563576516933970197e+03
1.187308282250343971e+01 9.190117259769599034e-01 3.719441201106740664e+03
1.188392367677034756e+01 9.576400070004604803e-01 3.037241522127574171e+03
1.189765178743890672e+01 9.973853107588410705e-01 2.480220889407613413e+03
1.191009590519711736e+01 1.037875631290156253e+00 2.032617092838972667e+03
1.192911764219871174e+01 1.079101086721540703e+00 1.670212816423548702e+03
1.194637519694702199e+01 1.120817125403481329e+00 1.377335119072108455e+03
1.196389976584940129e+01 1.162804527741188698e+00 1.139957811301014544e+03
1.198152114177838001e+01 1.205172837390084295e+00 9.454054076040397376e+02
1.199809551349441961e+01 1.247512162172510264e+00 7.865443851317141934e+02
1.201422151336428712e+01 1.290078846240120036e+00 6.536216045708267757e+02
1.203251455809818360e+01 1.333940154299843250e+00 5.480245835772630016e+02
1.204563774076821403e+01 1.378719353004938419e+00 4.566449083143668304e+02
1.206264326879061421e+01 1.424286248882060013e+00 3.808631136145476148e+02
1.207913996124758782e+01 1.470487154764627213e+00 3.184273239058214813e+02
1.209652043299774782e+01 1.517138664939796877e+00 2.660415350294972541e+02
1.211299874442336666e+01 1.564104712612824466e+00 2.226140127093908347e+02
1.212655191380037678e+01 1.611092270320208852e+00 1.869987515314066968e+02
1.214228289206391409e+01 1.657956624058637196e+00 1.573241137090380732e+02
1.215045961835927102e+01 1.704465062169810530e+00 1.327928357984363288e+02
1.216249320091066721e+01 1.750457650875429483e+00 1.124474830947526698e+02
1.217010625520560652e+01 1.795737099520630764e+00 9.550344873842121274e+01
1.217543039985883802e+01 1.840071705956929149e+00 8.137338720560379102e+01
1.218030922511916003e+01 1.883442434962734779e+00 6.958310913761980032e+01
1.217982496214811050e+01 1.925524370906742222e+00 5.978810531685068241e+01
1.217842799036635881e+01 1.966245256924308960e+00 5.146648070026922994e+01
1.217235269506517525e+01 2.005472456686607341e+00 4.480059134192663350e+01
1.216485521399582481e+01 2.043142997225464441e+00 3.865752455758626382e+01
1.215308204394255753e+01 2.079034386233395981e+00 3.357301055144878177e+01
1.213860540623674034e+01 2.113137380847662783e+00 2.940014071198475776e+01
1.212089153198604308e+01 2.145360836897374224e+00 2.594057868068092532e+01
1.209921310529548144e+01 2.175641741195623702e+00 2.280653018850388492e+01
1.207504125061173283e+01 2.203935074239068204e+00 2.030513636488090157e+01
1.204717080580068966e+01 2.230216948397795385e+00 1.801985678037945959e+01
1.201639031970676008e+01 2.254426530200584367e+00 1.610065304296929511e+01
1.198209844000567159e+01 2.276513041079276434e+00 1.445166899279083950e+01
1.194554373920121826e+01 2.296668517757272099e+00 1.299362852587002415e+01
1.190517057424101210e+01 2.314705850014929123e+00 1.173863847370159874e+01
1.186240166094065884e+01 2.330712379323232497e+00 1.065636713118401779e+01
1.181674085098985572e+01 2.344725883432906777e+00 9.703321168603142866e+00
1.176835454245567369e+01 2.356776291540764401e+00 8.868187228459953886e+00
1.171766379613483977e+01 2.366906130199958991e+00 8.137807097489668351e+00
1.166450316157292022e+01 2.375161512234464478e+00 7.475907261690327488e+00
1.160954693238532798e+01 2.381600336234089621e+00 6.935627650381586129e+00
1.155209834960514392e+01 2.386313137365717374e+00 6.423768038265439628e+00
1.149282501587742367e+01 2.389332735421533904e+00 5.966088626369826287e+00
1.143214395464104172e+01 2.390724998034392978e+00 5.592266713141570200e+00
1.136949646624430876e+01 2.390586154372816186e+00 5.238928623475689328e+00
1.130616615689948112e+01 2.388962833006981423e+00 4.929256038787192651e+00
1.124036922881996503e+01 2.385941074332523559e+00 4.654384721083912879e+00
1.117446772009448530e+01 2.381589941646790276e+00 4.408256605670024086e+00
1.110764918237588361e+01 2.376003180436348394e+00 4.188497921912945898e+00
1.103932823577843791e+01 2.369231227757017777e+00 3.992182527539109849e+00
1.097136328731836308e+01 2.361368632030431680e+00 3.817125737414136299e+00
1.090263424173223505e+01 2.352480020527661697e+00 3.659882280492910311e+00
1.083327917426277054e+01 2.342625813076413266e+00 3.515396079417370867e+00
1.076504281978584388e+01 2.331933067772807178e+00 3.400938859344012855e+00
1.069669975812245610e+01 2.320390046165192732e+00 3.292661198823067625e+00
1.063135768783966562e+01 2.308280621973884728e+00 3.207639307814198926e+00
1.056957943506807318e+01 2.295461415781121062e+00 3.144762734649241498e+00
1.051031821465078586e+01 2.281862007531114678e+00 3.099086633824113868e+00
1.045307563584000476e+01 2.267596077078744887e+00 3.072232575792852582e+00
1.039777338561166786e+01 2.252808074773374525e+00 3.053688106788595036e+00
1.034527617867203020e+01 2.237554976384905192e+00 3.049680790039112743e+00
1.029384657577928763e+01 2.221960344962457423e+00 3.068688258020859205e+00
