1.550982551689759603e+01 2.191799393479931801e-01 3.683552447462830693e+06
1.517078960507731544e+01 2.280938584087839061e-01 3.036721918028444517e+06
1.489947810170115439e+01 2.374262457456666198e-01 2.539481578355487902e+06
1.460292907153467290e+01 2.471828379611444859e-01 2.075276730620092480e+06
1.433094309277344713e+01 2.573774673193973683e-01 1.703635216474278131e+06
1.409572513502868496e+01 2.680311847267428660e-01 1.404200025960171130e+06
1.391580455942515826e+01 2.791478760986130792e-01 1.155207790249698330e+06
1.369846246431693082e+01 2.907432212212780476e-01 9.564416192595587345e+05
1.351874877068229175e+01 3.028277159860230383e-01 7.859673510116349207e+05
1.335738133082240076e+01 3.153784677663026836e-01 6.500707784766294062e+05
1.321572604337267265e+01 3.284589831977339780e-01 5.369873033741103718e+05
1.307148501240989980e+01 3.420492800700455915e-01 4.387762548847350990e+05
1.294820628011614083e+01 3.561613773986019305e-01 3.666696477896366268e+05
1.283756777572888730e+01 3.707925230550190299e-01 3.032823431224095402e+05
1.272905151690716075e+01 3.859770317360304293e-01 2.510841721874647192e+05
1.263511829721530866e+01 4.017063742391158154e-01 2.077510271136944066e+05
1.254732567947095490e+01 4.179677973136052271e-01 1.720149627198289963e+05
1.246765517315703597e+01 4.348049164844667303e-01 1.427190444193547301e+05
1.239898997900661115e+01 4.521757127649966845e-01 1.183188310391545529e+05
1.232996740764746590e+01 4.701228271154324068e-01 9.822435399599197262e+04
1.226655325480596126e+01 4.886156478617884602e-01 8.182148133218821022e+04
1.221199277307835551e+01 5.076403086379657204e-01 6.783433430457215582e+04
1.216011885355878519e+01 5.272343475844250005e-01 5.652988939297543402e+04
1.211094145202629058e+01 5.473795001464117904e-01 4.703052101684674562e+04
1.206858098589296269e+01 5.680765422667463094e-01 3.923758262404203560e+04
1.202649779815794950e+01 5.893347084738237429e-01 3.275960610441248355e+04
1.199002064213119212e+01 6.121744901561710916e-01 2.710600139279336872e+04
1.195476686638192021e+01 6.367053556260939828e-01 2.237737898336267608e+04
1.192688885303991597e+01 6.629962570879526229e-01 1.829452257356664268e+04
1.190290878610016101e+01 6.910181563922681569e-01 1.493601691229979770e+04
1.188526051630280378e+01 7.207216785200133424e-01 1.216010131037116298e+04
1.187193492955533358e+01 7.520648881168052746e-01 9.893674937836714889e+03
1.186266871078714757e+01 7.849671006689719066e-01 8.003940283176369121e+03
1.185889392771296080e+01 8.193757606404220573e-01 6.517725318121990313e+03
1.186042029756423766e+01 8.551864255135654957e-01 5.250074261790498895e+03
1.186750673588919724e+01 8.922771167257227409e-01 4.294773637461818907e+03
1.187682648453286838e+01 9.305853105209636045e-01 3.492579665751907214e+03
1.188921381112590936e+01 9.699306884920211314e-01 2.848796546685607609e+03
1.190110885394861207e+01 1.010223417283309333e+00 2.327213912314751724e+03
1.191703283082946818e+01 1.051272778960080201e+00 1.906460504435069424e+03
1.193394883035573883e+01 1.093010795926707246e+00 1.567060363379225464e+03
1.195642480388616313e+01 1.135181942851523074e+00 1.290130583398655972e+03
1.197239388105857039e+01 1.177755906954616183e+00 1.066260972088579592e+03
1.198741233043046961e+01 1.220345973832559716e+00 8.851928527696567244e+02
1.200394678038790630e+01 1.263059172146477671e+00 7.375010343871019813e+02
1.201907793253239198e+01 1.305512639900862748e+00 6.159968964595784655e+02
1.203632285033177673e+01 1.347665491051296183e+00 5.167037507579351541e+02
1.204331800979744216e+01 1.389292914100100029e+00 4.352745195083911085e+02
1.205370969054389896e+01 1.430284135011012037e+00 3.682028921091754228e+02
1.205853874614019539e+01 1.470421563195250858e+00 3.128944345100866258e+02
1.206570857128630259e+01 1.509642902036474998e+00 2.655476771037467643e+02
1.206369318014993830e+01 1.547773685395978926e+00 2.286198031432780908e+02
1.206014274544180509e+01 1.584666096228227072e+00 1.966664150222418641e+02
1.205405777815156476e+01 1.620243000293086322e+00 1.701400915161131024e+02
1.204373875273313921e+01 1.654344320037995253e+00 1.467096178527487211e+02
1.202967784751630020e+01 1.686952199552059994e+00 1.277769195653428369e+02
1.201233659591916414e+01 1.717921543422309183e+00 1.124729729559802962e+02
1.199072681049341504e+01 1.747185191054536624e+00 9.882447517728368780e+01
1.196607705123471987e+01 1.774726939218957966e+00 8.721651206185400440e+01
1.193741325340429960e+01 1.800747658338228252e+00 7.714850141652296145e+01
1.190519144127111240e+01 1.826445819370143386e+00 6.827129258218195673e+01
1.187085383909274050e+01 1.851992868140214910e+00 6.001568167030781353e+01
1.183381005285297860e+01 1.877311142017907386e+00 5.322699693726653436e+01
1.179548580751101738e+01 1.902282787826518051e+00 4.676720157453939919e+01
1.175449160506322954e+01 1.926805127516160843e+00 4.145857970842023832e+01
1.171306518878491332e+01 1.950751214589621751e+00 3.663613457431486609e+01
1.166958943425051309e+01 1.973989847998592229e+00 3.241695490514546663e+01
1.162503510164736831e+01 1.996420788139788849e+00 2.872503364092099432e+01
1.157953485345604427e+01 2.017822456970594480e+00 2.551880299806073893e+01
1.153179945166187004e+01 2.037288867925350022e+00 2.270339197421328947e+01
1.148362285736289046e+01 2.054473014598656277e+00 2.041675454012666791e+01
1.143266918504453145e+01 2.069406391735056250e+00 1.854980841306370110e+01
1.138020934401225048e+01 2.082180737328779951e+00 1.685061612734046577e+01
1.132591786900037434e+01 2.092730726060449520e+00 1.539735103697861618e+01
1.126857213508800548e+01 2.101242404473471659e+00 1.415991730743487231e+01
1.120842385025469667e+01 2.108251569379986368e+00 1.302549374258054193e+01
1.114638378526381146e+01 2.113988421340869284e+00 1.197586115471470869e+01
1.108283662963244787e+01 2.118441089975624525e+00 1.110063718339047156e+01
1.101665835856596942e+01 2.121700477695302567e+00 1.028678560301808709e+01
1.094979112916763953e+01 2.123898293311767826e+00 9.522287785842108221e+00
1.088164490294677833e+01 2.125037762732684410e+00 8.880131197976806945e+00
1.081239741942669674e+01 2.124844956916006389e+00 8.259456975296590286e+00
1.074242989917387092e+01 2.123837631999049957e+00 7.728740462395388811e+00
1.067137303692211781e+01 2.121601332263538975e+00 7.263214282773995834e+00
1.060119917577319093e+01 2.118426205840215903e+00 6.808834420772081231e+00
1.052924370671869170e+01 2.114289271135470383e+00 6.419638108490894446e+00
1.045638426176520497e+01 2.109183464202210700e+00 6.068295764522209090e+00
1.038487577701709341e+01 2.103217916823844735e+00 5.747021816261013605e+00
1.031242943779493260e+01 2.096370733448467139e+00 5.469076206610540503e+00
1.024039867296990991e+01 2.088682110604508591e+00 5.222620875181879896e+00
1.016839416191466583e+01 2.080244795047377693e+00 4.981064951670697738e+00
1.009653621825691694e+01 2.070987637249895208e+00 4.779001721230108579e+00
1.002563404565221994e+01 2.061142653145461079e+00 4.588632972068108273e+00
9.954628752359150567e+00 2.050647995576532878e+00 4.422569368690953517e+00
9.884519086313918734e+00 2.039520574386623153e+00 4.276653468856453699e+00
9.815166997112815039e+00 2.027902511129067609e+00 4.154754042054260132e+00
9.746294690392675264e+00 2.015729690963008913e+00 4.038978188871176656e+00
9.678897741138605681e+00 2.003215210304052363e+00 3.924723003744064354e+00
9.612068454019651043e+00 1.990119818600969204e+00 3.838393203500683803e+00
9.548753473430876326e+00 1.977021958285141379e+00 3.768019018113026863e+00
