2.191799393479931801e-01 1.550982551689759603e+01 3.683552447462830693e+06
2.289459785136718772e-01 1.515792971503496034e+01 2.989988655983821955e+06
2.392148116892374721e-01 1.480668895862716461e+01 2.407959572390509304e+06
2.499986701951816548e-01 1.452318502780037690e+01 1.961266698718736181e+06
2.613106808202457221e-01 1.424223059486384457e+01 1.581102831917177420e+06
2.731712445338004280e-01 1.400156659955254312e+01 1.282235059071395779e+06
2.855968391631295011e-01 1.377883216948464806e+01 1.039950407649374916e+06
2.986070507612244018e-01 1.357809424968545997e+01 8.403229834200047189e+05
3.121680538819561757e-01 1.339345822760830451e+01 6.819267292063815985e+05
3.263508117308252521e-01 1.323774454486900432e+01 5.529474232152267359e+05
3.411517417368243321e-01 1.308104304166552545e+01 4.489513884653185960e+05
3.565755830636384571e-01 1.294477298606885007e+01 3.649731673354305676e+05
3.726221609849031391e-01 1.282030915596290122e+01 2.984006621998464107e+05
3.893235471847234508e-01 1.270749557053013667e+01 2.407702453474122740e+05
4.066780000484511715e-01 1.261066265931496844e+01 1.957597764214750787e+05
4.247073555860372829e-01 1.251190056956885677e+01 1.595057008816408634e+05
4.433583755811618676e-01 1.243200713446403860e+01 1.298463863919876312e+05
4.627111494205190523e-01 1.235593233004610170e+01 1.061422028169185942e+05
4.826830058714309812e-01 1.228680081235185106e+01 8.656009888270766533e+04
5.033539036453138493e-01 1.222337881913011159e+01 6.992430258004899952e+04
5.246703027456642854e-01 1.216542767898646638e+01 5.784492868727675523e+04
5.466507272456917477e-01 1.211304761589117795e+01 4.729270169207340223e+04
5.692902890970786833e-01 1.206451274428382625e+01 3.884035339607045898e+04
5.926557709792049655e-01 1.202106236003188933e+01 3.181844548223346283e+04
6.185324914787003747e-01 1.198288690828622371e+01 2.551818585800194705e+04
6.470543935371592115e-01 1.194698146174451026e+01 2.067613549602426792e+04
6.783764731787709223e-01 1.191837107408618479e+01 1.644210503633675035e+04
7.125127973373612811e-01 1.189987046687624250e+01 1.296762008817065362e+04
7.494831128143604193e-01 1.188778886573784277e+01 1.017547254821848037e+04
7.892896970461577011e-01 1.188892107844873713e+01 7.889384259414648113e+03
8.319029455763723435e-01 1.189701717946099535e+01 6.201019200656255634e+03
8.772798292565999745e-01 1.191392516140361479e+01 4.832510278002792802e+03
9.253475473253900407e-01 1.193838560224451939e+01 3.759387089261416349e+03
9.760386367011310016e-01 1.197171164262615051e+01 2.919278500057686415e+03
1.029208110989783487e+00 1.201023815605872969e+01 2.275266158825634648e+03
1.084739214117163009e+00 1.205546252436993804e+01 1.775734579551726483e+03
1.142473961726208520e+00 1.210956399289055518e+01 1.387957241404138358e+03
1.202242723239829836e+00 1.216255235374810617e+01 1.079133919139635282e+03
1.263795993829966102e+00 1.221680224790849678e+01 8.484734413890237192e+02
1.326964681658716616e+00 1.227623840373391850e+01 6.739903931075818946e+02
1.391511344433703057e+00 1.234094564422883700e+01 5.296391031434121714e+02
1.457190197153137357e+00 1.240157621443289315e+01 4.210311475753656509e+02
1.523717081540103768e+00 1.246795166225069096e+01 3.374166425850822293e+02
1.590750861378815273e+00 1.252774598569655851e+01 2.695618194481735941e+02
1.658102881834278897e+00 1.258867689059246686e+01 2.177749721578100264e+02
1.725416783400408161e+00 1.264749996233187090e+01 1.749374611661770587e+02
1.792432411561236227e+00 1.270532541576301178e+01 1.429768088575945910e+02
1.858973732637696052e+00 1.275900848377655983e+01 1.166967239245031038e+02
1.924524745722817398e+00 1.280936316555083998e+01 9.511991422805830609e+01
1.988967029657690233e+00 1.285638939381854762e+01 7.884005491829579171e+01
2.051973493943476612e+00 1.289941221617519140e+01 6.532390869748451223e+01
2.113381552690798859e+00 1.293644091104718719e+01 5.439029580590406709e+01
2.172897463296348697e+00 1.297016082489275846e+01 4.550785800511398094e+01
2.230326366367892721e+00 1.299819097297523918e+01 3.829278658045942763e+01
2.285443729746332586e+00 1.302151900823321995e+01 3.237297048071940253e+01
2.338118969931471280e+00 1.303978130421661241e+01 2.750719157615612076e+01
2.388203779162643592e+00 1.305137978697506185e+01 2.351865082606986945e+01
2.435577324804893085e+00 1.305887527644250312e+01 2.018112367568663146e+01
2.480107953337871152e+00 1.306071726764472984e+01 1.742644576426147296e+01
2.521739832207711363e+00 1.305704229828973162e+01 1.511431306325782309e+01
2.560423306612976457e+00 1.304771354883245316e+01 1.317544763646467665e+01
2.596111916105952933e+00 1.303404007707030665e+01 1.155483529491945305e+01
2.628793147686617093e+00 1.301407671282524348e+01 1.013702587736489313e+01
2.658471607494703015e+00 1.298985615688271089e+01 9.010747555201941594e+00
2.685162661054792288e+00 1.296057724959625190e+01 8.014614893422661979e+00
2.708901476716252255e+00 1.292681438358784973e+01 7.166549775933455102e+00
2.729741506816079522e+00 1.288865958935360112e+01 6.415673195714559185e+00
2.747742425187672310e+00 1.284614028067418623e+01 5.812287117487502819e+00
2.762990964118176240e+00 1.279996774005522653e+01 5.270348628560084236e+00
2.775560202793729392e+00 1.274962947117418821e+01 4.800568265201092366e+00
2.785547990758448389e+00 1.269604980871960898e+01 4.393230772349042468e+00
2.793056611303484704e+00 1.263887151505263695e+01 4.038052007675351440e+00
2.798187108899448994e+00 1.257915293952145142e+01 3.727705647885474427e+00
2.801053927027130630e+00 1.251630658406688568e+01 3.456760784432116207e+00
2.801763039780583942e+00 1.245078783243110188e+01 3.220429810868291831e+00
2.800434211226848547e+00 1.238344889856008990e+01 3.003503238381645346e+00
2.797187252243302780e+00 1.231365647058333046e+01 2.828086153986327567e+00
2.792134187126666500e+00 1.224300326400037875e+01 2.665924991289649437e+00
2.785397756558654958e+00 1.216938820734420013e+01 2.517875753157570617e+00
2.777086060672784296e+00 1.209512130239079575e+01 2.398381638832771667e+00
2.767322479240119648e+00 1.202016485782501753e+01 2.281812589849343542e+00
2.756212967886531473e+00 1.194453656993350776e+01 2.190000770855975443e+00
2.743875492725276199e+00 1.186777901175518402e+01 2.104745729312781588e+00
2.730408585903070229e+00 1.179118871676707236e+01 2.029400372698834776e+00
2.715922805380028393e+00 1.171411417360797991e+01 1.963701019390612146e+00
2.700752780314538803e+00 1.163933083059762907e+01 1.910259912229288259e+00
2.684769424467157162e+00 1.156796265132583557e+01 1.867360632069710258e+00
2.667884503770097560e+00 1.149868636467306438e+01 1.842084145082603319e+00
2.650194231506550313e+00 1.143172921602106662e+01 1.818708374258353855e+00
2.631835329158717318e+00 1.136656224178411456e+01 1.810267963732747898e+00
2.612929483028455735e+00 1.130374263744857366e+01 1.814878113482938149e+00
2.593641231476565778e+00 1.124286265648614958e+01 1.823100887181095864e+00
2.574056322351003345e+00 1.118416691852433331e+01 1.837036237902938574e+00
2.553783810023490197e+00 1.112510829649502320e+01 1.855696651499832761e+00
2.532813990053396136e+00 1.106531121484915303e+01 1.880809954019484698e+00
2.511419767573065620e+00 1.100606836917380882e+01 1.907995977992691605e+00
2.489762271957130402e+00 1.094644398453089096e+01 1.938188533760893062e+00
2.468059780249497681e+00 1.088782339043657643e+01 1.973207013735005733e+00
2.446408483693808922e+00 1.083029900077321273e+01 2.011306273023258928e+00
2.425022329898569140e+00 1.077392842285570573e+01 2.044795188475466929e+00
