2.191799393479931801e-01 1.550982551689759603e+01 3.683552447462830693e+06
2.286157083687074265e-01 1.515456470604128647e+01 2.971735511235092767e+06
2.384740858258447282e-01 1.483339748325350627e+01 2.446212082144805230e+06
2.488372607965912697e-01 1.458486175697603393e+01 1.993591681876727846e+06
2.596889776332079180e-01 1.427991982310088304e+01 1.633926783756508259e+06
2.710483879680475328e-01 1.404031230778634587e+01 1.329934758802297758e+06
2.829294976244975390e-01 1.382292654467391735e+01 1.085280156568143982e+06
2.953354148239816235e-01 1.362630703134936994e+01 8.847916561424498213e+05
3.082920853647628801e-01 1.344169977822143736e+01 7.246344257512098411e+05
3.218000873246150695e-01 1.328325345134887847e+01 5.918687213909295388e+05
3.358787890565594902e-01 1.312951448803050880e+01 4.836517311205388396e+05
3.505345648185413943e-01 1.299779604439203595e+01 3.946245132363339071e+05
3.657809788076192281e-01 1.287533217175201372e+01 3.230222150526257465e+05
3.816354928154674919e-01 1.275865225938431458e+01 2.616496971101150557e+05
3.980653201872001445e-01 1.265693592051677285e+01 2.168740185421686037e+05
4.151165776020246945e-01 1.256244498894757022e+01 1.761685663439808704e+05
4.327792035978800800e-01 1.248007380059386406e+01 1.461212224085248599e+05
4.510729357235960246e-01 1.239951718187822571e+01 1.197404536594327074e+05
4.699805755510054195e-01 1.232978398445267132e+01 9.844115448348938662e+04
4.895028750990217947e-01 1.225922581585623128e+01 8.010477579222398344e+04
5.096216647733468053e-01 1.220720306240194475e+01 6.661957642220036360e+04
5.303712059987906180e-01 1.215165064027902453e+01 5.487652571130118304e+04
5.517347601898541232e-01 1.210230119695121864e+01 4.524511918228361901e+04
5.736773406563651090e-01 1.205984530221119222e+01 3.735869945433273097e+04
5.965135820076666873e-01 1.201659146699973668e+01 3.076639584381421082e+04
6.218739410500887521e-01 1.197650972572878914e+01 2.509495839345976128e+04
6.497022420304537915e-01 1.194424130576857479e+01 2.027179753610899570e+04
6.801672033435217646e-01 1.191676684629234551e+01 1.622726473147499564e+04
7.132742337582822501e-01 1.190028844579541811e+01 1.290931787502279258e+04
7.490479595056603879e-01 1.189041762924335011e+01 1.021526052002519646e+04
7.874919885080491344e-01 1.188712967124276787e+01 8.051304825104846714e+03
8.285704469080443779e-01 1.189582408005707315e+01 6.324163325433222781e+03
8.722654786239094626e-01 1.191288127271378805e+01 4.966891717690938094e+03
9.185198769601755631e-01 1.193537380518745650e+01 3.896185662261030302e+03
9.672582540934653306e-01 1.196647305962656027e+01 3.052522236464139951e+03
1.018371886925339309e+00 1.200440043562370995e+01 2.397204835532969355e+03
1.071753617342181331e+00 1.204688536116145414e+01 1.884985519451031678e+03
1.127277105684020508e+00 1.209319180855052167e+01 1.482815282050007454e+03
1.184785225332999570e+00 1.214691406737398438e+01 1.169637044726940758e+03
1.244086770295654842e+00 1.220328275505737459e+01 9.257199460797750135e+02
1.305029995847151847e+00 1.226148430955718283e+01 7.342710445900593186e+02
1.367357092439017263e+00 1.232232433974612817e+01 5.847669074196753627e+02
1.430897140846991267e+00 1.238370788379441656e+01 4.665508948830633926e+02
1.495371630573237631e+00 1.244648593627284683e+01 3.740676115394413728e+02
1.560587994845830551e+00 1.250910254580773362e+01 3.009653382292180481e+02
1.626203178004081318e+00 1.257057879026727676e+01 2.432539929601136919e+02
1.692051537192027499e+00 1.263083387777015254e+01 1.972432811565834356e+02
1.757801516541140696e+00 1.268983424489431933e+01 1.606975564008281196e+02
1.822242338679771700e+00 1.274475324811631793e+01 1.320979168531918901e+02
1.884650026968670122e+00 1.279396165263201190e+01 1.091286768791022155e+02
1.944746495064725300e+00 1.283736676638041807e+01 9.092980792391747968e+01
2.002294404493461855e+00 1.287613750935728696e+01 7.632546268846623150e+01
2.057317650961434818e+00 1.290811857015106590e+01 6.445268335933675985e+01
2.109652120240335549e+00 1.293488283528257199e+01 5.485464038201004655e+01
2.159152338572769558e+00 1.295297331068789326e+01 4.671780327924521004e+01
2.205854672898927671e+00 1.296635515910224257e+01 4.017632700919660493e+01
2.249616192054654906e+00 1.297278070020436225e+01 3.493862179959564429e+01
2.290452048423553766e+00 1.297242589043843175e+01 3.041487516497299026e+01
2.328276989018287058e+00 1.296712356273693700e+01 2.662461279001432857e+01
2.363265047621073034e+00 1.295565060420838854e+01 2.340125615101878509e+01
2.394999954703759482e+00 1.293785532535086524e+01 2.070819809044531112e+01
2.423888584025387427e+00 1.291439749547423510e+01 1.840439158949564558e+01
2.449879424258722072e+00 1.288568780401607228e+01 1.643769521943992729e+01
2.472988178647003377e+00 1.285193439411815142e+01 1.473908919465096190e+01
2.492910469107482818e+00 1.281429534423659966e+01 1.331649140955213717e+01
2.508288386383951352e+00 1.277036754721543765e+01 1.213735854645811507e+01
2.519727324541073177e+00 1.272210736466513836e+01 1.112039374374199063e+01
2.527383643510859645e+00 1.266837566242297797e+01 1.034188012239366827e+01
2.531580005762207985e+00 1.260988728631471822e+01 9.651115765249603129e+00
2.532633039067253122e+00 1.254750806054785706e+01 9.062955208356251902e+00
2.530853515351068062e+00 1.248161703586456284e+01 8.555297808377098079e+00
2.526464557510926134e+00 1.241277153543009781e+01 8.125492499779696232e+00
2.519783346715935402e+00 1.234052210772286706e+01 7.742766779563108770e+00
2.510999026279862711e+00 1.226596056286481584e+01 7.438706924804084686e+00
2.500313689713364873e+00 1.218939521523851965e+01 7.167249201594795949e+00
2.488110135590359651e+00 1.210872361225186289e+01 6.903562617231631116e+00
2.474649496928118086e+00 1.202229336173854612e+01 6.641443342558733143e+00
2.460560602677560382e+00 1.193263762192719923e+01 6.352984454138090875e+00
2.445962476119526663e+00 1.184119047876243691e+01 6.137578493536428148e+00
2.431118654049997385e+00 1.174674940811121715e+01 5.885461982624753396e+00
2.415886208169215621e+00 1.165166118581142207e+01 5.649973110331052872e+00
2.400558130380085142e+00 1.155557190003234425e+01 5.417294820391224341e+00
2.385101776596437517e+00 1.145908931079955373e+01 5.194744162549786992e+00
2.369457070325952319e+00 1.136289314941890183e+01 4.967595037186139706e+00
2.353848954754287348e+00 1.126674825659197587e+01 4.775779718731775425e+00
2.338053195543454255e+00 1.117114254793582973e+01 4.573842403483689090e+00
2.322366435627230441e+00 1.107689608049743235e+01 4.392501376044810613e+00
2.306489615561377438e+00 1.098413631886007913e+01 4.242425937541669079e+00
2.290573699579683264e+00 1.089425875038751812e+01 4.083639652605119963e+00
2.274556419146926967e+00 1.080623609934656848e+01 3.954394018785433840e+00
2.258279300169669490e+00 1.072019787873974472e+01 3.845045767763763056e+00
2.241964493710868478e+00 1.063627759312265297e+01 3.728453237619137717e+00
2.225225258708117160e+00 1.055402099777891145e+01 3.645720371930663450e+00
2.208406117091247900e+00 1.047379370463925596e+01 3.565770249969841377e+00
2.191482216256793958e+00 1.039559636787860875e+01 3.489805827405703997e+00
2.174446593320228160e+00 1.031937918659971487e+01 3.433024840514738329e+00
2.157287943752764114e+00 1.024533145196282469e+01 3.394624374117368060e+00
2.139945017573192665e+00 1.017330946407706982e+01 3.355236597054684022e+00
2.122613400973055953e+00 1.010331037961897493e+01 3.328193564189421139e+00
2.105312509756524619e+00 1.003532514971987410e+01 3.297908824424878205e+00
