2.191799393479931801e-01 1.550982551689759603e+01 3.683552447462830693e+06
2.285954396173425218e-01 1.515821272656625851e+01 2.974631697041641455e+06
2.384346785993696205e-01 1.484453598898877047e+01 2.454808339841937181e+06
2.487776011386692576e-01 1.455010314036351105e+01 2.004174307520634262e+06
2.596047181319033337e-01 1.427945269364744263e+01 1.630924604863283224e+06
2.709378045365369858e-01 1.404844203303047401e+01 1.334274781376971630e+06
2.827907036597960277e-01 1.382347759045611113e+01 1.086873695143082878e+06
2.951683441764318405e-01 1.362887128773013323e+01 8.812717038203660632e+05
3.080953537617535654e-01 1.344403788156261648e+01 7.275452272138358094e+05
3.215678665635937072e-01 1.328353990750013125e+01 5.934531827117365319e+05
3.356059714312145115e-01 1.313410554799450836e+01 4.852386698994230828e+05
3.502207030988516157e-01 1.299922302153141196e+01 3.965799405071072979e+05
3.654290072893734420e-01 1.287379563108650338e+01 3.227566711053780164e+05
3.812355485366514252e-01 1.276223330330528505e+01 2.659473518862254568e+05
3.976386062505141705e-01 1.266102859655153878e+01 2.160749889570457162e+05
4.146135378371985647e-01 1.256497270193809079e+01 1.789013014069035999e+05
4.322321747460305397e-01 1.247791198833508020e+01 1.466862000537322310e+05
4.504758266509473197e-01 1.240251853589630571e+01 1.204276963010162872e+05
4.693238501987554989e-01 1.233108554588979544e+01 9.912436821420870547e+04
4.887866395219672699e-01 1.226221749989561616e+01 8.159828944157580554e+04
5.088440653300605465e-01 1.220860262990921541e+01 6.715082206578952901e+04
5.295310461264582935e-01 1.215666669450995840e+01 5.529630350325752806e+04
5.508283669205613631e-01 1.210857878107834118e+01 4.560219265027603251e+04
5.727051960593314561e-01 1.205937735189683302e+01 3.764486625522136455e+04
5.954207793793951931e-01 1.201903687484623973e+01 3.109487680298249325e+04
6.206027489055159219e-01 1.197762103452785531e+01 2.536914340711073237e+04
6.482670283667997246e-01 1.194224012633974397e+01 2.031086534798730645e+04
6.785413638217759891e-01 1.191905192652639833e+01 1.626196954093893328e+04
7.114442389278183843e-01 1.190024703979359799e+01 1.306836925304535180e+04
7.470058932899280579e-01 1.188734032668229013e+01 1.035976160415544109e+04
7.852247206384590505e-01 1.189042801501997992e+01 8.155045940207172862e+03
8.260744829797056488e-01 1.189412820238313095e+01 6.421384055016364073e+03
8.695317864593938850e-01 1.191203981560327740e+01 5.037229278384635109e+03
9.155388498418487453e-01 1.193497752762527497e+01 3.953016767879736108e+03
9.640303547345129287e-01 1.196483144942331478e+01 3.102363453843781826e+03
1.014894994186530397e+00 1.200177481385689582e+01 2.436440789482525361e+03
1.068022991617081141e+00 1.204345739821420835e+01 1.913663759883133935e+03
1.123295451506775899e+00 1.209026271376262152e+01 1.509497583438363563e+03
1.180584905045705790e+00 1.214353688311002344e+01 1.189310192204314717e+03
1.239625983573321655e+00 1.219803995715767186e+01 9.421789911759966571e+02
1.300305806223841731e+00 1.225715058808851587e+01 7.473397281099860265e+02
1.362448318483062693e+00 1.231818313894615002e+01 5.946180229142752296e+02
1.425780321151573382e+00 1.237890549572604471e+01 4.749669847008256625e+02
1.490047234708229196e+00 1.244108179703299122e+01 3.807505422024664199e+02
1.555085266587225235e+00 1.250391624032204518e+01 3.063900403371627590e+02
1.620603486416672956e+00 1.256771449217602665e+01 2.475330801617870691e+02
1.686274325793449602e+00 1.262843280874376894e+01 2.008565871917862466e+02
1.751906678595910982e+00 1.268484722289308309e+01 1.637199816407860453e+02
1.817308885706845345e+00 1.274100737066000377e+01 1.332730136769004616e+02
1.882036719580791440e+00 1.279406769256811316e+01 1.101687325165980411e+02
1.946083641110768703e+00 1.284421513215210631e+01 9.093115581951772697e+01
2.009000622848165385e+00 1.289104688886258643e+01 7.545547468720084794e+01
2.070564722538673408e+00 1.293462574067378235e+01 6.264988483878217096e+01
2.130637486810060377e+00 1.297306964867133239e+01 5.267570861748369282e+01
2.189024856699085753e+00 1.300715521918839812e+01 4.432067970373373811e+01
2.245440688558293374e+00 1.303611152981103416e+01 3.747575243398756584e+01
2.299778635341317212e+00 1.306137307725845353e+01 3.183306802200927166e+01
2.351835715117810643e+00 1.308118292490709855e+01 2.717364622663554741e+01
2.401500767747653864e+00 1.309600341355370468e+01 2.331893194196944208e+01
2.448647626182461678e+00 1.310596521486186639e+01 2.009326793942354428e+01
2.493212478510375085e+00 1.311123360305465013e+01 1.739361045591712696e+01
2.535069241894705616e+00 1.311112136830988995e+01 1.512882579992974463e+01
2.574188215082145792e+00 1.310607477656241571e+01 1.317548836043672367e+01
2.610521224320439870e+00 1.309607603839474876e+01 1.162131633772664863e+01
2.644048412434924611e+00 1.308127360270277606e+01 1.025581683283511936e+01
2.674775323096372670e+00 1.306191019834052369e+01 9.090003016668834590e+00
2.702680491371833416e+00 1.303784655329145536e+01 8.097565382447520221e+00
2.727811578921735869e+00 1.300969611252543245e+01 7.244839656757558366e+00
2.750192706134016785e+00 1.297670635813212314e+01 6.511726784393707668e+00
2.769887824493964423e+00 1.293988717985802772e+01 5.876732941497042617e+00
2.786953291677808586e+00 1.289944635689413666e+01 5.330078419382116905e+00
2.801454927280185636e+00 1.285467224550933629e+01 4.853643149091324105e+00
2.813475872069891359e+00 1.280724639378422225e+01 4.438233475772196179e+00
2.823028351309161632e+00 1.275623716371117133e+01 4.064190950159655813e+00
2.828642208517620826e+00 1.270363090764134029e+01 3.788762919468458445e+00
2.829652452361942405e+00 1.264831059408033909e+01 3.565664518078952572e+00
2.826506654473152746e+00 1.258939017628460988e+01 3.391636771737939871e+00
2.819697092609941613e+00 1.252794576226704315e+01 3.252745717870928921e+00
2.809808791663590544e+00 1.246395984528530043e+01 3.147514847139572414e+00
2.797309714003574310e+00 1.239760134508989431e+01 3.067130526496584242e+00
2.782591550157517801e+00 1.233039034533399914e+01 3.006683621852150434e+00
2.766055073132033471e+00 1.226160137077531509e+01 2.974357081735985453e+00
2.748049482087813633e+00 1.219202611104508804e+01 2.928821134878327737e+00
2.728706621858571602e+00 1.212262259828741939e+01 2.918375398457371706e+00
2.707710680049353780e+00 1.204926561241653893e+01 2.908525249510522492e+00
2.685415896588995377e+00 1.197268160336926002e+01 2.904224568036468224e+00
2.662277454602785642e+00 1.189394398897382032e+01 2.901945334601910620e+00
2.638471097276993582e+00 1.181350749528701982e+01 2.902204538002995271e+00
2.614277837522371861e+00 1.173198789515062224e+01 2.894291523172995095e+00
2.589751347344161569e+00 1.165027109612629452e+01 2.907580378206326088e+00
2.565101510359552250e+00 1.156799246003845028e+01 2.913203241088073270e+00
2.540397177236844328e+00 1.148611506419471162e+01 2.914179603193600698e+00
2.515723696906561724e+00 1.140541309334064124e+01 2.934454901615621836e+00
2.491133170664822760e+00 1.132498625858037400e+01 2.940473727845912322e+00
2.466707611465809968e+00 1.124529928735778306e+01 2.964137417765292604e+00
2.442586020679819114e+00 1.116771280872092120e+01 2.984994261277007510e+00
2.418505584785180851e+00 1.109117980641835466e+01 2.998613231855339123e+00
2.395005183247669756e+00 1.101690437622739083e+01 3.035203229035456030e+00
2.372106939835932238e+00 1.094563961591815904e+01 3.053816429788601905e+00
2.350071077121740792e+00 1.087829412392737538e+01 3.095963979273449240e+00
