2.191799393479931801e-01 1.550982551689759603e+01 3.683552447462830693e+06
2.286205027007385260e-01 1.518975047386146393e+01 2.970482053501363378e+06
2.384860785451023424e-01 1.483677597633648659e+01 2.453066554751754738e+06
2.488575770411775856e-01 1.454900592219150646e+01 2.001923727157896850e+06
2.597166755713194997e-01 1.427131057825166671e+01 1.626044936502211262e+06
2.710837371529972173e-01 1.404520495242508282e+01 1.328418665136587340e+06
2.829746130633217227e-01 1.382152452472519322e+01 1.084814348626544699e+06
2.953904936811882487e-01 1.361912646884925415e+01 8.845162907775121275e+05
3.083600447823818813e-01 1.344313413865263129e+01 7.225803080310934456e+05
3.218767738390829192e-01 1.328583239834303065e+01 5.907771039735849481e+05
3.359670378419473136e-01 1.313223277433308489e+01 4.831031297489904100e+05
3.506360620740829326e-01 1.299985374538520944e+01 3.943117103849894484e+05
3.658958514558035557e-01 1.287491427463891114e+01 3.229283568108447944e+05
3.817624759383312916e-01 1.275706980775746224e+01 2.640281951311578741e+05
3.982081309915763701e-01 1.265752506496490781e+01 2.163070064865850436e+05
4.152786228954481462e-01 1.256622879855671826e+01 1.775854591055677156e+05
4.329576603647384281e-01 1.248004737677360687e+01 1.455845739886315714e+05
4.512669045857646832e-01 1.240203924271948388e+01 1.194385955228017701e+05
4.701941309844759331e-01 1.232864911800299090e+01 9.823151394105068175e+04
4.897331291139651044e-01 1.226350718277288721e+01 8.071847971268871333e+04
5.098741560103908776e-01 1.220510152927381675e+01 6.645417995768558467e+04
5.306447557658094949e-01 1.214991879250442608e+01 5.474905427487099223e+04
5.520295110205999389e-01 1.210503468907496050e+01 4.518633151231469674e+04
5.739930759483442557e-01 1.205858878848349924e+01 3.727137699767736922e+04
5.968714910415907626e-01 1.201494359874885198e+01 3.074076641452011972e+04
6.222814966040822737e-01 1.197614863100325699e+01 2.506046414404312964e+04
6.501638092552048942e-01 1.194398575640021853e+01 2.018511534395090712e+04
6.806801278138039368e-01 1.191775261110782402e+01 1.615728009436591674e+04
7.138404116088228335e-01 1.189935883934844085e+01 1.285971919331999925e+04
7.496651666047420282e-01 1.189166966849922602e+01 1.016553317887402955e+04
7.881559419325269156e-01 1.188944772143203998e+01 8.014205557791337014e+03
8.292843069244946186e-01 1.189678337566683020e+01 6.311699326458777250e+03
8.730249016518921712e-01 1.191280645314813036e+01 4.942771039842296886e+03
9.193093213081098281e-01 1.193488419573202819e+01 3.881114471639643398e+03
9.680911286098647928e-01 1.196683278711393683e+01 3.042174502910494994e+03
1.019234155083986737e+00 1.200251597169690143e+01 2.385398963258609001e+03
1.072629731019692390e+00 1.204537150813116497e+01 1.875650867608820136e+03
1.128181426751042160e+00 1.209494481926626541e+01 1.477736545160049900e+03
1.185680630460798080e+00 1.214712422482584309e+01 1.165005532657367667e+03
1.244989885516011308e+00 1.220709770178462605e+01 9.218676388434410001e+02
1.305880853727692914e+00 1.226170772235180806e+01 7.259116745783768465e+02
1.368193270711933085e+00 1.232466048833413375e+01 5.819377804185547802e+02
1.431691505445637391e+00 1.238423510137443984e+01 4.649248405716960519e+02
1.496115948646423055e+00 1.244639076587331061e+01 3.731798178379305568e+02
1.561272704736883288e+00 1.250771126311886228e+01 2.999426014185034433e+02
1.626767043557957537e+00 1.257256695720977469e+01 2.423743796452682489e+02
1.692542588592718111e+00 1.262970843249852670e+01 1.958287682662803775e+02
1.758180942610559905e+00 1.268757225220004692e+01 1.603841554386818586e+02
1.823463025081212274e+00 1.274358495645234512e+01 1.312532763623388234e+02
1.888313330434726156e+00 1.279824847548979072e+01 1.078416091423962939e+02
1.952077114202717567e+00 1.284597420972239767e+01 8.912933204233873141e+01
2.014831164012831799e+00 1.289159088265095754e+01 7.398610582872701968e+01
2.076209271276787671e+00 1.293431029278844591e+01 6.167196254408927558e+01
2.136034522819570736e+00 1.297154796892666084e+01 5.162822603414088718e+01
2.194129538742604968e+00 1.300487748524128229e+01 4.344735172793910749e+01
2.250204606528451112e+00 1.303350434177485084e+01 3.679296496258708515e+01
2.304176890143880385e+00 1.305735415229239038e+01 3.128131753291386730e+01
2.355857703621684784e+00 1.307629057379232229e+01 2.670568071144662881e+01
2.405111553947267833e+00 1.308965497440943437e+01 2.291226059623373601e+01
2.451808093894645157e+00 1.309887870997998505e+01 1.977231390703942537e+01
2.495897303918972021e+00 1.310273719424939465e+01 1.712637602631472333e+01
2.537222953999080932e+00 1.310173719553048421e+01 1.491006529252185864e+01
2.574626790790662589e+00 1.309439460934834543e+01 1.309263740516301056e+01
2.607526459212683445e+00 1.308099875973847404e+01 1.157986509921638785e+01
2.636081078288984081e+00 1.306076451997697951e+01 1.029602155292036514e+01
2.660475631247403605e+00 1.303419320105770041e+01 9.296035494554654832e+00
2.680915849154021036e+00 1.300096839502998058e+01 8.409876135114126683e+00
2.697638464351392429e+00 1.296211590570942107e+01 7.663075992349246413e+00
2.710892568898779942e+00 1.291809074343214370e+01 7.021987122946641513e+00
2.720840482096648749e+00 1.286901859439919882e+01 6.470289905190036883e+00
2.727745765547926027e+00 1.281481268096526804e+01 5.993983418288526543e+00
2.731781459049999583e+00 1.275722697599778499e+01 5.563300832349126424e+00
2.733180113429330316e+00 1.269544576928166002e+01 5.223089069266355189e+00
2.732112726943325853e+00 1.262991786936458460e+01 4.891491360404455868e+00
2.728763560920034248e+00 1.256218592653317145e+01 4.637344624323328723e+00
2.723311932232626464e+00 1.249130607334034693e+01 4.385236719240323211e+00
2.715912591540008414e+00 1.242325380589505635e+01 4.208208895722768794e+00
2.704957851438953842e+00 1.235614129263450600e+01 4.081286367884891852e+00
2.691462484788609721e+00 1.228258188609470380e+01 3.964815114780626537e+00
2.676249952946526456e+00 1.220583076583388760e+01 3.849189240240488363e+00
2.659788383668227230e+00 1.212542852151326933e+01 3.763173018996363695e+00
2.642273895601225497e+00 1.204286142994468278e+01 3.677156404874934115e+00
2.624013375715844809e+00 1.195861444866677914e+01 3.593451204333989679e+00
2.604922430351486184e+00 1.187362473188161793e+01 3.518713823262542117e+00
2.585359808133126602e+00 1.178798389880363295e+01 3.451783550067462070e+00
2.565303400020568336e+00 1.170269569101260743e+01 3.389242688038978546e+00
2.544864084370441315e+00 1.161727952322438995e+01 3.325654640123099526e+00
2.524140437236130019e+00 1.153190159892900901e+01 3.277146941307823358e+00
2.503258706118512311e+00 1.144755358244162124e+01 3.242132242176766432e+00
2.482004941810118659e+00 1.136355472097159591e+01 3.206764186336496181e+00
2.460834610896297292e+00 1.128147865587420640e+01 3.164428443790876511e+00
2.439424303570965513e+00 1.119962431547994086e+01 3.146684722230416842e+00
2.418032602618303883e+00 1.111944988533380929e+01 3.120612328612145880e+00
2.396615255988873816e+00 1.104092915659636986e+01 3.108524579367584195e+00
2.375167022141528861e+00 1.096405425692368674e+01 3.101410847164918660e+00
2.353969219940683644e+00 1.088882267138324700e+01 3.097760604779173477e+00
2.332750951323415034e+00 1.081546154621510425e+01 3.102830410516832949e+00
2.311779657508114205e+00 1.074424498538086503e+01 3.112146756319957408e+00
2.291117558381557284e+00 1.067566472020210355e+01 3.135182917136575931e+00
2.270785657562330861e+00 1.061039621595959304e+01 3.158676421924819344e+00
