2.191799393479931801e-01 1.550982551689759603e+01 3.683552447462830693e+06
2.277804384443969099e-01 1.518363868789091420e+01 3.049757056737869047e+06
2.367791645178157212e-01 1.489555940466969552e+01 2.530952999288913794e+06
2.461625079340491740e-01 1.464010235903108459e+01 2.099321758072234225e+06
2.559589711236922582e-01 1.436669517319253941e+01 1.748808620706666494e+06
2.661780300226714302e-01 1.413654125888122870e+01 1.451050486652154243e+06
2.768292258020136898e-01 1.393566254976202501e+01 1.205226312226515962e+06
2.879241613820220924e-01 1.374110872122173710e+01 9.991178895426002564e+05
2.994639337780861665e-01 1.356631709952642595e+01 8.303303456004654290e+05
3.114578890526265575e-01 1.340400262479057503e+01 6.895611974358232692e+05
3.239326217979339728e-01 1.326239948302661453e+01 5.729711769290894736e+05
3.368710385978678223e-01 1.312167929572432357e+01 4.764358657944381703e+05
3.503003990655487176e-01 1.299595701670527248e+01 3.963724615193611826e+05
3.642449199442945873e-01 1.288943480400183716e+01 3.299630003970481921e+05
3.786458627501649854e-01 1.277777267290176866e+01 2.747183668943932862e+05
3.935727598898283719e-01 1.267905739317335012e+01 2.264979219579419587e+05
4.090091855664995668e-01 1.259323822053483610e+01 1.905885706812331337e+05
4.249701654738814449e-01 1.251629770651026696e+01 1.589925925744123233e+05
4.414096574863126676e-01 1.243881245544311120e+01 1.327987517593775992e+05
4.584246369520419417e-01 1.237117729262448407e+01 1.109188907057462493e+05
4.759125581313705666e-01 1.230773077643543090e+01 9.257472808307384548e+04
4.939220402280383726e-01 1.225177198872936302e+01 7.746745898869280063e+04
5.124484492697501947e-01 1.219872529087459689e+01 6.487940577176431543e+04
5.314961460957939865e-01 1.214797173208450509e+01 5.431402485503953358e+04
5.510575893489382260e-01 1.210483166813918565e+01 4.555369956661503966e+04
5.711046550759989460e-01 1.206329618414256721e+01 3.815987234497097961e+04
5.917663415802971727e-01 1.202059849542587244e+01 3.205432759321095000e+04
6.143870506836252021e-01 1.198773233982560527e+01 2.644586766397651081e+04
6.391263829154308906e-01 1.195546990843873303e+01 2.195315184457091891e+04
6.660583438304751303e-01 1.192555674394063203e+01 1.797500018161831758e+04
6.952037013943265231e-01 1.190813780335371064e+01 1.460217305778025730e+04
7.265966444284156500e-01 1.189490612550628512e+01 1.169949447367523135e+04
7.602306903460654963e-01 1.189007217313442943e+01 9.514466983316058759e+03
7.961269070446775897e-01 1.189135003226908438e+01 7.644401200687554592e+03
8.342525191264410500e-01 1.189843184018755196e+01 6.128494094753074023e+03
8.745894628506147850e-01 1.191383438781296711e+01 4.909148737939603961e+03
9.170718388250184150e-01 1.193633215669816749e+01 3.926517476989885381e+03
9.616707166874991497e-01 1.196397790236061809e+01 3.140796538278767457e+03
1.008312074792545809e+00 1.199785156342066372e+01 2.515940309053577948e+03
1.056894675825680752e+00 1.203727782794386947e+01 2.016722034400378789e+03
1.107333446256864251e+00 1.207981970038395225e+01 1.616283511309376763e+03
1.159515310425534906e+00 1.212664746793344861e+01 1.299439248336521132e+03
1.213319436702472442e+00 1.217760683628383767e+01 1.046429324751110698e+03
1.268603663989337216e+00 1.223018646908753837e+01 8.446531077287330618e+02
1.325185487754544367e+00 1.228570544548948895e+01 6.841410080762138932e+02
1.382997466512206008e+00 1.234292368828924857e+01 5.547088097094996328e+02
1.441719270894642912e+00 1.240125586848014372e+01 4.515639983248021849e+02
1.501314393113656331e+00 1.245918370367028238e+01 3.683801230262710078e+02
1.561523338897623514e+00 1.251988944147135463e+01 3.015875198578812615e+02
1.622099147894742632e+00 1.257693243877076839e+01 2.479446157830307413e+02
1.683041660566913400e+00 1.263196229256971925e+01 2.044320263993103879e+02
1.743862259711701279e+00 1.269000913575992939e+01 1.691404784019902365e+02
1.804540368739995904e+00 1.274275525942146281e+01 1.404439318067746569e+02
1.864839514114715824e+00 1.279272856842800010e+01 1.171536976004818484e+02
1.924591290585816461e+00 1.284201617707486953e+01 9.800840941788256089e+01
1.983598649020829052e+00 1.288803400456891346e+01 8.228918842182265792e+01
2.041561392479144921e+00 1.293070453841890100e+01 6.943229074227893705e+01
2.098420951830600067e+00 1.297070860611951737e+01 5.875594615122420805e+01
2.153942777052361368e+00 1.300777711870759923e+01 4.996003760231216972e+01
2.208025774458715063e+00 1.303913607664762075e+01 4.261320687661972073e+01
2.260459139420590180e+00 1.306758880134456646e+01 3.653018202998426034e+01
2.311130253411068924e+00 1.309241347576580949e+01 3.141799808894262469e+01
2.359444906023762556e+00 1.311227858468844332e+01 2.717240961134868016e+01
2.405148710134175527e+00 1.312775607468380734e+01 2.361052976732387521e+01
2.448113728302891534e+00 1.313711143815968185e+01 2.064679728860171437e+01
2.488353742878713248e+00 1.314239003562028962e+01 1.813279980761543797e+01
2.525846382358337028e+00 1.314254780156191593e+01 1.601440061930078684e+01
2.560612192095176098e+00 1.313747116408184645e+01 1.419213380371165556e+01
2.592640878080436639e+00 1.312735698636357284e+01 1.265126864793846018e+01
2.621978880310752213e+00 1.311263538597255973e+01 1.132245453367564636e+01
2.648634350150421035e+00 1.309337355793312163e+01 1.017606760713893443e+01
2.672720957027506561e+00 1.306967183191252069e+01 9.186941569550548081e+00
2.694138182766877332e+00 1.304192813976109910e+01 8.328372436549662083e+00
2.713118168961779375e+00 1.301014488189219698e+01 7.585590263889171680e+00
2.729630647830605383e+00 1.297346600535495575e+01 6.907576552440351847e+00
2.743820630512587844e+00 1.293392875608992654e+01 6.354617700412548587e+00
2.755778590429156516e+00 1.289110912503074502e+01 5.851429231440826051e+00
2.765478556565778678e+00 1.284460444462963125e+01 5.390041475852192399e+00
2.772993035488474867e+00 1.279560056445207472e+01 5.016263255176808045e+00
2.778555046791967520e+00 1.274322804952542754e+01 4.673066629719102139e+00
2.782151836893502317e+00 1.268841400983113310e+01 4.350914906408052119e+00
2.783955555848343089e+00 1.263135215285896074e+01 4.093291871815934790e+00
2.783913096266733334e+00 1.257201720254794175e+01 3.849780638709833447e+00
2.782218176813143540e+00 1.251038346566394210e+01 3.634464287736206334e+00
2.779030712636405998e+00 1.244733421149315333e+01 3.442779356644888100e+00
2.774223147711727844e+00 1.238218179167544264e+01 3.258954547752292985e+00
2.768103779173620271e+00 1.231621518030039653e+01 3.114525389422125645e+00
2.760647592792057736e+00 1.224939586114597745e+01 2.977194565623765499e+00
2.752023625120033845e+00 1.218099658512278971e+01 2.845852843641223373e+00
2.742193380661935187e+00 1.211126698660032375e+01 2.734698539601231992e+00
2.731416541581973778e+00 1.204151077488733534e+01 2.637594827787284490e+00
2.719528821477256386e+00 1.197095360254820484e+01 2.557814376406470469e+00
2.706834046953432438e+00 1.189986586355922071e+01 2.480526037014096019e+00
2.693308735262102349e+00 1.182924887434206873e+01 2.411520420586324320e+00
2.679061599557697626e+00 1.175798528326916603e+01 2.344336971743784748e+00
2.664085372057141576e+00 1.168708891659860072e+01 2.296826898026951724e+00
2.648547034705248215e+00 1.161595634915572894e+01 2.248467216030766380e+00
2.633009143803485941e+00 1.154763908827981211e+01 2.208661950579958955e+00
2.620838662384183948e+00 1.150458274813803605e+01 2.202148063270530365e+00
2.610542264391064293e+00 1.147724784890706751e+01 2.220389280388059827e+00
