1.550982551689759603e+01 2.191799393479931801e-01 3.683552447462830693e+06
1.519011335451151545e+01 2.273282968318114661e-01 3.085433921576001681e+06
1.491173367348251944e+01 2.358256904218085925e-01 2.587489237240421120e+06
1.465880157817845131e+01 2.446910930951279595e-01 2.170022455021991394e+06
1.441515655435023646e+01 2.539123323220469075e-01 1.810997097097142832e+06
1.419322558474996931e+01 2.635130802712207787e-01 1.519304055336941499e+06
1.399655696271565475e+01 2.735008063551948587e-01 1.274743994226585841e+06
1.380675714795792430e+01 2.838839811242454547e-01 1.067139554794585565e+06
1.363600840279497817e+01 2.946649867219941488e-01 8.964758933445590083e+05
1.348245986918672124e+01 3.058562677671408658e-01 7.508250465575617272e+05
1.332863133098985919e+01 3.174912070954762355e-01 6.294404267559776781e+05
1.319586225659202938e+01 3.295030032315932056e-01 5.283792371490158839e+05
1.307060184412690518e+01 3.419657262643351903e-01 4.446194473541246261e+05
1.296229377336821820e+01 3.548781938937977665e-01 3.726857763750175363e+05
1.285204199067580966e+01 3.682219853761261041e-01 3.131462377610226977e+05
1.275775202815085230e+01 3.820395126994696189e-01 2.630659130426698830e+05
1.266722071961600626e+01 3.962901853435395472e-01 2.217515118522406847e+05
1.258440851792156678e+01 4.110239231118931191e-01 1.864077040689578571e+05
1.250953365055175581e+01 4.261863324324933755e-01 1.569506210865563771e+05
1.243836515827036848e+01 4.418146047830080470e-01 1.321311354522483016e+05
1.237288950387261721e+01 4.579340819148871033e-01 1.114789517534543702e+05
1.231301441649506678e+01 4.745190111975057801e-01 9.398600962746374717e+04
1.225925299915379441e+01 4.915558036534551367e-01 7.921722473249476752e+04
1.220837826619106004e+01 5.090506847390942058e-01 6.700613918309599103e+04
1.216018898598768239e+01 5.270192549137124871e-01 5.667235459278935014e+04
1.211644285894697681e+01 5.454500123933081479e-01 4.785139412351560168e+04
1.207505656417053608e+01 5.643436814129947354e-01 4.049250076727836131e+04
1.203802130592511332e+01 5.836463492537711240e-01 3.431507053232695762e+04
1.200371824271438292e+01 6.040720899538207789e-01 2.895404278036316828e+04
1.197128529228169391e+01 6.259391248012482478e-01 2.428675917930374635e+04
1.194049816596902325e+01 6.492748791438400779e-01 2.027849471090820589e+04
1.191706347964372270e+01 6.740744657090893543e-01 1.689520583085869657e+04
1.189657502812130652e+01 7.003200330911770743e-01 1.400907197572098084e+04
1.188065757934184674e+01 7.279479881440747979e-01 1.159310301196921864e+04
1.186859459675205031e+01 7.569460646491074085e-01 9.585110167634909885e+03
1.186399075315363305e+01 7.872502330083851474e-01 7.918189127114793337e+03
1.186079130378056945e+01 8.188118623763001036e-01 6.533687785664687908e+03
1.186257028905208877e+01 8.515138905906541877e-01 5.393506474570011960e+03
1.186569804072163237e+01 8.853707489672080211e-01 4.464538572193964683e+03
1.187505056080096999e+01 9.202374389164319490e-01 3.692965855317783735e+03
1.188401569041642247e+01 9.559901840096980408e-01 3.058550342795477263e+03
1.189444062530967017e+01 9.925687804158958016e-01 2.540537889219572207e+03
1.191043285703304022e+01 1.029905970175612140e+00 2.112059183498792663e+03
1.192470906719483992e+01 1.067756064865316379e+00 1.762777524539303386e+03
1.193996862606592835e+01 1.106195285426538000e+00 1.461807054351395891e+03
1.195737653973882431e+01 1.144941676699956945e+00 1.225224792072145419e+03
1.197553384600171889e+01 1.183875160364669998e+00 1.038664358475554536e+03
1.198826712623515434e+01 1.222988369067121717e+00 8.746365249709047021e+02
1.200521182354222560e+01 1.262145576399338998e+00 7.393529471912422650e+02
1.201815812965731745e+01 1.301051240004085896e+00 6.274647348266624931e+02
1.203078494893828321e+01 1.339725524334471674e+00 5.339944178134417143e+02
1.204108890002624932e+01 1.377998043668214212e+00 4.562377023836711487e+02
1.204916676849569690e+01 1.415725358836278813e+00 3.906577041857952963e+02
1.205640537961436642e+01 1.452834699673578367e+00 3.360873238966008216e+02
1.206096967359155236e+01 1.489202869159751419e+00 2.899340851506588592e+02
1.206365439918172378e+01 1.524732784690728371e+00 2.511317397055713627e+02
1.206538779851158516e+01 1.559259716720564626e+00 2.182131129367253095e+02
1.205919800483704662e+01 1.592755772249947244e+00 1.902886802952305629e+02
1.205434135574168053e+01 1.625125010179965912e+00 1.664780054450267244e+02
1.204336291854966490e+01 1.656233357138096274e+00 1.454884504515759716e+02
1.203095162480656555e+01 1.686091017930336777e+00 1.282883159715150327e+02
1.201448531565618438e+01 1.714465952371918123e+00 1.141650319273148568e+02
1.199603559420622467e+01 1.740857595565393545e+00 1.016810802327550647e+02
1.197218072266638877e+01 1.765212389490685485e+00 9.087886593808862301e+01
1.194863266841562854e+01 1.787504563091055987e+00 8.172710325413024179e+01
1.191641687934945892e+01 1.807778372204587258e+00 7.390241315307278569e+01
1.188266910138234067e+01 1.826129279896843149e+00 6.706831811630408424e+01
1.184611545709331004e+01 1.842476380317968898e+00 6.114110403891717738e+01
1.180526342511281079e+01 1.856948802956732480e+00 5.593156423775608488e+01
1.176198348321966058e+01 1.869728539654392341e+00 5.138988883383378692e+01
1.171579722895530118e+01 1.880563885063601059e+00 4.739820395753246629e+01
1.166740492639111793e+01 1.889817514583331581e+00 4.391895381312853175e+01
1.161529994938340948e+01 1.897316785163757569e+00 4.086585413388375798e+01
1.156116872894939007e+01 1.903287201085301694e+00 3.808409746265180473e+01
1.150578870101308127e+01 1.907799466223168317e+00 3.563533607968785333e+01
1.144776953482286785e+01 1.910826740430255910e+00 3.329620008298952172e+01
1.138710231298691689e+01 1.912645232615596935e+00 3.142449324003797884e+01
1.132253824562365629e+01 1.913964781171860974e+00 2.947262549833643064e+01
1.125298406868835599e+01 1.915150014125618139e+00 2.758650076105664439e+01
1.118250256475035975e+01 1.916343896635448241e+00 2.574224601563616233e+01
1.110896836047310465e+01 1.917549371512108136e+00 2.394731458005570346e+01
1.103416171547512725e+01 1.918877526813311363e+00 2.224022711696784071e+01
1.095884068909307452e+01 1.920328529953915453e+00 2.061170615310128795e+01
1.088209222248753960e+01 1.921846523818590224e+00 1.908725158584520187e+01
1.081197699368111564e+01 1.922361660912240255e+00 1.782791516613984939e+01
1.074703369812830189e+01 1.921026348402442352e+00 1.685162080310363564e+01
1.068493399162226964e+01 1.917778709691791983e+00 1.606412579820601039e+01
1.062604314784763737e+01 1.912832717327905607e+00 1.546464115255201399e+01
1.056843566844979243e+01 1.906275575450240733e+00 1.493798681339587731e+01
1.051194576753323062e+01 1.898320922078864603e+00 1.462588207247132566e+01
1.045655205329162563e+01 1.889201662386711167e+00 1.429459763323007060e+01
1.039693834871636824e+01 1.878620347128820534e+00 1.408144730203636286e+01
1.033187083988633503e+01 1.867093284948957432e+00 1.381177772053555408e+01
1.026340973383552146e+01 1.854862148360926000e+00 1.349577558209758088e+01
1.019101916405282360e+01 1.842144941834236160e+00 1.320959236028974537e+01
1.011750097526621772e+01 1.829098559119857637e+00 1.291495149945115273e+01
1.004038488022105469e+01 1.815804858868692806e+00 1.259778446037546651e+01
9.961637844277507980e+00 1.802305569927824314e+00 1.229387250699225120e+01
9.882027093230993486e+00 1.788812830349265193e+00 1.196067103525771458e+01
9.800761762385484133e+00 1.775245151626650753e+00 1.163279708979771421e+01
