2.191799393479931801e-01 1.550982551689759603e+01 3.683552447462830693e+06
2.278656812273756327e-01 1.518709991705774165e+01 3.055381892491369508e+06
2.369460821627703828e-01 1.488134383530616489e+01 2.523311664122140501e+06
2.464415057329790437e-01 1.460768632724613525e+01 2.096630663548897719e+06
2.563480632000180726e-01 1.436352281385342167e+01 1.729788595027023228e+06
2.666839280667671064e-01 1.413381616247927219e+01 1.441251882787444163e+06
2.774622612818712364e-01 1.391912070823318359e+01 1.189686780728035606e+06
2.886925165977081154e-01 1.372906932162727500e+01 9.864331679150522687e+05
3.003805145431084345e-01 1.354937226475251677e+01 8.171289348498247564e+05
3.125263279700697394e-01 1.339266003851261111e+01 6.789192094288225053e+05
3.251588382623677442e-01 1.325076715214062695e+01 5.624371874452802585e+05
3.382783555138846321e-01 1.310560125944406806e+01 4.673280266770098824e+05
3.519041879475326984e-01 1.298684061143884350e+01 3.875497067420805106e+05
3.660142643360586034e-01 1.286548698598977936e+01 3.229877869400828495e+05
3.806567208209994391e-01 1.276461104828024951e+01 2.680496208634996437e+05
3.957859381773853880e-01 1.266926125613465004e+01 2.231989184417265351e+05
4.114438861281316528e-01 1.258111254308019511e+01 1.854488034415490401e+05
4.276311077529733051e-01 1.250209176458811733e+01 1.544336759971179126e+05
4.443593047317658251e-01 1.242723781145699391e+01 1.286059409356384276e+05
4.616026526292918430e-01 1.235969550366435143e+01 1.071065474765116087e+05
4.793648901827525788e-01 1.229696332740781806e+01 8.951553998520997993e+04
4.976479178167941830e-01 1.223924472914908890e+01 7.467363882535732409e+04
5.164649202177848952e-01 1.218796825591998889e+01 6.243943477021813305e+04
5.358109334292899817e-01 1.213849267833922774e+01 5.221126333901904582e+04
5.556797947597581500e-01 1.209250205995196303e+01 4.370558056522893457e+04
5.760413985143852944e-01 1.205174306205635659e+01 3.629292348836025485e+04
5.972278346457065012e-01 1.201398139697196576e+01 3.063772520939123569e+04
6.206763987024506157e-01 1.197712830592825917e+01 2.534276209921931149e+04
6.462296912591031228e-01 1.194805820734552704e+01 2.062750957102507891e+04
6.740587990071441604e-01 1.192033662820085027e+01 1.694843414184088761e+04
7.041561329100464173e-01 1.190380990722029431e+01 1.373121009447704819e+04
7.365588413364723142e-01 1.189205488396419241e+01 1.107634198807629764e+04
7.712584459093253519e-01 1.188886463383125225e+01 8.892092575780976404e+03
8.082776765802663910e-01 1.189393336282408598e+01 7.112700004358585829e+03
8.475712316769107302e-01 1.190378611534681497e+01 5.688005661488893566e+03
8.891079006821408504e-01 1.192155368836493246e+01 4.544337398816728637e+03
9.328479758146490664e-01 1.194676482287234620e+01 3.623177777365187012e+03
9.787249339832869710e-01 1.197703390449054517e+01 2.896498245733202111e+03
1.026659789315288673e+00 1.201371984029292328e+01 2.311362371174350301e+03
1.076565629193277251e+00 1.205548195600087880e+01 1.849421109666485563e+03
1.128338719233108467e+00 1.210080023730143850e+01 1.480747378137952637e+03
1.181857665799289192e+00 1.214954431083921271e+01 1.188358995364236762e+03
1.236983092813884300e+00 1.220468814522686607e+01 9.555214338697641097e+02
1.293596741184545706e+00 1.225785214300375969e+01 7.700742451193449369e+02
1.351467200206984520e+00 1.231452281326897946e+01 6.223868571216902410e+02
1.410495084430958279e+00 1.237293374897677367e+01 5.040723654209498932e+02
1.470496137885976218e+00 1.243341416393548293e+01 4.100321838719171410e+02
1.531225214256485279e+00 1.249140305363976111e+01 3.344639108835808656e+02
1.592551820282822383e+00 1.255113134623909588e+01 2.735162018809760411e+02
1.654210677211399361e+00 1.261040660986665785e+01 2.244603842721343483e+02
1.716030868540055598e+00 1.266743140768775966e+01 1.850925409135507209e+02
1.777761495358726185e+00 1.272411085552769094e+01 1.521125752687621571e+02
1.839257661818978651e+00 1.277788925056468550e+01 1.270761306250274316e+02
1.900264204274941582e+00 1.282923808158547807e+01 1.059103052228523865e+02
1.960611963209988318e+00 1.287757729055004141e+01 8.856956725215447079e+01
2.020022116688319880e+00 1.292430354268702075e+01 7.438771780299879310e+01
2.078474308109779845e+00 1.296740235260515206e+01 6.272163016549794889e+01
2.135518247476259734e+00 1.300561013228625562e+01 5.313210027953446257e+01
2.191208343918928048e+00 1.304218337703803421e+01 4.515388890915423303e+01
2.245353110086186987e+00 1.307226902323094464e+01 3.855573951879851791e+01
2.297691849135006681e+00 1.309978575034264914e+01 3.303944130818830871e+01
2.348232459426228047e+00 1.312305048821212061e+01 2.841418083175850029e+01
2.396732794685632495e+00 1.314227685728281259e+01 2.454690673819409241e+01
2.443166100499964077e+00 1.315702748914004339e+01 2.132282862545848445e+01
2.487390349176421100e+00 1.316778513594103650e+01 1.858092955771208921e+01
2.529377299069816676e+00 1.317406830883069269e+01 1.625911899834294871e+01
2.568948910234312155e+00 1.317570889821128510e+01 1.427976377085876614e+01
2.604518083841425913e+00 1.317202085802811773e+01 1.259771015907381297e+01
2.635413478800544773e+00 1.316225660529943120e+01 1.132421515329851402e+01
2.661842839231231661e+00 1.314542816379415768e+01 1.020868950315780310e+01
2.684098131107679919e+00 1.312211096579384417e+01 9.250688889861322650e+00
2.702398699479681365e+00 1.309266509550267443e+01 8.484372901472962525e+00
2.717062831359453590e+00 1.305710792932389097e+01 7.811069580492387310e+00
2.728348779918231770e+00 1.301721925528832635e+01 7.232731377039376852e+00
2.736470662392016973e+00 1.297182185533703880e+01 6.735810319363730869e+00
2.741700610641928382e+00 1.292266443550732369e+01 6.310003693302439487e+00
2.744247427340785972e+00 1.286891289036608299e+01 5.930278358695892926e+00
2.744303219013060957e+00 1.281194410162300557e+01 5.581751067384486120e+00
2.742080023238150144e+00 1.275112019889759374e+01 5.313933156469965446e+00
2.737775213004836505e+00 1.268769172171761106e+01 5.059813171583587454e+00
2.731539981618770874e+00 1.262215926352195261e+01 4.839980899710619511e+00
2.723558284041165400e+00 1.255437408388063858e+01 4.643356184263162767e+00
2.713970299657699314e+00 1.248434070382382544e+01 4.473233317682445254e+00
2.702940833154133138e+00 1.241324495330767519e+01 4.305601828269369769e+00
2.690565259346017424e+00 1.234068349670743459e+01 4.174841948787620716e+00
2.676935968454080772e+00 1.226519615681240793e+01 4.064140564483063933e+00
2.662338130110903478e+00 1.218701726200388080e+01 3.946459200636243558e+00
2.647194570766166155e+00 1.210739352426810811e+01 3.831035574455837089e+00
2.631142387673319760e+00 1.202479663166186619e+01 3.726832259538579439e+00
2.614789410507688316e+00 1.194241598959408535e+01 3.624863858473447831e+00
2.598052869057277281e+00 1.185915814669105650e+01 3.528186710655071501e+00
2.581002898748582908e+00 1.177595716014634952e+01 3.436779516664197232e+00
2.563837747958197522e+00 1.169260109521025193e+01 3.348207767588517569e+00
2.546221975187528574e+00 1.160897779393565443e+01 3.259236417314339995e+00
2.528554132465618665e+00 1.152630662673957396e+01 3.182431077083206272e+00
2.510722469689424141e+00 1.144402045975206228e+01 3.119948577482057228e+00
2.492946636459469456e+00 1.136319124311743067e+01 3.046367170746687947e+00
2.477446518817325138e+00 1.129843651714425690e+01 3.017041644427961966e+00
2.463907361707223131e+00 1.125037569384891256e+01 3.013744238780599716e+00
2.451454672305462879e+00 1.121373226747316565e+01 3.033991015164279492e+00
