2.191799393479931801e-01 1.550982551689759603e+01 3.683552447462830693e+06
2.281864507230390582e-01 1.516039239942150019e+01 3.037764999232663307e+06
2.376113201369327299e-01 1.486349750662783009e+01 2.495036651337194722e+06
2.474829492894272398e-01 1.458965871106663847e+01 2.060042722674339777e+06
2.577979418534759870e-01 1.432490088270229656e+01 1.686290123798235320e+06
2.685768663918670640e-01 1.408840760608481091e+01 1.392351119549975265e+06
2.798314974267820388e-01 1.387902437860384808e+01 1.143444623784526018e+06
2.915767598386343473e-01 1.368810376726373157e+01 9.409163925992577570e+05
3.037976285445649349e-01 1.350598130344462788e+01 7.747552951018700842e+05
3.165437400280148861e-01 1.334763255850504393e+01 6.389721833237454994e+05
3.297944560593711882e-01 1.319935684540070397e+01 5.272771088518222095e+05
3.435713348478788287e-01 1.305882989680141648e+01 4.348690009110001847e+05
3.578839095992520924e-01 1.293343580709761120e+01 3.583551120717414306e+05
3.727385202787488194e-01 1.282049647494898004e+01 2.957281864635876263e+05
3.881468695965508697e-01 1.271638371112585197e+01 2.445003454666105099e+05
4.041045304010966177e-01 1.262328805473293336e+01 2.019975555702064885e+05
4.206255885705907360e-01 1.253958130483129274e+01 1.670180254169049440e+05
4.377117192922548305e-01 1.245644015338537791e+01 1.382040127229180653e+05
4.553684899865042546e-01 1.238337620644203696e+01 1.143952440305730270e+05
4.735996421949276725e-01 1.231829686975093630e+01 9.473925148858742614e+04
4.923773968448099114e-01 1.225504471707130882e+01 7.873512638043068000e+04
5.117183575664043804e-01 1.220036069468958395e+01 6.462695291344172438e+04
5.316269759314652399e-01 1.214778082342834509e+01 5.424873920545123110e+04
5.520994872955838906e-01 1.210251500984307071e+01 4.507481882019924524e+04
5.731009191356637444e-01 1.205829189964245707e+01 3.754106672648921813e+04
5.948934984311431418e-01 1.201737267268998366e+01 3.125373395798670754e+04
6.189290950375316847e-01 1.198102816937351456e+01 2.567384847418871868e+04
6.452900842892387301e-01 1.194923788255534447e+01 2.093474518226837245e+04
6.740697573003517906e-01 1.192242942710092812e+01 1.695982244087344225e+04
7.052909360690405860e-01 1.190301444774568296e+01 1.361841246608750407e+04
7.389837198025400733e-01 1.189384856074626029e+01 1.088256364655554535e+04
7.751506837307228226e-01 1.188847054071742804e+01 8.680309582893658444e+03
8.137843610140302886e-01 1.189441430534158428e+01 6.895745557788421138e+03
8.548744887034773754e-01 1.190698671558046051e+01 5.467162675070690966e+03
8.983460428646123930e-01 1.192654243093986111e+01 4.329360938096131576e+03
9.441696334783222788e-01 1.195302627465870771e+01 3.427400614307525757e+03
9.922869287621707279e-01 1.198686804850003895e+01 2.691174850768304623e+03
1.042572124539817180e+00 1.202641016410580832e+01 2.132302519730342738e+03
1.094940609230943940e+00 1.207121558325042265e+01 1.706502558012291729e+03
1.149274678445734832e+00 1.211954692110582954e+01 1.346723138648034819e+03
1.205413571940903594e+00 1.217185595348878202e+01 1.080681380133396488e+03
1.263232333413675690e+00 1.222890381541081339e+01 8.639929366962460335e+02
1.322536250672308178e+00 1.228558992749652212e+01 6.917756324950253202e+02
1.383136641713163639e+00 1.234634554277159779e+01 5.551562656609921760e+02
1.444865998899280024e+00 1.240902109663618447e+01 4.442914379139884318e+02
1.507509837751216830e+00 1.246893225201780631e+01 3.618503743706079376e+02
1.570836467345894105e+00 1.253143101582930719e+01 2.935524050125505937e+02
1.634612347355386630e+00 1.259235346754130624e+01 2.390046479506007415e+02
1.698700214252579999e+00 1.265173993328742874e+01 1.954048457537280115e+02
1.762663058098762559e+00 1.271079495442674734e+01 1.603114128263720488e+02
1.826438547478632879e+00 1.276708316464984705e+01 1.321008032755155739e+02
1.889783876855761102e+00 1.282128418418589888e+01 1.092949340401082452e+02
1.952533148366534688e+00 1.287170318268410973e+01 9.078030819407459262e+01
2.014163794210942271e+00 1.291948437157881990e+01 7.578222900501131676e+01
2.074862394743089311e+00 1.296490268129171319e+01 6.354650553354548492e+01
2.134020970991311383e+00 1.300513237067075245e+01 5.339692313567032755e+01
2.191759608740885934e+00 1.304293246829280406e+01 4.512118446431627206e+01
2.247837793070651458e+00 1.307453106533469267e+01 3.830367247392155150e+01
2.301983933084597034e+00 1.310272749942173398e+01 3.268248611725449848e+01
2.354184787190084283e+00 1.312675745226456492e+01 2.795781430051235006e+01
2.404193628991829979e+00 1.314623972454660183e+01 2.404717112869117557e+01
2.451949228951893378e+00 1.316089238386106608e+01 2.077375927555364399e+01
2.497335830234816090e+00 1.317097858725082560e+01 1.802266069677199312e+01
2.540300399172671142e+00 1.317627250154324692e+01 1.570485896522185598e+01
2.580738461871753486e+00 1.317711325327948302e+01 1.375630911002786405e+01
2.618624059826720085e+00 1.317346443974699888e+01 1.209147391794567383e+01
2.653923862338142925e+00 1.316500163579067539e+01 1.067683268040441291e+01
2.686615671285430551e+00 1.315237817386243080e+01 9.468995419922919154e+00
2.716689678581015954e+00 1.313551212615384856e+01 8.426893254529407074e+00
2.744165362768051786e+00 1.311410716515388408e+01 7.536109827368766112e+00
2.769059516942281363e+00 1.308916618919849206e+01 6.768548206015742252e+00
2.791392996146816241e+00 1.305958850840028340e+01 6.108943532285355360e+00
2.811231701853602161e+00 1.302657548782233476e+01 5.530663032725981587e+00
2.828608950596230187e+00 1.298977708851790247e+01 5.025772904639783434e+00
2.843595593062953952e+00 1.294943260000072982e+01 4.589762574655609662e+00
2.856262982664703909e+00 1.290599541117209093e+01 4.207359664331247195e+00
2.866666350269146513e+00 1.285913157845575050e+01 3.851129207790334963e+00
2.874908274052612178e+00 1.280994532548316833e+01 3.574221439253711274e+00
2.881047290127019878e+00 1.275797886600615350e+01 3.315138633587348060e+00
2.885188618361863355e+00 1.270306044622564912e+01 3.084056750153653770e+00
2.887412580747892754e+00 1.264626699984958691e+01 2.882075368098675483e+00
2.887820440135426381e+00 1.258718734281397467e+01 2.694154930015010496e+00
2.884106832922562980e+00 1.253758125168815418e+01 2.595188043005216549e+00
2.874531898785682049e+00 1.249916158400957755e+01 2.575508180522691593e+00
2.862191993010551272e+00 1.246644418900750928e+01 2.594962483248000940e+00
2.846229501839713016e+00 1.242821346211137268e+01 2.636395915676495338e+00
2.827386000671553212e+00 1.238392751028955630e+01 2.681797669620727298e+00
2.806569439067472693e+00 1.233553559133781974e+01 2.748636538487269743e+00
2.783767125444033486e+00 1.228146795211360853e+01 2.813055276017411899e+00
2.759238120863517718e+00 1.222271509922265587e+01 2.882961163053966214e+00
2.733331888791843411e+00 1.216003313015296250e+01 2.959260317496660520e+00
2.706332440154790575e+00 1.209357582796746300e+01 3.035684584757947668e+00
2.678522644051660517e+00 1.202491309243276874e+01 3.117034142019336596e+00
2.650069001275697556e+00 1.195252186119218862e+01 3.199146953144322847e+00
2.621039246689126134e+00 1.187821489190322310e+01 3.274632310654063794e+00
2.591798992373930854e+00 1.180223872377744243e+01 3.360031254998425254e+00
2.562411830130816082e+00 1.172531948853205463e+01 3.456393779744236561e+00
2.532921053407176881e+00 1.164697347507402725e+01 3.543431134057880350e+00
2.503497059798073021e+00 1.156821376929809730e+01 3.632691785081435754e+00
2.474228789698342368e+00 1.148920587630569656e+01 3.722167361928960805e+00
