1.550982551689759603e+01 2.191799393479931801e-01 3.683552447462830693e+06
1.519979966322706844e+01 2.275805563330668690e-01 3.075418666388047859e+06
1.489949516991394418e+01 2.363563317430194266e-01 2.558332734241347760e+06
1.462429444897125386e+01 2.455124432638428889e-01 2.129836193204132374e+06
1.439811295780202371e+01 2.550546357416350607e-01 1.781680280034103198e+06
1.416019656099628854e+01 2.649993062073771610e-01 1.480326520394867286e+06
1.395633467697270014e+01 2.753568031264025939e-01 1.234737795681222342e+06
1.376953691715652361e+01 2.861359837343919743e-01 1.027269116104233311e+06
1.359880650372518929e+01 2.973336414142290773e-01 8.599057343985601328e+05
1.343361863990308791e+01 3.089790373032068049e-01 7.159316921182423830e+05
1.328841396811206188e+01 3.210709269329118931e-01 5.985101083968870807e+05
1.315569692946266045e+01 3.336060641871508303e-01 4.988807267500639427e+05
1.302982301451740987e+01 3.466015105155281217e-01 4.170196606787269702e+05
1.291765896989665485e+01 3.600723319441034298e-01 3.485134908638683846e+05
1.281246120513983655e+01 3.740145789670052401e-01 2.912676601699010353e+05
1.271360625574709680e+01 3.884412568821471456e-01 2.433621062571557413e+05
1.262700621543718427e+01 4.033542188189131461e-01 2.036510740757206804e+05
1.254482478949124058e+01 4.187457994283440010e-01 1.706617664340144838e+05
1.247003253958864555e+01 4.346501215572111665e-01 1.429328466399668250e+05
1.240054606182827079e+01 4.510368363114917734e-01 1.197064710435773886e+05
1.233640133135781092e+01 4.679242034748902768e-01 1.005530127846952382e+05
1.228038359165377891e+01 4.852848552864367226e-01 8.429778508530382533e+04
1.222156594766546078e+01 5.031533452607354073e-01 7.019822739326527517e+04
1.217526593323771245e+01 5.215105454778364846e-01 5.948025831629547611e+04
1.212886155247256070e+01 5.403613349113969289e-01 5.023382272209943767e+04
1.208620573548351551e+01 5.597041499895181182e-01 4.219089989922866516e+04
1.204579572731544346e+01 5.794885934076239309e-01 3.559533470347977709e+04
1.200851360645354227e+01 6.002249278222738793e-01 2.989280580061037108e+04
1.197379375281402503e+01 6.225226598725003280e-01 2.497336527619392291e+04
1.194511684073456870e+01 6.463442007256604560e-01 2.076159580850741258e+04
1.191926520791293242e+01 6.717449341352486059e-01 1.716598391383889611e+04
1.189731489311131263e+01 6.986354587613823330e-01 1.418100327340868353e+04
1.188175230638449698e+01 7.270585220086004385e-01 1.165983611737500360e+04
1.187122805416410820e+01 7.569123631791344620e-01 9.582726510038241031e+03
1.186367728816384925e+01 7.881527776819567954e-01 7.825485857219522586e+03
1.186051904635806764e+01 8.207309062540331102e-01 6.460227740032466500e+03
1.186179813040088860e+01 8.545258913741092810e-01 5.305097848486414478e+03
1.186727571223274502e+01 8.894942872260429567e-01 4.360449843968338428e+03
1.187529546344215525e+01 9.261394741522882557e-01 3.577926294072392466e+03
1.188787994119894620e+01 9.648635172253572367e-01 2.928405585598017751e+03
1.190530529109125091e+01 1.005583643351457113e+00 2.389089280925637468e+03
1.192439123963776915e+01 1.048152397445925033e+00 1.949921711899005231e+03
1.195181316986916009e+01 1.092661627166007232e+00 1.589662832534151221e+03
1.198026380252420253e+01 1.138875223365350964e+00 1.296064066025460988e+03
1.201377594576803709e+01 1.186725561457838474e+00 1.057355581567251420e+03
1.204886777608390069e+01 1.236126371766357535e+00 8.620093002765900110e+02
1.208608534567680515e+01 1.286894587630996734e+00 7.047887257654188033e+02
1.212746716726736196e+01 1.338895715563180655e+00 5.728034583142436986e+02
1.216727532798116052e+01 1.391968751031315454e+00 4.734126204253726087e+02
1.220960684345898528e+01 1.445945919042414207e+00 3.893301755880184487e+02
1.225321040438820575e+01 1.500728578860158313e+00 3.207207738843200104e+02
1.229950687788782560e+01 1.556021701506292487e+00 2.650130015174756863e+02
1.233904397643696527e+01 1.611749636370047867e+00 2.194028485251744200e+02
1.238488731440597412e+01 1.667621472014036987e+00 1.826755176821220914e+02
1.242372202232020406e+01 1.723551516894990199e+00 1.523284489181351660e+02
1.246399173263291793e+01 1.779266185927752320e+00 1.274506219753398994e+02
1.250322703827551329e+01 1.834644761961336190e+00 1.070459591135347637e+02
1.254206365374380638e+01 1.889511805383385035e+00 9.015075663004961370e+01
1.257451625035343845e+01 1.943620594239361843e+00 7.625422005994380470e+01
1.260610982938711011e+01 1.996895535846039627e+00 6.467131928695235388e+01
1.263583307547239265e+01 2.049044328663927939e+00 5.510883738737226878e+01
1.266246677839396462e+01 2.100025370994084373e+00 4.713535307727713075e+01
1.268611287754255379e+01 2.149695161332072502e+00 4.039338194976488694e+01
1.270624025940025525e+01 2.197823989522475596e+00 3.479100912233970178e+01
1.272220563038748686e+01 2.244379228391343961e+00 2.997100109544619073e+01
1.273533471835197695e+01 2.289217064291376946e+00 2.605669902626294387e+01
1.274519715252472274e+01 2.332274621846200269e+00 2.274161778303192349e+01
1.275109328949376852e+01 2.373384113785891092e+00 1.988693592250039899e+01
1.275372882591376644e+01 2.412529459676977073e+00 1.745216044745414408e+01
1.275270020078997568e+01 2.449641891149095141e+00 1.537888034993050468e+01
1.274767523640667122e+01 2.484682758904919631e+00 1.360655263997328923e+01
1.273964945916371683e+01 2.517591494425638565e+00 1.207861473868240765e+01
1.272751282852424026e+01 2.548354482400448262e+00 1.075990932361951913e+01
1.271203944315383261e+01 2.576961215275749950e+00 9.627511552933384564e+00
1.269332795494638866e+01 2.603413603532101828e+00 8.646009180630811031e+00
1.267087240778315582e+01 2.627692377453772821e+00 7.788139780745651386e+00
1.264522246514046699e+01 2.649840707957777042e+00 7.037261454267412120e+00
1.261671548605224658e+01 2.669866571607549144e+00 6.390852063654738124e+00
1.258483783660004995e+01 2.687798096313413154e+00 5.803612275302183932e+00
1.255005999915518089e+01 2.703690249696976355e+00 5.320851248639669073e+00
1.251237339035533047e+01 2.717571205506065013e+00 4.881863047851289217e+00
1.247185257532041547e+01 2.729465175917292097e+00 4.498737676769837712e+00
1.242928420808477163e+01 2.739515580015421836e+00 4.151658242237457053e+00
1.238430451375524477e+01 2.747697158787594240e+00 3.849638593457960667e+00
1.233685185254429761e+01 2.754099105041958317e+00 3.570271787678826581e+00
1.228731388951424996e+01 2.758790345746521044e+00 3.340563475244421099e+00
1.224527232320063597e+01 2.758175648606090657e+00 3.191226931889849627e+00
1.220844733489318656e+01 2.750705090069350156e+00 3.158776162904282536e+00
1.216589070239745496e+01 2.738670361057972791e+00 3.147545385132514806e+00
1.211734886022434310e+01 2.723895761651335956e+00 3.151020896886228329e+00
1.206577432810611228e+01 2.707239438311633606e+00 3.159470481606236003e+00
1.200998240881822099e+01 2.689089197246265162e+00 3.186784810098790555e+00
1.195221057947740384e+01 2.670005321881598004e+00 3.201225918959068828e+00
1.189412777466317017e+01 2.650075078380741633e+00 3.229780312724376046e+00
1.183463568999108162e+01 2.629549814005899933e+00 3.253007459945325142e+00
1.177479105212749388e+01 2.608569497039810337e+00 3.301671449255045854e+00
1.171472869647783455e+01 2.587275791728262941e+00 3.334609523133394759e+00
1.165516817988115150e+01 2.565766305376468104e+00 3.392277851702338420e+00
1.159575290499309119e+01 2.544163856300485360e+00 3.445162462994670882e+00
1.154405278385679168e+01 2.524715273546718208e+00 3.500052100871701821e+00
