1.550982551689759603e+01 2.191799393479931801e-01 3.683552447462830693e+06
1.516747349479901708e+01 2.282932474694723268e-01 3.029408905136950780e+06
1.485084628364467285e+01 2.378306303126382637e-01 2.487096135611460079e+06
1.457431537974891533e+01 2.478290194397545776e-01 2.041679112919352716e+06
1.430817597943473984e+01 2.582807573671439538e-01 1.670145378174757352e+06
1.407518071750280342e+01 2.692070625996179634e-01 1.373766988326979568e+06
1.386391135461049018e+01 2.806203397120567433e-01 1.127712288478724193e+06
1.366565528742050972e+01 2.925408438654660825e-01 9.274614777414855780e+05
1.348912034114547254e+01 3.049436550843055982e-01 7.627716654055420076e+05
1.332891388440278035e+01 3.178859943746371042e-01 6.265619505871497095e+05
1.317834186374014038e+01 3.313409830439681958e-01 5.161228856089264154e+05
1.304188001313017864e+01 3.453396159213822925e-01 4.248413953280160204e+05
1.291845523438077947e+01 3.598937357294186290e-01 3.489014513565619127e+05
1.280316668740560004e+01 3.749929600006172148e-01 2.876089792037730804e+05
1.270069251955532685e+01 3.906641737807743930e-01 2.351907240920159966e+05
1.260795877571602830e+01 4.069029305216831371e-01 1.954969144405742118e+05
1.252226347934955086e+01 4.237129365079390086e-01 1.617819182034509140e+05
1.244202607311543218e+01 4.410942114242600298e-01 1.332555022489965195e+05
1.236820850206155065e+01 4.590946233131785736e-01 1.101933521927503607e+05
1.230129163598545361e+01 4.776311549041347693e-01 9.111676803030201700e+04
1.224267323335553215e+01 4.967457516162301911e-01 7.548434748146813945e+04
1.218639403527851783e+01 5.164438085729936567e-01 6.249422789080936491e+04
1.213660465522799470e+01 5.367223735684095720e-01 5.190882110963141167e+04
1.209125311901272504e+01 5.575752236471975820e-01 4.292843986510492687e+04
1.204671306428100053e+01 5.789561800078628639e-01 3.568587297910964844e+04
1.200718354425054812e+01 6.014256162989940480e-01 2.959301286647158850e+04
1.196940221678691074e+01 6.257029235646656140e-01 2.435999406634639672e+04
1.193969488554267144e+01 6.517991843007439057e-01 1.991896874965297320e+04
1.191219698032475094e+01 6.796911601703717887e-01 1.622230287933328509e+04
1.189078934839822388e+01 7.093977575539242020e-01 1.315822726247761238e+04
1.187564255867921936e+01 7.408161213864014050e-01 1.064302303461184783e+04
1.186554555396857324e+01 7.738947272390542809e-01 8.608394803981636869e+03
1.186231174149537537e+01 8.085603768302136451e-01 6.952763838832728652e+03
1.186076864944376474e+01 8.447233887136965658e-01 5.619060762522200093e+03
1.186543804995022633e+01 8.822963789994493489e-01 4.502945132727311830e+03
1.187473116493281822e+01 9.220918437593739192e-01 3.657334013372738809e+03
1.188767701014386269e+01 9.643005706931466747e-01 2.937771588137325580e+03
1.190929743125171747e+01 1.008892965970063171e+00 2.355859964765168115e+03
1.193332134216974616e+01 1.055727757155461743e+00 1.885753736023468036e+03
1.196312028538663341e+01 1.104825220217845461e+00 1.509515952708026589e+03
1.199754552087492421e+01 1.155961285333635624e+00 1.208113679053687292e+03
1.203482974704646047e+01 1.208961306729745111e+00 9.680446760091922442e+02
1.207524407824196189e+01 1.263737097348559546e+00 7.760367906441446166e+02
1.211993138817239490e+01 1.320065056256095826e+00 6.236146920464960886e+02
1.216538324771393142e+01 1.377772705758374627e+00 5.022283553541756760e+02
1.221325426127032188e+01 1.436675253244539707e+00 4.037593275384381855e+02
1.226211213890144869e+01 1.496504838869184617e+00 3.283182111187283567e+02
1.230977875871746008e+01 1.557097073205743865e+00 2.668232420226407839e+02
1.236213334932457109e+01 1.618186499942411816e+00 2.172039484592018823e+02
1.240799614358206249e+01 1.679526426040978127e+00 1.778728446599163817e+02
1.245745170986823425e+01 1.740942145917512507e+00 1.460272464599640330e+02
1.250316096263669863e+01 1.802096331497680559e+00 1.203144457262718561e+02
1.254433381356700572e+01 1.862828049541683351e+00 9.959265079707213886e+01
1.258511252334727182e+01 1.922899121379643805e+00 8.277591042638367469e+01
1.262453013544267755e+01 1.982064948178957842e+00 6.912289467971559986e+01
1.266024134946416524e+01 2.040145209958825756e+00 5.781912522659013121e+01
1.269102601009403664e+01 2.096894329664175327e+00 4.871235669768886112e+01
1.271977983093354858e+01 2.152101532116838634e+00 4.112831114055945392e+01
1.274451676929821353e+01 2.205642733771179476e+00 3.492504904530490961e+01
1.276550950703154719e+01 2.257322952086383783e+00 2.978688596515440068e+01
1.278215405154657525e+01 2.306989770539321860e+00 2.552720878918636416e+01
1.279463439085915866e+01 2.354602288609445093e+00 2.195459761137314203e+01
1.280323207018275689e+01 2.399926123993248339e+00 1.896959943112871372e+01
1.280773988540158115e+01 2.442925775115625697e+00 1.646723533541703333e+01
1.280722719040693569e+01 2.483520180987904169e+00 1.436596301328228620e+01
1.280300699468245007e+01 2.521631341494310785e+00 1.258692228600554053e+01
1.279452176572599065e+01 2.557278764816120820e+00 1.107638765689639015e+01
1.278161539862416518e+01 2.590347245781461361e+00 9.740025795354334548e+00
1.276444601866026396e+01 2.620872241855215279e+00 8.677280838124477924e+00
1.274374435578542197e+01 2.648835984210377692e+00 7.745400519715222032e+00
1.271851340181099488e+01 2.674277904492909030e+00 6.924849405475913322e+00
1.268997591422378513e+01 2.697184727939071713e+00 6.223433930521473201e+00
1.265742723786847890e+01 2.717621442873970228e+00 5.617300441818403378e+00
1.262201885875229834e+01 2.735626194033835112e+00 5.077690003881293102e+00
1.258239230500177364e+01 2.751255838489761185e+00 4.636406251812550394e+00
1.254017936800687849e+01 2.764568577588107701e+00 4.236394254706183915e+00
1.249473410858102795e+01 2.775637077716350820e+00 3.891534935503369486e+00
1.244677713018156950e+01 2.784543040603270736e+00 3.574991187621782807e+00
1.239582155020474374e+01 2.791363899326146480e+00 3.312888089048182216e+00
1.234257514027735425e+01 2.796174308445284584e+00 3.077377378875294056e+00
1.228728753525229145e+01 2.798846003388086423e+00 2.863163422398559366e+00
1.223085448686739518e+01 2.799367294657798322e+00 2.694251010597160434e+00
1.217140883732914247e+01 2.797605338637437100e+00 2.539533364721853648e+00
1.211087412204252622e+01 2.793744832865238337e+00 2.408291206560453368e+00
1.204807708668288591e+01 2.787933059339390951e+00 2.296348673718310973e+00
1.198425299416501844e+01 2.780343868271952790e+00 2.197527227506190783e+00
1.191895058743856062e+01 2.771140858505797055e+00 2.110670947803022113e+00
1.185267126329981124e+01 2.760441797136568010e+00 2.038719507225117411e+00
1.178561347097450884e+01 2.748408884697169707e+00 1.970637604105128338e+00
1.171784978053763027e+01 2.735178828669315276e+00 1.921280013236105422e+00
1.164971735279640797e+01 2.720902417217399005e+00 1.871560138889256208e+00
1.158111026559597789e+01 2.705641140159302349e+00 1.833399245959733248e+00
1.151301343642212061e+01 2.689576158560510688e+00 1.801449047564601447e+00
1.144448472358124747e+01 2.672817274163556078e+00 1.774531018393424864e+00
1.137685996591507376e+01 2.655373644194777949e+00 1.752632323200381315e+00
1.130966771405775617e+01 2.637442233863663610e+00 1.736956310697736594e+00
1.124336324761506134e+01 2.619081491527055050e+00 1.723654232771407946e+00
1.117839738768230617e+01 2.600488572830414125e+00 1.713640204535897382e+00
1.111784910623072520e+01 2.582419731887235503e+00 1.712872227520773727e+00
1.107872992539642176e+01 2.569017556584411999e+00 1.729086480007980153e+00
