2.191799393479931801e-01 1.550982551689759603e+01 3.683552447462830693e+06
2.276283338266976985e-01 1.518745028746577042e+01 3.067377670916997828e+06
2.364545050463400799e-01 1.490168337867910608e+01 2.568487369568890892e+06
2.456671797328356111e-01 1.464336732485774029e+01 2.140338218269497156e+06
2.552704283839294375e-01 1.439051668258770711e+01 1.765322959138748236e+06
2.652807676627706446e-01 1.416044418789773829e+01 1.474897382186855655e+06
2.757073864863144319e-01 1.395245857954661517e+01 1.226530430552444654e+06
2.865621357015343817e-01 1.376494737689643522e+01 1.020295683968265192e+06
2.978453734836303268e-01 1.359055575611582078e+01 8.518373582048870157e+05
3.095707923155706642e-01 1.342715963628497633e+01 7.113151832509668311e+05
3.217434448771237521e-01 1.327847210109179343e+01 5.916176473128194921e+05
3.343933675282818596e-01 1.314531988198935508e+01 4.884752573194986326e+05
3.474815388231762836e-01 1.302426223138114914e+01 4.118485712656927644e+05
3.610600959659439058e-01 1.290829524925531580e+01 3.433696909681103425e+05
3.751147304886489064e-01 1.280255897421941569e+01 2.872354052769811242e+05
3.896598395654332081e-01 1.270682434216219292e+01 2.398334777979452338e+05
4.046970181140330802e-01 1.261740613475943995e+01 2.007229068224463554e+05
4.202200599770641309e-01 1.253780736297271758e+01 1.677835206496041501e+05
4.362598564679806001e-01 1.246515435531156335e+01 1.403577173803170735e+05
4.527776701867687881e-01 1.239220292117457056e+01 1.178185055329492025e+05
4.698217214960304089e-01 1.232926008806624552e+01 9.863541424278175691e+04
4.873573426248872797e-01 1.227262186604475680e+01 8.262424685444295756e+04
5.053604290320182768e-01 1.221745341006483443e+01 6.926627204689763312e+04
5.238831519720853480e-01 1.216796128017931444e+01 5.823626327368430793e+04
5.429034027157398912e-01 1.212294523127692791e+01 4.894302928956216056e+04
5.624195630865950202e-01 1.207895564828667112e+01 4.119025395165158261e+04
5.823778949771388769e-01 1.204011454105320311e+01 3.467681665779636387e+04
6.033028687962863623e-01 1.200328082514174532e+01 2.916917132612907517e+04
6.254144158373454720e-01 1.197028916283328748e+01 2.438954430547539596e+04
6.487219419414033128e-01 1.194097428573379460e+01 2.033022515812066194e+04
6.732090170403135510e-01 1.191354122180551833e+01 1.693238639913559746e+04
6.988167617349758665e-01 1.189011291566931838e+01 1.408107727038040321e+04
7.254592891197606530e-01 1.186943378970082463e+01 1.168288794787783445e+04
7.530840695706839671e-01 1.185384273706153913e+01 9.707169158139047795e+03
7.815942049220740984e-01 1.184296719079109117e+01 8.060995521735008879e+03
8.109374254767428569e-01 1.183126279771957812e+01 6.704717247312403742e+03
8.409751685944540922e-01 1.182306594744316186e+01 5.590666913844532246e+03
8.716330569955302865e-01 1.181731290884114927e+01 4.665734909056744073e+03
9.028450363661142397e-01 1.181226190405756427e+01 3.899885680223994768e+03
9.344264987313380955e-01 1.181019776557305967e+01 3.263725893458335577e+03
9.662287585551166957e-01 1.180507670159138378e+01 2.742648922015416247e+03
9.983489102892080247e-01 1.180345426805546616e+01 2.312977293297998131e+03
1.030461539582266273e+00 1.180234448242761047e+01 1.938026126732595685e+03
1.062463722722023718e+00 1.179958036878345418e+01 1.656705665893785181e+03
1.094363302586854658e+00 1.179498524181522434e+01 1.407739184813420479e+03
1.125942746644905235e+00 1.178960790359044708e+01 1.202489534052047475e+03
1.157136690632865950e+00 1.178428983090530302e+01 1.029598085028121886e+03
1.187859375507360760e+00 1.177790342026219150e+01 8.842051865012001599e+02
1.218495611770178177e+00 1.176885366932987331e+01 7.612177840065885448e+02
1.249992831532054982e+00 1.175695659035988250e+01 6.532904085653789252e+02
1.282229108689969532e+00 1.174913747532571229e+01 5.600773806180230849e+02
1.315128492852392750e+00 1.173233210540654703e+01 4.796793327030678142e+02
1.348608603883751700e+00 1.172409674552875991e+01 4.103830949386962743e+02
1.382489611228712167e+00 1.170992151943362281e+01 3.515073869459437219e+02
1.416577579331337544e+00 1.169721930883529204e+01 3.012864827205531242e+02
1.450812222471227209e+00 1.168465121293357001e+01 2.582519155052597739e+02
1.484985327417501555e+00 1.167230298024679946e+01 2.217147745442893836e+02
1.518951714438224965e+00 1.165636037614655685e+01 1.896463163154780318e+02
1.552589731592584288e+00 1.164103380812127497e+01 1.645166899246588343e+02
1.585706096475443694e+00 1.162575402226004861e+01 1.421726680308206028e+02
1.618279592023081026e+00 1.160506191062314585e+01 1.231968905311420457e+02
1.650011623822384310e+00 1.158616471798901770e+01 1.071117786343450149e+02
1.680967866985251691e+00 1.156428471540224123e+01 9.328698527746202274e+01
1.710877571917712725e+00 1.154130429269740610e+01 8.119067408464583480e+01
1.739695581770854815e+00 1.151592761327100156e+01 7.153238712419253886e+01
1.767378527295404567e+00 1.148931423956622844e+01 6.294417469178568325e+01
1.793794928715200410e+00 1.145957891127694772e+01 5.556229272638493200e+01
1.818894227131676811e+00 1.142849731368003852e+01 4.924497916556916266e+01
1.842587826807424278e+00 1.139469655855037367e+01 4.373945240929096911e+01
1.864849600317953326e+00 1.135903013585008381e+01 3.901886281111434585e+01
1.885630099211366817e+00 1.132182263132438926e+01 3.494080798975148383e+01
1.904883260600465755e+00 1.128208759206196277e+01 3.135849391502727457e+01
1.922625549709398918e+00 1.123979341605181936e+01 2.827527462404300707e+01
1.938785379187911273e+00 1.119582961970431789e+01 2.558794326651828399e+01
1.953447078695598638e+00 1.114987450404206548e+01 2.321306062540810444e+01
1.966539841871320471e+00 1.110077161990270156e+01 2.114401450604788124e+01
1.978086495439171477e+00 1.105118266176894437e+01 1.932607728419980475e+01
1.988120294684955436e+00 1.099888006256372819e+01 1.771291376856384048e+01
1.996658761199738175e+00 1.094467690160704798e+01 1.624958745826642215e+01
2.003732718785469213e+00 1.089035598579137343e+01 1.500031060820196416e+01
2.009375279872828823e+00 1.083297584203743291e+01 1.388820564761201304e+01
2.013590372033607689e+00 1.077421139328603772e+01 1.296637211369146847e+01
2.016516556066199062e+00 1.071448602900128932e+01 1.203994473129895937e+01
2.018104942692698245e+00 1.065343935603943848e+01 1.125383993021599771e+01
2.018438538467905552e+00 1.059153192304173885e+01 1.060149613701320348e+01
2.017560486622405058e+00 1.052845425537676860e+01 9.977420570968410729e+00
2.015542527373185067e+00 1.046476371772902780e+01 9.389569357897482149e+00
2.012442079337059653e+00 1.039926707878836076e+01 8.912995235773628622e+00
2.008398415772354451e+00 1.033399581503486431e+01 8.452136276493979139e+00
2.003466910301962223e+00 1.026752903227210467e+01 8.036441594148566736e+00
1.997734422234686669e+00 1.019986068651451383e+01 7.632714596344273517e+00
1.991214673484708486e+00 1.013129356245855917e+01 7.279903884919186829e+00
1.983989934017942103e+00 1.006346135634789007e+01 6.987246904192476293e+00
1.976102660338020067e+00 9.994965106191946447e+00 6.704320334770956791e+00
1.967568539269196615e+00 9.927080705393874993e+00 6.435834570931999288e+00
1.958426480931461988e+00 9.858462548260046532e+00 6.182354826631843103e+00
1.948748603028221948e+00 9.789746579984631936e+00 5.958656898631722321e+00
1.938802914141472877e+00 9.723800151071731790e+00 5.780825509426832376e+00
1.928430996139007148e+00 9.661507362134361898e+00 5.633097911734224361e+00
1.917625616184524873e+00 9.603484455683418020e+00 5.515664419332227730e+00
