1.550982551689759603e+01 2.191799393479931801e-01 3.683552447462830693e+06
1.516695469773605431e+01 2.284901308961677369e-01 3.017021356604023371e+06
1.484418852996551053e+01 2.382348359407177041e-01 2.467596156979811378e+06
1.456186222309530720e+01 2.484634507844439844e-01 2.009295131607333198e+06
1.429266509464918755e+01 2.591644166321842579e-01 1.644307611562902573e+06
1.405222999879527812e+01 2.703639906288641259e-01 1.346397630236075027e+06
1.383902261328239014e+01 2.820720696720075971e-01 1.101015425315028522e+06
1.363788483407246233e+01 2.942973138528406363e-01 9.023877434685870539e+05
1.346150639193000487e+01 3.070443001033466013e-01 7.380400297727002762e+05
1.329409630766713768e+01 3.203678492334963712e-01 6.030206708772535203e+05
1.314882250855095869e+01 3.341967938018170492e-01 4.951122285691685393e+05
1.301278210059934004e+01 3.486039575965494963e-01 4.016667669121320359e+05
1.288990894063748271e+01 3.635950771000131532e-01 3.332114117080734577e+05
1.277540002961157661e+01 3.791778698871362541e-01 2.725060157307159971e+05
1.267210986542968776e+01 3.953117760331555375e-01 2.238908081108779297e+05
1.257741310574900417e+01 4.120500951119923094e-01 1.841522320520857465e+05
1.249375803162058673e+01 4.294019070094279855e-01 1.513693417898406042e+05
1.241384772992796748e+01 4.473612684043531962e-01 1.248689748059817357e+05
1.234395343270584178e+01 4.659224372941124237e-01 1.027572459826359700e+05
1.227974503122762151e+01 4.850629447137138617e-01 8.446348329006609856e+04
1.221908097816330852e+01 5.048205704894921375e-01 6.972543991226788785e+04
1.216668603089973821e+01 5.251789466874308143e-01 5.760926395334562403e+04
1.211412904973679261e+01 5.461378151563442973e-01 4.752674533861503733e+04
1.206912479581156994e+01 5.676954108554990164e-01 3.935637760352977784e+04
1.202525120114444057e+01 5.898737476012843040e-01 3.251394611710524259e+04
1.198768814318930787e+01 6.137765435547026804e-01 2.675726769117272852e+04
1.195289234631933262e+01 6.395095248155440171e-01 2.186210133241496078e+04
1.192401117089454132e+01 6.671602250679279367e-01 1.775948212642146245e+04
1.189919196081029718e+01 6.966852842677864199e-01 1.437227626864460763e+04
1.188219601835569783e+01 7.280371234508230538e-01 1.159190805227505734e+04
1.186982394346586211e+01 7.611441603347262053e-01 9.326964505207854017e+03
1.186202922447714769e+01 7.960520841600349229e-01 7.500871814820455256e+03
1.186061184053409789e+01 8.333854218427958482e-01 6.005389713101488269e+03
1.186538468101455024e+01 8.731411101457311474e-01 4.784637126327282203e+03
1.187822834448861187e+01 9.152368706523089648e-01 3.810759633701943130e+03
1.189727174888174765e+01 9.596545369118401059e-01 3.031133205292747334e+03
1.192006733162451937e+01 1.006270294568868851e+00 2.410395504688151050e+03
1.194745212570999371e+01 1.055047503291370647e+00 1.913992904046071089e+03
1.198195832964665364e+01 1.105745543279722520e+00 1.511701906295936396e+03
1.202043103919224443e+01 1.158249993419287804e+00 1.214114748470539553e+03
1.206044876826248391e+01 1.212384501725696895e+00 9.695714652736419339e+02
1.210291682643025979e+01 1.267948369688479016e+00 7.773466163338785009e+02
1.214930441577751807e+01 1.324846757786513729e+00 6.237533762461899869e+02
1.219535813874204777e+01 1.382778783827595781e+00 5.019215832047197523e+02
1.224301214077659772e+01 1.441504872183215324e+00 4.055055022407054821e+02
1.229074462719750827e+01 1.500833594625052392e+00 3.287270989890343458e+02
1.233570668193445385e+01 1.560541850160995780e+00 2.675583768834263196e+02
1.238183052491605451e+01 1.620349068816129057e+00 2.177087763067259516e+02
1.242585383721428371e+01 1.680004453736799519e+00 1.787528083948929520e+02
1.247038905080181159e+01 1.739350655526435530e+00 1.479965845584108024e+02
1.250701767743736070e+01 1.798033074631798733e+00 1.223342074580944683e+02
1.254329502487228432e+01 1.856029653458383555e+00 1.015754705162635645e+02
1.257699587981534783e+01 1.912831436448308331e+00 8.483168770231125677e+01
1.260693593709116023e+01 1.968420521878563756e+00 7.114263469848998511e+01
1.263281750284284932e+01 2.022500660104890269e+00 5.994836158444637420e+01
1.265468612502335155e+01 2.074931049070928513e+00 5.055983707213448497e+01
1.267230222284886487e+01 2.125537294930964105e+00 4.316356484265418914e+01
1.268581778506768742e+01 2.174109217216375178e+00 3.667465880740009254e+01
1.269478969616702813e+01 2.220598910183104291e+00 3.168929283140349185e+01
1.269907650398981147e+01 2.264816874401716529e+00 2.727305303439680273e+01
1.269899473628030862e+01 2.306692627053897215e+00 2.364356122861870446e+01
1.269373406387508219e+01 2.346147399783271581e+00 2.058253595185986029e+01
1.268443182674525893e+01 2.383112922225011143e+00 1.799218334922437634e+01
1.267043512942339412e+01 2.417495132701020122e+00 1.580727132835197679e+01
1.265167616141864038e+01 2.449325227220539247e+00 1.395372944548325655e+01
1.262954346117047599e+01 2.478559490506973439e+00 1.236665124288225748e+01
1.260247841993728812e+01 2.505206913325994655e+00 1.101717060239727708e+01
1.257098950189935316e+01 2.529245855535975362e+00 9.862133001712930280e+00
1.253593634840530058e+01 2.550735650261298559e+00 8.860251421370199054e+00
1.249685144950537641e+01 2.569715166658188554e+00 7.968555667119538555e+00
1.245346390770242984e+01 2.586218273004124768e+00 7.244027439311261141e+00
1.240744128424246639e+01 2.600315638723945000e+00 6.594242382818624293e+00
1.235815072536096260e+01 2.612065736523913273e+00 6.027701627110252147e+00
1.230564411769931610e+01 2.621544921468479838e+00 5.534975945516547924e+00
1.225003264161177619e+01 2.628831034128488842e+00 5.101410749263425082e+00
1.219231460040340309e+01 2.634004688655199544e+00 4.719030595411334517e+00
1.213178042947601298e+01 2.637167913777674677e+00 4.382879019468349568e+00
1.208222853630767446e+01 2.635982191670042774e+00 4.181502047692681856e+00
1.203439363863697942e+01 2.626440002860958689e+00 4.112462318168397246e+00
1.197570368774383631e+01 2.613165970041503527e+00 4.055733217150230274e+00
1.191025917684730651e+01 2.597530555036977606e+00 4.003690075197902765e+00
1.184023110831078007e+01 2.580172944711413230e+00 3.955846815754982870e+00
1.176525805514708090e+01 2.561572375643474508e+00 3.894586598834746560e+00
1.168701010176598665e+01 2.541960189761665045e+00 3.846949032350985842e+00
1.160686402649110072e+01 2.521691045095381778e+00 3.805044037116575684e+00
1.152476231721839461e+01 2.500865488934921110e+00 3.772183405762809638e+00
1.144117126323932965e+01 2.479613116403524220e+00 3.740121569899339526e+00
1.135700568124603294e+01 2.458104984114777292e+00 3.693344830928976474e+00
1.127212716921725999e+01 2.436368423149593454e+00 3.654594942588281548e+00
1.118729877095190695e+01 2.414500823661132056e+00 3.609547800199506717e+00
1.110273423799230663e+01 2.392548439072897271e+00 3.585292182972027675e+00
1.101861761824725328e+01 2.370560363347959054e+00 3.550936847574463595e+00
1.093530978822601440e+01 2.348640419363522192e+00 3.528194812342567932e+00
1.085238752511638793e+01 2.326784536818232052e+00 3.497172414830463705e+00
1.077120336738165030e+01 2.305019803332881700e+00 3.483292453468412209e+00
1.069145525446986156e+01 2.283410827565615531e+00 3.465264185097661986e+00
1.061342524247871566e+01 2.262031230254340830e+00 3.452396572129190044e+00
1.053689383728170270e+01 2.240882912197736054e+00 3.458911681032822205e+00
1.046300887311255146e+01 2.219994440431448890e+00 3.459174392494389849e+00
1.039034521928847354e+01 2.199308164593670512e+00 3.462229087366593738e+00
