2.191799393479931801e-01 1.550982551689759603e+01 3.683552447462830693e+06
2.286519964132518457e-01 1.515228568194770276e+01 3.000889665396500379e+06
2.385674518405879463e-01 1.483114878956567573e+01 2.440213183605760802e+06
2.489850065615047126e-01 1.453939162591220402e+01 1.992548007949987892e+06
2.598935951403019140e-01 1.427104259123663432e+01 1.621892452468134928e+06
2.713160000459831078e-01 1.403756365112851334e+01 1.325592076885581017e+06
2.832658093999958493e-01 1.381704638201053470e+01 1.077721752696655458e+06
2.957583180130981537e-01 1.361768882337933917e+01 8.790508298721580068e+05
3.087872626232686657e-01 1.343907637827925150e+01 7.183414099827489117e+05
3.223731364972826086e-01 1.328046819135577117e+01 5.870556128666601144e+05
3.365414895152173957e-01 1.312638221487017454e+01 4.795235947128867847e+05
3.513017003170967878e-01 1.298752559093212255e+01 3.912696980449744733e+05
3.666366458707259746e-01 1.286491579575913491e+01 3.200125450501817395e+05
3.825987375958453396e-01 1.275205198283117447e+01 2.615024851119093364e+05
3.991407558592945937e-01 1.265009734051537293e+01 2.140820587056047225e+05
4.163110340310732238e-01 1.255588073466027588e+01 1.750907659853370278e+05
4.341122171462115098e-01 1.246994222713597011e+01 1.435691007207093644e+05
4.525214786448690241e-01 1.239613904082895957e+01 1.179359799160335970e+05
4.715886349762784535e-01 1.232426080799079493e+01 9.591830327585045598e+04
4.912367602157416968e-01 1.225810128461280435e+01 7.958738206246441405e+04
5.115102463066744098e-01 1.220433124897134647e+01 6.534060421546021098e+04
5.324141498192772604e-01 1.214610106291740621e+01 5.385794647015588271e+04
5.539369194050778322e-01 1.209813416181345325e+01 4.432055710087942862e+04
5.760477386566502656e-01 1.205290411352221724e+01 3.626985943132086686e+04
5.991723216304574162e-01 1.201044200037854282e+01 3.014201737301761750e+04
6.249706004018695804e-01 1.197297367639695587e+01 2.449636281520381453e+04
6.533009163284696497e-01 1.193990517388310657e+01 1.973974007791744589e+04
6.843209794804112622e-01 1.191523735674257267e+01 1.575456614908955453e+04
7.180505495593906273e-01 1.189701125844022833e+01 1.251059425513658789e+04
7.545123393479619134e-01 1.189067321416308332e+01 9.864947870729334682e+03
7.937126964349608960e-01 1.189056290334099941e+01 7.759086409552252917e+03
8.356229400704321408e-01 1.190007679803003882e+01 6.088544365262571773e+03
8.802198301322307072e-01 1.191670625067120781e+01 4.762911729783219016e+03
9.274450479130026403e-01 1.194468590798888563e+01 3.730470276962736534e+03
9.772284175757012248e-01 1.197690231485693602e+01 2.917646108413769070e+03
1.029458883464579477e+00 1.201723177042659962e+01 2.285047999419797634e+03
1.084029467750558640e+00 1.206230665898560694e+01 1.791448962169024071e+03
1.140803216124401942e+00 1.211608528367486315e+01 1.407768971141604197e+03
1.199624229754216342e+00 1.216751831428533848e+01 1.107457789894633834e+03
1.260325552553244632e+00 1.222638595976847498e+01 8.742795648111641640e+02
1.322692542380516922e+00 1.228739259206213674e+01 6.921174123703052601e+02
1.386561265354823824e+00 1.235271820827575162e+01 5.496625272087754865e+02
1.451592051073958833e+00 1.241687146257873486e+01 4.384049450702278818e+02
1.517686114829186694e+00 1.248285877184107839e+01 3.506379068803257724e+02
1.584515635575786563e+00 1.254709319721551353e+01 2.814876936343263765e+02
1.651774284710614493e+00 1.261275339061003464e+01 2.270317539870158043e+02
1.719380922984018456e+00 1.267862012518946990e+01 1.837168942290619498e+02
1.786804502686297758e+00 1.273744319249601453e+01 1.495949779160374646e+02
1.853964395191334047e+00 1.279655510202121604e+01 1.221023983884578712e+02
1.920547076546927023e+00 1.285281107561271696e+01 1.001871863361345163e+02
1.986203335381859336e+00 1.290555372111054133e+01 8.264262763907991882e+01
2.050824673120002828e+00 1.295545723068367749e+01 6.841063510741588516e+01
2.114098375171916455e+00 1.300103401432700956e+01 5.694225241180708252e+01
2.175752286369560196e+00 1.304111437592989375e+01 4.757873298335098866e+01
2.235676316008450737e+00 1.307853301155379100e+01 4.000522677068749999e+01
2.293547254395486235e+00 1.311039144054779548e+01 3.362206062988875743e+01
2.349254825945730207e+00 1.313745822057024171e+01 2.866500002299048333e+01
2.402644339240266991e+00 1.315991746165917853e+01 2.442519762731415156e+01
2.453584451501260588e+00 1.317661934844985794e+01 2.092296435111625286e+01
2.501905456125021132e+00 1.318842119707774430e+01 1.802031913468346147e+01
2.547565010163026500e+00 1.319518204153163943e+01 1.557710877136343974e+01
2.590444086511161981e+00 1.319711156249548978e+01 1.354204961936028440e+01
2.630505152880072917e+00 1.319390849934424992e+01 1.183836853081520246e+01
2.667706691183645340e+00 1.318615953606036229e+01 1.037705713957176634e+01
2.702029474082639382e+00 1.317235667156409029e+01 9.152247359058168996e+00
2.733464265499072621e+00 1.315488645910471632e+01 8.080345682752026804e+00
2.762033353120192825e+00 1.313195528519087851e+01 7.215095437789472932e+00
2.787754215259536039e+00 1.310526003834596231e+01 6.449073760771288910e+00
2.810662252642716741e+00 1.307417581877159485e+01 5.792929990139316310e+00
2.830828418532603585e+00 1.303848925326306585e+01 5.227682124758091575e+00
2.848297485134795526e+00 1.299867203590343578e+01 4.738793218064273560e+00
2.863162121428699969e+00 1.295592164682910408e+01 4.311021007626403723e+00
2.875480991231751826e+00 1.290888579064266928e+01 3.942240087559782502e+00
2.885358937928319101e+00 1.285897972970999348e+01 3.618234701428046485e+00
2.892885673759064247e+00 1.280588157188586251e+01 3.325367252777713389e+00
2.898167853372159541e+00 1.274985817588449954e+01 3.089290064724809159e+00
2.901287649595501339e+00 1.269129881885501199e+01 2.871794656758970277e+00
2.902370489052882974e+00 1.263043254937153037e+01 2.679173354568999965e+00
2.901508255425031990e+00 1.256708448607086304e+01 2.512113938573360628e+00
2.898819793038304837e+00 1.250278876529428373e+01 2.355317649470682895e+00
2.894404539828140166e+00 1.243577195186493078e+01 2.224241878931239924e+00
2.888376055431221889e+00 1.236767413140061045e+01 2.108738270533241366e+00
2.880838650112994337e+00 1.229755815843479994e+01 2.011267872613114793e+00
2.871901968135394778e+00 1.222678130638614036e+01 1.919804749685138923e+00
2.861609849996072263e+00 1.215611186876401284e+01 1.840731743211066362e+00
2.849929076151218155e+00 1.208528011280741588e+01 1.768981046886689112e+00
2.837030703831739054e+00 1.201427051721014116e+01 1.712110776542122403e+00
2.822929436862440244e+00 1.194275167324264864e+01 1.666169863721762345e+00
2.808162532711758086e+00 1.187521085359589712e+01 1.628997746949355729e+00
2.792539130553499227e+00 1.181227840838931797e+01 1.606641124461631875e+00
2.775992284141746591e+00 1.175202162432342590e+01 1.591815197611508026e+00
2.758664097488073619e+00 1.169488537873841416e+01 1.594561375531275527e+00
2.740786411588917115e+00 1.164022971561340647e+01 1.602739172973944637e+00
2.722486489764275319e+00 1.158790968527222986e+01 1.613699602598638982e+00
2.704016388613526445e+00 1.153829926095246172e+01 1.638839667118592303e+00
2.685485751665785070e+00 1.149093226765664610e+01 1.666170789889548809e+00
2.667081924574634666e+00 1.144616318600596294e+01 1.693297604931460310e+00
2.648305397466866662e+00 1.140238936859612728e+01 1.731603801106766038e+00
2.628526559588027833e+00 1.135699166190798692e+01 1.773743239796999216e+00
2.608002671387881666e+00 1.131049266809844234e+01 1.825992748153976164e+00
