2.191799393479931801e-01 1.550982551689759603e+01 3.683552447462830693e+06
2.290027912093637319e-01 1.514087561105709590e+01 2.981523630881897174e+06
2.393361860049727230e-01 1.482424775820139828e+01 2.414170407432243694e+06
2.501896427468832118e-01 1.451767389959391963e+01 1.946531858441614313e+06
2.615783387559393325e-01 1.423848549409608744e+01 1.575287621898529818e+06
2.735219239865497309e-01 1.400236946666283444e+01 1.275377021336066304e+06
2.860361125965527607e-01 1.377409368048069283e+01 1.030537206141506904e+06
2.991381721045836550e-01 1.357818261705412155e+01 8.332430497671692865e+05
3.128198222522243777e-01 1.338643187391169675e+01 6.755274726556538371e+05
3.271107663832379941e-01 1.322058151713057406e+01 5.474906985247834818e+05
3.420336944397453505e-01 1.307566357850594763e+01 4.442403094960710150e+05
3.575718730589070860e-01 1.294012509984900028e+01 3.597153986002160236e+05
3.737563806023574964e-01 1.281552432321328361e+01 2.919762082277504960e+05
3.906018750409275819e-01 1.269933732002118987e+01 2.356172365157720633e+05
4.081079053301759907e-01 1.260058808325840474e+01 1.926843666489142634e+05
4.262812470128357067e-01 1.250676397384985172e+01 1.569771122074755840e+05
4.451254008101604986e-01 1.242480224886335805e+01 1.277533936131796072e+05
4.646383403922583200e-01 1.235036206901464340e+01 1.042302699888315547e+05
4.848009492467001413e-01 1.227927815053544336e+01 8.491816452079964802e+04
5.056518607109911079e-01 1.221512403925704682e+01 6.926924524935951922e+04
5.271700531496332776e-01 1.215906085901967693e+01 5.665289990351370943e+04
5.493541778328733249e-01 1.210817915851048276e+01 4.627883462066180800e+04
5.721752681384212336e-01 1.206038093865980443e+01 3.784438656118272775e+04
5.959025782420706019e-01 1.201632886904633502e+01 3.100573313853260697e+04
6.223487303094958900e-01 1.197510240229200740e+01 2.501525367010991249e+04
6.515377824679724483e-01 1.193895375593980646e+01 1.998915449807957339e+04
6.836310715003577343e-01 1.191393414254897820e+01 1.585061382142518778e+04
7.186502147896867143e-01 1.189700465500972548e+01 1.243945680686634660e+04
7.566225226780475266e-01 1.189057774520105859e+01 9.740694016574529087e+03
7.975541399172105805e-01 1.189243451880641445e+01 7.575695524833745367e+03
8.414109049545683838e-01 1.190294083124594415e+01 5.889496599347528900e+03
8.881733614635327623e-01 1.192226350519329969e+01 4.571570938498017313e+03
9.377488669214014694e-01 1.195201453204596831e+01 3.538080313154942360e+03
9.901001759208184483e-01 1.198704403874581281e+01 2.746075550238380856e+03
1.045066415547269090e+00 1.202873975478667212e+01 2.129299086470154180e+03
1.102528349548645537e+00 1.208251407179110082e+01 1.641625469596659741e+03
1.162333481605205776e+00 1.213482977833500165e+01 1.289018547806033439e+03
1.224319963227631147e+00 1.219692981120615904e+01 1.005523735282160374e+03
1.288225356350868323e+00 1.225602215988298482e+01 7.882812402727190602e+02
1.353887895707801770e+00 1.232108986993127253e+01 6.189472795726209142e+02
1.421038028548180954e+00 1.238868709042925254e+01 4.880183968433745463e+02
1.489407431020933315e+00 1.245676588751148195e+01 3.837118888649773112e+02
1.558696763970652821e+00 1.252606913957599488e+01 3.071854468871263748e+02
1.628695285333066733e+00 1.259425883323473094e+01 2.450394800584066104e+02
1.699044365315508065e+00 1.266232445528227224e+01 1.963668397531676533e+02
1.769436300363773418e+00 1.272844397777999603e+01 1.582642665336838377e+02
1.839606067349891516e+00 1.279137012421309905e+01 1.279446271080193043e+02
1.909326524342254805e+00 1.285159794038760595e+01 1.040343560509978857e+02
1.978069333289143250e+00 1.290587556805252767e+01 8.504139563238504707e+01
2.045701820463119436e+00 1.295867397912132013e+01 6.991345805346732334e+01
2.111972705148521978e+00 1.300773345702621420e+01 5.767404628864270677e+01
2.176566129390494098e+00 1.305136118074043061e+01 4.785087364143734590e+01
2.239269641537941613e+00 1.309233891669179606e+01 3.990824039719000638e+01
2.299865475260163272e+00 1.312534256525281151e+01 3.348091936272229674e+01
2.358096356549949757e+00 1.315424417360564213e+01 2.820828043556042175e+01
2.413846119110636845e+00 1.317820230100146794e+01 2.390216730759352615e+01
2.466918728762040214e+00 1.319630939173095996e+01 2.034328147685446453e+01
2.515951319287682786e+00 1.320831731270393661e+01 1.747655268480989932e+01
2.560082538370887395e+00 1.321190874539902183e+01 1.515506457438548793e+01
2.599395853574851145e+00 1.320780814388035118e+01 1.325539439286099608e+01
2.634081843912662535e+00 1.319599319722712849e+01 1.169412330881726092e+01
2.664297602712286217e+00 1.317677574231432658e+01 1.038988084133870693e+01
2.690303592330206328e+00 1.315026379566473302e+01 9.294612721782037568e+00
2.712271223578126111e+00 1.311699641891319423e+01 8.370415518637692287e+00
2.730442822351858201e+00 1.307774196810916933e+01 7.587969252232800166e+00
2.744979917624246646e+00 1.303259317253436933e+01 6.914512452076159832e+00
2.756102704647499291e+00 1.298201820127945183e+01 6.342459104850470375e+00
2.764064193873497999e+00 1.292662868456573300e+01 5.844010051819511276e+00
2.769145554003782816e+00 1.286686081732204556e+01 5.415021247566436102e+00
2.771177741238337155e+00 1.280229925135413716e+01 5.028263706473631522e+00
2.770723297638914229e+00 1.273445026745599584e+01 4.719756827414863132e+00
2.768017307267294225e+00 1.266424004475551968e+01 4.436401496331215277e+00
2.762744124553392577e+00 1.259020791795953365e+01 4.188964670393010792e+00
2.755733543786869966e+00 1.251449392988753573e+01 3.958659798150701015e+00
2.746502414140784332e+00 1.243541906150669263e+01 3.782443620014382279e+00
2.735805362667085738e+00 1.235592983186483984e+01 3.612990762393677446e+00
2.723306336603596556e+00 1.227485242698676871e+01 3.458995393067761714e+00
2.709447413516516523e+00 1.219192490099330506e+01 3.339495462968786743e+00
2.694317410108575395e+00 1.210837684567719741e+01 3.229149737614585014e+00
2.678016889108774112e+00 1.202466883169143408e+01 3.133156160966251491e+00
2.660702140864881660e+00 1.194121326728371635e+01 3.050439524458249174e+00
2.642450291199684553e+00 1.185720854373913902e+01 2.976717898985647537e+00
2.623535385426444488e+00 1.177388484676689195e+01 2.918534592110983539e+00
2.603535510033547329e+00 1.168917203974860541e+01 2.857730607208500917e+00
2.582708111007319118e+00 1.160285798141453917e+01 2.811375261246104262e+00
2.561518063735931605e+00 1.151629937771072143e+01 2.767704719111666378e+00
2.539902546257964300e+00 1.142970387370056251e+01 2.737308791465124180e+00
2.518104827709516158e+00 1.134344998020011808e+01 2.701658028101135756e+00
2.496279692819007856e+00 1.125828663079644798e+01 2.665062312023984248e+00
2.474192860803678506e+00 1.117407242688162050e+01 2.637987039198680161e+00
2.452223471179453718e+00 1.109196239147556540e+01 2.621346311429023412e+00
2.430239659670765828e+00 1.101035220278981086e+01 2.603831880013824485e+00
2.408307850725746047e+00 1.093083086213252741e+01 2.594037781132428666e+00
2.386480868154409851e+00 1.085319612784714849e+01 2.599312597444004780e+00
2.364818944273698875e+00 1.077758955899045468e+01 2.588380100733477462e+00
2.343315756065056821e+00 1.070328086067092954e+01 2.598833867256031382e+00
2.322044426573099951e+00 1.063159998370262649e+01 2.604596610011321367e+00
2.301023305255895934e+00 1.056196523236780926e+01 2.612305682933590223e+00
2.280303605340917361e+00 1.049472889769020689e+01 2.635816001029656963e+00
2.259889741222572912e+00 1.043025870302662561e+01 2.659891867950531452e+00
