2.191799393479931801e-01 1.550982551689759603e+01 3.683552447462830693e+06
2.283095520430555303e-01 1.516928139642379847e+01 3.031612060881861486e+06
2.378639442987208197e-01 1.485653605403052602e+01 2.480540110333347227e+06
2.478818273542112427e-01 1.458715377149497350e+01 2.044566120850055479e+06
2.583550144837423179e-01 1.431205190382102543e+01 1.674860037123180460e+06
2.693041163724262388e-01 1.407434966050379188e+01 1.370278365207907511e+06
2.807415724306919769e-01 1.385950105636516305e+01 1.126507607027240330e+06
2.926882064068969669e-01 1.366476685229288179e+01 9.245954372243536636e+05
3.051197138210987592e-01 1.348566458801904666e+01 7.609374562930521788e+05
3.180906688422490136e-01 1.332113849393878269e+01 6.239165086462399922e+05
3.315785994497011946e-01 1.317598292626898271e+01 5.132367560435159830e+05
3.455993442503144664e-01 1.303837969434663790e+01 4.201457529876258341e+05
3.601979192062301771e-01 1.291782378419216926e+01 3.476475818606843823e+05
3.753391302680827435e-01 1.280135524640028244e+01 2.861751582709144568e+05
3.910506440287169205e-01 1.269961911165353996e+01 2.340794926808308519e+05
4.073319394805275384e-01 1.260717155700196557e+01 1.949836763925788400e+05
4.241907016034601186e-01 1.251945159818021125e+01 1.604442347614042228e+05
4.416151500523006757e-01 1.243786699355889880e+01 1.324250547449532023e+05
4.596644567878369059e-01 1.236591196689898275e+01 1.086760881871331076e+05
4.782505011786896132e-01 1.230048136606368381e+01 9.058273751315368281e+04
4.974168702872854841e-01 1.223968677897344826e+01 7.493878895671531791e+04
5.171703680960231253e-01 1.218523797032226241e+01 6.205227418603160913e+04
5.375051425577649367e-01 1.213512341604842959e+01 5.135252269463345874e+04
5.584164042137318429e-01 1.208845700320710037e+01 4.268864488986485230e+04
5.798553333820656297e-01 1.204902645031959629e+01 3.540467756997216202e+04
6.015642973680733752e-01 1.200270528847555163e+01 2.953728076344451983e+04
6.231347695153027777e-01 1.196771788765830458e+01 2.475325307677697492e+04
6.444959305487586443e-01 1.193359484634251366e+01 2.065662985427286912e+04
6.655007219822398623e-01 1.189909155801560736e+01 1.766257122482775230e+04
6.861672137847513175e-01 1.186642187394223846e+01 1.502278523822462375e+04
7.064140456673591029e-01 1.183143587093053029e+01 1.285563207304841853e+04
7.260971177756549988e-01 1.179559780737509733e+01 1.105914428141967801e+04
7.452745690202962070e-01 1.175969432566736472e+01 9.556125573948304009e+03
7.637460008602973138e-01 1.172256842445588809e+01 8.281896833203354618e+03
7.815658028211025510e-01 1.168349835897241462e+01 7.227564840993021789e+03
7.986075711552598211e-01 1.164123492161275486e+01 6.323897121301507468e+03
8.148977090906405207e-01 1.160017626161409154e+01 5.562893126196009689e+03
8.303071731494667818e-01 1.155107114097114440e+01 4.902380917982800383e+03
8.448923003812194299e-01 1.150475175283807694e+01 4.367050162817175988e+03
8.585946062134165446e-01 1.145638313020769949e+01 3.892039263907505301e+03
8.713851498360510872e-01 1.140644775974611846e+01 3.484076703463901595e+03
8.832703572691334992e-01 1.135293541148047503e+01 3.110961180568269356e+03
8.942238356932408205e-01 1.129729762251630021e+01 2.830797909307682403e+03
9.052434366354102924e-01 1.123835664897685227e+01 2.525102230392963975e+03
9.177226838075711601e-01 1.117104232838622124e+01 2.262644835329735088e+03
9.319463396165037494e-01 1.109925755531907932e+01 1.988416859376297225e+03
9.480489324490791736e-01 1.103424449478150215e+01 1.728369963810479021e+03
9.661514148171805871e-01 1.096038838658038728e+01 1.484668654408004613e+03
9.862346333810417809e-01 1.088549504412494251e+01 1.268147332778938335e+03
1.008297905774944159e+00 1.081602343657498544e+01 1.066102801002021579e+03
1.032377389914646226e+00 1.074664871512842979e+01 8.964724618064697097e+02
1.058318510465123152e+00 1.068387386924428561e+01 7.491583231769641316e+02
1.086009572145760105e+00 1.062345832406740875e+01 6.276212017577234974e+02
1.115349504347644904e+00 1.056674478227022185e+01 5.209162594640616817e+02
1.146184609662238563e+00 1.051266641201823937e+01 4.314904036445872748e+02
1.178348665743474299e+00 1.046269273302993241e+01 3.570916090644514611e+02
1.211660798601435385e+00 1.041755186003594069e+01 2.941301882298220107e+02
1.245932333322151697e+00 1.037473654291363978e+01 2.445662718154618176e+02
1.280976165764556640e+00 1.033669845481531269e+01 2.028035008141578714e+02
1.316574595353211974e+00 1.029979802907132935e+01 1.676432834400845309e+02
1.352577855675612728e+00 1.026586689250503603e+01 1.400770551465342351e+02
1.388756034077306412e+00 1.023413102114872508e+01 1.162489347834652875e+02
1.424852399515717627e+00 1.020454428600208807e+01 9.779229841723621064e+01
1.460759479675781680e+00 1.017556417979475469e+01 8.179823643422108148e+01
1.496292717373549630e+00 1.014776459763892014e+01 6.883903133384642103e+01
1.531266652570047571e+00 1.012119754363199142e+01 5.846788506700668364e+01
1.565468392420481081e+00 1.009441234686624966e+01 4.969331512876861012e+01
1.598816991514215191e+00 1.006761646088297724e+01 4.233960454027019438e+01
1.631142050269328569e+00 1.004031123851815899e+01 3.615176659678868276e+01
1.662310448401427720e+00 1.001363273545647914e+01 3.115855717722305585e+01
1.692220028037988877e+00 9.985156646327686403e+00 2.684929358533876353e+01
1.720783521918388237e+00 9.955163621727701084e+00 2.333057328163867794e+01
1.747889724873702422e+00 9.925571973342096399e+00 2.031153679489295527e+01
1.773489723888584502e+00 9.893762466791171661e+00 1.777439003330656675e+01
1.797525502165810751e+00 9.860680225275215705e+00 1.555560305544836019e+01
1.819911130518802933e+00 9.826834912222135898e+00 1.376173511563760954e+01
1.839738212676782947e+00 9.791180407437670041e+00 1.220605770518039712e+01
1.856464654858143382e+00 9.754112796975125121e+00 1.097444326727492125e+01
1.870181513724746836e+00 9.714573962619532210e+00 9.957862381016054698e+00
1.881089227691680632e+00 9.673335802296204378e+00 9.125731569231641416e+00
1.889366618946557885e+00 9.628793551237055937e+00 8.358926707961963132e+00
1.895200651744407772e+00 9.582379032284380926e+00 7.762043509153675913e+00
1.898919159623730035e+00 9.533920589136466006e+00 7.208392603143177979e+00
1.901252138774268019e+00 9.481533533448274653e+00 6.723145228114998595e+00
1.902486060679767110e+00 9.427863823143230348e+00 6.278867051526792586e+00
1.902725198044709742e+00 9.370641840735375538e+00 5.865109522161810141e+00
1.902113026671780505e+00 9.312378202988968567e+00 5.500964747390368892e+00
1.900725578330717314e+00 9.253509189775193988e+00 5.155585422082153535e+00
1.898653746959062527e+00 9.193037395182793503e+00 4.820332036299189937e+00
1.895944246208421502e+00 9.131651945998116915e+00 4.528140445778127798e+00
1.892585258157064354e+00 9.070305723732047909e+00 4.255934484450418331e+00
1.888744979539868085e+00 9.008640462101910273e+00 4.016861625670974156e+00
1.883965497202693573e+00 8.946084212630852406e+00 3.780584048659640928e+00
1.878741466007536554e+00 8.883066961017359375e+00 3.575775842570529051e+00
1.872975732958434225e+00 8.821301064274150505e+00 3.421412499995946543e+00
1.866677027994770643e+00 8.759574327037658037e+00 3.221252478824045529e+00
1.859824050730898737e+00 8.697902443896753155e+00 3.062964620223532108e+00
1.852436179427415786e+00 8.636175710653608562e+00 2.923322326800798621e+00
1.844671265525466897e+00 8.575511874463854767e+00 2.791760621811992138e+00
1.836345569557672031e+00 8.515488854903356497e+00 2.682636222840420359e+00
