2.191799393479931801e-01 1.550982551689759603e+01 3.683552447462830693e+06
2.280087278613617541e-01 1.516833462600976823e+01 3.034880481652035844e+06
2.372479116831469337e-01 1.487245075955502038e+01 2.507126343021645211e+06
2.469072661959482162e-01 1.459408888533679516e+01 2.070661592168550240e+06
2.569958917258937103e-01 1.434209465150643581e+01 1.709960707101740642e+06
2.675282166931673977e-01 1.411161700433355470e+01 1.416312830942570930e+06
2.785209203553614121e-01 1.390127697400027884e+01 1.168694528792393627e+06
2.899804726989229642e-01 1.370847329177787799e+01 9.645799142617968610e+05
3.019230234443061600e-01 1.353098349587782501e+01 7.976626246420482639e+05
3.143260972633419859e-01 1.336920389786707908e+01 6.601468342894980451e+05
3.272347793237857516e-01 1.322243033395140088e+01 5.476838500693755923e+05
3.406469422061321195e-01 1.308624283045357828e+01 4.524477145611843443e+05
3.545693231009373614e-01 1.296258954762996396e+01 3.751341386289375369e+05
3.690163833769161683e-01 1.284729601082502626e+01 3.101963076762692654e+05
3.839931619179857702e-01 1.274261438245784106e+01 2.568490503255814838e+05
3.994883303925393370e-01 1.264682517895285407e+01 2.134093766767463239e+05
4.155530281520958269e-01 1.255802728729810802e+01 1.767657374519102159e+05
4.321221309951885914e-01 1.248063972285000034e+01 1.470121514230241592e+05
4.492688631128997079e-01 1.240759972577277104e+01 1.221549879687617504e+05
4.669455464789113441e-01 1.234234631983211017e+01 1.012806889672933466e+05
4.851499714912922978e-01 1.227910158853701716e+01 8.441973906780676043e+04
5.039123165742561694e-01 1.222146149743474197e+01 7.036869170828674396e+04
5.232174142801029326e-01 1.217057579147217616e+01 5.864181256065009075e+04
5.430641980407526770e-01 1.212083053009155442e+01 4.889212816117498005e+04
5.634519083216722457e-01 1.207786862753756729e+01 4.081930929299796844e+04
5.842838239183183457e-01 1.203583893166357832e+01 3.412613090473526245e+04
6.030673117021938534e-01 1.199962021493438513e+01 2.911127183059925665e+04
6.188056385996839603e-01 1.196590236842942012e+01 2.544026517175838671e+04
6.319680576935469141e-01 1.192874452847184230e+01 2.265065002637764337e+04
6.428555809563354373e-01 1.188892287478622656e+01 2.033056101183822466e+04
6.517490320563473771e-01 1.184515487812291568e+01 1.871843781618354478e+04
6.590088328154312114e-01 1.180133473615964590e+01 1.724932606048662274e+04
6.661047922519310882e-01 1.174929932558305445e+01 1.587937522545953652e+04
6.735594102340880518e-01 1.169277016843273209e+01 1.448982443819057153e+04
6.814497353830539783e-01 1.163036284229318618e+01 1.323094325821080201e+04
6.897876435176414356e-01 1.156759182161997046e+01 1.183035151955053152e+04
6.985017870848659882e-01 1.149826675485067362e+01 1.075508572288556388e+04
7.076195881167530732e-01 1.142954704743999272e+01 9.664335546258307659e+03
7.171209444090349550e-01 1.135778376278580737e+01 8.639571205417050805e+03
7.278920817540722732e-01 1.128458637095774719e+01 7.648307078411945440e+03
7.403365816645307573e-01 1.119987881850173927e+01 6.696268442874703396e+03
7.546566572981420196e-01 1.112210148938051724e+01 5.792173864236103327e+03
7.709655422783300294e-01 1.104194047329655959e+01 4.947710631287630349e+03
7.893207525194663177e-01 1.096280384934065566e+01 4.186996483040215026e+03
8.097691891012772647e-01 1.088577180826596447e+01 3.510635556742759945e+03
8.323217707854180247e-01 1.081645424115395748e+01 2.919295262764956078e+03
8.569542372000381603e-01 1.074617573883733002e+01 2.418037071624328291e+03
8.836217118588578501e-01 1.068747703039951880e+01 1.987155458257374676e+03
9.122645811840031094e-01 1.062621086340083743e+01 1.619413806510890709e+03
9.427920549539900996e-01 1.057358040359019213e+01 1.330806830189538914e+03
9.750862748109111466e-01 1.052803578332713208e+01 1.084723769849714472e+03
1.009053043223149704e+00 1.048672195059250711e+01 8.840500183170880746e+02
1.044540553776340142e+00 1.045617441353402910e+01 7.202206362711681322e+02
1.081409457864279000e+00 1.042141017700863337e+01 5.874553005569035804e+02
1.119531725313468673e+00 1.039585076727344592e+01 4.787739463774939850e+02
1.158702026696839971e+00 1.037413914513548185e+01 3.916480242973868826e+02
1.198743921155655201e+00 1.035813048305885609e+01 3.209078564214936478e+02
1.239508489910879030e+00 1.034238569023716892e+01 2.637110426169755328e+02
1.280809358118188079e+00 1.033161038455950553e+01 2.159853753960249492e+02
1.322471763614653906e+00 1.032099063514932347e+01 1.793793045541951869e+02
1.364314103202548978e+00 1.031370709367487315e+01 1.485278614262666395e+02
1.406125274834563177e+00 1.030687524111342057e+01 1.235337631276315449e+02
1.447781536865557994e+00 1.030042518655312023e+01 1.030881564605004854e+02
1.489118472608170318e+00 1.029480549235202247e+01 8.659871165740356957e+01
1.529902911257094766e+00 1.028996690421699611e+01 7.270821268035594187e+01
1.569993945846038796e+00 1.028421413996429301e+01 6.113104826129529812e+01
1.609301601474766308e+00 1.027767939866270730e+01 5.204589475488557326e+01
1.647592230089128806e+00 1.027078126903318456e+01 4.422239700988635747e+01
1.684764761440624481e+00 1.026318595279503754e+01 3.787259033343762127e+01
1.720753964668418901e+00 1.025362926042053680e+01 3.252508252237847586e+01
1.755423918699909214e+00 1.024270847246741312e+01 2.801190044105752364e+01
1.788649102859755313e+00 1.023041430414402519e+01 2.424441768422533627e+01
1.820369587772645126e+00 1.021586405012779153e+01 2.108452547069491345e+01
1.850517465312071064e+00 1.019982183757478822e+01 1.843900829592237756e+01
1.879018905243611703e+00 1.018128011479812045e+01 1.612848447808256935e+01
1.905833246134673198e+00 1.016046558069398387e+01 1.420077901333180392e+01
1.930921081222745972e+00 1.013813741597627427e+01 1.253640919950370858e+01
1.954275904445831546e+00 1.011362166406702023e+01 1.109389077700140547e+01
1.975844129131796301e+00 1.008697682878993263e+01 9.928579618502224591e+00
1.995643298503113394e+00 1.005812854741256679e+01 8.868454505990444048e+00
2.013695838066062560e+00 1.002757885268177063e+01 7.973784061907706722e+00
2.029978161261273062e+00 9.994625928896407885e+00 7.196967011527173774e+00
2.044541478068440110e+00 9.959536576132972385e+00 6.500353823952073284e+00
2.057386821846328928e+00 9.922371595223102858e+00 5.910978295968751794e+00
2.068564667609385399e+00 9.884458784892729000e+00 5.398998529731230178e+00
2.078108617843455352e+00 9.843654621431939589e+00 4.944195731484988698e+00
2.086066432080880606e+00 9.801529802811993264e+00 4.546296702393315847e+00
2.092484037446289413e+00 9.757466918643556752e+00 4.194880376496748831e+00
2.097414518058747124e+00 9.712315019788297477e+00 3.896400610447173118e+00
2.100921792911396135e+00 9.666157734152207581e+00 3.618142016264006333e+00
2.103050104818014798e+00 9.618287597916477694e+00 3.374564502358873064e+00
2.103867397490840396e+00 9.569397228660760035e+00 3.158739626059288597e+00
2.103435308353340361e+00 9.519541984495559106e+00 2.974076305049469848e+00
2.101811036975976599e+00 9.468586915278070393e+00 2.800135545427849149e+00
2.099065896274883158e+00 9.417003301571693186e+00 2.653261771734251262e+00
2.094905244394379640e+00 9.367421852133700710e+00 2.547932348620644216e+00
2.088931292002936146e+00 9.320048385404071212e+00 2.441218185397012963e+00
2.081145457169086388e+00 9.274060955601630241e+00 2.371870835393538268e+00
2.071803082775530491e+00 9.229025647220549189e+00 2.328312369762680412e+00
2.061157367348860348e+00 9.185144589823389438e+00 2.300868009535006919e+00
