1.550982551689759603e+01 2.191799393479931801e-01 3.683552447462830693e+06
1.520151998716609576e+01 2.272479077540743020e-01 3.093679943960629404e+06
1.491795779561059732e+01 2.356574104717869267e-01 2.594107174622424878e+06
1.466119193604187210e+01 2.444290136536888258e-01 2.178173829608266242e+06
1.442557023875886379e+01 2.535485089590693297e-01 1.825259455309328623e+06
1.420542698160466699e+01 2.630404807335138262e-01 1.533348887195034418e+06
1.400491191852834660e+01 2.729103783839674779e-01 1.288361652662964305e+06
1.382170797957950370e+01 2.831692843320532949e-01 1.079899748868738767e+06
1.364941721793068474e+01 2.938238341009394294e-01 9.072899156764799263e+05
1.348896548499066306e+01 3.048669571735578288e-01 7.631332637615422718e+05
1.334333750471504487e+01 3.163299740821631234e-01 6.409928062982038828e+05
1.321023087181179179e+01 3.282070326866024512e-01 5.394415718838394387e+05
1.308546116216395916e+01 3.405028218384806293e-01 4.532705333484259318e+05
1.297241607402312980e+01 3.532262305715355710e-01 3.815540807349853567e+05
1.286563281095017253e+01 3.663902642673683152e-01 3.210345563126587076e+05
1.276897672517499949e+01 3.799972461823762360e-01 2.700723130164235481e+05
1.268090132438319451e+01 3.940504862838600797e-01 2.278146373721840791e+05
1.259760719073233304e+01 4.085545664072983141e-01 1.917668412467551534e+05
1.252315843389634864e+01 4.235038504084701061e-01 1.616478261017962359e+05
1.245163516901588352e+01 4.389081654396365106e-01 1.362515808721091016e+05
1.238714071802574246e+01 4.547810046917866722e-01 1.151658386137143098e+05
1.232533431622636755e+01 4.711301615109202978e-01 9.632393223771351040e+04
1.227142461463589740e+01 4.879050113345815842e-01 8.217876401711473591e+04
1.221425386070417041e+01 5.051214816952587228e-01 6.947315537662430143e+04
1.216942661289456495e+01 5.228116515224828786e-01 5.886138164546056214e+04
1.212713037382050807e+01 5.409567089796709638e-01 4.985060104872314696e+04
1.208517729693143572e+01 5.595543510076186333e-01 4.220299163690242131e+04
1.205056200632040664e+01 5.785682035791915867e-01 3.547336252159268770e+04
1.201268792434044741e+01 5.984113472662319078e-01 3.002593516718228784e+04
1.197841829548455372e+01 6.196708612733969890e-01 2.556177698868932930e+04
1.195042011437299401e+01 6.423607804595550252e-01 2.139858677090994388e+04
1.192347067218811318e+01 6.664947212749405825e-01 1.784160473169308170e+04
1.190099079792381254e+01 6.920489154917209840e-01 1.484320063190224027e+04
1.188400101253494690e+01 7.189715633129085681e-01 1.219647494242277571e+04
1.187231279238377013e+01 7.472744853506861906e-01 1.019944499581103082e+04
1.186528438991067880e+01 7.768592108708656241e-01 8.440316181218586280e+03
1.186107653410868856e+01 8.076977069238679974e-01 7.000701170965349775e+03
1.185974025328156323e+01 8.397166828673311434e-01 5.777315404662204855e+03
1.186249224990341133e+01 8.728291246577019047e-01 4.756228276445835036e+03
1.186967000653530491e+01 9.069704253394670346e-01 3.967508452687002773e+03
1.187861497223139473e+01 9.420567378731611319e-01 3.287137087714828340e+03
1.189155188400724583e+01 9.779861072461798477e-01 2.733775884640594086e+03
1.190302187237210774e+01 1.014623560944386771e+00 2.282145402851929248e+03
1.191769910945694910e+01 1.051944870890729744e+00 1.901259014983494126e+03
1.193193674619812406e+01 1.089827306398946538e+00 1.589233812126932435e+03
1.194878761671495049e+01 1.128002226240454542e+00 1.332940207858903477e+03
1.196462388667427668e+01 1.166559140306035802e+00 1.120966916038528552e+03
1.198182748326020963e+01 1.205337496368013239e+00 9.444889509681090658e+02
1.199691536666668057e+01 1.243947179389739643e+00 7.994811433642823886e+02
1.201134526126069169e+01 1.282662449625707746e+00 6.777820773057241013e+02
1.202567603691343479e+01 1.321081086544398042e+00 5.769048654881177072e+02
1.203604966069828563e+01 1.359183376804269372e+00 4.930079624061154959e+02
1.204533396284714897e+01 1.396859666437024750e+00 4.220833438638351254e+02
1.205409559181435064e+01 1.433941006934627671e+00 3.623458349481044820e+02
1.205846885005742841e+01 1.470329601620721682e+00 3.115564291533177652e+02
1.206291682589674785e+01 1.505962114517222172e+00 2.705672372948436646e+02
1.206577238264118357e+01 1.540692633171285797e+00 2.340864734681635753e+02
1.206109297065963304e+01 1.574464212097997251e+00 2.038081414058690655e+02
1.205950695794266458e+01 1.607120775870499063e+00 1.791635157051866827e+02
1.205116982987248342e+01 1.638656466707076431e+00 1.573842368959138867e+02
1.204056346312423109e+01 1.668947873894085721e+00 1.386735622122600091e+02
1.202401268774272936e+01 1.697934966443686688e+00 1.226533072599741985e+02
1.200847797813350049e+01 1.725582322296714821e+00 1.087178814589991873e+02
1.198740910114768532e+01 1.751826603191632525e+00 9.677903721519672331e+01
1.196400734988158909e+01 1.776621559268623640e+00 8.649791376729541525e+01
1.193783287995644571e+01 1.799916405641851069e+00 7.710538971299220634e+01
1.190980073736126599e+01 1.819410768720126637e+00 7.031360582338444942e+01
1.187738208281921892e+01 1.833813316268516846e+00 6.483286326473474048e+01
1.183921627916899944e+01 1.845240382902009868e+00 6.013298902533665569e+01
1.179573237441252331e+01 1.855300843404864342e+00 5.612611851357341664e+01
1.174928961790960891e+01 1.864354618870609714e+00 5.182114214451237189e+01
1.169934587082071076e+01 1.872446385250991607e+00 4.791416062054556591e+01
1.164617269922026033e+01 1.879558577028963784e+00 4.475898151587807661e+01
1.159067555475758837e+01 1.885702666250546278e+00 4.165291142158248761e+01
1.153286345524582579e+01 1.891045933312646810e+00 3.870152159029251493e+01
1.147350209305878188e+01 1.895391730935925834e+00 3.618441344522800307e+01
1.141249781141331709e+01 1.898923873009952246e+00 3.382105279393536534e+01
1.134959194432483365e+01 1.901544662132052199e+00 3.153040709562042920e+01
1.128532040672794423e+01 1.903271200072399694e+00 2.967984390939326289e+01
1.121950224024475418e+01 1.904135055176396696e+00 2.786650645984613561e+01
1.115276124340056718e+01 1.904132694254293323e+00 2.620855987606939763e+01
1.108452185404964041e+01 1.903285305861105003e+00 2.462238339101273255e+01
1.101628545570662432e+01 1.901599793210536626e+00 2.333763119452455825e+01
1.094655870065381009e+01 1.899096067099825147e+00 2.209770993033999531e+01
1.087724142082504208e+01 1.895805299827985513e+00 2.087609637555623365e+01
1.080681219008612892e+01 1.891744924175859266e+00 1.990254808691775423e+01
1.073669630105649375e+01 1.886854207188841226e+00 1.896225182273989063e+01
1.066455364525873684e+01 1.881401777523993291e+00 1.809504234590133009e+01
1.059327804676694917e+01 1.875167937310921795e+00 1.731444181035356067e+01
1.052219648201169377e+01 1.868302740965346986e+00 1.660315309608296630e+01
1.045044704182187623e+01 1.860800617123632206e+00 1.589471581889653962e+01
1.037933851681507313e+01 1.852704690413398358e+00 1.529872295057000642e+01
1.030920878279940744e+01 1.844032151569322764e+00 1.477014673995643612e+01
1.023784350678654675e+01 1.834820270690902255e+00 1.427367869080973506e+01
1.016835927430295072e+01 1.825127587006730723e+00 1.386794778135085693e+01
1.009739644439649453e+01 1.814919761447345792e+00 1.342798646592385836e+01
1.002796358265345944e+01 1.804369592178704407e+00 1.306754475431409368e+01
9.958371020218073966e+00 1.793275494209733534e+00 1.273410094013613936e+01
9.886682554619168783e+00 1.781797164376420994e+00 1.240243465456503280e+01
9.813840988217878092e+00 1.769812100891768658e+00 1.211520199612053794e+01
