2.191799393479931801e-01 1.550982551689759603e+01 3.683552447462830693e+06
2.264849537985354211e-01 1.524978323983704520e+01 3.156088894174226094e+06
2.340623524581503800e-01 1.497073118340608389e+01 2.682682376740064472e+06
2.419436831765570950e-01 1.474115248966660552e+01 2.293700731692523696e+06
2.500976891834628679e-01 1.451025641948347733e+01 1.950747311940862332e+06
2.585612626819506210e-01 1.430150711562833088e+01 1.663311217618463794e+06
2.673323418838984278e-01 1.411686767482346738e+01 1.422833485170656582e+06
2.764170868331289332e-01 1.394182929843742969e+01 1.210167552456642501e+06
2.858251326670896431e-01 1.377661863895673555e+01 1.033196517196649686e+06
2.955490560038461778e-01 1.362627626300611183e+01 8.821196964029294904e+05
3.056103176049728143e-01 1.348095368422253060e+01 7.536759666329805041e+05
3.160072155370040048e-01 1.334844081512200020e+01 6.443718098223289708e+05
3.267452090047498481e-01 1.322464463399902179e+01 5.501818116706818109e+05
3.378268108428104100e-01 1.311361695318763765e+01 4.705918109353950131e+05
3.492636615633187835e-01 1.300768483088195815e+01 4.018649910758900805e+05
3.610590883036763343e-01 1.290811638474191803e+01 3.440745209942027577e+05
3.732113731255870537e-01 1.281717149318011195e+01 2.940442852734948392e+05
3.857360977810581626e-01 1.273081676274678919e+01 2.518848717993471364e+05
3.986169998213289767e-01 1.265610452339212166e+01 2.160014370148015150e+05
4.118761804961501571e-01 1.257377158629982716e+01 1.844792018085203599e+05
4.255241295268729074e-01 1.251125181633183558e+01 1.580177462186008925e+05
4.395092403324331043e-01 1.244767845108294679e+01 1.356691170892363880e+05
4.538964380454127423e-01 1.238896662499615076e+01 1.162670974209392443e+05
4.686696674923876427e-01 1.233505097261282657e+01 9.965505010528833373e+04
4.837834509844827213e-01 1.228485756691144459e+01 8.548079462797357701e+04
4.992958288127519739e-01 1.223390708791178483e+01 7.367820284260297194e+04
5.151742293242239645e-01 1.219084472049302725e+01 6.322516744291046780e+04
5.314288302035956590e-01 1.214824217917381155e+01 5.434759197559062886e+04
5.480557700111416963e-01 1.211007857496791829e+01 4.673105565015337197e+04
5.650558383310564370e-01 1.207286819435529779e+01 4.027964771842447226e+04
5.823743741788555139e-01 1.203972126162222445e+01 3.466003776622577425e+04
6.005103283194938024e-01 1.200776814996422992e+01 2.979849705232081760e+04
6.197305399490151689e-01 1.197976833544757014e+01 2.549690753227940513e+04
6.400312395396567933e-01 1.195150704840344069e+01 2.177993011922430014e+04
6.614086802923870856e-01 1.192639360081875566e+01 1.852097893245902014e+04
6.838505199400358725e-01 1.190570456008131828e+01 1.573469033087205935e+04
7.073151161165457390e-01 1.188842956936962558e+01 1.331459721908959909e+04
7.317879075072957207e-01 1.187493730887744547e+01 1.126843226722242798e+04
7.572131346585047051e-01 1.186372567702287917e+01 9.519378767030144445e+03
7.835506353665063761e-01 1.185483600864857046e+01 8.059476352168357153e+03
8.107537825680732890e-01 1.185038355139709410e+01 6.821811965486571353e+03
8.387748858725797563e-01 1.184870674393006951e+01 5.760396636754822794e+03
8.675239746720406764e-01 1.185052166118465600e+01 4.872126034325090586e+03
8.970059986295461085e-01 1.184937576172013074e+01 4.099143237977750687e+03
9.270814984116486634e-01 1.185427992994640789e+01 3.507863547288604423e+03
9.577046523557616320e-01 1.185767833819384443e+01 2.958603850600879468e+03
9.887743282455466742e-01 1.186563705068354402e+01 2.526930293429009907e+03
1.020269458328263656e+00 1.187390666635021752e+01 2.165619564535625159e+03
1.052080090142707869e+00 1.188097193680006569e+01 1.850032116358142503e+03
1.084130514109696408e+00 1.188849158914606008e+01 1.583884947878729690e+03
1.116247504883976838e+00 1.190036928882549461e+01 1.349254143147782088e+03
1.148517102289528191e+00 1.190519639075345104e+01 1.170001934936693260e+03
1.180774931235662129e+00 1.191344500472057000e+01 1.008637253356528845e+03
1.212845068424174944e+00 1.191922243921553992e+01 8.713196524633112858e+02
1.244732742019349692e+00 1.192664013913558740e+01 7.559317267345487608e+02
1.276328853471373037e+00 1.192884162610376286e+01 6.576149503055930836e+02
1.307522733026681427e+00 1.193199905826069873e+01 5.734506291187486795e+02
1.338327685320309879e+00 1.193425554198671001e+01 5.008575523981918423e+02
1.368626331988241240e+00 1.193277082727887262e+01 4.389151531124524581e+02
1.398319391649486265e+00 1.193490590959591202e+01 3.856125233913367083e+02
1.427334489584503263e+00 1.192800571158962697e+01 3.401390946359034047e+02
1.455606468720781033e+00 1.192458036137083788e+01 3.004814499804604111e+02
1.483078607629475520e+00 1.191452978502455196e+01 2.661958151212235748e+02
1.509712715105299363e+00 1.190334466511349021e+01 2.367081872529596467e+02
1.535411712042180854e+00 1.189021786224040866e+01 2.112217815223379489e+02
1.560151793625710104e+00 1.187556247389163389e+01 1.888440529147858626e+02
1.583941744946280261e+00 1.185911244790934305e+01 1.692054666571512200e+02
1.606665808248674665e+00 1.183851628424234548e+01 1.521621152420883050e+02
1.628330445523351155e+00 1.181830369964144190e+01 1.371177119556706714e+02
1.648873677709440155e+00 1.179186906000740365e+01 1.233640436448315683e+02
1.668301040953999559e+00 1.176482795220162814e+01 1.125419869863835487e+02
1.686593716466858073e+00 1.173580283955421599e+01 1.024151401126366920e+02
1.703718505820531970e+00 1.170441574892133474e+01 9.326414350347917548e+01
1.719680018770670227e+00 1.167101883844560994e+01 8.532084904575782502e+01
1.734432325986633883e+00 1.163481976421990538e+01 7.820868181331887570e+01
1.747869633261826650e+00 1.159747601760054359e+01 7.192022504816554829e+01
1.759857208944898499e+00 1.155668983245652548e+01 6.640278093448176833e+01
1.770447270518052729e+00 1.151566999275054215e+01 6.156501423465284262e+01
1.779708489621156575e+00 1.147190770011860650e+01 5.722380099490542449e+01
1.787595348970873577e+00 1.142640999521146661e+01 5.333220841112108701e+01
1.794233874423265318e+00 1.137852115329517488e+01 4.999310358207311822e+01
1.799642692635798458e+00 1.133012158587267493e+01 4.685348121685099443e+01
1.803871726890360794e+00 1.127884838139423707e+01 4.409439440915463138e+01
1.806945508612590956e+00 1.122738925095610973e+01 4.158755087079239132e+01
1.809086361165184842e+00 1.117385026643050949e+01 3.933637300023517014e+01
1.810208762831843288e+00 1.111903534778321045e+01 3.710985287690144219e+01
1.810403911659509646e+00 1.106216540693739248e+01 3.537592041339636495e+01
1.809716733868004468e+00 1.100509544971271403e+01 3.368265275001103021e+01
1.808200189521156798e+00 1.094573951501019948e+01 3.210232405965957270e+01
1.805854648333161006e+00 1.088687653729348348e+01 3.072113977448412925e+01
1.802735926897781171e+00 1.082735130939445156e+01 2.937993307993660252e+01
1.798906013102529178e+00 1.076656410493311888e+01 2.820509540685479877e+01
1.794384926255564006e+00 1.070507194061832479e+01 2.712599167858011739e+01
1.789161561603925588e+00 1.064400802847180394e+01 2.612164853090603600e+01
1.783356558336778752e+00 1.058237323696060095e+01 2.513461975846292518e+01
1.776960687695716246e+00 1.052016839190390662e+01 2.437293774873667473e+01
1.769992291877909851e+00 1.045827665762586989e+01 2.354238909002622293e+01
1.762503989866941678e+00 1.039639271208556970e+01 2.285196199166668762e+01
1.754557657394019143e+00 1.033443827401640114e+01 2.229628354574418481e+01
1.746555042118075551e+00 1.027590325752668932e+01 2.168130397706122281e+01
