2.191799393479931801e-01 1.550982551689759603e+01 3.683552447462830693e+06
2.280457169478503077e-01 1.518170726587260333e+01 3.052004341672889423e+06
2.373361453603481386e-01 1.486348100092745383e+01 2.511383893743946217e+06
2.470295569038398753e-01 1.458446590164451706e+01 2.069212011237388942e+06
2.571660758773968158e-01 1.434126365125793612e+01 1.705447117593424162e+06
2.677526003306783253e-01 1.409919544414614201e+01 1.409348501984032569e+06
2.787986846908377947e-01 1.390438087097456865e+01 1.161416747043122770e+06
2.903184674738540916e-01 1.370345226804672123e+01 9.599800617343700724e+05
3.023022963306244981e-01 1.352680808607519403e+01 7.935772149672192754e+05
3.147882087651545091e-01 1.336589364955430703e+01 6.553995853421131615e+05
3.277777120507223696e-01 1.322108741254249864e+01 5.419921491296034073e+05
3.412858895795659042e-01 1.307728131944450034e+01 4.480867799703149358e+05
3.552792288107329832e-01 1.295926585202528969e+01 3.711665530391377979e+05
3.697980188122321765e-01 1.284218773127931001e+01 3.071233755674776039e+05
3.848712308805354865e-01 1.273781808709197350e+01 2.542506340406301897e+05
4.004682127009505099e-01 1.265145713109895631e+01 2.106753009939177136e+05
4.166180225263180215e-01 1.255394211618740030e+01 1.750037624956403452e+05
4.333091979496042634e-01 1.247858476725683730e+01 1.436515049061239406e+05
4.505580880365044338e-01 1.240176014496097245e+01 1.204799110721087054e+05
4.683512963614714919e-01 1.233553197288617298e+01 1.001615386131006962e+05
4.867008512439040535e-01 1.227305747119227419e+01 8.327038862166838953e+04
5.055618384485223160e-01 1.221798044498812175e+01 6.927265148202131968e+04
5.249948931232416571e-01 1.216542009772097011e+01 5.762598547231882549e+04
5.449738859282426962e-01 1.211856154872106295e+01 4.809286505648302409e+04
5.654983113446341303e-01 1.207103580201750326e+01 4.008141113675280212e+04
5.865336333381742095e-01 1.203296204020211135e+01 3.346696688684666879e+04
6.089568066687022219e-01 1.199605618968651122e+01 2.778939529513108209e+04
6.329396576732949642e-01 1.195938728980454968e+01 2.301091146072676565e+04
6.585392243160553827e-01 1.193118007256314783e+01 1.891968929258397111e+04
6.857265345277067103e-01 1.190650369437587841e+01 1.534621486685173477e+04
7.144010057304969186e-01 1.188507718492888188e+01 1.268052134302150807e+04
7.446325439780573374e-01 1.187050522196081737e+01 1.027393440687472867e+04
7.762240514966040061e-01 1.186135080103439599e+01 8.445961108902611159e+03
8.091466747177508134e-01 1.185338761346025471e+01 6.886587484671706079e+03
8.432730344552891166e-01 1.185200539506459094e+01 5.616700270443057889e+03
8.785036121056919445e-01 1.185200469492400721e+01 4.596087808519049759e+03
9.148235273136519075e-01 1.185716460247548909e+01 3.757983339783866995e+03
9.519856279488800865e-01 1.186019808999031078e+01 3.083898574294075388e+03
9.898736335586900692e-01 1.187150151245888807e+01 2.531925616760802313e+03
1.028465780020275222e+00 1.188183218928178597e+01 2.086503410975288716e+03
1.067448835784695182e+00 1.189170689322805075e+01 1.724826476628922592e+03
1.106754492661848666e+00 1.190248937602643764e+01 1.430514989084919762e+03
1.146197613261100923e+00 1.191399103830466366e+01 1.190040434041331991e+03
1.185810845693801463e+00 1.192431349778414607e+01 9.864699439289065594e+02
1.225152668456350957e+00 1.193496089144409034e+01 8.324651395228647743e+02
1.264231983234770818e+00 1.194038529499040635e+01 7.003985393907388470e+02
1.302845619627203355e+00 1.194749659627499838e+01 5.915249266645552098e+02
1.340865929778969567e+00 1.195030565785129539e+01 5.018432715884207482e+02
1.378239159360795441e+00 1.195591424836659122e+01 4.268725136104077365e+02
1.414921800055752854e+00 1.195081905702379999e+01 3.647100805998719579e+02
1.452021888105448966e+00 1.195083881269969162e+01 3.111523183745903225e+02
1.489576865002744110e+00 1.194440495341789976e+01 2.653520228656265090e+02
1.527407529563114208e+00 1.193848256188069001e+01 2.264988375435341936e+02
1.565422880409621076e+00 1.193316156369237468e+01 1.932090296035419783e+02
1.603379435798341524e+00 1.192355278845402289e+01 1.651763941315983857e+02
1.640906332052623151e+00 1.191569972464794525e+01 1.414777448459081199e+02
1.673550423861986047e+00 1.190274345699254610e+01 1.233523170782283955e+02
1.700314579499257794e+00 1.188334211099001969e+01 1.095046128150794544e+02
1.721851017085586522e+00 1.185758752401589788e+01 9.866134811460183585e+01
1.738702292239332703e+00 1.182584392165730769e+01 9.011600485489732648e+01
1.752755793481418189e+00 1.178686494662190576e+01 8.256675755414511286e+01
1.766596506332688943e+00 1.174223161672242632e+01 7.544455901455607716e+01
1.780658846789180183e+00 1.169265568266792954e+01 6.854995526898706260e+01
1.795017879017841045e+00 1.163956075285173952e+01 6.176689140205017026e+01
1.809681226547442456e+00 1.158402344035986609e+01 5.581457308972861853e+01
1.824586552621039859e+00 1.152672503285412553e+01 5.021415308028653612e+01
1.839711769687261356e+00 1.146823933043235044e+01 4.520125496099207396e+01
1.854898938272347308e+00 1.140872777468355181e+01 4.056139927821936197e+01
1.870113803314644940e+00 1.134784898550702970e+01 3.628245204101467891e+01
1.885201729214632360e+00 1.128573346218845863e+01 3.248431201112634170e+01
1.900028004584273678e+00 1.122347245957113238e+01 2.904659455073567642e+01
1.914411243924354800e+00 1.116005047190158450e+01 2.602913967936543926e+01
1.928549060895154099e+00 1.109728698200142283e+01 2.321544957751510196e+01
1.942013402234074926e+00 1.103362873906482555e+01 2.090400779357856464e+01
1.954801557818957702e+00 1.096972129949754482e+01 1.878814286143342827e+01
1.966858486908994674e+00 1.090523871293725655e+01 1.691116884322226355e+01
1.978065514166417849e+00 1.084072428232299856e+01 1.526560713311338446e+01
1.988423759121969336e+00 1.077616517883427250e+01 1.374030761256433131e+01
1.997812055360866701e+00 1.071099706052295986e+01 1.245827173648752684e+01
2.006206811085996744e+00 1.064544472491689575e+01 1.136487230864847398e+01
2.013569634027471800e+00 1.057976533148989517e+01 1.035441446699338286e+01
2.019881196197012230e+00 1.051375873911221248e+01 9.431803397734226380e+00
2.025097792636309180e+00 1.044729734117253983e+01 8.651403478416915149e+00
2.029140279282423354e+00 1.038056523996039182e+01 7.968160037395016104e+00
2.032286396562926090e+00 1.031479843159110921e+01 7.355502985801718907e+00
2.034247402090508139e+00 1.024712027208854437e+01 6.809324209013833062e+00
2.035136524801226976e+00 1.017959298360499609e+01 6.300106140654998299e+00
2.034980737197752632e+00 1.011286460038622792e+01 5.882199011440208736e+00
2.033817721051552230e+00 1.004529866053657905e+01 5.482324263969369227e+00
2.031631007234252273e+00 9.978142699285136530e+00 5.150215002710420542e+00
2.028458797345698006e+00 9.911266126318842851e+00 4.842230712042372431e+00
2.024408404519758786e+00 9.844255975647939749e+00 4.573851777264066776e+00
2.019443363774958478e+00 9.777296936645123893e+00 4.317404023877364772e+00
2.013612532012688749e+00 9.710819372074672273e+00 4.096588079340494737e+00
2.007167878080885703e+00 9.646336623345515449e+00 3.912458332325130517e+00
1.999544806010339348e+00 9.583049490948747362e+00 3.745368298398580542e+00
1.991214196793068103e+00 9.523095365810805291e+00 3.607037278010769565e+00
1.981612833210521618e+00 9.463628552547056927e+00 3.517208267551808820e+00
1.971264754396163887e+00 9.406193855090560163e+00 3.442443189211701782e+00
1.960283951724261842e+00 9.352321844952422580e+00 3.358951451188257220e+00
