1.550982551689759603e+01 2.191799393479931801e-01 3.683552447462830693e+06
1.521488551814177015e+01 2.274050086271285909e-01 3.085812193070721813e+06
1.491001137596382264e+01 2.359901802546905680e-01 2.576997539134594612e+06
1.465254590131084989e+01 2.449402179836194238e-01 2.155236719135311898e+06
1.440744878636453130e+01 2.542582308504093280e-01 1.803173108680847799e+06
1.418629991767184428e+01 2.639633799030177697e-01 1.508124123629684327e+06
1.398594032788095554e+01 2.740624698694322792e-01 1.260736658505624626e+06
1.379473026403216096e+01 2.845656526210469939e-01 1.058933801020614104e+06
1.362072671913176336e+01 2.954706505136379668e-01 8.833794771706218598e+05
1.346771829885116745e+01 3.067972510160599242e-01 7.392689546566942008e+05
1.332682694570647186e+01 3.185578593062804442e-01 6.205604511859881459e+05
1.318770171821942228e+01 3.307401430283060662e-01 5.206622782149764826e+05
1.306121314948217815e+01 3.433687292574575944e-01 4.361508956936007016e+05
1.294769617102941339e+01 3.564500471109099955e-01 3.655316068690402317e+05
1.284083812430868754e+01 3.699706863722303507e-01 3.065605955081591965e+05
1.274186276445912647e+01 3.839688819070197767e-01 2.571454910161352018e+05
1.265455893542761601e+01 3.984149583469862033e-01 2.157716709366878204e+05
1.257167977924442503e+01 4.133335989899449836e-01 1.812838162114511651e+05
1.249956366566673616e+01 4.287367548860941957e-01 1.508339757678006135e+05
1.242654804255162482e+01 4.446165447492853584e-01 1.282732311179589742e+05
1.236293886558478583e+01 4.609615750625544739e-01 1.080261042690912291e+05
1.230242985767605468e+01 4.777699096267166157e-01 9.098255097452401242e+04
1.224748340723680506e+01 4.950500544484838783e-01 7.669518171394996170e+04
1.220002271510383274e+01 5.128071796063586874e-01 6.459168914206921181e+04
1.214915576296480104e+01 5.310417048802338336e-01 5.454601745499590470e+04
1.210894507973227086e+01 5.497460276820673730e-01 4.609597874895590940e+04
1.206744330964467515e+01 5.689232493005553781e-01 3.889133102654517279e+04
1.202737357553936448e+01 5.885666880438792381e-01 3.291826494531337812e+04
1.199268878802158156e+01 6.095711084250300393e-01 2.769942066638839606e+04
1.196279300087787867e+01 6.320144575618262817e-01 2.316224653138915892e+04
1.193493100855334177e+01 6.559603694497340154e-01 1.929039892820001114e+04
1.191038529952753144e+01 6.813943650071798697e-01 1.601975870375319209e+04
1.189098433593986393e+01 7.082878079896658408e-01 1.325181115878702803e+04
1.187811571731893956e+01 7.365964100815864946e-01 1.093525267918698410e+04
1.186794716941052030e+01 7.662703269102710824e-01 9.026105186650907854e+03
1.186222508931398600e+01 7.972617352679077785e-01 7.453268643552034519e+03
1.186183917473730887e+01 8.294539071941663400e-01 6.136721172090877189e+03
1.186284566173819677e+01 8.629258375638095835e-01 5.056643879056025980e+03
1.186823829106075578e+01 8.974351410364569404e-01 4.174803881558406829e+03
1.187687772750122228e+01 9.329394871037687276e-01 3.453660668904616614e+03
1.188777892277129489e+01 9.693395229572842053e-01 2.858113976983663179e+03
1.190120338572188352e+01 1.006549538627641294e+00 2.370863554567920801e+03
1.191325947648928540e+01 1.044414868025741239e+00 1.971562589838958047e+03
1.193630761658108241e+01 1.082932306263365341e+00 1.640384296214198457e+03
1.194537191633835960e+01 1.121786301526208396e+00 1.371614892482134792e+03
1.196342960398351352e+01 1.161003621814867159e+00 1.148157897994527730e+03
1.197893918342035846e+01 1.200375778408053540e+00 9.650621897813419992e+02
1.199500187026037956e+01 1.239873914001008437e+00 8.132867843050398733e+02
1.200977778210767433e+01 1.279320272746612863e+00 6.877013388077231184e+02
1.202355017925668967e+01 1.318488285122490389e+00 5.835050489770200102e+02
1.203519211979836889e+01 1.357341512034246689e+00 4.966635568095240956e+02
1.204505729010567272e+01 1.395782571458171306e+00 4.236664781470607295e+02
1.205552550006955670e+01 1.433553696465004634e+00 3.634028680970100709e+02
1.206172448632519512e+01 1.470633958579076639e+00 3.125686000655548469e+02
1.206236111799190880e+01 1.506923217856763531e+00 2.685320350439984622e+02
1.206656033172273546e+01 1.542286067576019049e+00 2.337425208555422671e+02
1.206395996808141469e+01 1.576634498759616143e+00 2.032278108402593944e+02
1.205835155312948537e+01 1.609830396862735657e+00 1.773284068949303105e+02
1.204811986550454428e+01 1.641851256196238396e+00 1.545118812770453758e+02
1.203689871359243213e+01 1.672587124479212761e+00 1.365672206106778503e+02
1.202355773793712501e+01 1.701950846133538420e+00 1.205028925271148239e+02
1.200541176153537570e+01 1.729904929236632416e+00 1.066678834826426652e+02
1.198307147127421857e+01 1.756391740106171495e+00 9.435787803858410427e+01
1.195900675232049259e+01 1.781342210769538914e+00 8.462222381609340971e+01
1.193194938474182365e+01 1.804811263789324549e+00 7.566663546292710407e+01
1.190129782086938981e+01 1.826680144311526810e+00 6.798000778085922491e+01
1.186768657918393366e+01 1.846956117297794187e+00 6.126882181293461116e+01
1.183202616512036087e+01 1.865633700341590373e+00 5.542430810100282912e+01
1.179227190395859992e+01 1.882718609356306416e+00 5.029023083937362770e+01
1.174997668632709491e+01 1.898201448638047406e+00 4.580962623722952998e+01
1.170547997521750361e+01 1.912100444542189415e+00 4.186712797051094270e+01
1.165818486825239297e+01 1.924438409963998842e+00 3.838652474125963465e+01
1.160845081850089500e+01 1.935220969126390633e+00 3.534380321295429184e+01
1.155606799142940133e+01 1.944499736450548966e+00 3.257514174701429255e+01
1.150242641763050244e+01 1.952286512190019030e+00 3.016525143641112194e+01
1.144682296794118948e+01 1.958636957749526397e+00 2.800527046934572795e+01
1.138793854618426415e+01 1.963574759863527586e+00 2.609391006032654303e+01
1.132873310514300869e+01 1.967154532870988293e+00 2.428632777709507096e+01
1.126660368919229782e+01 1.969421383411249504e+00 2.285006883955512791e+01
1.120401262901584438e+01 1.970420807910550076e+00 2.139675487778080765e+01
1.113956816152776241e+01 1.970204045230125711e+00 2.016778922869756130e+01
1.107263714106224128e+01 1.969026998779042970e+00 1.910234580371111690e+01
1.100175544877406431e+01 1.967436665644797911e+00 1.797966604067908136e+01
1.092906118651897174e+01 1.965599051089034210e+00 1.687041454692301912e+01
1.085362207698046255e+01 1.963655031841413878e+00 1.581549037565748428e+01
1.077629676045666152e+01 1.961668404174199409e+00 1.480252727424381831e+01
1.069875004767240867e+01 1.959671285914108552e+00 1.382852168994882014e+01
1.062544269490888382e+01 1.957044214720331743e+00 1.300909691249754552e+01
1.055696340090158003e+01 1.953318958771151692e+00 1.233733747291273453e+01
1.049023782524035298e+01 1.948143673307901391e+00 1.178372179558035171e+01
1.042122604970317035e+01 1.941858001384171972e+00 1.127172443893134890e+01
1.034886595225303907e+01 1.934842891762415640e+00 1.076678762373629183e+01
1.027426486800190730e+01 1.927356753822338620e+00 1.024569275772877575e+01
1.019808526029235018e+01 1.919498640176065196e+00 9.777777840592044356e+00
1.012091057322206211e+01 1.911402570562039438e+00 9.331004002403902930e+00
1.004273227678486258e+01 1.903005614355944397e+00 8.925422124144665403e+00
9.964049511408077819e+00 1.894492520253440171e+00 8.485019423069520172e+00
9.885769199382920647e+00 1.885854939405056552e+00 8.108929332659643663e+00
9.807013759692557286e+00 1.877012701015110752e+00 7.718381909562254783e+00
9.744538531479140175e+00 1.868933639006754355e+00 7.451469231783131697e+00
