2.191799393479931801e-01 1.550982551689759603e+01 3.683552447462830693e+06
2.272482740088134223e-01 1.520176115084013269e+01 3.101694378734087106e+06
2.356579973764920399e-01 1.494678733772391865e+01 2.612036025637564715e+06
2.444294528987669135e-01 1.467096383181853092e+01 2.183109342929436360e+06
2.535497881450652913e-01 1.441981484053115281e+01 1.824985621951184701e+06
2.630412262088296926e-01 1.420321582059366250e+01 1.532188873650353402e+06
2.729119973963771706e-01 1.400556305450875350e+01 1.288251747959011234e+06
2.831703951434165756e-01 1.381957644225817816e+01 1.080797092191966483e+06
2.938248269524002532e-01 1.364796087601422414e+01 9.072047323775688419e+05
3.048684286731309645e-01 1.348751792574469910e+01 7.620423956443204079e+05
3.163318706407007852e-01 1.333888303533439235e+01 6.413948218599937391e+05
3.282089844991781247e-01 1.321817001821729320e+01 5.388441912562967045e+05
3.405052595553253458e-01 1.308469710704673261e+01 4.529198263412446831e+05
3.532291484237378709e-01 1.297177750386611095e+01 3.809530802545234328e+05
3.663935217200848804e-01 1.286700256808608955e+01 3.214134670801139437e+05
3.800009411157709294e-01 1.276884416390695698e+01 2.699236759932597051e+05
3.940539990150904170e-01 1.267849257792202700e+01 2.278548410040225135e+05
4.085585758715930549e-01 1.259019207951794961e+01 1.916221771450200758e+05
4.235081446704057062e-01 1.252182378794630502e+01 1.619309085244051821e+05
4.389131231592975357e-01 1.245075515711346270e+01 1.364016473632625130e+05
4.547865678663315370e-01 1.238514588716724241e+01 1.150925983679109922e+05
4.711359522619399387e-01 1.232570144423262271e+01 9.617857986771943979e+04
4.879112043639915464e-01 1.227080069390874151e+01 8.224269160978736181e+04
5.051281946966058589e-01 1.221802728901985446e+01 6.953515082854463253e+04
5.228188227173097280e-01 1.216982064855662848e+01 5.878058921287857083e+04
5.409640633317005509e-01 1.212685694356030197e+01 4.984888091555452411e+04
5.595626133078189790e-01 1.208482527022847819e+01 4.222884299200876558e+04
5.785768606462862174e-01 1.204889429315589666e+01 3.549426869233615434e+04
5.983920524159673793e-01 1.201278499939445332e+01 3.032554387956605933e+04
6.195914646145556093e-01 1.197945219670265260e+01 2.556436759205523776e+04
6.421555671783198971e-01 1.194958188782527486e+01 2.138720140942900252e+04
6.660966308017619575e-01 1.192385718438577591e+01 1.771742740223684814e+04
6.913837156459055056e-01 1.190062328970923744e+01 1.489794107666410855e+04
7.179849898311563283e-01 1.188429324929714959e+01 1.236940501937443150e+04
7.458660277007069794e-01 1.187058388385309726e+01 1.027138988235948818e+04
7.749514364350903461e-01 1.186075019461007685e+01 8.524633466389137538e+03
8.052114537461634303e-01 1.185500761926364888e+01 7.068484641558263320e+03
8.365632467561620045e-01 1.185376289041286491e+01 5.811442288418780663e+03
8.689189251682130077e-01 1.185567081789767840e+01 4.865061946998061103e+03
9.022070824577603787e-01 1.186128105903556751e+01 4.043101422732012907e+03
9.363249477537983756e-01 1.186582978928598919e+01 3.362379086781420938e+03
9.712039981972031555e-01 1.187484424294418339e+01 2.806767429340505714e+03
1.006705622797232191e+00 1.188323112560051698e+01 2.344351572436833521e+03
1.042737386736158234e+00 1.190243205821070305e+01 1.962420565591866534e+03
1.079212300965838756e+00 1.190934385894640357e+01 1.644468550242143237e+03
1.116053147587737104e+00 1.192464841370471085e+01 1.383392995513311007e+03
1.152945701044645554e+00 1.193227246935334307e+01 1.172349833660397735e+03
1.190096883598013466e+00 1.194534534886291510e+01 9.882028836415653359e+02
1.227156896879515680e+00 1.196083385754103823e+01 8.388861226554830637e+02
1.263988630303963578e+00 1.196597252116762178e+01 7.143287171410221390e+02
1.300550170730243149e+00 1.197524012072524791e+01 6.103354537580919441e+02
1.336687099551809865e+00 1.198309726753091198e+01 5.232960693044416303e+02
1.372373375706238630e+00 1.198805368136244986e+01 4.494089473116943054e+02
1.407385854579083384e+00 1.199146594436765945e+01 3.881681327084828013e+02
1.441695465409642329e+00 1.199219997129022452e+01 3.356864563101287899e+02
1.475173059016592125e+00 1.199213859931583670e+01 2.916368842781890294e+02
1.507738945405932007e+00 1.198932497183053769e+01 2.543689822550806809e+02
1.539274035768218862e+00 1.198181996775966418e+01 2.223556182329840283e+02
1.569750657090952961e+00 1.197324576156326792e+01 1.952319906156001537e+02
1.599031050258423958e+00 1.195861565964015050e+01 1.718477094024461849e+02
1.627113999890099416e+00 1.194383432161804848e+01 1.519144598322421587e+02
1.653909182261305899e+00 1.192479096142620421e+01 1.348505530096382188e+02
1.679358128919917981e+00 1.190282484163020271e+01 1.199946636681341232e+02
1.703426800978235622e+00 1.187821305513302939e+01 1.071937311520140810e+02
1.726079190320291445e+00 1.185157215473597780e+01 9.610016975759751290e+01
1.747311859633115416e+00 1.182133075152610857e+01 8.638931922972227540e+01
1.767056333765624432e+00 1.178820435764091989e+01 7.804301760125341048e+01
1.785337971798176770e+00 1.175195798726500307e+01 7.062735633726516937e+01
1.802142462137799495e+00 1.171397051928579103e+01 6.381305037567547345e+01
1.817461274407859761e+00 1.167227950718880791e+01 5.843797988986019476e+01
1.831315889016483567e+00 1.162849716617713192e+01 5.343099084066602700e+01
1.843708594798286304e+00 1.158303000202426425e+01 4.877164318314982694e+01
1.854650607301360443e+00 1.153383053296728988e+01 4.512131871403683192e+01
1.864181570326601367e+00 1.148323674674490569e+01 4.161037791225799509e+01
1.872570984990164833e+00 1.143036659567913738e+01 3.852093057997081615e+01
1.880772445080284960e+00 1.137332063288018524e+01 3.547403660059818264e+01
1.888999264838889802e+00 1.131374609831302713e+01 3.260641823845539022e+01
1.897335108480978416e+00 1.125173411714199823e+01 2.991406107472604603e+01
1.905797258215763179e+00 1.118861162713854007e+01 2.738644329165628122e+01
1.914360016695787037e+00 1.112392425891782466e+01 2.499861526605775808e+01
1.923033989498259544e+00 1.105932042183358277e+01 2.280818711369268215e+01
1.931674752142752416e+00 1.099335331489885270e+01 2.071968886241666752e+01
1.940346857017828830e+00 1.092832913896979363e+01 1.892403343683700001e+01
1.948913155171152045e+00 1.086188607492340985e+01 1.723145802048627218e+01
1.957255251060711299e+00 1.079623382477813642e+01 1.569720637973627220e+01
1.963200995079575240e+00 1.073807830396224539e+01 1.453191802231546426e+01
1.963622666058611799e+00 1.069221534769779680e+01 1.386160609691836854e+01
1.959860819045282643e+00 1.065151214706320815e+01 1.346408146340120027e+01
1.953062116006305082e+00 1.061162196213702735e+01 1.332264288548910258e+01
1.944101767330923991e+00 1.056632572094105171e+01 1.316943776423761747e+01
1.933682260902593431e+00 1.051370771857691899e+01 1.300231321077193236e+01
1.922283648071884787e+00 1.045581585557549253e+01 1.278120581636047426e+01
1.910134003478666465e+00 1.039418227714991261e+01 1.259366583067025758e+01
1.897432072702163186e+00 1.032777033746570083e+01 1.241508795183620251e+01
1.884316301317214615e+00 1.025845037310876862e+01 1.219187149131788495e+01
1.870988563550599615e+00 1.018648627043418387e+01 1.193696401088080528e+01
1.857438388361474013e+00 1.011152187191945195e+01 1.167069913138797688e+01
1.843881279675496199e+00 1.003451923112463717e+01 1.140302266954186905e+01
1.830251413329556431e+00 9.957082403388046288e+00 1.106428510221758366e+01
1.816682328967406557e+00 9.876735287840505251e+00 1.079830917202663265e+01
