2.191799393479931801e-01 1.550982551689759603e+01 3.683552447462830693e+06
2.272923602398757847e-01 1.520011571605632206e+01 3.082284797104053665e+06
2.357493775055229668e-01 1.491781938454475487e+01 2.595116084843543824e+06
2.445728642977918199e-01 1.466114843612542984e+01 2.170356235765928868e+06
2.537476846876862702e-01 1.442859221528270730e+01 1.820775041988350684e+06
2.632996642029737933e-01 1.420162995864974498e+01 1.522968531679867068e+06
2.732338568518175026e-01 1.400058251832476230e+01 1.279313596704053460e+06
2.835604770120981888e-01 1.381307736611721815e+01 1.073275012794313952e+06
2.942840348787346128e-01 1.364016358578377108e+01 9.010226240760321962e+05
3.054086217532627767e-01 1.348177086953078607e+01 7.565293447471639374e+05
3.169568030690411153e-01 1.333800921085727254e+01 6.347965899201175198e+05
3.289145312038280200e-01 1.320918437769226372e+01 5.334437549209061544e+05
3.413260753461132557e-01 1.307926741635556134e+01 4.486160557168317609e+05
3.541314739730212491e-01 1.296580002107159935e+01 3.772987044096017489e+05
3.673913990905577909e-01 1.285812391222222395e+01 3.166557013017527643e+05
3.811237061248485269e-01 1.276365050367163256e+01 2.664929091904967208e+05
3.952763376508482973e-01 1.267354794653057404e+01 2.241870937743848481e+05
4.099005029603247086e-01 1.259294531669087291e+01 1.890319087188155681e+05
4.249850375619584897e-01 1.251548748275228284e+01 1.590507204482638626e+05
4.404972958105847769e-01 1.244244681775734662e+01 1.348087178264529211e+05
4.565058769002636740e-01 1.237932968979600012e+01 1.132204912626527657e+05
4.729789666253095270e-01 1.231812558661727053e+01 9.537875901565326785e+04
4.899008384155906226e-01 1.226320544461473894e+01 8.054861134136203327e+04
5.072705766453240450e-01 1.221276059793560442e+01 6.822255442112620221e+04
5.251123560728997441e-01 1.216682343118733378e+01 5.763277483017165650e+04
5.434143716099236743e-01 1.212048867917183870e+01 4.875658822151283675e+04
5.621734320552410624e-01 1.208081819543356872e+01 4.127611345595787861e+04
5.813388156112967442e-01 1.204321102278006173e+01 3.501001747166428686e+04
6.014752567955075069e-01 1.200727881315910217e+01 2.958252600415048801e+04
6.230197818112669372e-01 1.197493341608338113e+01 2.486467767498270041e+04
6.459614246325439124e-01 1.194559657166987598e+01 2.064714991458008444e+04
6.703226129252398691e-01 1.192013080103591882e+01 1.734764949075234472e+04
6.960457972101715685e-01 1.189887208911512673e+01 1.440593578765423081e+04
7.231207421887453357e-01 1.188194688722659897e+01 1.196596090520549114e+04
7.514937300953747901e-01 1.186983900399311054e+01 9.913891665332062985e+03
7.811115364188120358e-01 1.186284852188996908e+01 8.211586300046377801e+03
8.119199983365397166e-01 1.185590154805090179e+01 6.792560986421215603e+03
8.438407646278270891e-01 1.185647070557615201e+01 5.622573896962007893e+03
8.767900380012444428e-01 1.185958929714893451e+01 4.621200594104800075e+03
9.107264022621136546e-01 1.186446353327133707e+01 3.870183173995613288e+03
9.454761612804595261e-01 1.187257130410896622e+01 3.212775729035330187e+03
9.810089387689121532e-01 1.188229857396772182e+01 2.674442348780616612e+03
1.017178369888196210e+00 1.189457744323229704e+01 2.231344482687815798e+03
1.053915171972107601e+00 1.190573603369192490e+01 1.867055919467912418e+03
1.091051725767151481e+00 1.191879947536499706e+01 1.564047406126204805e+03
1.128575692649842699e+00 1.193266156741849926e+01 1.314062458555245939e+03
1.166217210063444476e+00 1.194773655237691656e+01 1.107047427773105710e+03
1.204000423755640092e+00 1.195915424393911763e+01 9.347526620622273867e+02
1.241678835839046258e+00 1.197044651689706640e+01 7.902587786358528774e+02
1.279240348533596583e+00 1.198242825644820897e+01 6.746178802932753342e+02
1.316441356780480687e+00 1.199519137700066551e+01 5.755824849523430657e+02
1.353252422060221338e+00 1.199937114762263413e+01 4.925481771652671341e+02
1.389557280834015751e+00 1.201018192649685368e+01 4.231559930995852028e+02
1.425171027609166474e+00 1.201300857518423548e+01 3.650601048799278487e+02
1.460064691964088723e+00 1.201214985481254338e+01 3.134704942808923533e+02
1.490753211050378280e+00 1.200957549218129650e+01 2.773328004010929249e+02
1.512362142035979407e+00 1.199815551550139858e+01 2.511664647631445746e+02
1.532986067802937447e+00 1.198220762914451498e+01 2.274908609379068878e+02
1.553594179754276938e+00 1.195687185980908573e+01 2.052057839220549624e+02
1.574190464802258438e+00 1.192954234479316611e+01 1.849990007135778569e+02
1.594849542891795258e+00 1.190053362411336835e+01 1.661442756387192219e+02
1.615426424177517362e+00 1.186783458693712845e+01 1.491360925083698703e+02
1.635856608941701262e+00 1.183340427814221663e+01 1.333863737814324963e+02
1.656052563124755350e+00 1.179720594395432620e+01 1.199592351056917892e+02
1.675941469489820035e+00 1.175916873579317468e+01 1.076452588396145700e+02
1.695429783052561090e+00 1.171922551717782746e+01 9.650868658375222253e+01
1.714417024020424174e+00 1.167741057019102691e+01 8.685167476594737934e+01
1.732837169288433454e+00 1.163455102110393291e+01 7.792614171732451211e+01
1.750553976649243060e+00 1.158960926840332206e+01 7.016345037130899698e+01
1.767607701560251598e+00 1.154382960021608895e+01 6.320670598605902768e+01
1.783788497713460153e+00 1.149632306511547419e+01 5.687727261637972731e+01
1.799189112553900793e+00 1.144738844057347649e+01 5.161343499743149010e+01
1.813610503773374294e+00 1.139644435158948355e+01 4.683164734766126003e+01
1.827074197541847633e+00 1.134532674887225490e+01 4.253095969234365015e+01
1.839527786003861687e+00 1.129223743725625440e+01 3.859612129156182903e+01
1.850952469510268150e+00 1.123793535779295460e+01 3.536836089030077090e+01
1.861302103886540937e+00 1.118200206482574188e+01 3.237084657637771556e+01
1.870574881826949420e+00 1.112471291426949449e+01 2.969888431403404638e+01
1.878753641927668028e+00 1.106641525656871750e+01 2.721977390810979358e+01
1.885838572311753447e+00 1.100773812612174218e+01 2.519289794671867355e+01
1.891823137583731995e+00 1.094756909263112554e+01 2.330142624728788192e+01
1.896713393011039805e+00 1.088589996356773426e+01 2.154635620017796427e+01
1.900526722884980035e+00 1.082423739046621058e+01 2.010067785317821532e+01
1.903272316769946793e+00 1.076085355351695760e+01 1.875454431795322563e+01
1.904974236353920380e+00 1.069619696232657979e+01 1.752418166828343615e+01
1.905659484862769704e+00 1.063134745166360595e+01 1.643272791000430288e+01
1.905347054780601068e+00 1.056643974857081325e+01 1.544838161091290374e+01
1.904074052629448177e+00 1.050100981485998197e+01 1.456138870596653767e+01
1.901866719377360848e+00 1.043478192777312508e+01 1.371890574169282573e+01
1.898759943541765693e+00 1.036836241086698074e+01 1.304574990422293546e+01
1.894682840310135896e+00 1.030276551754325887e+01 1.239004780534249583e+01
1.889589734057715242e+00 1.023833514662296551e+01 1.184200762837718912e+01
1.883497515964207780e+00 1.017448431023731104e+01 1.136941405357814716e+01
1.876455110271695759e+00 1.011171615200374418e+01 1.096668297075355269e+01
1.868558993303672366e+00 1.004916310139771340e+01 1.063228702295990580e+01
1.859835085354146988e+00 9.987212376915834966e+00 1.033302907074962818e+01
1.850393254153922973e+00 9.925291492318326192e+00 1.004731357212630627e+01
1.840233363549112378e+00 9.863339661137908720e+00 9.820506921269966938e+00
1.829383840926879889e+00 9.800150511595232317e+00 9.611161586948464119e+00
1.818033452694892249e+00 9.736179480241672124e+00 9.413133197782796557e+00
