2.191799393479931801e-01 1.550982551689759603e+01 3.683552447462830693e+06
2.275035733399781157e-01 1.519913401309974788e+01 3.078756496308173053e+06
2.361980202479214697e-01 1.490265974174301533e+01 2.565094672574267723e+06
2.452619888770867507e-01 1.463394127844997072e+01 2.142717315169752110e+06
2.547062122773073867e-01 1.439452311342074609e+01 1.787176879818404326e+06
2.645458868073871095e-01 1.417272242403161364e+01 1.494625938737789867e+06
2.747900255878003573e-01 1.396884632082744560e+01 1.246510301415157272e+06
2.854483098711255162e-01 1.376756385944274896e+01 1.042298593014520127e+06
2.965172569944963255e-01 1.361116400125039405e+01 8.710270423192332964e+05
3.080208019190104896e-01 1.345449501102593359e+01 7.260283736701594898e+05
3.199669128696008280e-01 1.330492356273025401e+01 6.069571776809636503e+05
3.323488510184915978e-01 1.316679555716417838e+01 5.079073690859684721e+05
3.451830799353737267e-01 1.304237310944544248e+01 4.241487323005864164e+05
3.584833646714438160e-01 1.292992221331392955e+01 3.557192882951016072e+05
3.722409115764927501e-01 1.282273688008099732e+01 2.980686085767277400e+05
3.864784448832762620e-01 1.272748288926154636e+01 2.496467244082685502e+05
4.012066826844664647e-01 1.263952856886256804e+01 2.085556978939684050e+05
4.163722353836533663e-01 1.255808381514754402e+01 1.752247567507409258e+05
4.320472738497848075e-01 1.248201671328805595e+01 1.470821498752481421e+05
4.482194704585367728e-01 1.241158202180669967e+01 1.232930999687625299e+05
4.648683748294784035e-01 1.234730391323472531e+01 1.039079679804088955e+05
4.819752925119816234e-01 1.228810886376833267e+01 8.715980459276096371e+04
4.995968067167121940e-01 1.223401148039889108e+01 7.260788013610491180e+04
5.176904510980789853e-01 1.218410403700201527e+01 6.169889024757372681e+04
5.362708122631381080e-01 1.213719681033153996e+01 5.208921310776277096e+04
5.553333049280594347e-01 1.209412481589005495e+01 4.385003595585189032e+04
5.748408953659823739e-01 1.205361934554705883e+01 3.697877733309046016e+04
5.950904008793770350e-01 1.201849374475226284e+01 3.118520259046525825e+04
6.167747015544310374e-01 1.198303509771933584e+01 2.612126200881429395e+04
6.399261502116828648e-01 1.195109586488331033e+01 2.177731253568182365e+04
6.646013037977550608e-01 1.192492970596275015e+01 1.808819484476118305e+04
6.907565218845095334e-01 1.190228977807720945e+01 1.497246782411928689e+04
7.183553749281209599e-01 1.188530871164852698e+01 1.235548492136590176e+04
7.473605601847609359e-01 1.187354755883255741e+01 1.019049773505210396e+04
7.777061752359775149e-01 1.186326038640795844e+01 8.391036476928349657e+03
8.093288317444092828e-01 1.185881179853179646e+01 6.848003772976840992e+03
8.421701533034611220e-01 1.185848200954563403e+01 5.687912847330901059e+03
8.761386000179345324e-01 1.186159859843187370e+01 4.681049091541151938e+03
9.111519764546351929e-01 1.186809359045107826e+01 3.864001622296745609e+03
9.470717165918752789e-01 1.187643017746063201e+01 3.193969442925102157e+03
9.838206339773410969e-01 1.188540290651565634e+01 2.646941606056837827e+03
1.021319360724010306e+00 1.189709972229634793e+01 2.193281335688298441e+03
1.059466517348927717e+00 1.191285361115784092e+01 1.822906551975975162e+03
1.097980444958759572e+00 1.192769465176386490e+01 1.520703376700855188e+03
1.136898199563872724e+00 1.194279584188888421e+01 1.270437432390988306e+03
1.175986090827631170e+00 1.195803172698768080e+01 1.066151085969977430e+03
1.215193331444579972e+00 1.197307884802109967e+01 8.964025712554438314e+02
1.254424868063238385e+00 1.198624960142031526e+01 7.560599055430728868e+02
1.293378651757113085e+00 1.200003363128469225e+01 6.402862107581419195e+02
1.332033409664033385e+00 1.200935342150341612e+01 5.440367048112997281e+02
1.370291829286758079e+00 1.201797974644322053e+01 4.641514783598008762e+02
1.407890763126491196e+00 1.202915237241414737e+01 3.949346496289944639e+02
1.444811303766772692e+00 1.203273623959358751e+01 3.407783527155447700e+02
1.480942409707479701e+00 1.203533030013699268e+01 2.940153101271801006e+02
1.516156676524231806e+00 1.203180267481694798e+01 2.542954072996391233e+02
1.550341481356368289e+00 1.202942507438135600e+01 2.194828994798170356e+02
1.583384618006594025e+00 1.202583574959470170e+01 1.921423635389956246e+02
1.615245551249620215e+00 1.201428213829449909e+01 1.681331514814042407e+02
1.645818855536755443e+00 1.200119879845171056e+01 1.477282291044326996e+02
1.675015474640133784e+00 1.198531632844865769e+01 1.301552541173593625e+02
1.702787597600460723e+00 1.196757516762909468e+01 1.150632581456978016e+02
1.729768801033255032e+00 1.194456327548165753e+01 1.019125250038353840e+02
1.756760762694741240e+00 1.191999735174493402e+01 9.014528220852801610e+01
1.783748104484844221e+00 1.189397866996340802e+01 7.966623334554694225e+01
1.810621316629197342e+00 1.186588473109586772e+01 7.033093321800338060e+01
1.837312517235640819e+00 1.183605686727224615e+01 6.220244422639762405e+01
1.863681660079784308e+00 1.180509772139703806e+01 5.490385934897405207e+01
1.889558576923029865e+00 1.177237857673859622e+01 4.852523892612020262e+01
1.914989993658887224e+00 1.173855015316075523e+01 4.295296044813730418e+01
1.939701581328410418e+00 1.170407211431184891e+01 3.790699297628258790e+01
1.963636007291839958e+00 1.166740389608860085e+01 3.380963402130347362e+01
1.986723399198545348e+00 1.162990937939104619e+01 3.006928658647681374e+01
2.008815288046172487e+00 1.159079420445185349e+01 2.680440655507981873e+01
2.029918551403168792e+00 1.155026799835939499e+01 2.398899524605226574e+01
2.049896782730610045e+00 1.150877392322345116e+01 2.145993952779675240e+01
2.068695507723359306e+00 1.146570203906772001e+01 1.927629233333011882e+01
2.086264806907454972e+00 1.142142417114024155e+01 1.736025551781465026e+01
2.102559714037040006e+00 1.137535230557962684e+01 1.568649831667474359e+01
2.117580913211069227e+00 1.132763806864081246e+01 1.420676943721562147e+01
2.131256060903170546e+00 1.127952749707981539e+01 1.291520471382863278e+01
2.143632024145098569e+00 1.122882430207821436e+01 1.175585190030087368e+01
2.154787648834584957e+00 1.117722129823512489e+01 1.071949567778612433e+01
2.164750415640704251e+00 1.112435473409310127e+01 9.843085435488019286e+00
2.173464540722944704e+00 1.107076797991632944e+01 9.032622560299275349e+00
2.181009230761348228e+00 1.101539251651756146e+01 8.316991972028448643e+00
2.187315128430357358e+00 1.095954901789860081e+01 7.672177038160493012e+00
2.192476479035145420e+00 1.090228300886669999e+01 7.105648827872160567e+00
2.196421713835562173e+00 1.084419243938284083e+01 6.575124522353690715e+00
2.199208187194903186e+00 1.078515844378216393e+01 6.135926291708673652e+00
2.200928359154279867e+00 1.072590021199814636e+01 5.725947743654627331e+00
2.201482006934593283e+00 1.066573332660245299e+01 5.362251530217736040e+00
2.200565223556083971e+00 1.060809639255707459e+01 5.057531893850737426e+00
2.197228234923073842e+00 1.055342858264305228e+01 4.820006095233961396e+00
2.191650842935462418e+00 1.050174135824372890e+01 4.650799086605839960e+00
2.184061477665482975e+00 1.045058591445148544e+01 4.532166104234517157e+00
2.174805962922478741e+00 1.040130503186123079e+01 4.446290454524352675e+00
2.164166880689733841e+00 1.035280944747593068e+01 4.406093821251491072e+00
2.152394773274419304e+00 1.030533186192726447e+01 4.363739054233955805e+00
2.139754991131573192e+00 1.025879553731073912e+01 4.366449536870959491e+00
2.126328964469664573e+00 1.021320063527297428e+01 4.363286359382720470e+00
