2.191799393479931801e-01 1.550982551689759603e+01 3.683552447462830693e+06
2.271357409041281084e-01 1.520001399805896014e+01 3.097197609222465195e+06
2.354237923366146457e-01 1.493365746372434977e+01 2.614764796188871376e+06
2.440646726926677945e-01 1.466711454823192362e+01 2.191311781490586232e+06
2.530415901636401954e-01 1.443890879265655691e+01 1.846038848140171962e+06
2.623814209108318862e-01 1.421938775372921882e+01 1.550111595301043242e+06
2.720891464252708225e-01 1.402291889250063583e+01 1.304439774448053678e+06
2.821727928461336132e-01 1.383663474218238498e+01 1.099642722106939647e+06
2.926479988480705230e-01 1.366401479008109554e+01 9.241838346589017892e+05
3.034861383882396790e-01 1.350899924364663462e+01 7.797928342017066898e+05
3.147394503280294686e-01 1.336048145605728088e+01 6.571308201863272116e+05
3.263915852675249862e-01 1.322987528475175090e+01 5.530535732255419716e+05
3.384557684170601544e-01 1.310729876406568017e+01 4.661534616978766862e+05
3.509410019568303674e-01 1.299161440985752414e+01 3.929963838574826368e+05
3.638715667479384686e-01 1.289030087640554356e+01 3.316591301066246815e+05
3.771786130255604941e-01 1.278913388062529854e+01 2.796308578401440172e+05
3.909450977035778818e-01 1.269851430185074470e+01 2.349514197093177063e+05
4.051535387684516154e-01 1.261513967999917440e+01 1.998296064636984956e+05
4.197861557117553155e-01 1.254075275876299678e+01 1.684093040519952192e+05
4.348886649957623418e-01 1.246215305479872093e+01 1.425682538800135953e+05
4.504214582098061137e-01 1.240207411012014838e+01 1.206381485829710291e+05
4.664006948036862887e-01 1.234182175071920717e+01 1.019849231772640342e+05
4.827974816596438679e-01 1.228712011092218681e+01 8.635008662879109033e+04
4.996682355274468801e-01 1.223366294657632203e+01 7.324183588851167588e+04
5.169715712392969342e-01 1.218553580447628448e+01 6.222274254296671279e+04
5.347198266705390779e-01 1.214133092878696907e+01 5.273011969100583519e+04
5.529083534932005550e-01 1.210059441302479577e+01 4.480823769311005890e+04
5.715090997617580104e-01 1.206079718690505054e+01 3.804515013473967701e+04
5.906520714962335550e-01 1.202775469622530835e+01 3.232840805404286584e+04
6.111094075508517465e-01 1.199106013214879241e+01 2.735094489251018604e+04
6.328944199924624314e-01 1.196092147667581074e+01 2.302068857557544470e+04
6.560901682478331720e-01 1.193269599029015460e+01 1.928163765830230477e+04
6.806808396465980904e-01 1.191192643657615591e+01 1.607509156167229412e+04
7.066283535650057512e-01 1.189306488232224801e+01 1.340459914955651766e+04
7.338961400106147615e-01 1.187744292094265397e+01 1.112902000136853349e+04
7.624463782116072119e-01 1.186795097634708185e+01 9.250082866570681290e+03
7.922312424646830165e-01 1.186229800940634505e+01 7.678906461941514863e+03
8.231923491813070148e-01 1.185829991379179305e+01 6.304993031498152959e+03
8.552620965758027660e-01 1.186158002543457535e+01 5.283738493321737224e+03
8.883414553849515727e-01 1.186625843150217108e+01 4.387783361345562298e+03
9.223980557030405647e-01 1.187338479426152027e+01 3.650780745502827813e+03
9.573071631539792348e-01 1.188149763541940374e+01 3.037342269694001061e+03
9.929840013259902953e-01 1.189571791425401592e+01 2.532573104503319882e+03
1.029358275656304222e+00 1.190793187093037275e+01 2.118084650817216698e+03
1.066231235342735451e+00 1.192055515338090110e+01 1.773695665588011252e+03
1.103660295072384168e+00 1.193719149592847018e+01 1.488727310651149992e+03
1.141362539775296447e+00 1.195365985048374391e+01 1.253652638604741696e+03
1.179264127060312140e+00 1.197112886247227870e+01 1.057525314958542367e+03
1.217319576187006591e+00 1.198409763544746554e+01 8.957562734680026324e+02
1.255458132499555068e+00 1.199918418857588165e+01 7.590554630751590821e+02
1.293345683524774969e+00 1.201199125399244672e+01 6.467639129098604371e+02
1.331013283478044151e+00 1.202355089020740309e+01 5.522417814393289746e+02
1.368327109667467401e+00 1.203417844844561380e+01 4.731791666154336440e+02
1.405141575285601574e+00 1.204284793106486795e+01 4.063466721863993030e+02
1.441385334699659904e+00 1.205008980237575322e+01 3.510121698948335052e+02
1.476935810722475040e+00 1.205525873859494368e+01 3.036933423090667930e+02
1.511710398378303566e+00 1.205975085497997767e+01 2.635228582553858132e+02
1.545579509659791295e+00 1.205893550940587211e+01 2.295934288032129871e+02
1.578467432185189923e+00 1.205685077073642830e+01 2.006766462839394478e+02
1.610309463988396361e+00 1.205068227555198135e+01 1.761370323398092523e+02
1.640977216808340522e+00 1.204002031609623913e+01 1.549019883920917664e+02
1.670435298248602152e+00 1.202741029270860196e+01 1.375171539609270894e+02
1.698646339022491070e+00 1.201273751769689646e+01 1.219454736679237215e+02
1.725552412129694346e+00 1.199574547643214828e+01 1.078369321690426119e+02
1.751069369447248336e+00 1.197593837094909830e+01 9.622392539403797684e+01
1.775147826425864439e+00 1.195253608637627174e+01 8.622197144755369891e+01
1.797836605867419113e+00 1.192577343515759125e+01 7.696581448360780087e+01
1.819051315178695116e+00 1.189607091254887550e+01 6.971249734956209920e+01
1.838760722515753621e+00 1.186390704795657669e+01 6.301347178290165374e+01
1.856982767158733783e+00 1.182974532939738843e+01 5.713425702668117623e+01
1.873714460113443669e+00 1.179119448880139664e+01 5.201367005361159812e+01
1.888962702875813804e+00 1.175090597205092280e+01 4.748184782819446781e+01
1.902712638601251172e+00 1.170793072100546262e+01 4.348481459253022052e+01
1.914880805902317462e+00 1.166305973759269676e+01 3.979897276479177748e+01
1.925019643756457510e+00 1.161618085495413233e+01 3.696567569632293271e+01
1.933121386779135920e+00 1.156788332130895824e+01 3.437501917447939093e+01
1.939283593956947049e+00 1.151660717091769648e+01 3.207402626567470350e+01
1.943599906029452429e+00 1.146346163717154276e+01 3.013555838765312700e+01
1.946173955721082871e+00 1.140883406452261362e+01 2.836892269470537187e+01
1.947132632586201506e+00 1.135223491858114642e+01 2.683855796770727054e+01
1.946599425295804320e+00 1.129381904813862647e+01 2.550179309833756847e+01
1.944709897554929734e+00 1.123451498428469897e+01 2.429434861337743001e+01
1.941986553864901710e+00 1.117078416566130095e+01 2.312332850125871175e+01
1.938721635739409033e+00 1.110299297925789297e+01 2.201421538702803815e+01
1.934890340409436860e+00 1.103297586531363450e+01 2.093237023781917472e+01
1.930783679194498559e+00 1.096226050598488655e+01 1.984779621697371255e+01
1.926410077585713365e+00 1.088891749110424811e+01 1.880969072203854253e+01
1.921651060865734673e+00 1.081419465763311649e+01 1.781345948105975907e+01
1.916687786623189949e+00 1.073893857228224924e+01 1.695191734959519181e+01
1.911548362555884006e+00 1.066325917099600140e+01 1.599878035196663539e+01
1.905959358557492100e+00 1.058632959367121984e+01 1.522517107562921623e+01
1.900226208900898106e+00 1.050883630959180515e+01 1.445029438504979247e+01
1.894199137841493741e+00 1.043172580235191127e+01 1.371790335076971523e+01
1.887921262076082574e+00 1.035497883381201412e+01 1.297792674267322433e+01
1.881373171575847492e+00 1.027791947054435262e+01 1.237988047713607109e+01
1.874514257710866882e+00 1.020093818118017737e+01 1.177328032295642579e+01
1.867346393201046117e+00 1.012555845354225070e+01 1.122225871297076161e+01
1.859902918158797824e+00 1.004893125881354088e+01 1.069636827273048674e+01
1.852315057824514666e+00 9.975426311242427957e+00 1.023407315715814470e+01
1.844947910017351589e+00 9.920312181524062467e+00 9.923578202252404168e+00
