1.550982551689759603e+01 2.191799393479931801e-01 3.683552447462830693e+06
1.514597544242043448e+01 2.287204733559048686e-01 2.996717158653871622e+06
1.483270071832616033e+01 2.387061212204473204e-01 2.443634442463905085e+06
1.453518269142676189e+01 2.492030359059213551e-01 1.987013181640065974e+06
1.426540450341243549e+01 2.601982809401703900e-01 1.614607362975866534e+06
1.402750516252725355e+01 2.717149415460700101e-01 1.313395941223557340e+06
1.380831037539273254e+01 2.837664325086355355e-01 1.069221510497785173e+06
1.360192295853200406e+01 2.963573893372468127e-01 8.710477705797177041e+05
1.343283497400424231e+01 3.095055014930792603e-01 7.098098582645384595e+05
1.326257721249496235e+01 3.232281607406500834e-01 5.793401753195191268e+05
1.312733960688185242e+01 3.375294272203843704e-01 4.716820249208847526e+05
1.298045202666258824e+01 3.524241256122058186e-01 3.856247753046527505e+05
1.285641278577966240e+01 3.679204858326420857e-01 3.146928956451028935e+05
1.274206170916466441e+01 3.840376497923768118e-01 2.567784705746563268e+05
1.263947587156591013e+01 4.007579188883605981e-01 2.100201577002869453e+05
1.254797212548109719e+01 4.181056754383882246e-01 1.720325514083675516e+05
1.246501261824547413e+01 4.360985717326443800e-01 1.404627491233038891e+05
1.238751954570338398e+01 4.547009838851976959e-01 1.154174072908265953e+05
1.231657073253365198e+01 4.739593600710901855e-01 9.439242723122722236e+04
1.225134193662630722e+01 4.938270651158751523e-01 7.756775229094989481e+04
1.219590729790529338e+01 5.143263411076441916e-01 6.367598325534471223e+04
1.214033942607980876e+01 5.354606143639009108e-01 5.253569458097940515e+04
1.209018870534888990e+01 5.572217166510139430e-01 4.308449320754022483e+04
1.204441786593089780e+01 5.795620764546329795e-01 3.552458572448450286e+04
1.200404997442546318e+01 6.031603878923784690e-01 2.918896964632774689e+04
1.196630709890134447e+01 6.286697032759239745e-01 2.377441757473209873e+04
1.193341150571970566e+01 6.561975911420905305e-01 1.925863445636674805e+04
1.190759398305006478e+01 6.857039332195230541e-01 1.552228405772893530e+04
1.188743591938898625e+01 7.171354677546417644e-01 1.246305737459634111e+04
1.187250418369833405e+01 7.504435483568079324e-01 9.992184059468414489e+03
1.186438158175084645e+01 7.855403580105425609e-01 7.999736445490890219e+03
1.185873891002844793e+01 8.223296501698561523e-01 6.394688142626854642e+03
1.186330253416946690e+01 8.607038061428041731e-01 5.121019274290269095e+03
1.186970351222138653e+01 9.005634153265469344e-01 4.101065484416884829e+03
1.187845219838004596e+01 9.417022361280653620e-01 3.303075424111869779e+03
1.189184233284386139e+01 9.840325112542323005e-01 2.651246633628976724e+03
1.190874317304029972e+01 1.027338361363739461e+00 2.138365192639349061e+03
1.192579970205257922e+01 1.071523121451257055e+00 1.731804271480255920e+03
1.194452792835786603e+01 1.116338638132221561e+00 1.405660465210397433e+03
1.196728436546177576e+01 1.161567820794650041e+00 1.145650356817093780e+03
1.198457656919336678e+01 1.207151495271954644e+00 9.366138799131418864e+02
1.199997043271154595e+01 1.252686352102704515e+00 7.704969090246258929e+02
1.201585702001976408e+01 1.298033984188954104e+00 6.362657511815666567e+02
1.203339808934112654e+01 1.343088200125196918e+00 5.265396567368765091e+02
1.204389314624900109e+01 1.387543990818155271e+00 4.384707158409042904e+02
1.205340492142778608e+01 1.431295420037188126e+00 3.668249064380407276e+02
1.206257551422679164e+01 1.474078517199139959e+00 3.082495865059273115e+02
1.206322511358298932e+01 1.515801075351653315e+00 2.603813374052434142e+02
1.206392023828019333e+01 1.556230732558940844e+00 2.209172846548998450e+02
1.206142058109479898e+01 1.595252088856861761e+00 1.883277558673860881e+02
1.205070140841314164e+01 1.632731727603397021e+00 1.605880496346311475e+02
1.203805935093756752e+01 1.668497837100269221e+00 1.389414717071693133e+02
1.202252386096907699e+01 1.702507238828381286e+00 1.201937095211882962e+02
1.200049097896479999e+01 1.734610448459236176e+00 1.046386409358821936e+02
1.197528423771377248e+01 1.764734629299020696e+00 9.128352455901730877e+01
1.194643120123807911e+01 1.792853179323168344e+00 8.013454642066537303e+01
1.191271249080610239e+01 1.818912254278636897e+00 7.071881322105180345e+01
1.187505267931338082e+01 1.842626732182417681e+00 6.268072866590785708e+01
1.183392872358167658e+01 1.863923916290106675e+00 5.589405733823889477e+01
1.178808589686147279e+01 1.882731679375653666e+00 5.016914553006545674e+01
1.173840159129107441e+01 1.899198189427312444e+00 4.518723095304001447e+01
1.168519995547567802e+01 1.913331211691134293e+00 4.099334271193214363e+01
1.162862963048002030e+01 1.925214869437928078e+00 3.726939483826875943e+01
1.156820083051984760e+01 1.935084163266659996e+00 3.392041684060976792e+01
1.150281332796662603e+01 1.944326210081515738e+00 3.106568131684165834e+01
1.143374491879209565e+01 1.953371097732062633e+00 2.822481723006603715e+01
1.136136892256966568e+01 1.962341264904324811e+00 2.559640239681005269e+01
1.128783877888746723e+01 1.971248030769537918e+00 2.313462257806832056e+01
1.121196918914072072e+01 1.980008066354076446e+00 2.090191019728241173e+01
1.113487258828289050e+01 1.988645168676317354e+00 1.885496332036228395e+01
1.105835453302494642e+01 1.997012760596466707e+00 1.701312436191066269e+01
1.098021618847170622e+01 2.005042945760005857e+00 1.534198826482786160e+01
1.090256582724979673e+01 2.012593393688848042e+00 1.380369532521256559e+01
1.082441526383430030e+01 2.019665699321873564e+00 1.251198716081594853e+01
1.074659480251682631e+01 2.026103342841077737e+00 1.131450433340496176e+01
1.066858420932786622e+01 2.031863234111663807e+00 1.022930339015683998e+01
1.059055568205142528e+01 2.036847155038367330e+00 9.314381658627153726e+00
1.051390061218241456e+01 2.041042803314800036e+00 8.456869186115307357e+00
1.043660595772772659e+01 2.044320068214515285e+00 7.743902765555984224e+00
1.035921591530148511e+01 2.046699206765425938e+00 7.067991497429537695e+00
1.028261407812210670e+01 2.048158909607382228e+00 6.504763175392048957e+00
1.020668335731854448e+01 2.048656881277204356e+00 5.967953479368031999e+00
1.012984441557882320e+01 2.048217702956756980e+00 5.520400409217693038e+00
1.005448104613939542e+01 2.046809375563843236e+00 5.126254868269805698e+00
9.979289137451715419e+00 2.044450765732094943e+00 4.755592765114711185e+00
9.904462583593936387e+00 2.041286294868443374e+00 4.443217733941477121e+00
9.829667794158762462e+00 2.037343035858758533e+00 4.149178614848715085e+00
9.754930063199498846e+00 2.032480570990496727e+00 3.883370146684844926e+00
9.681098197436059039e+00 2.027055740640050896e+00 3.645486827691168052e+00
9.608220098615463556e+00 2.020753856267816229e+00 3.441453483382651779e+00
9.535752335091165932e+00 2.013816319647327546e+00 3.255512013121345749e+00
9.464487786795311663e+00 2.006255617997007246e+00 3.088502922222820413e+00
9.393789197913950062e+00 1.997975066739655636e+00 2.941488782588541628e+00
9.324319421743458847e+00 1.989140878813503654e+00 2.800926077852035068e+00
9.255663519967065156e+00 1.979735357472862445e+00 2.690008921134069642e+00
9.187686131990453475e+00 1.969739320841983332e+00 2.577651523166458958e+00
9.121016895272898495e+00 1.959288119563971087e+00 2.487508181369579852e+00
9.055526730855369522e+00 1.948384865196967075e+00 2.401060694231268666e+00
8.991669553211275812e+00 1.937025144139650434e+00 2.332704513372907407e+00
8.928724889860433223e+00 1.925337032945160232e+00 2.270136401307564000e+00
