2.191799393479931801e-01 1.550982551689759603e+01 3.683552447462830693e+06
2.271281576175391281e-01 1.522573411350745332e+01 3.110504607433483936e+06
2.354085511648578155e-01 1.493233712105688404e+01 2.611790761333448347e+06
2.440409294093023596e-01 1.466870178264090363e+01 2.194256296123843640e+06
2.530094008787006077e-01 1.443387618900946201e+01 1.843486832178967772e+06
2.623386322835620232e-01 1.422405708323725015e+01 1.550599421662119683e+06
2.720359715082460994e-01 1.402180130391360180e+01 1.306270864238813054e+06
2.821085584035075144e-01 1.383708650406260965e+01 1.099135792916268576e+06
2.925720015014212638e-01 1.365883785878190615e+01 9.257283602141387528e+05
3.034002450516339322e-01 1.350990957233000955e+01 7.785306969603741309e+05
3.146414975760496446e-01 1.336133350731836700e+01 6.572390047291277442e+05
3.262745993629188046e-01 1.323804985846709492e+01 5.542187881001456408e+05
3.383249355650532753e-01 1.310968686526122617e+01 4.669453838276498718e+05
3.507930139249834656e-01 1.299488487174566309e+01 3.945181231696839677e+05
3.636902092731515435e-01 1.288955084154031283e+01 3.325071494006533176e+05
3.769967898197044143e-01 1.279535731929460241e+01 2.803727580223248806e+05
3.907457441658743758e-01 1.269914375925364958e+01 2.352188640162125812e+05
4.049371348589467234e-01 1.261810712832650694e+01 1.999313129573225451e+05
4.195476566479313107e-01 1.253847291022502120e+01 1.692614184283528011e+05
4.346265711014742905e-01 1.246968965671944218e+01 1.429383209669878997e+05
4.501420969131803007e-01 1.240452884597331717e+01 1.209179546383285051e+05
4.660977660283852075e-01 1.234267995612933255e+01 1.024424898673172866e+05
4.824755443300284274e-01 1.228686545084988424e+01 8.594705039160970773e+04
4.993187650603267413e-01 1.223474732287006361e+01 7.354940985401468060e+04
5.165971013196450912e-01 1.218853839761373337e+01 6.240322893821528851e+04
5.343197915176952639e-01 1.214205187421841359e+01 5.291802833546714101e+04
5.524824769458743789e-01 1.210138786165145142e+01 4.496373628807694331e+04
5.710566341433753745e-01 1.206211783493438183e+01 3.823637205647878000e+04
5.901603426827332077e-01 1.202706792332022800e+01 3.251123043569972651e+04
6.106079336696240700e-01 1.199252683144554688e+01 2.745075618563624448e+04
6.324403261905249263e-01 1.196248254232110142e+01 2.311279519936183715e+04
6.557475545648586701e-01 1.193527594615749976e+01 1.933897651654549554e+04
6.804984696312424974e-01 1.191523504845604187e+01 1.613824976647464428e+04
7.066795656305451256e-01 1.189437252995532646e+01 1.341141535360664056e+04
7.342565479055135347e-01 1.188001368791205259e+01 1.111728818561667322e+04
7.631926806687238107e-01 1.187087758894110578e+01 9.224251318756567343e+03
7.934422221324931579e-01 1.186595769721422755e+01 7.646815614695658951e+03
8.249593660898753011e-01 1.186365292247000625e+01 6.323045862456760005e+03
8.576559875208878969e-01 1.186895222087578894e+01 5.236846436062330213e+03
8.914966492546257948e-01 1.187475690958247654e+01 4.336540623352180774e+03
9.263923034199569306e-01 1.188444611561044617e+01 3.594693353923873019e+03
9.622181922089668715e-01 1.189636007285575126e+01 2.960848970271586495e+03
9.989263669590006112e-01 1.191015484254042356e+01 2.487036328765719190e+03
1.036411893874894519e+00 1.192793859908550047e+01 2.070991777192393783e+03
1.074570927811332677e+00 1.194749022319563103e+01 1.727331514960455706e+03
1.113333902783864682e+00 1.196412544132170730e+01 1.443124922556812180e+03
1.152475625622948474e+00 1.198218557954979779e+01 1.212451432850310766e+03
1.192009523996455655e+00 1.200645836925917997e+01 1.020242383442649043e+03
1.231593517866418797e+00 1.202061257050134735e+01 8.605802568697911283e+02
1.271500925890013178e+00 1.203968457372616996e+01 7.278971671200788478e+02
1.311201362867349562e+00 1.205807445914291520e+01 6.177474483180186553e+02
1.350740370796419398e+00 1.207412997396924226e+01 5.255725058610616998e+02
1.390038601664252083e+00 1.209068679322172457e+01 4.485600191529751442e+02
1.428930670617783782e+00 1.210318163969395400e+01 3.826725634368866622e+02
1.467286592964248682e+00 1.211567178792804711e+01 3.301075970537395960e+02
1.505075456291041336e+00 1.212524354653659309e+01 2.847696765164397448e+02
1.542022222523174779e+00 1.213192208297718366e+01 2.466723459523808799e+02
1.578164546853950467e+00 1.213731494126552946e+01 2.137734006966763332e+02
1.613373398710702622e+00 1.214170966730748447e+01 1.860920249035768563e+02
1.647525149357203844e+00 1.214031794802331454e+01 1.625969824737510692e+02
1.680578501967649352e+00 1.213435506752119331e+01 1.426936233018174960e+02
1.712390813208537477e+00 1.212828995781339891e+01 1.255624791170912005e+02
1.742974294005726010e+00 1.211954085625799493e+01 1.105056150747232948e+02
1.772212324142127926e+00 1.210612761183391228e+01 9.817112179904461300e+01
1.800053470940642386e+00 1.208943981893631303e+01 8.731939260165061967e+01
1.826455856317395154e+00 1.207110363017250521e+01 7.788687258618180920e+01
1.851386349467716075e+00 1.204881967769547479e+01 6.972670615686843121e+01
1.874838324071289808e+00 1.202384926825911116e+01 6.256901989606587478e+01
1.896740881916963550e+00 1.199600384792866592e+01 5.656622104127662709e+01
1.917101842310852566e+00 1.196549621619790926e+01 5.098140805854274049e+01
1.935910129150515413e+00 1.193105272568389630e+01 4.621117272622469585e+01
1.944577008269992691e+00 1.190655074583297512e+01 4.385613511150478416e+01
1.936271027643917231e+00 1.189228378069104863e+01 4.443080605479098466e+01
1.924602685284302339e+00 1.186646599119212908e+01 4.542059416812097794e+01
1.910822538666536063e+00 1.183300554679336614e+01 4.636730240910209488e+01
1.895488591825396751e+00 1.179039846920339585e+01 4.723715226015174551e+01
1.878881141471759442e+00 1.174233751310645957e+01 4.806851341810456546e+01
1.861324166690464521e+00 1.168689532388641261e+01 4.863209003568131550e+01
1.842951220584351901e+00 1.162519408429294288e+01 4.954465351758344838e+01
1.823933195769263493e+00 1.155820126115806090e+01 5.015396970712846780e+01
1.804394458631435771e+00 1.148444314072318839e+01 5.036392700590550930e+01
1.784630907132764843e+00 1.140611401852130413e+01 5.074793155896281149e+01
1.764687983075015509e+00 1.132047148349588106e+01 5.085937824299439569e+01
1.744832383382170837e+00 1.123177709763955967e+01 5.072423458889012693e+01
1.725142403174343197e+00 1.113749193129839554e+01 5.029176974843222325e+01
1.705840547702552001e+00 1.103882451483275418e+01 4.967110685676918536e+01
1.686923812058193528e+00 1.093701760527754274e+01 4.883865961736064776e+01
1.668661039436061699e+00 1.083176711892492250e+01 4.781504066322359847e+01
1.651056777027597011e+00 1.072242784843625962e+01 4.648401786279890757e+01
1.634112400196875203e+00 1.061061546001838707e+01 4.499899382372262835e+01
1.618066488464615871e+00 1.049768752970010333e+01 4.332735462175509156e+01
1.602882455647979043e+00 1.038327600739145673e+01 4.150563706950317311e+01
1.588604091003613883e+00 1.026671886959549340e+01 3.958572387907484824e+01
1.575101342838723495e+00 1.015063226479058045e+01 3.742940697633100200e+01
1.562637858691866555e+00 1.003405795599854677e+01 3.552028848882088141e+01
1.551052883100481727e+00 9.917068299609955062e+00 3.344583874050648120e+01
1.540305153364219581e+00 9.801173868793886967e+00 3.127237033513887354e+01
1.530364153933535754e+00 9.685957455110143499e+00 2.932543867343826705e+01
1.521160554905817586e+00 9.572120546223089832e+00 2.726641679606607482e+01
1.512735528631007353e+00 9.461392438325484378e+00 2.533724751311255829e+01
