2.191799393479931801e-01 1.550982551689759603e+01 3.683552447462830693e+06
2.277140954906902715e-01 1.521123694266567838e+01 3.097455914743400645e+06
2.366359971616421032e-01 1.488785471790092529e+01 2.543648704533962999e+06
2.459483538131284064e-01 1.462624242299852106e+01 2.116698817315385677e+06
2.556609070958755225e-01 1.437121183475752950e+01 1.752558150601091096e+06
2.657890435302635024e-01 1.413974766204840527e+01 1.458274528313255869e+06
2.763431812015047506e-01 1.394140596411424227e+01 1.213738721467820229e+06
2.873339024132927633e-01 1.374963233919468841e+01 1.008750358095609117e+06
2.987768077231701680e-01 1.357608910633562793e+01 8.380600263954594266e+05
3.106609964613366581e-01 1.341322765936189931e+01 6.971064875686066225e+05
3.229788784473534013e-01 1.326543694690811925e+01 5.817928669886597199e+05
3.357969505262585752e-01 1.313030620661667847e+01 4.791791949408504879e+05
3.490773052096184936e-01 1.300773106489647724e+01 4.033952547938621719e+05
3.628787826953967510e-01 1.289633749268234553e+01 3.354602589305742295e+05
3.771135238082140573e-01 1.279329343973537192e+01 2.797829096149200923e+05
3.918733499040218948e-01 1.269481860972469178e+01 2.317904903892681759e+05
4.071354269480376153e-01 1.260725543400340065e+01 1.949543118593005929e+05
4.228954410471703618e-01 1.252595082465247245e+01 1.628327068852760131e+05
4.391676081206047910e-01 1.244921764980115420e+01 1.363605499689345888e+05
4.559609277348019574e-01 1.237656500553903172e+01 1.139835221213132609e+05
4.732682012587723364e-01 1.231848799216757584e+01 9.503045226743561216e+04
4.910691065349010453e-01 1.226083728470028511e+01 7.960771240634676360e+04
5.093705951965215029e-01 1.220515454289909485e+01 6.681947740265665925e+04
5.281905907468563699e-01 1.215705831062885345e+01 5.595471794330290140e+04
5.475164011250154283e-01 1.211115998574174490e+01 4.699081084927140182e+04
5.673493655234977950e-01 1.207442737205872518e+01 3.946187528457580629e+04
5.876692407412048569e-01 1.203109037549320348e+01 3.320527954977939226e+04
6.094809760669086529e-01 1.199545824496864377e+01 2.740554738062196702e+04
6.329492323355055960e-01 1.196281458465389669e+01 2.300268004216266854e+04
6.581512159343300139e-01 1.193329625419666229e+01 1.899719142768598249e+04
6.850750771752646129e-01 1.191022188775015422e+01 1.546954238603524391e+04
7.137014988742167443e-01 1.189212795573673453e+01 1.279227151450303063e+04
7.439875634152424144e-01 1.187808556613830291e+01 1.044705334054212108e+04
7.758664055154089745e-01 1.187099303596054334e+01 8.532764257839329730e+03
8.093754828894440534e-01 1.186870311216543250e+01 6.946754446539517630e+03
8.443349381067316584e-01 1.186973034566421425e+01 5.662004378220131002e+03
8.807238941088902928e-01 1.187912119971734626e+01 4.617150213154947778e+03
9.184511922629297054e-01 1.188942324006028173e+01 3.773064348024746323e+03
9.573844866023343281e-01 1.190296570238061769e+01 3.062802824687170869e+03
9.974490475668894574e-01 1.192088279410715757e+01 2.521267300026281646e+03
1.038520510534723496e+00 1.194031579632992468e+01 2.067366109951532508e+03
1.080471778165599028e+00 1.196156852965793504e+01 1.697973409589260882e+03
1.123213122751103299e+00 1.198327245927824336e+01 1.397849615403794132e+03
1.166469473868003259e+00 1.200799728568977542e+01 1.157071997612524910e+03
1.210234970037614488e+00 1.203492376615103332e+01 9.577091901404480723e+02
1.254213634667704635e+00 1.205714869937221323e+01 7.966101445578152607e+02
1.298493400055330094e+00 1.208013229573463754e+01 6.640681467214055829e+02
1.342724096122430710e+00 1.210302127977852216e+01 5.559447910732787932e+02
1.386648492882367023e+00 1.212447031058644953e+01 4.669245138179782657e+02
1.430335156621594495e+00 1.214428426492199975e+01 3.935411050806738444e+02
1.473572409415078388e+00 1.216155835421780473e+01 3.328908651840287121e+02
1.516224351811851223e+00 1.217745639078405873e+01 2.827360488748557827e+02
1.558066246298762447e+00 1.219186531180319832e+01 2.410774520485565233e+02
1.598996222420526525e+00 1.220047184053157885e+01 2.062426433962776855e+02
1.638857676278084430e+00 1.220656957462488812e+01 1.772769806339007914e+02
1.677605935279971705e+00 1.221077838097441415e+01 1.528522961577602928e+02
1.715075429391684336e+00 1.221197793115512376e+01 1.323795066678997614e+02
1.751190163694453794e+00 1.221047552827237759e+01 1.150768305948575545e+02
1.785801613547106870e+00 1.220215923363654298e+01 1.004559118339172130e+02
1.818895762790756487e+00 1.219303038055442201e+01 8.801859827800487324e+01
1.850345573753448658e+00 1.217735641912683242e+01 7.746231352979468454e+01
1.880103121134044208e+00 1.216087626115697162e+01 6.840504858348764117e+01
1.908118549311605516e+00 1.213923016460350901e+01 6.066784396851713979e+01
1.934360741234235403e+00 1.211472103013284851e+01 5.395740214776478894e+01
1.958807381270570191e+00 1.208636534942613139e+01 4.821990230799269739e+01
1.981402861727049380e+00 1.205489642284099006e+01 4.327143720218714407e+01
2.002156190805094216e+00 1.201968466880150643e+01 3.894719319226161502e+01
2.021078019725461417e+00 1.198151132950603248e+01 3.517751275883904327e+01
2.038153324300749691e+00 1.194007583810433637e+01 3.175685556573088419e+01
2.053420975564413720e+00 1.189558085751241734e+01 2.908437688095859031e+01
2.066880338193270106e+00 1.184803773754151202e+01 2.653542348224080882e+01
2.078566606144274242e+00 1.179847316219738751e+01 2.432295353449177000e+01
2.088526794747702198e+00 1.174582827718918310e+01 2.237964940253768020e+01
2.096797633896041457e+00 1.169062513872008502e+01 2.064177168680695829e+01
2.103425929479158629e+00 1.163384620215382448e+01 1.912522533459643270e+01
2.108182625906994900e+00 1.157510212433818531e+01 1.775513885646428847e+01
2.110211728259956399e+00 1.151586376815274626e+01 1.674301964737954762e+01
2.110952957801658147e+00 1.145315008359103892e+01 1.573026909364044990e+01
2.110796852747908847e+00 1.138564743961974735e+01 1.476818421746544097e+01
2.109915258941903016e+00 1.131585739499507781e+01 1.387021341389493045e+01
2.108379427500383763e+00 1.124467495341524881e+01 1.301931729938867122e+01
2.106252793063702278e+00 1.117139190002826510e+01 1.218226311217395796e+01
2.103567312065047101e+00 1.109675093391540202e+01 1.149629248641983992e+01
2.100314688292908460e+00 1.102130636608754699e+01 1.082362785281776496e+01
2.096513446829403104e+00 1.094514512234843373e+01 1.015974282359545988e+01
2.092196197414183612e+00 1.086826730042204403e+01 9.574285926089794785e+00
2.087320618295135599e+00 1.079099633209478704e+01 8.999815083860573495e+00
2.081913143188440785e+00 1.071456349411321440e+01 8.505030698336693007e+00
2.075963211903568251e+00 1.063673034974021014e+01 8.040652234528216979e+00
2.069481259576355203e+00 1.055944888549064054e+01 7.611245154990642803e+00
2.062454733979364629e+00 1.048165825882526292e+01 7.218505314846275667e+00
2.054912742430295758e+00 1.040505768033331790e+01 6.884230707851736852e+00
2.046845628398940242e+00 1.032877270766039324e+01 6.548031155360175326e+00
2.038287046714541084e+00 1.025318863036146055e+01 6.243889306001197070e+00
2.029227614146388969e+00 1.017789938960047280e+01 5.988126802424440953e+00
2.019688009488323832e+00 1.010316047814803397e+01 5.721608200178054382e+00
2.009701779881818418e+00 1.002868254179092311e+01 5.517602533417064414e+00
1.999449331241532901e+00 9.957788939963403863e+00 5.307951674012630683e+00
1.988941984612912384e+00 9.892257707053797589e+00 5.154301702414173292e+00
1.978374976002940100e+00 9.835783193381059775e+00 5.049301227874098075e+00
