1.550982551689759603e+01 2.191799393479931801e-01 3.683552447462830693e+06
1.520562357921484775e+01 2.271267405270476492e-01 3.094758423195047304e+06
1.492868734281440091e+01 2.354047937423017767e-01 2.603697606002302840e+06
1.466846015174743378e+01 2.440352550004497301e-01 2.194362200291967019e+06
1.444033292135835644e+01 2.530006401417243533e-01 1.846118571949953679e+06
1.421879759790254383e+01 2.623283532304991894e-01 1.552226001251373673e+06
1.401788105691322350e+01 2.720227458103015028e-01 1.305791938067293493e+06
1.383683673566900119e+01 2.820925881705562133e-01 1.100098242151402403e+06
1.366998608160746009e+01 2.925520003813880665e-01 9.263936684928931063e+05
1.351287528266324678e+01 3.033776598810077330e-01 7.812452883471433306e+05
1.336460029091335322e+01 3.146169929570469259e-01 6.574672907097110292e+05
1.323547598875201459e+01 3.262444086293072587e-01 5.552941518432814628e+05
1.310961620795116467e+01 3.382909794913542267e-01 4.677831002662558458e+05
1.299508731526067962e+01 3.507548976394596618e-01 3.941533740620743483e+05
1.288861126984307681e+01 3.636484540576576108e-01 3.323746137521745986e+05
1.279000121527827361e+01 3.769489040956479076e-01 2.809666142768057180e+05
1.269985927837311479e+01 3.906948515421316825e-01 2.352272517904140404e+05
1.261858585796240995e+01 4.048817549157470164e-01 1.998667384461477923e+05
1.254007494952586832e+01 4.194868793945908392e-01 1.691741696126098395e+05
1.247186716080534907e+01 4.345599232004567214e-01 1.429795983218073670e+05
1.240741145245715416e+01 4.500707939063917640e-01 1.209870413296415500e+05
1.234211115547947735e+01 4.660208608282548348e-01 1.025578875869197655e+05
1.228633091352909901e+01 4.823880090082924843e-01 8.677351444018998882e+04
1.223482531156452069e+01 4.992292260354479483e-01 7.352298052400628512e+04
1.218728300462359826e+01 5.165016075606250201e-01 6.242486241710772447e+04
1.214274336410646882e+01 5.342178198352350860e-01 5.293747411557872692e+04
1.210242231941328228e+01 5.523732816384058220e-01 4.497051473764822731e+04
1.206193596753665531e+01 5.709498393669877325e-01 3.790762420312652102e+04
1.202500562679341733e+01 5.900334470193014935e-01 3.251069263103365302e+04
1.199210644121740721e+01 6.104250445445315032e-01 2.721237092951192244e+04
1.196353793375515551e+01 6.321537056275267075e-01 2.315500706897742202e+04
1.193582058972472026e+01 6.552893737801427365e-01 1.938562477970974942e+04
1.191107761763754169e+01 6.798008109200225357e-01 1.619460790452638139e+04
1.189169590924744924e+01 7.057120713938667134e-01 1.350277356244959265e+04
1.187872257277386723e+01 7.329306379806374006e-01 1.122068416046959283e+04
1.186860751994864493e+01 7.614385683716484721e-01 9.317278808359462346e+03
1.186277386472178996e+01 7.911820035644892002e-01 7.731938611323857913e+03
1.186193953874402141e+01 8.221066692887883942e-01 6.407763854080817509e+03
1.186268912200026016e+01 8.541445367515480003e-01 5.316206670246981957e+03
1.186613740114961857e+01 8.872419224713004038e-01 4.418541931861635021e+03
1.187401959802445006e+01 9.212894142338070580e-01 3.640856769625675497e+03
1.188338684568930326e+01 9.561874003250280252e-01 3.056022562504446341e+03
1.189550813152037456e+01 9.918763454523232825e-01 2.549320707000467792e+03
1.190772906022330524e+01 1.028310633681075448e+00 2.129590686978932354e+03
1.192366199456711229e+01 1.065186615834787354e+00 1.783514223292520001e+03
1.193893853393827875e+01 1.102655880913090192e+00 1.497402291287403159e+03
1.195514939305746793e+01 1.140409497838995589e+00 1.259625355606342055e+03
1.197024385883769959e+01 1.178518431087235863e+00 1.062451092424382750e+03
1.198666820357815865e+01 1.216637421686176168e+00 8.993765512405533400e+02
1.200250339585902282e+01 1.254795827101820027e+00 7.626866115532822050e+02
1.201506358301766930e+01 1.292798513892632339e+00 6.456614608286283783e+02
1.202668647684395609e+01 1.330591053451763983e+00 5.546619454554003141e+02
1.203781789002225899e+01 1.368028680323591484e+00 4.751699709984998776e+02
1.204778937616253565e+01 1.405002673032027083e+00 4.082576996786801828e+02
1.205545716260094125e+01 1.441407329561848583e+00 3.519743859491942999e+02
1.206081872352875806e+01 1.477140163326171152e+00 3.044265150471836705e+02
1.206360672117412314e+01 1.512097061822166522e+00 2.643290044017668379e+02
1.206551285074281843e+01 1.546180903826938513e+00 2.286822577691011134e+02
1.206116861140782248e+01 1.579269686938636230e+00 2.011307815980368900e+02
1.205816925213580859e+01 1.611294964222309112e+00 1.763344455723755004e+02
1.204771674708361395e+01 1.642220628715841402e+00 1.551608704403787442e+02
1.203613638097536942e+01 1.671947037490686627e+00 1.369962964528554608e+02
1.202335151171561911e+01 1.700375678423716730e+00 1.213406981873931869e+02
1.200674058949533496e+01 1.727511997591599346e+00 1.078129519027981758e+02
1.198576128564378962e+01 1.753281003478069699e+00 9.616230991190425925e+01
1.196319116689051221e+01 1.777628637975572357e+00 8.603955116187073315e+01
1.193715170592038888e+01 1.800538311554542359e+00 7.727703283600509110e+01
1.190831801105194110e+01 1.821994759362371985e+00 6.960858719573438691e+01
1.187666253068243449e+01 1.841970542131413646e+00 6.289728574547596196e+01
1.184239232671376918e+01 1.860447123860315966e+00 5.684825052572566761e+01
1.180489817903176153e+01 1.877431065483644357e+00 5.192657920021031259e+01
1.176534371465074358e+01 1.892925757762729644e+00 4.734039627206478684e+01
1.172282046679957723e+01 1.907094174748970250e+00 4.329823633985520104e+01
1.167766092901670127e+01 1.920518284105381834e+00 3.959520087750782125e+01
1.162987553814974362e+01 1.933290398946301059e+00 3.610918006260615698e+01
1.158082994595395654e+01 1.945410443743173401e+00 3.304486675927063288e+01
1.152892292107195082e+01 1.956859587396044597e+00 3.038568016389375259e+01
1.147626873340128206e+01 1.967600194126686963e+00 2.784788376347036021e+01
1.142228456417632287e+01 1.977549098297657126e+00 2.558792945685881293e+01
1.137394677403836063e+01 1.983147123605634610e+00 2.400374629548086958e+01
1.132490332515009435e+01 1.984985425037313567e+00 2.277577312416272903e+01
1.127162219572512925e+01 1.984816772693467568e+00 2.159455785211641654e+01
1.121592837610750948e+01 1.982968323369886265e+00 2.071576847313326653e+01
1.115781836422834594e+01 1.979722915365042191e+00 1.979703730534374273e+01
1.109774121675483727e+01 1.975204275822253885e+00 1.910197122219312504e+01
1.103684079602908419e+01 1.969481007370242232e+00 1.841483183815195801e+01
1.097517710814612713e+01 1.962769781230692123e+00 1.779465047705604164e+01
1.091211467874445518e+01 1.955116776676521617e+00 1.718184242084642577e+01
1.084855050839609802e+01 1.946577855208682539e+00 1.675252207743379529e+01
1.078449132689860335e+01 1.937285251762362881e+00 1.631205338219712786e+01
1.072009465073241863e+01 1.927290159990631135e+00 1.592046385863752711e+01
1.065543415420178697e+01 1.916595420441351560e+00 1.558276344344113262e+01
1.059160335411806386e+01 1.905410637420304587e+00 1.527791299891377186e+01
1.052549176462775904e+01 1.893550893128014945e+00 1.493721162966879135e+01
1.045845993134733831e+01 1.881010806007089142e+00 1.471533256692032055e+01
1.038746817654440591e+01 1.867957779245468242e+00 1.445534407769932272e+01
1.031641018947562749e+01 1.854544334023387364e+00 1.419418641269467862e+01
1.024422079613117553e+01 1.840791870174214528e+00 1.393792572806287211e+01
1.016963430822856118e+01 1.826862104827503996e+00 1.368332383803232766e+01
1.009584507781361218e+01 1.812812174160725931e+00 1.343697715880655963e+01
