1.550982551689759603e+01 2.191799393479931801e-01 3.683552447462830693e+06
1.524968732091262069e+01 2.259832089806879940e-01 3.173027638972019311e+06
1.500468096613547075e+01 2.330267472387526628e-01 2.741643232441693079e+06
1.477661053890928322e+01 2.403223442969635859e-01 2.360508375954422634e+06
1.456745568756608300e+01 2.478687162898325358e-01 2.031559267994710710e+06
1.437757024109123094e+01 2.556750253268662010e-01 1.758300191286889371e+06
1.419551531045246762e+01 2.637476295703842233e-01 1.517373591761678224e+06
1.402266935695082672e+01 2.720914170409431954e-01 1.304893221923796227e+06
1.386067779635924246e+01 2.807116052476414381e-01 1.126487798508603126e+06
1.371241809575722925e+01 2.896141622363717083e-01 9.733561687574961688e+05
1.357569929895350214e+01 2.988097244327238000e-01 8.389732905422925251e+05
1.344533660568656153e+01 3.082638642232488624e-01 7.235697181186859962e+05
1.332232725079454561e+01 3.180393175411246331e-01 6.254192128348313272e+05
1.321113965920348576e+01 3.281042940410557329e-01 5.360518324596068123e+05
1.310635732084572069e+01 3.384617142524339872e-01 4.662001681871380424e+05
1.300687745660531291e+01 3.491347866586630988e-01 4.034395395212424337e+05
1.291604654413787223e+01 3.601215528215722106e-01 3.474965256954571814e+05
1.282986642377345810e+01 3.714159314797843003e-01 3.008765396072451840e+05
1.275434024926949306e+01 3.830443595295824344e-01 2.595447018335839966e+05
1.267386580193539380e+01 3.949711801975248626e-01 2.251579476255705231e+05
1.260394668803574802e+01 4.072243018349597232e-01 1.947640854331327719e+05
1.254028099328630752e+01 4.197961418859468274e-01 1.685986705446681008e+05
1.247876012180220862e+01 4.327055952039796649e-01 1.460857963835867122e+05
1.242089309138844655e+01 4.459446930120628538e-01 1.264850335314770346e+05
1.236699832508374719e+01 4.595190713561964069e-01 1.101435511620426842e+05
1.231629394960396340e+01 4.733935021223431572e-01 9.510734903761795431e+04
1.227299937153345510e+01 4.876117016795857295e-01 8.232397792599498644e+04
1.222737072507463374e+01 5.021274991426327716e-01 7.160469541668533930e+04
1.218480426175284492e+01 5.169880839119739280e-01 6.212347310264713451e+04
1.214662819472083655e+01 5.321742735188039752e-01 5.397818352721294650e+04
1.211059706652116397e+01 5.476845942269539247e-01 4.690979577320870885e+04
1.207722889681565981e+01 5.635195471479147455e-01 4.080619863881454512e+04
1.204480815203246635e+01 5.796294683666752823e-01 3.553516043517854996e+04
1.201541729992216823e+01 5.964009597529635887e-01 3.087179638227848773e+04
1.198722204022647375e+01 6.141684970694128998e-01 2.670186899623313730e+04
1.196135478265993157e+01 6.329324998596277396e-01 2.299587648003818686e+04
1.193825628744522227e+01 6.527446173160784681e-01 1.976682462982845391e+04
1.191804328308542082e+01 6.735855603640504841e-01 1.678277377405393418e+04
1.190063614617396226e+01 6.954331277656902177e-01 1.448462263040354810e+04
1.188669940146749759e+01 7.182702507321301333e-01 1.235647623715669397e+04
1.187447409629712780e+01 7.420823944050982668e-01 1.054961631500413569e+04
1.186685591513738380e+01 7.668068759848655214e-01 8.996702137801123172e+03
1.186115483072481247e+01 7.924475350659285766e-01 7.668357459397951970e+03
1.185895307034628310e+01 8.189620368390411187e-01 6.531613391715298349e+03
1.186221532544465695e+01 8.463019158989588675e-01 5.565718544381347783e+03
1.186453818044480890e+01 8.744045944568573647e-01 4.741383774388375059e+03
1.186960529096070260e+01 9.032654984258786657e-01 4.048042520665199390e+03
1.187724486870773433e+01 9.327859924263940394e-01 3.455207440732002397e+03
1.188348744601214158e+01 9.629287696779340600e-01 2.952010755027964933e+03
1.189592037967019245e+01 9.936309502887448186e-01 2.527665875372418668e+03
1.190559583246433029e+01 1.024841375736448290e+00 2.166522724340817149e+03
1.191956462870095912e+01 1.056453428228113278e+00 1.860416339835673853e+03
1.193140869850245345e+01 1.088517272974019345e+00 1.598186774472501156e+03
1.195119121268577267e+01 1.120847860723156897e+00 1.376427894491832376e+03
1.195957990214005839e+01 1.153329134706597259e+00 1.188764517499196245e+03
1.197609388674627517e+01 1.185958025795520232e+00 1.028358538095560561e+03
1.198653832097309646e+01 1.218793434094500805e+00 8.906704517443417899e+02
1.199970065711447553e+01 1.251515394564623573e+00 7.737175519440337439e+02
1.201185882934407623e+01 1.284134659977309356e+00 6.738335072124564249e+02
1.202223359995388208e+01 1.316628124761036300e+00 5.878271859066229581e+02
1.203253364902322531e+01 1.348913491472791160e+00 5.143343526061775037e+02
1.204181766898577344e+01 1.380872974897830341e+00 4.510548625544244601e+02
1.204928642233760705e+01 1.412538069983305000e+00 3.958938686540665799e+02
1.205462832379852678e+01 1.443661797610625408e+00 3.485296375721080722e+02
1.205990226312529146e+01 1.474329671505669959e+00 3.079812576440974681e+02
1.206584586665385395e+01 1.504434003703988720e+00 2.725785480258357438e+02
1.206387923940078366e+01 1.533897345899156717e+00 2.418223202726895238e+02
1.206471158746657757e+01 1.562698792439355833e+00 2.151956595670819183e+02
1.205928853688000757e+01 1.590701063302902174e+00 1.919519695212899535e+02
1.205464715121283348e+01 1.617951788501922117e+00 1.705402011433439782e+02
1.204738321877077212e+01 1.644322506140344364e+00 1.539057770008284081e+02
1.203752835531799903e+01 1.669839716298425092e+00 1.374949792672263413e+02
1.202740980789180725e+01 1.694402095323774837e+00 1.244166001777964397e+02
1.201285675599519820e+01 1.717095337523287357e+00 1.127971127249669649e+02
1.199598860416691437e+01 1.737311348676984002e+00 1.029216536725113400e+02
1.197477753858728455e+01 1.755091071195752361e+00 9.456639875254207084e+01
1.195182477526030063e+01 1.770623570134173042e+00 8.745708296880108890e+01
1.192450265603592641e+01 1.784046703258878930e+00 8.129883248083741876e+01
1.189502722105256183e+01 1.795462345447394803e+00 7.601182265164821672e+01
1.186235074884251617e+01 1.805082211775289380e+00 7.118591170554510938e+01
1.182697299819715653e+01 1.812849694279816903e+00 6.710633681621865776e+01
1.178906407894040953e+01 1.819035821362507965e+00 6.344289074014189822e+01
1.174863639242418145e+01 1.823704874663917064e+00 6.019997697595162833e+01
1.170741775739968560e+01 1.826573963962391467e+00 5.744822154334439546e+01
1.166558122467387193e+01 1.827636814990192926e+00 5.497091832009463985e+01
1.162187916050232595e+01 1.826984768121410196e+00 5.322454048957514772e+01
1.158570220748996071e+01 1.824233141780604583e+00 5.207336898668199865e+01
1.155671560779077289e+01 1.819195798455878865e+00 5.173818104067486701e+01
1.152842454192008148e+01 1.812312291313700641e+00 5.174251592130350019e+01
1.149367868492926092e+01 1.803280295286130652e+00 5.192186413083365437e+01
1.145516976313060731e+01 1.793211000265999555e+00 5.211608101730194420e+01
1.141397678921880754e+01 1.782199963397677722e+00 5.237988153882874087e+01
1.136870043359159865e+01 1.770466145989582740e+00 5.237683320575506229e+01
1.132139270933283548e+01 1.758327106482878932e+00 5.284555255348182357e+01
1.127083774143068595e+01 1.745328321736817623e+00 5.289057133590635829e+01
1.121973306340816201e+01 1.732259135765856994e+00 5.334944370223924182e+01
1.116471569027299715e+01 1.718715082398871941e+00 5.356917717510437882e+01
1.110965545355805872e+01 1.704990181735448029e+00 5.398746770982761944e+01
1.105336007237548301e+01 1.691119563381432211e+00 5.399501356548668696e+01
1.099470566914228975e+01 1.677190499823105307e+00 5.395310187684106751e+01
