2.191799393479931801e-01 1.550982551689759603e+01 3.683552447462830693e+06
2.285443609930863096e-01 1.515590821943553834e+01 3.004054613728691358e+06
2.383457191205114456e-01 1.484347167282863111e+01 2.453890264947855379e+06
2.486375339290900766e-01 1.454831176158983119e+01 2.009831246916205622e+06
2.594090804576752451e-01 1.428175603500865343e+01 1.635522256762788165e+06
2.706819477081613412e-01 1.404273435398500958e+01 1.339524095821424620e+06
2.824701420015253706e-01 1.383151392320067430e+01 1.092834117153467843e+06
2.947787700347481721e-01 1.362820905460642962e+01 8.940163822623002343e+05
3.076276252090198726e-01 1.345603249027355730e+01 7.292201878956172150e+05
3.210454940845344218e-01 1.328707180564193102e+01 5.978535804135503713e+05
3.349739910210498550e-01 1.314489827465720850e+01 4.895020023981551640e+05
3.494972564254941183e-01 1.300399714395934225e+01 4.009761290949088288e+05
3.646180147933736904e-01 1.288137814952261806e+01 3.287734866885708179e+05
3.802942160210641132e-01 1.276661847679233297e+01 2.694554115311296191e+05
3.965934091930167216e-01 1.266430438352226950e+01 2.207961775747576612e+05
4.134692591458731803e-01 1.257149335672156987e+01 1.810789383792128356e+05
4.309679478050089108e-01 1.248568219971583027e+01 1.489081826886317576e+05
4.490897345823138820e-01 1.240645000457954339e+01 1.223910054224195046e+05
4.678051113716104603e-01 1.233697779562212915e+01 1.008082098652139539e+05
4.871378268459260474e-01 1.227268388149635392e+01 8.281456136708495615e+04
5.070477019138661667e-01 1.220741980860140252e+01 6.825338538226456149e+04
5.275879153740472560e-01 1.215853821761681353e+01 5.635910235830785678e+04
5.487330907114107426e-01 1.210843593415762420e+01 4.655657789478301856e+04
5.704857181727795989e-01 1.206204271693958319e+01 3.840512429289243300e+04
5.929521311510058679e-01 1.202149685166350679e+01 3.175427360779288938e+04
6.173550859048907435e-01 1.198291021483155916e+01 2.601964452120080023e+04
6.437990421104938799e-01 1.194844860542309206e+01 2.116451587481418028e+04
6.723240465804327659e-01 1.191859922268675831e+01 1.711847212891742311e+04
7.029174078565064709e-01 1.189775778358698233e+01 1.377487117899223449e+04
7.355374654316266803e-01 1.188067536377555022e+01 1.104494702982141098e+04
7.701368319908600268e-01 1.187197414157719422e+01 8.857845173306019205e+03
8.066523722679965758e-01 1.186970940348887460e+01 7.070260050300984403e+03
8.449744049561986881e-01 1.187272897249108006e+01 5.642595060608247877e+03
8.850324520892592917e-01 1.188089117336403078e+01 4.515905895804172360e+03
9.267000103085940577e-01 1.189482860080683757e+01 3.608973905563737844e+03
9.698674717686751601e-01 1.191060246080646401e+01 2.894360676840619362e+03
1.014358078295358512e+00 1.192909717532262981e+01 2.323714162056965506e+03
1.059962803832380507e+00 1.195682143521665175e+01 1.871584506575919022e+03
1.106596238487298933e+00 1.197970966835470108e+01 1.512083577263974348e+03
1.154122096860654034e+00 1.200625758439552548e+01 1.223843252576825307e+03
1.202492160750799677e+00 1.203797501007943360e+01 9.948624427788791991e+02
1.252500124237778012e+00 1.206585719222376873e+01 8.064563166573949502e+02
1.304088530733345408e+00 1.209615567711206907e+01 6.539497657774390973e+02
1.356695212162265296e+00 1.212728436619427086e+01 5.300999389434781506e+02
1.410473499339698789e+00 1.215997230146306052e+01 4.335997715721223926e+02
1.465118094453830011e+00 1.219407083704589034e+01 3.533887072977256025e+02
1.520304043083105627e+00 1.222662703677825036e+01 2.891335406797904284e+02
1.575844594232494789e+00 1.226310963623309647e+01 2.356625352921054173e+02
1.631536691959472707e+00 1.229180569761505559e+01 1.953003048374754371e+02
1.687008225751046808e+00 1.232173014170957970e+01 1.611318117332796191e+02
1.742185701890689664e+00 1.235088415598864664e+01 1.335601762573207054e+02
1.796735894618263885e+00 1.237722147144761209e+01 1.111898372746229597e+02
1.850393853395818633e+00 1.240073346631917950e+01 9.287803331057398282e+01
1.903004853206117897e+00 1.242130279463905929e+01 7.793214202108548250e+01
1.954382327078414638e+00 1.243970556999502719e+01 6.537054774136002777e+01
2.004237018934812653e+00 1.245276808411741776e+01 5.558589349467487040e+01
2.052427035196788818e+00 1.246306219048328678e+01 4.727270681440904099e+01
2.098816441905337449e+00 1.246969383806240117e+01 4.038161716227494225e+01
2.143256993872400429e+00 1.247210352695163138e+01 3.464083121809824917e+01
2.185566444359318794e+00 1.247075977040718620e+01 2.974027765671912249e+01
2.225730025113859867e+00 1.246498437305990770e+01 2.585959205563773367e+01
2.263588212614024098e+00 1.245488058182085567e+01 2.249302318800960876e+01
2.299068675747818258e+00 1.244088514142858770e+01 1.965994457646038640e+01
2.332119862822727541e+00 1.242268503990396056e+01 1.725561527097173808e+01
2.362727950228398655e+00 1.240002595592119583e+01 1.521856418373120867e+01
2.390859602406552487e+00 1.237377652877223611e+01 1.348404745152574868e+01
2.416479416554142112e+00 1.234343415738529437e+01 1.195700691928235138e+01
2.439624442904067436e+00 1.230863212475043156e+01 1.072663314233945187e+01
2.460300725334227945e+00 1.227112775914278053e+01 9.635242624754861041e+00
2.478542518731429389e+00 1.222952773302456286e+01 8.692176544003640259e+00
2.494393169165135760e+00 1.218419725069137449e+01 7.870193336476859258e+00
2.507915703435799948e+00 1.213602648014559904e+01 7.162023490434817674e+00
2.519151744094720868e+00 1.208460537191006523e+01 6.540379791462839876e+00
2.527842277542868832e+00 1.203067576940066985e+01 6.014733347263389263e+00
2.533959543211512955e+00 1.197432100874335426e+01 5.558500327307709377e+00
2.537776150402390574e+00 1.191531111761721995e+01 5.144829615807505085e+00
2.539354231967432707e+00 1.185360134755979189e+01 4.797834663998936655e+00
2.538733424554780349e+00 1.178950634622640159e+01 4.510628966804389073e+00
2.536293754939127343e+00 1.172310222851988470e+01 4.246305136304399319e+00
2.532021998414955899e+00 1.165476826346187345e+01 4.016358449791034957e+00
2.526077135929150508e+00 1.158568563486877956e+01 3.806790994908318737e+00
2.518551051095908377e+00 1.151467041896060017e+01 3.621513991457670834e+00
2.509576703800934894e+00 1.144282996651521245e+01 3.469969103445543102e+00
2.499259020702479184e+00 1.137062078787768549e+01 3.332523242474490832e+00
2.487721079895826470e+00 1.129755355697580299e+01 3.204642839631865137e+00
2.475071203096284034e+00 1.122415074864515816e+01 3.096766756172379509e+00
2.461422995327053886e+00 1.115016107948330237e+01 3.004505034670645447e+00
2.446872002099107046e+00 1.107685101588122123e+01 2.934711193962814768e+00
2.431516287995836301e+00 1.100313649146021433e+01 2.864375227441147143e+00
2.415476122278105375e+00 1.092996976686867328e+01 2.798220228639266338e+00
2.398799461220947116e+00 1.085781135817616061e+01 2.758294823456971745e+00
2.381618246868518973e+00 1.078559505851097988e+01 2.710795890001821640e+00
2.363968532814873846e+00 1.071484941697017135e+01 2.679272442157045298e+00
2.345938967235344563e+00 1.064525178493666502e+01 2.658985084346476402e+00
2.327622891733690302e+00 1.057665995873402842e+01 2.643024941654959381e+00
2.309079854852232661e+00 1.050902910455012496e+01 2.628750034850240169e+00
2.290383860192884757e+00 1.044278725086419257e+01 2.631778673037419303e+00
2.271690066627022997e+00 1.037878548436143156e+01 2.621637220890465692e+00
2.252730646548473104e+00 1.031585779871414132e+01 2.638469154530142635e+00
2.233895485304772333e+00 1.025496375525576198e+01 2.652153322045451844e+00
