1.550982551689759603e+01 2.191799393479931801e-01 3.683552447462830693e+06
1.517675515445458601e+01 2.279184190737900129e-01 3.044864504979334306e+06
1.487449618990703826e+01 2.370623304729674863e-01 2.518706665666590445e+06
1.461463487191127442e+01 2.466131869295174750e-01 2.096592430056006880e+06
1.436277814204493630e+01 2.565860710037759507e-01 1.733924505722991889e+06
1.412251330037568842e+01 2.669953044021610156e-01 1.427027301900278544e+06
1.394397699145052982e+01 2.778595894790241716e-01 1.169436773986049229e+06
1.372196957901517145e+01 2.891661355920994159e-01 9.808572204483713722e+05
1.354711268907198196e+01 3.009459159487387070e-01 8.088019663052243413e+05
1.338358262578625713e+01 3.131865378996446236e-01 6.728284172790636076e+05
1.323541596815392651e+01 3.259204852283944520e-01 5.574234442280892981e+05
1.310016127405331687e+01 3.391454483047519619e-01 4.627200329299148289e+05
1.297560696322026708e+01 3.528744335695374601e-01 3.827719298021195573e+05
1.286322442695243851e+01 3.671113105896421369e-01 3.182529890996854519e+05
1.275625725669455157e+01 3.818823997113438007e-01 2.636332567521593883e+05
1.266259053606459162e+01 3.971569118528086029e-01 2.187990585480050649e+05
1.257266999763015392e+01 4.129623318941965660e-01 1.821339964830593090e+05
1.249217559567724578e+01 4.292777906819027489e-01 1.515708778623859689e+05
1.242040130765671435e+01 4.461507671959765720e-01 1.263094014611716266e+05
1.235240268130333341e+01 4.635628679022829601e-01 1.051438555662267609e+05
1.229080596199945674e+01 4.814825240473790680e-01 8.775431447427089734e+04
1.223328194185147311e+01 4.999463196432946677e-01 7.301227537362245494e+04
1.218100801128049504e+01 5.189427978631109273e-01 6.094213921470501373e+04
1.213255789762468950e+01 5.384722217108138809e-01 5.098381138027711131e+04
1.208939268380851040e+01 5.585312043753273281e-01 4.258252407126071193e+04
1.204504399861787967e+01 5.790733365671750787e-01 3.567392066833656281e+04
1.200774407657703335e+01 6.006216209374555248e-01 2.975628630202234126e+04
1.197411242244810303e+01 6.238436707986542151e-01 2.444813234456079590e+04
1.194220187049216264e+01 6.487348345794529125e-01 2.036862004535648157e+04
1.191642373578634206e+01 6.753052496291924722e-01 1.671292795110996303e+04
1.189567982879457730e+01 7.035173941979022683e-01 1.369501818030722279e+04
1.187950338907494974e+01 7.333350033888674790e-01 1.117963642323681961e+04
1.186963014283027107e+01 7.646993340695386054e-01 9.121795799430539773e+03
1.186217031892504892e+01 7.975527506454260784e-01 7.433393206857996120e+03
1.186058439032219169e+01 8.318056853164302877e-01 6.050948087310674964e+03
1.186410419954132145e+01 8.673752788715618500e-01 4.930134050249305801e+03
1.186940354396437414e+01 9.041567756663871913e-01 4.025997949063104898e+03
1.187937811277073585e+01 9.420378164199383342e-01 3.289688418200840715e+03
1.189066559868595085e+01 9.809249219374561735e-01 2.693839817969276737e+03
1.190373899551438264e+01 1.020659551825454647e+00 2.210383748243680657e+03
1.192158797299973116e+01 1.061166893673324729e+00 1.819124584753251156e+03
1.193887361067224795e+01 1.102159882977008509e+00 1.500818260403184922e+03
1.195583887204094076e+01 1.143695325833276488e+00 1.241996195025428733e+03
1.197321637136886530e+01 1.185404692166398322e+00 1.031139556201833102e+03
1.199006747530680173e+01 1.227229778167877816e+00 8.588507163665032067e+02
1.200566680827911981e+01 1.269089292208990916e+00 7.180653504110978247e+02
1.202165408480782638e+01 1.310696005122296670e+00 6.034744631854349564e+02
1.203357619840694248e+01 1.351984608099135565e+00 5.074544655822212462e+02
1.204489934481026303e+01 1.392813246179065656e+00 4.292864735916157883e+02
1.205356948108849835e+01 1.432914953676979186e+00 3.646901580486857597e+02
1.206025713713797565e+01 1.472250297271510355e+00 3.103167138207542735e+02
1.206333549557581364e+01 1.510686867473051587e+00 2.658640385093501095e+02
1.206355776112874523e+01 1.548071182023796233e+00 2.284021701924682191e+02
1.206152355627124884e+01 1.584262124776347314e+00 1.970228683420424147e+02
1.205570614450374478e+01 1.619188065439717716e+00 1.706511117009027600e+02
1.204422704062566041e+01 1.652697713787365297e+00 1.483756244664452879e+02
1.203028214845063815e+01 1.684774304523952937e+00 1.290446049729800393e+02
1.201509136117244836e+01 1.715266449016898065e+00 1.136902445308654990e+02
1.199293992742251014e+01 1.744161101358221444e+00 1.002145856729940334e+02
1.196946916776763636e+01 1.771356515846106428e+00 8.862149885118661530e+01
1.194146662878098120e+01 1.796809075340246364e+00 7.903700118781274853e+01
1.191082684263228764e+01 1.820572826523709331e+00 7.008459925501780674e+01
1.187579340661790894e+01 1.842524334209025616e+00 6.271029226240554522e+01
1.183782105346637969e+01 1.862671755159857945e+00 5.635484568685106410e+01
1.179647878515434911e+01 1.881019563854283261e+00 5.081558832411531057e+01
1.175207108036136283e+01 1.897581226260256937e+00 4.598615405759188235e+01
1.170474919588584051e+01 1.912341331497815711e+00 4.183423138544365827e+01
1.165467877644119810e+01 1.924922283955749602e+00 3.806932889398709818e+01
1.160396418039773181e+01 1.934417853747331106e+00 3.525029426372332608e+01
1.155013222427971620e+01 1.940932965436982904e+00 3.280600438971504929e+01
1.149495739391810289e+01 1.944711288294705076e+00 3.077909828306932027e+01
1.143602960506300192e+01 1.945967010196106850e+00 2.905426847661874490e+01
1.137588448765276716e+01 1.944994020955869152e+00 2.759395253990425445e+01
1.131383941414517480e+01 1.942001815060538483e+00 2.627433624966255721e+01
1.125052751300886200e+01 1.937212111367219824e+00 2.522702041935607298e+01
1.118429410211110486e+01 1.930803072457189629e+00 2.436171552331560619e+01
1.111132250371230334e+01 1.923325163198233767e+00 2.342464966794193160e+01
1.103320004281617805e+01 1.915268779741954974e+00 2.243003207972666857e+01
1.095055983484015982e+01 1.906980723447962101e+00 2.142949480655781613e+01
1.086413403358797325e+01 1.898643643959791572e+00 2.038594556250824397e+01
1.077510951661274952e+01 1.890428964086469321e+00 1.933497446931214370e+01
1.068389508591091008e+01 1.882375355517260651e+00 1.828111802813192099e+01
1.059100888986898426e+01 1.874573753449789937e+00 1.722611065170335110e+01
1.049675864425381278e+01 1.867041154156728666e+00 1.619347706108739260e+01
1.040221548691969922e+01 1.859789006022347868e+00 1.519768214022395547e+01
1.030838659631956133e+01 1.852853011013869677e+00 1.419900454719230254e+01
1.021308694903478376e+01 1.846027481772681611e+00 1.330976098196372170e+01
1.011831078569743880e+01 1.839472235919678678e+00 1.242450342096586091e+01
1.002302371957807914e+01 1.833003275266077425e+00 1.160269391525956628e+01
9.930219466582627774e+00 1.826846811529089676e+00 1.079334964067091995e+01
9.838632112570850907e+00 1.820769204978509137e+00 1.006752588438109086e+01
9.747801196543489866e+00 1.814511548057156087e+00 9.407655698488966323e+00
9.657987551195400755e+00 1.808367682223978479e+00 8.768725010655247232e+00
9.569604137981855274e+00 1.802100490854526393e+00 8.201633750147491853e+00
9.483062293640879048e+00 1.795769631624319906e+00 7.700531574928441536e+00
9.398719070259346609e+00 1.789314021633510166e+00 7.200212404842224245e+00
9.317993980855128200e+00 1.782680311982973054e+00 6.796980155519354305e+00
9.239271536505041738e+00 1.775515972821175570e+00 6.421439713227329094e+00
9.163787089461351343e+00 1.768165090978890852e+00 6.073885552779384689e+00
9.089589414438277615e+00 1.760068951353407796e+00 5.810048747611479492e+00
