2.191799393479931801e-01 1.550982551689759603e+01 3.683552447462830693e+06
2.280569382796935884e-01 1.519400093537936058e+01 3.058323994098899420e+06
2.373548078754904034e-01 1.487608269228953795e+01 2.506539392411812674e+06
2.470630906810582783e-01 1.460300117894203176e+01 2.075868699494783999e+06
2.572123936244172238e-01 1.433247170572464846e+01 1.704718834217116237e+06
2.678135527750344358e-01 1.410603393349257040e+01 1.409142596311899135e+06
2.788753267872701724e-01 1.391964583089698770e+01 1.159566622903836658e+06
2.904112872475827500e-01 1.369762534335269422e+01 9.579470499450283824e+05
3.024137437143508134e-01 1.352345973171513016e+01 7.923393658029410290e+05
3.149155752448287715e-01 1.336104515576093732e+01 6.540603410869126674e+05
3.279286596513796836e-01 1.321476320485529321e+01 5.365152549030234804e+05
3.414535634019824073e-01 1.307991059140121770e+01 4.480012327814807650e+05
3.554758658374766456e-01 1.295399922066575371e+01 3.705276945894510136e+05
3.700162472304686090e-01 1.284043279813450944e+01 3.063920719796458143e+05
3.851129561406117507e-01 1.273515500145820134e+01 2.538151396261754271e+05
4.007385370989256512e-01 1.263933027097472284e+01 2.100563541880896955e+05
4.169167640242109618e-01 1.255428644525049187e+01 1.730962934472024499e+05
4.336323638219447552e-01 1.247292250607458186e+01 1.443374723037732474e+05
4.509120441787809463e-01 1.240144292912625978e+01 1.200432693413705565e+05
4.687391380308500444e-01 1.233335488945380121e+01 9.957083110271095939e+04
4.871193040494219972e-01 1.227286389297399438e+01 8.284056399010417226e+04
5.060160553766924751e-01 1.221610090405512494e+01 6.899241248228924815e+04
5.254846496073538598e-01 1.216268365270613927e+01 5.741856025574966043e+04
5.454996418456569129e-01 1.211533973187407298e+01 4.786125482803312480e+04
5.660618880756316251e-01 1.207132136764032815e+01 3.993974417672854179e+04
5.871422738175856582e-01 1.203207887910945750e+01 3.331700446843259851e+04
6.098249352894811182e-01 1.199399140844973211e+01 2.765145091142657111e+04
6.343822723871404001e-01 1.195867037650008946e+01 2.277527808338580871e+04
6.608689471581826735e-01 1.193138375490082304e+01 1.862955693428859740e+04
6.892852774409657934e-01 1.190840667874698156e+01 1.516840354042427680e+04
7.196167384738033634e-01 1.189147125075700551e+01 1.229447012191417161e+04
7.518473298722370135e-01 1.187730696040618561e+01 9.945172282752637329e+03
7.858650084576375150e-01 1.187150887034824009e+01 8.037274275451235553e+03
8.216820738745133079e-01 1.187342348216456855e+01 6.490277319658199303e+03
8.591998196580580283e-01 1.187963735457327807e+01 5.224441488381001363e+03
8.983274675476070614e-01 1.189000115215514874e+01 4.217169633815356065e+03
9.389562537528182151e-01 1.190478757656422992e+01 3.407278031026219651e+03
9.810013853901418113e-01 1.192325907218606673e+01 2.754638369590150887e+03
1.024293783658055235e+00 1.195592432647560344e+01 2.231348575740955766e+03
1.068784646704282304e+00 1.196917102430346524e+01 1.812137410960773195e+03
1.114242178720942889e+00 1.199784148570387998e+01 1.474181815256532218e+03
1.160537492260574899e+00 1.202599569888323394e+01 1.203873708821751734e+03
1.207448568630523411e+00 1.205563452294077109e+01 9.861913097587610082e+02
1.254877065351113874e+00 1.208829644351682830e+01 8.098798011547496571e+02
1.302700241963944183e+00 1.211492270898721202e+01 6.675266573311436105e+02
1.350774732197978167e+00 1.214305576133585873e+01 5.520577688106725418e+02
1.398677534938163047e+00 1.217254903297122404e+01 4.582256253264904444e+02
1.446283967496119427e+00 1.219855834912359072e+01 3.826348344932529812e+02
1.493708971406970232e+00 1.222107285392419662e+01 3.201512402781747255e+02
1.540447321152195181e+00 1.224243104092495571e+01 2.688000148481489191e+02
1.586393086362352767e+00 1.226098059669739548e+01 2.268755011411218163e+02
1.631480273136564962e+00 1.227746681729042599e+01 1.922553573206250519e+02
1.675540938065343433e+00 1.229028058415742208e+01 1.635809345797960077e+02
1.718320763994227285e+00 1.229932890031937376e+01 1.397508588244055545e+02
1.759791196037615801e+00 1.230610456415417886e+01 1.193132731436221405e+02
1.799816346317223203e+00 1.230670740860981027e+01 1.033911430120096213e+02
1.838186020372843066e+00 1.230529580694773450e+01 8.949090896436726439e+01
1.874894543958987914e+00 1.229967353371992722e+01 7.775119190198302022e+01
1.909791424037065255e+00 1.228904983453647937e+01 6.785551401764379875e+01
1.942829623591042054e+00 1.227513252294389723e+01 5.948556147459049726e+01
1.973948586281888185e+00 1.225746380788499046e+01 5.239260082485776593e+01
2.003068073081522904e+00 1.223562612772747826e+01 4.607025248845814502e+01
2.030173451235698145e+00 1.220958592098082462e+01 4.110930096669311240e+01
2.055221631062297050e+00 1.217995965478130138e+01 3.649687479298641080e+01
2.078204450147572491e+00 1.214604203491093593e+01 3.278934100018238951e+01
2.099143686767641626e+00 1.210910267116785555e+01 2.936096292863058110e+01
2.118003701086119683e+00 1.206801545891609351e+01 2.658504291187588464e+01
2.134823728915604235e+00 1.202438693624228883e+01 2.408207628100199216e+01
2.149625980245248424e+00 1.197686515790416273e+01 2.189388501427712086e+01
2.162450409228218628e+00 1.192648556589346320e+01 1.991407258423920368e+01
2.173330600313270633e+00 1.187255023353874606e+01 1.831565736230138342e+01
2.182322005221705385e+00 1.181666363720623814e+01 1.685414013572939140e+01
2.189484568292909383e+00 1.175862373475214184e+01 1.554567677929951941e+01
2.194855660569039468e+00 1.169758481561894392e+01 1.443514787169614344e+01
2.198518238530362545e+00 1.163467235461325622e+01 1.335630036709038748e+01
2.200532990256036658e+00 1.156944625141742478e+01 1.250699749782849679e+01
2.200969196878286738e+00 1.150246506423798110e+01 1.170425792125894482e+01
2.199902065644459004e+00 1.143361787939894647e+01 1.100273764472423643e+01
2.197406488933821844e+00 1.136392001212584724e+01 1.033949200305851512e+01
2.193550948337507300e+00 1.129240581538624255e+01 9.810720600335644193e+00
2.188418187016902383e+00 1.121997958233868431e+01 9.306098040020511775e+00
2.182078247789939862e+00 1.114721774718808511e+01 8.859595367310985736e+00
2.174610788632484581e+00 1.107321478568434081e+01 8.461299909024745602e+00
2.166086234921983156e+00 1.099937130760205761e+01 8.107423831843174611e+00
2.156591695397888753e+00 1.092409084481452375e+01 7.787384496146170676e+00
2.146164827908295436e+00 1.084939565593882982e+01 7.508438963080361184e+00
2.134934667652728990e+00 1.077500083904637762e+01 7.252268594897402387e+00
2.122913594687146688e+00 1.069974920373251237e+01 7.006426070307389509e+00
2.110200735101769531e+00 1.062488068372922179e+01 6.802142166322338035e+00
2.096713023701094691e+00 1.054965850409262806e+01 6.644779985463660665e+00
2.082542926054644639e+00 1.047242059588608676e+01 6.470676684207787410e+00
2.067848119300633059e+00 1.039379109537529011e+01 6.286227137963901868e+00
2.052787761696775348e+00 1.031391878573504606e+01 6.147827712523917576e+00
2.037457582770437980e+00 1.023345384324916552e+01 5.996812415573133492e+00
2.021861641357823647e+00 1.015307463108670660e+01 5.850855085183981785e+00
2.006208034240445137e+00 1.007327576077964970e+01 5.713477260312173733e+00
1.990475658906614376e+00 9.993648372232636135e+00 5.588773624856646194e+00
1.974592446629535258e+00 9.914573918162391308e+00 5.468324758579353961e+00
1.958529464039634016e+00 9.835374335785163069e+00 5.350436404269732549e+00
1.942346869370537465e+00 9.755309232387022078e+00 5.234815432254604772e+00
