1.550982551689759603e+01 2.191799393479931801e-01 3.683552447462830693e+06
1.520666269239506718e+01 2.277670062110442040e-01 3.088608655945467763e+06
1.488072357635190102e+01 2.367498051960737759e-01 2.533254952282404993e+06
1.462427750317369579e+01 2.461199873031739427e-01 2.106509116396644618e+06
1.436965253683598398e+01 2.558996238676341517e-01 1.749940826743881684e+06
1.414547039105528725e+01 2.661001107461029025e-01 1.453502658467284404e+06
1.393752268374517023e+01 2.767323854276428907e-01 1.203581929641337600e+06
1.374439560388193371e+01 2.878065843164477333e-01 1.000146985283546383e+06
1.356391606961162211e+01 2.993238274033258040e-01 8.311110429124101065e+05
1.340365318744574274e+01 3.113104024679508308e-01 6.835362247547225561e+05
1.325934270867036346e+01 3.237390240669871799e-01 5.750149702586599160e+05
1.312535104223617566e+01 3.366548791825960119e-01 4.774801443821508437e+05
1.300226063650846164e+01 3.500555703752751269e-01 3.974917324706207146e+05
1.288688145822080422e+01 3.639739779557559229e-01 3.312781171699556289e+05
1.277974001815536909e+01 3.783406600930828700e-01 2.759554352988167666e+05
1.268439266074368810e+01 3.932290237527209520e-01 2.298027159353282768e+05
1.259921709085498343e+01 4.086335814508827990e-01 1.915262401749629935e+05
1.251401337509651590e+01 4.245642846624105848e-01 1.598550479814815626e+05
1.244098814819179744e+01 4.409611041174673618e-01 1.335487469767268631e+05
1.237382763847402956e+01 4.579142666399533268e-01 1.112936068167497579e+05
1.230974734258264291e+01 4.753825991257927264e-01 9.315454482213036681e+04
1.225149176565141396e+01 4.933506510863213679e-01 7.786956756985507673e+04
1.220042765862207901e+01 5.118321490827562048e-01 6.513259799125336576e+04
1.214974152473619817e+01 5.308345625538051227e-01 5.465241419266765297e+04
1.210306674410091965e+01 5.503478445239127215e-01 4.581119957838957635e+04
1.206576060005680162e+01 5.703839088358646503e-01 3.803424056764822308e+04
1.202663813969023465e+01 5.909641319054799169e-01 3.223713544461857964e+04
1.198882851571022101e+01 6.130731004641979398e-01 2.693204017240713802e+04
1.195630442322432607e+01 6.367738355086740576e-01 2.211263404246800201e+04
1.192805936908404618e+01 6.621009102752289932e-01 1.842486687526887181e+04
1.190513388289683938e+01 6.890399786782441804e-01 1.515108045085832964e+04
1.188601140622441044e+01 7.175064286307019090e-01 1.243560929846367981e+04
1.187342839349190271e+01 7.475902077698791670e-01 1.017615839169827086e+04
1.186480877667635347e+01 7.790740105306059871e-01 8.326497352003178094e+03
1.186229612552924984e+01 8.119976351449871288e-01 6.806283777654566620e+03
1.185902560993839927e+01 8.462309860598257183e-01 5.569046051528192947e+03
1.186620480505602515e+01 8.817073511996109669e-01 4.549650078495003072e+03
1.187405861208220870e+01 9.182986477594052843e-01 3.730613499793227675e+03
1.188140199634646343e+01 9.559028239382604264e-01 3.063866624978263644e+03
1.189481886454123760e+01 9.944289846925906673e-01 2.516232551125306600e+03
1.190885517884732359e+01 1.033753657697892736e+00 2.074128258009066030e+03
1.192624686152342939e+01 1.073771991323239527e+00 1.712684909286077982e+03
1.194357413419264091e+01 1.114192704487187990e+00 1.419495358313154384e+03
1.195982885871579349e+01 1.155077456334220765e+00 1.179655075811288498e+03
1.197689277019172494e+01 1.196132112838699246e+00 9.844083528078978134e+02
1.199412092650309170e+01 1.237273673073505664e+00 8.231724381302927895e+02
1.201053742134680569e+01 1.278440755978742072e+00 6.900882203745550214e+02
1.202346707509801327e+01 1.319289897352583285e+00 5.813693818374391640e+02
1.203613088687035138e+01 1.359793845466906959e+00 4.914577635179556978e+02
1.204661099719797335e+01 1.399795526010111812e+00 4.170196595953777887e+02
1.205741522823970335e+01 1.439124440367956170e+00 3.550977320419551688e+02
1.206123606382493918e+01 1.477688431114816847e+00 3.038337147762565564e+02
1.206273360021064001e+01 1.515344959629812527e+00 2.609165410350191792e+02
1.206598805585407419e+01 1.551965514560767367e+00 2.246373790845968870e+02
1.206166839383402589e+01 1.587431789362363732e+00 1.945826151050096371e+02
1.205366811685678030e+01 1.621663265628664030e+00 1.690877408656293426e+02
1.204341322571563033e+01 1.654519229715658346e+00 1.473182456803733658e+02
1.203088779829944599e+01 1.685985485041028964e+00 1.290433199593969960e+02
1.201355795002628213e+01 1.715928843945108584e+00 1.134652605916285069e+02
1.199306165399028856e+01 1.744302792667690838e+00 9.964988566570400508e+01
1.196984790093061690e+01 1.771045115080510213e+00 8.868668753295695240e+01
1.194247717733091640e+01 1.796134664436771722e+00 7.891412283864200106e+01
1.191189479758246428e+01 1.819528996028415335e+00 7.045423842029522632e+01
1.187826319292338084e+01 1.841208665493847318e+00 6.314184441496205835e+01
1.184077408798093423e+01 1.861139142257234758e+00 5.679298304584419554e+01
1.179968283466660850e+01 1.879275154127178604e+00 5.137282088684822412e+01
1.175684788224690536e+01 1.895799058583867769e+00 4.631594003956722361e+01
1.171081009619772217e+01 1.910523390544925482e+00 4.230429713433336758e+01
1.166137916961091214e+01 1.923762449039040812e+00 3.860908309235729519e+01
1.160915373130890771e+01 1.936141976800198616e+00 3.517127606309249899e+01
1.155417477060129450e+01 1.947744330323001982e+00 3.213354739103616708e+01
1.149700281384079403e+01 1.958585149190877228e+00 2.931458062346838389e+01
1.143739466393407334e+01 1.968631800241153806e+00 2.680506556582827571e+01
1.137669143235498304e+01 1.977881713788023577e+00 2.452472749142367547e+01
1.131424041875840381e+01 1.986266726304177777e+00 2.245081400436576402e+01
1.125034281378015955e+01 1.993779247915989039e+00 2.059796861666486834e+01
1.118578743356740723e+01 2.000382775912258548e+00 1.891691860135486536e+01
1.112972786083156151e+01 2.002697961922060177e+00 1.775018419187915697e+01
1.106896249911417307e+01 2.002471643210913310e+00 1.683584289108535614e+01
1.100354951606279919e+01 2.001079373067172540e+00 1.589235295863383612e+01
1.093366239680197438e+01 1.998843738770957890e+00 1.494175183113508965e+01
1.086230108701818331e+01 1.995922372539489231e+00 1.413852604261245460e+01
1.078773689681461789e+01 1.992511775335975122e+00 1.331998743144127140e+01
1.071182694408999758e+01 1.988607855495915233e+00 1.254647787503963130e+01
1.063488746212518166e+01 1.984280841528041517e+00 1.182966835800638350e+01
1.055681459517242260e+01 1.979518799270830076e+00 1.115076593674242389e+01
1.047777227949172385e+01 1.974328938747373696e+00 1.051898185954189735e+01
1.039935177407980049e+01 1.968818945695022471e+00 9.888451304072846781e+00
1.031985446899371794e+01 1.962903249690006291e+00 9.366053022593167299e+00
1.024090828811455900e+01 1.956651603325892275e+00 8.825911470651874424e+00
1.016172935501345442e+01 1.949882428949676338e+00 8.377870446603239429e+00
1.008348069899915878e+01 1.942757747452711126e+00 7.944511596353675209e+00
1.000561538146093810e+01 1.935258402602584304e+00 7.534762339323176406e+00
9.927907266882435522e+00 1.927334278531414036e+00 7.164645875455810220e+00
9.850797642197104409e+00 1.919048907325115128e+00 6.826494540783038190e+00
9.774553318821325831e+00 1.910361354445746285e+00 6.509083358667114183e+00
9.699244732226301124e+00 1.901282009804767359e+00 6.225712733963441714e+00
9.624258513410445914e+00 1.891831632149307829e+00 5.950606443678312374e+00
9.551533001095839026e+00 1.882069145429744239e+00 5.711320332295261260e+00
9.486921021488987193e+00 1.872414917418163460e+00 5.534530692887720704e+00
