2.191799393479931801e-01 1.550982551689759603e+01 3.683552447462830693e+06
2.262818650864565073e-01 1.526894137090082992e+01 3.149230469041523058e+06
2.336354403702287919e-01 1.502490705455802633e+01 2.698907608568768483e+06
2.412820029589786142e-01 1.475063830217127325e+01 2.317888549910359085e+06
2.491796170685748046e-01 1.453035182037261386e+01 1.981009711044355063e+06
2.573714492392539799e-01 1.433712377476156874e+01 1.698847156270549865e+06
2.658532588592573687e-01 1.414737345883859554e+01 1.457891099788378924e+06
2.746320490107880818e-01 1.397693597140525412e+01 1.250223617659979733e+06
2.837132720039824973e-01 1.381173016758051375e+01 1.072340072444280144e+06
2.931114609612957000e-01 1.366291284799577177e+01 9.189498456851330120e+05
3.028044314765712675e-01 1.352250407387228570e+01 7.872948800475000171e+05
3.128114314900182769e-01 1.338773467356986124e+01 6.748591604905601125e+05
3.231355499884623894e-01 1.326360352381052543e+01 5.798388240587664768e+05
3.338026223169610063e-01 1.315418757253409687e+01 4.983286508793707471e+05
3.447876334571279289e-01 1.304559161746393059e+01 4.274710389108602540e+05
3.561267392682637145e-01 1.294674098661389117e+01 3.667253499973741127e+05
3.677824501653381706e-01 1.285639668734201813e+01 3.156014398083326523e+05
3.797989515157418894e-01 1.277038587693797034e+01 2.709859122207685141e+05
3.921530153264387586e-01 1.269099833738282612e+01 2.310305855804256862e+05
4.048663169262707306e-01 1.261854527537955661e+01 2.000604640690946835e+05
4.179138066112219052e-01 1.254789032136970128e+01 1.721978383186738938e+05
4.313286406192158307e-01 1.248291985112853197e+01 1.473695375598260143e+05
4.451072979683863839e-01 1.242464486830195725e+01 1.275072901555818680e+05
4.592388495833231166e-01 1.236640558607939333e+01 1.097609040015065548e+05
4.737043299214124259e-01 1.231687677024681093e+01 9.465468008083204040e+04
4.885385707014361367e-01 1.226812798037996544e+01 8.163187896075603203e+04
5.037056677072673239e-01 1.222158454928229077e+01 7.049993060722498922e+04
5.192522585051911888e-01 1.218227679521314322e+01 6.024240188683090673e+04
5.351338647818933980e-01 1.214300608576515117e+01 5.247670025521350180e+04
5.513768097035747218e-01 1.210444717829295591e+01 4.538808203821265488e+04
5.679733320496326288e-01 1.206814013147386255e+01 3.930989976489435503e+04
5.848719930601727901e-01 1.203615452721788870e+01 3.396168295814045268e+04
6.027749881921479203e-01 1.200505685659584465e+01 2.925196001273279035e+04
6.218915197377805626e-01 1.197691893784699424e+01 2.510103253526783737e+04
6.422509708789528871e-01 1.195121430634396020e+01 2.130617379422974409e+04
6.638595719606784629e-01 1.192811214169760348e+01 1.821248591017501167e+04
6.867202853932032891e-01 1.190807345158030905e+01 1.545938482028865110e+04
7.108250783332428213e-01 1.189473333806596322e+01 1.306377380247279143e+04
7.361737321145919166e-01 1.188341507763515459e+01 1.102168469150445344e+04
7.626885719296244703e-01 1.187657893517873831e+01 9.291804462373096612e+03
7.904011140805814462e-01 1.187184600265828394e+01 7.817383950033376095e+03
8.192694363086537868e-01 1.187311334337375612e+01 6.577740319412184363e+03
8.492376026244460308e-01 1.187705825919174885e+01 5.523633792821491625e+03
8.802828899798427198e-01 1.188485843803618813e+01 4.657336271492498781e+03
9.123376284372058942e-01 1.189522150756974561e+01 3.915012459035549000e+03
9.453336310852198388e-01 1.190693081035719203e+01 3.299922838827861597e+03
9.792624357921179135e-01 1.192340387652720501e+01 2.781587377272724552e+03
1.014002543834412684e+00 1.194393704166508208e+01 2.346801134071509296e+03
1.049555632182786802e+00 1.196304366132485875e+01 1.983961796160998574e+03
1.085805242287825267e+00 1.198276002561494913e+01 1.679659002234466925e+03
1.122640146866353383e+00 1.200524874184702462e+01 1.423770193861398639e+03
1.159951407525910083e+00 1.202906915517742270e+01 1.203998678367934644e+03
1.197811653878662286e+00 1.205220458578038567e+01 1.022785609352492429e+03
1.235972549701952916e+00 1.207600580761716280e+01 8.782604448161270057e+02
1.274478390227650193e+00 1.210069006332902397e+01 7.505840889010592036e+02
1.313087054943283372e+00 1.212678351739699423e+01 6.424792626684342167e+02
1.351910639504754874e+00 1.214776539002517097e+01 5.517528929603615779e+02
1.390636209830149461e+00 1.217123552442927448e+01 4.746390014103063208e+02
1.429240491825945591e+00 1.219675834534582570e+01 4.095445719939133937e+02
1.467635538478976764e+00 1.221469690881997217e+01 3.545132730943097954e+02
1.505892243152441079e+00 1.223495129408581938e+01 3.072472920703689283e+02
1.543562944051530161e+00 1.225404491654316530e+01 2.656154160513258375e+02
1.580862234740404215e+00 1.227062810189787534e+01 2.327349362887775612e+02
1.617607564838059453e+00 1.228184975376472998e+01 2.025165616146358332e+02
1.653741238720046969e+00 1.229579434873718924e+01 1.784099245606741420e+02
1.689120713130074947e+00 1.230382538026783124e+01 1.568587005434266359e+02
1.723709795341912931e+00 1.231104660464919398e+01 1.382574179559717891e+02
1.757412414959602875e+00 1.231973030549710302e+01 1.214549707753911747e+02
1.790159390220457114e+00 1.232020320288787296e+01 1.082539199591565904e+02
1.821952464914687875e+00 1.232072393327449156e+01 9.611876092477817224e+01
1.852651350238320616e+00 1.232068397417799233e+01 8.568419940908852084e+01
1.882266257885638394e+00 1.231428060504435429e+01 7.655502890713033537e+01
1.910719575209184340e+00 1.230811005173725547e+01 6.857786006674385249e+01
1.937978886069344542e+00 1.229757527033826747e+01 6.163675274467998122e+01
1.964112218252289210e+00 1.228502193008527499e+01 5.550315599029927682e+01
1.989858667263570746e+00 1.227108019163263641e+01 5.006514845913060441e+01
2.015364452572612652e+00 1.225460512850899342e+01 4.499038694591286003e+01
2.040521318851593602e+00 1.223743652014384686e+01 4.049644557434179859e+01
2.065319914095700149e+00 1.221721760706338245e+01 3.647327022529982088e+01
2.089627203951653911e+00 1.219691862890591594e+01 3.292543970680163312e+01
2.113529093200984033e+00 1.217432970606678033e+01 2.968498898734404889e+01
2.136833852302324477e+00 1.215122810190288405e+01 2.675626867521904728e+01
2.159485185528964735e+00 1.212650420469414492e+01 2.411584442670907436e+01
2.181459206597938127e+00 1.210101074017219780e+01 2.188695349598781092e+01
2.202652215015316717e+00 1.207344842223837134e+01 1.983029078752759844e+01
2.223089932586403972e+00 1.204577443601389675e+01 1.799827151851988560e+01
2.242648690756540830e+00 1.201597102674647388e+01 1.636315620600956322e+01
2.261249423846649620e+00 1.198437609936777548e+01 1.491514593995975524e+01
2.279010642823299015e+00 1.195266906418761010e+01 1.354333892243653104e+01
2.295767982878001323e+00 1.191944182791564266e+01 1.242987361639773169e+01
2.311489334115864658e+00 1.188443865624390838e+01 1.139135756959130141e+01
2.326256667009197976e+00 1.184860422572616656e+01 1.044783591783443555e+01
2.339960296600933631e+00 1.181232011625827916e+01 9.609577094949790066e+00
2.352526959544424479e+00 1.177456833276699655e+01 8.868158884354809146e+00
2.352557132919991911e+00 1.175407278388250631e+01 8.689348171101766383e+00
2.344931320049047141e+00 1.173411495714890229e+01 8.745024627756629698e+00
2.334576504028254895e+00 1.170733469513123204e+01 8.837823052637880039e+00
2.323263811703619286e+00 1.167959648974631115e+01 8.939687430001583834e+00
2.311679392706972980e+00 1.165200324500262674e+01 9.038938630155913145e+00
2.299842013217351155e+00 1.162630752493506492e+01 9.184330315100540432e+00
