2.191799393479931801e-01 1.550982551689759603e+01 3.683552447462830693e+06
2.292294909335895470e-01 1.514169084218888450e+01 2.981916578071828932e+06
2.398207028206080782e-01 1.479356022294653883e+01 2.386568650971647352e+06
2.509491665900113189e-01 1.448896077639571445e+01 1.919245078861304326e+06
2.626415328388136405e-01 1.421211237782408610e+01 1.546204485306901392e+06
2.749157668859379400e-01 1.396792205734472070e+01 1.243140374889020575e+06
2.877888418551344807e-01 1.377095654005056602e+01 9.984453635060008382e+05
3.012738021707538905e-01 1.354089770473837184e+01 8.061044426562393783e+05
3.153642599023707138e-01 1.335381586426790435e+01 6.502442449111058377e+05
3.301103938116506931e-01 1.318984828708233970e+01 5.247219819931557868e+05
3.454989135158568203e-01 1.304146009768754944e+01 4.230973933704327792e+05
3.615579206493088060e-01 1.292551482294457088e+01 3.417344469889127067e+05
3.782939279439615499e-01 1.278122094926656871e+01 2.758572065305080614e+05
3.957146095067268776e-01 1.267200757816701007e+01 2.231178387559159019e+05
4.138136144343051992e-01 1.256921354886851461e+01 1.804923008025511808e+05
4.326244442055370287e-01 1.247905794617617659e+01 1.460418883405853994e+05
4.521353280765874616e-01 1.239539641279377946e+01 1.183129801592553704e+05
4.723586047893466588e-01 1.232052848658009125e+01 9.615429763454169733e+04
4.932653014344774989e-01 1.225231900119752382e+01 7.786678415380131628e+04
5.148696351567060292e-01 1.219031029477369010e+01 6.341059449373003736e+04
5.371807536264565641e-01 1.213418584898870201e+01 5.156777643518605328e+04
5.601877838980743318e-01 1.208519093355836915e+01 4.201092233253600716e+04
5.838392933935985241e-01 1.203711659947310508e+01 3.423110203677514073e+04
6.092761875823873297e-01 1.199447271856489827e+01 2.748734936767806721e+04
6.371233308784284288e-01 1.195823630563916140e+01 2.228196780019111975e+04
6.674619039830892442e-01 1.192526002403127450e+01 1.774925810285364423e+04
7.002977984519492827e-01 1.190170546936121632e+01 1.404659533362551701e+04
7.355801986407637383e-01 1.188377678185818631e+01 1.106528693463762283e+04
7.732637311775388822e-01 1.187566312230787524e+01 8.692590274109461461e+03
8.132822345706128830e-01 1.187469575258086607e+01 6.820498381607137162e+03
8.555217030655496435e-01 1.187928639957580756e+01 5.343922543941551339e+03
8.998948300068323469e-01 1.189183328389499295e+01 4.153130127051538693e+03
9.461912980829861874e-01 1.191081542490534773e+01 3.287291611900924181e+03
9.943259410545983723e-01 1.193366419359755959e+01 2.566171829818785682e+03
1.044104670223923170e+00 1.196124256633681604e+01 2.038191414101865348e+03
1.095268038362608332e+00 1.199217772541740779e+01 1.611553635940515960e+03
1.147652891341077508e+00 1.202365064132756167e+01 1.277993916931608965e+03
1.201033064866392053e+00 1.205793120789753381e+01 1.017715053255209909e+03
1.255207870012696958e+00 1.209630663929873506e+01 8.135045001451674125e+02
1.310466458704451220e+00 1.212808084554192689e+01 6.519256256510357161e+02
1.366253678048212183e+00 1.216350943616192914e+01 5.240414385764978533e+02
1.422748542435078534e+00 1.219902941319870493e+01 4.232624388591311799e+02
1.479144787918555526e+00 1.223285429883122610e+01 3.429289053035000165e+02
1.535607181375089114e+00 1.226512979266746228e+01 2.769656738630341692e+02
1.591580401820159363e+00 1.229419074319029725e+01 2.269412860388785589e+02
1.646963827849181161e+00 1.232112386336939025e+01 1.872062144801387547e+02
1.701526929119119513e+00 1.234486510611445453e+01 1.544295252800797584e+02
1.754858700478652889e+00 1.236468473459618700e+01 1.281548695711554444e+02
1.806734262004272118e+00 1.238210598531753703e+01 1.067627055244079628e+02
1.857283305689037878e+00 1.239165297815726419e+01 8.935190834185560504e+01
1.906941517495724048e+00 1.239966842352729692e+01 7.503674198563197706e+01
1.955725080605937194e+00 1.240636764577018880e+01 6.312967001211228535e+01
2.003214502306625455e+00 1.240600062449737706e+01 5.331177514122413186e+01
2.049321830074399386e+00 1.240361381604082602e+01 4.518016330416467952e+01
2.093782907470844279e+00 1.239805827946568861e+01 3.844719523546386597e+01
2.136433657809447162e+00 1.238793976431608357e+01 3.281633428181415724e+01
2.177048910175363616e+00 1.237397847787263139e+01 2.814754728997083433e+01
2.215530672477163954e+00 1.235647412377770316e+01 2.425334740125562405e+01
2.251713497188208013e+00 1.233436279644876166e+01 2.099100470785696970e+01
2.285433835065029839e+00 1.230930390950890185e+01 1.824947520099349418e+01
2.316796473056729422e+00 1.227962467447771999e+01 1.595082943640400508e+01
2.345570714782899469e+00 1.224581381264990831e+01 1.400149069959810966e+01
2.371743067717938303e+00 1.220850127298156096e+01 1.234875620390023165e+01
2.395333749988470373e+00 1.216660826265139228e+01 1.094436219666336108e+01
2.416310724772792629e+00 1.212243132844457350e+01 9.741574960785168713e+00
2.434711271763037033e+00 1.207302288233295329e+01 8.732419166338472039e+00
2.450568232715099271e+00 1.202162265666752816e+01 7.850503603159695309e+00
2.463940715409276283e+00 1.196664587661016732e+01 7.101647830584547627e+00
2.474880846107038401e+00 1.190811076393869961e+01 6.444957139137335922e+00
2.483442939627110047e+00 1.184758541924107789e+01 5.881259063910692753e+00
2.489754715620145387e+00 1.178365972499098291e+01 5.389313379589786734e+00
2.493998004918456246e+00 1.171773623914272022e+01 4.958545360979766947e+00
2.496226201253776367e+00 1.164898845502551694e+01 4.586831354055961540e+00
2.496595254946351705e+00 1.157874579518873226e+01 4.255229336817953900e+00
2.495122283525680551e+00 1.150719496426415311e+01 3.946946970695962342e+00
2.491936050802378233e+00 1.143310107454032298e+01 3.693779590917668276e+00
2.487166243210797489e+00 1.135837441989741947e+01 3.477044593391144467e+00
2.480905566535140938e+00 1.128219924977574706e+01 3.276139003236562264e+00
2.473393212430495147e+00 1.120478388805167036e+01 3.095877387083226129e+00
2.464762934102561420e+00 1.112653306786887164e+01 2.929974948354065134e+00
2.455102085891299080e+00 1.104746128531164828e+01 2.781358323222349327e+00
2.444446442974872014e+00 1.096809201915033327e+01 2.649955496861543303e+00
2.432968323590590121e+00 1.088895518642125992e+01 2.523396762998362242e+00
2.420681200606142891e+00 1.080957937167231719e+01 2.423129364924707652e+00
2.407638701243431267e+00 1.073081123231599676e+01 2.328759696019585768e+00
2.393945138253311899e+00 1.065266477446936300e+01 2.238621852461151196e+00
2.379580739393416078e+00 1.057453226501402099e+01 2.168201282286864817e+00
2.364693227401708064e+00 1.049819698412613356e+01 2.096960456842873022e+00
2.349268015252664377e+00 1.042224071246238992e+01 2.039114572744638920e+00
2.333375448042501077e+00 1.034708647423052241e+01 1.991767132186851086e+00
2.317154319424226561e+00 1.027395578679250043e+01 1.947137679184603343e+00
2.300554645733845049e+00 1.020157956909029906e+01 1.908526547295250175e+00
2.283702104673801525e+00 1.013088575851943673e+01 1.878358317058178129e+00
2.266587869327908678e+00 1.006176585507064836e+01 1.852340824409535180e+00
2.249317258256426033e+00 9.994286314458809883e+00 1.838895683897974198e+00
2.231923677367331660e+00 9.928280622749705131e+00 1.818439033788395109e+00
2.214462008919564795e+00 9.864401664964148608e+00 1.814299478770092344e+00
2.196974187384051813e+00 9.802311253900423793e+00 1.809283887276622371e+00
2.179545693490724911e+00 9.742726262211093058e+00 1.805671583506227140e+00
2.162150588048437072e+00 9.684576534309623952e+00 1.811377601769643464e+00
