1.550982551689759603e+01 2.191799393479931801e-01 3.683552447462830693e+06
1.520980951694872552e+01 2.269891496302144096e-01 3.116839585946615320e+06
1.493936008836791274e+01 2.351174772213159292e-01 2.628277380277554970e+06
1.469126172451258583e+01 2.435865992925228818e-01 2.209664090562382247e+06
1.445202565712499521e+01 2.523782139709586647e-01 1.868093949187546968e+06
1.423900028580795585e+01 2.615195250628192802e-01 1.578925308361615287e+06
1.404497294184617573e+01 2.710146355929342610e-01 1.334309033492929535e+06
1.386162611343651641e+01 2.808718927662872678e-01 1.122444991353675956e+06
1.368872921251048957e+01 2.911002472429111143e-01 9.478326232703439891e+05
1.353247809831890613e+01 3.017059978382465313e-01 8.010331299065024359e+05
1.338754569638476610e+01 3.126668227781210230e-01 6.775676041005091975e+05
1.325470715679796996e+01 3.240356874438587997e-01 5.724368562111411011e+05
1.313569648080490460e+01 3.357964945221995068e-01 4.833227790743444348e+05
1.301728935024113021e+01 3.479577667654231155e-01 4.089995447708039428e+05
1.291286839673131581e+01 3.605278994935423031e-01 3.460979712634506286e+05
1.281645713419119303e+01 3.735070267919395892e-01 2.926924359890904743e+05
1.272319020705248427e+01 3.869067143579567047e-01 2.484219468845685478e+05
1.264235817309005583e+01 4.007240995313729459e-01 2.101022399501982145e+05
1.256444734250995410e+01 4.149622984391216907e-01 1.784312259171885089e+05
1.249387057707801496e+01 4.296297094475425848e-01 1.510971783156370802e+05
1.242675316825258491e+01 4.447446870057104040e-01 1.281303761583560554e+05
1.236452869802240961e+01 4.602716128880846025e-01 1.088674247317022382e+05
1.230819846173281640e+01 4.762145504186098277e-01 9.243132637992886885e+04
1.225704355163597903e+01 4.925883961250022147e-01 7.844161697990749963e+04
1.220778941375832005e+01 5.093869446440382198e-01 6.679028551386918116e+04
1.216184495084015893e+01 5.266199550429815357e-01 5.682400362443045742e+04
1.212306130884951294e+01 5.442790994080328737e-01 4.833679502858271007e+04
1.207968289955613450e+01 5.623633305431073870e-01 4.119791308282699174e+04
1.204545121775776551e+01 5.808209006160801602e-01 3.513494644483025331e+04
1.200902824545792491e+01 6.001692479597102725e-01 2.992069538247775199e+04
1.197299049729405773e+01 6.208658561211733984e-01 2.532439281968008800e+04
1.194976919788680370e+01 6.429029738968489172e-01 2.110447945326836634e+04
1.192429372287947942e+01 6.662796061116443846e-01 1.787572083912907692e+04
1.190326139318645460e+01 6.909947368196420747e-01 1.495418192921329864e+04
1.188635628860006399e+01 7.170116566941099334e-01 1.250732718898809435e+04
1.187408489181199656e+01 7.442988238212795427e-01 1.040082712003558117e+04
1.186735020677750541e+01 7.728029579389955606e-01 8.661998671065704912e+03
1.186005782675980491e+01 8.024895517890459073e-01 7.211712246410072112e+03
1.186060981214218835e+01 8.332889074741512969e-01 6.006662162999290558e+03
1.186338561330305197e+01 8.651352732143430257e-01 4.998555774196487619e+03
1.186882211163259448e+01 8.979783460212500401e-01 4.161650898538395268e+03
1.187619388821465272e+01 9.317214858878476447e-01 3.474487816008678237e+03
1.188650429409837095e+01 9.662717764563075740e-01 2.902093945530348265e+03
1.189728833347671078e+01 1.001539163507468189e+00 2.430707042319225820e+03
1.191060777605048493e+01 1.037464891272213752e+00 2.037359898971133362e+03
1.192748049439838809e+01 1.073970812985207690e+00 1.711718553038358550e+03
1.194174852445565982e+01 1.110839817594879930e+00 1.434939572854114203e+03
1.196046015190773737e+01 1.148014849286210337e+00 1.217528911698474076e+03
1.197279800120209359e+01 1.185447944062178571e+00 1.030081417386199519e+03
1.198840187577958361e+01 1.222877821304419577e+00 8.762954662806292845e+02
1.200553594598371987e+01 1.260435696087949475e+00 7.405565627851678983e+02
1.201596133315836212e+01 1.297762671349582009e+00 6.358495309955666244e+02
1.202801099492154968e+01 1.334883040521618103e+00 5.450604226491140025e+02
1.203896897142714728e+01 1.371653492968552435e+00 4.682913895114996308e+02
1.204897895308791256e+01 1.407921339786158965e+00 4.041508368025506002e+02
1.205874950921444899e+01 1.443685718512169425e+00 3.487614965658035544e+02
1.206313216863742888e+01 1.478774537860445548e+00 3.023227946978592513e+02
1.206351618561118144e+01 1.513102855458315688e+00 2.633469763118507672e+02
1.206284958578420685e+01 1.546585568546410494e+00 2.298230923358823361e+02
1.206363091706312396e+01 1.579108541527382892e+00 2.012050224842921295e+02
1.205807320272352534e+01 1.610603647488765944e+00 1.768541700989184733e+02
1.204774646391485859e+01 1.641037775502960150e+00 1.558427324780957122e+02
1.203728533332892248e+01 1.670314713759228686e+00 1.379063489631437847e+02
1.202336607078466280e+01 1.698336992322520445e+00 1.223721608034167616e+02
1.200726628201384827e+01 1.725120790231731371e+00 1.089308125825904625e+02
1.198828082758333657e+01 1.750588205659511898e+00 9.733385680781482563e+01
1.196587436575567764e+01 1.774685121071428950e+00 8.721175650728193318e+01
1.194092335597188281e+01 1.797390138627462886e+00 7.844052855568500604e+01
1.191302262920789445e+01 1.818696845931941919e+00 7.073249511029416681e+01
1.188257770587412665e+01 1.838577443390044142e+00 6.403035549515681168e+01
1.184961499069272506e+01 1.857011421147434449e+00 5.810162499579764983e+01
1.181269078450963939e+01 1.873998674432861389e+00 5.265717921625719100e+01
1.177432982334926059e+01 1.889553512302755145e+00 4.836942639669862842e+01
1.173372256387286150e+01 1.903658340142329930e+00 4.427386599905842246e+01
1.169011997490263077e+01 1.916333710263251167e+00 4.064629163991065042e+01
1.164453034625340067e+01 1.927608023756663513e+00 3.736875614155265879e+01
1.159642592525391258e+01 1.937494710748282944e+00 3.464755332728305603e+01
1.154714791793284867e+01 1.946006949977102662e+00 3.213978667895147368e+01
1.149527496520732051e+01 1.953199108614515067e+00 2.987152466062400791e+01
1.144200943226349665e+01 1.959089084870283548e+00 2.784790661252584343e+01
1.138581078596593166e+01 1.963710200883118651e+00 2.593380710127553712e+01
1.132934487195067597e+01 1.967100794158569199e+00 2.441036059272244430e+01
1.127098256747568783e+01 1.969307828851719400e+00 2.294120032425305311e+01
1.121183039362149891e+01 1.970367504617380749e+00 2.154228241814571021e+01
1.115011325203340853e+01 1.970321435353062034e+00 2.042324914603276653e+01
1.108831827648107016e+01 1.969225158181350022e+00 1.936129269137844489e+01
1.102643443611371588e+01 1.967110056814950436e+00 1.836261904200742734e+01
1.096162312640262471e+01 1.964037559566402580e+00 1.752414978428164005e+01
1.089789816374446474e+01 1.960036979427022263e+00 1.671941174476439329e+01
1.083452984010388320e+01 1.955168085420201152e+00 1.602930607899101645e+01
1.077531721280998056e+01 1.949215448956795882e+00 1.547686258219343358e+01
1.071916619046125696e+01 1.941997944829413569e+00 1.502539262156840039e+01
1.066539272231298519e+01 1.933627916827578952e+00 1.475874378618689953e+01
1.061117972382058205e+01 1.924056213078913391e+00 1.451934160175735222e+01
1.055473377998752582e+01 1.913410181831507906e+00 1.427592282462691209e+01
1.049955342883863452e+01 1.902251802553385440e+00 1.409305100261007837e+01
1.044525658643152788e+01 1.890619564086288173e+00 1.402895878130650686e+01
1.038921243024516627e+01 1.877821081039705575e+00 1.393308748306166045e+01
1.032763358450907099e+01 1.864041245773899957e+00 1.378839668442756405e+01
1.026095904914837575e+01 1.849553971485902393e+00 1.370969842256937632e+01
