1.550982551689759603e+01 2.191799393479931801e-01 3.683552447462830693e+06
1.522837886961384513e+01 2.272710462396761444e-01 3.114236071194242220e+06
1.492561055642488022e+01 2.357050092350958803e-01 2.592942361262260471e+06
1.466090377354865559e+01 2.445038612575306525e-01 2.178319446112087462e+06
1.442430887248905158e+01 2.536527751162132027e-01 1.824709825998495100e+06
1.420262236254876598e+01 2.631754439728298811e-01 1.528985625075724907e+06
1.400663921326088790e+01 2.730794021515391412e-01 1.289057975659291726e+06
1.381887306885126421e+01 2.833736094935112582e-01 1.076516370889933780e+06
1.364451753431626457e+01 2.940639133546555373e-01 9.031341391275521601e+05
1.348853242671171238e+01 3.051492687089059075e-01 7.589070691425615223e+05
1.333835855924608182e+01 3.166572874867086829e-01 6.386735582538283197e+05
1.320493984104126284e+01 3.285766221101001916e-01 5.360448883959091036e+05
1.308087891881875109e+01 3.409255887521885353e-01 4.501888277107203612e+05
1.297086471225193272e+01 3.536962090626413202e-01 3.788038278681873344e+05
1.286432159029828881e+01 3.669124937508185247e-01 3.189735919517214643e+05
1.276476394270548553e+01 3.805731293817523619e-01 2.688817166840302525e+05
1.267691821886750247e+01 3.946891670853478473e-01 2.256891285686440533e+05
1.259445768012003342e+01 4.092552005636847512e-01 1.904054161262328853e+05
1.251802967718969839e+01 4.242724023241429832e-01 1.604079058937910013e+05
1.244790792266323187e+01 4.397366749236335526e-01 1.353758921903198352e+05
1.238192590794434622e+01 4.556805777318140294e-01 1.142686796022304770e+05
1.232279838130287253e+01 4.720887117061273175e-01 9.629529151500748412e+04
1.226595592480814823e+01 4.889460396838330447e-01 8.165426095971083851e+04
1.221560720490368190e+01 5.062429495807295732e-01 6.824942917038558517e+04
1.216911130013001952e+01 5.240115405589734765e-01 5.816597566813063895e+04
1.212338518846154400e+01 5.422380809209781383e-01 4.928274710256113758e+04
1.208383567030008443e+01 5.609201934049238281e-01 4.169538702113935869e+04
1.204431372412609846e+01 5.800087986657886940e-01 3.540942657069047709e+04
1.200780016592354471e+01 6.000068739550101782e-01 2.997584224198300944e+04
1.197698662044049200e+01 6.214487635558827439e-01 2.511858600406284313e+04
1.194570536511187164e+01 6.443243342670039731e-01 2.108614133282582770e+04
1.192149753235808518e+01 6.686466789975701319e-01 1.754518485090420290e+04
1.190156664096477890e+01 6.943963743914847164e-01 1.450756066119281786e+04
1.188447327098024076e+01 7.215337460689946747e-01 1.201622550604882599e+04
1.187285015547852929e+01 7.500214391659032476e-01 1.002893279494753551e+04
1.186498838130393452e+01 7.798147959801434714e-01 8.294517199027992319e+03
1.186096049402087971e+01 8.108590095047362167e-01 6.852634756146781911e+03
1.186102102494317023e+01 8.430819970473999447e-01 5.667929685715093001e+03
1.186456817662914887e+01 8.763975050820105306e-01 4.687226268362000155e+03
1.187419888959125558e+01 9.107407909319168438e-01 3.885330654271128878e+03
1.187960925958763880e+01 9.460196460302547905e-01 3.223077885934791993e+03
1.188995228268626470e+01 9.821529034689210347e-01 2.677340044969308110e+03
1.190636008744037966e+01 1.019001781688750885e+00 2.228437482558022566e+03
1.191989239097823727e+01 1.056455579325676242e+00 1.859790761593497109e+03
1.193377577627801500e+01 1.094494202919069403e+00 1.555081713352142287e+03
1.195169713959352720e+01 1.132841599077024863e+00 1.302107063987803940e+03
1.196785902513613209e+01 1.171530877342496391e+00 1.096471817677210311e+03
1.198332888634642401e+01 1.210373472972498865e+00 9.234887857134594924e+02
1.200063421619308990e+01 1.249243283259452664e+00 7.812409945653195109e+02
1.201307377145298538e+01 1.287927413805216581e+00 6.629690040334296555e+02
1.202863445140180154e+01 1.326422417949733479e+00 5.644247200992954276e+02
1.203816141531128103e+01 1.364572222329449191e+00 4.818651152758113767e+02
1.204738322930921690e+01 1.402242265264876053e+00 4.130972460893615334e+02
1.205739204944294762e+01 1.439344848811827893e+00 3.550702099053897314e+02
1.206060840718257410e+01 1.475748655938446285e+00 3.062185015370230303e+02
1.206255074773356561e+01 1.511349792716440765e+00 2.650428285495180489e+02
1.206372724637149929e+01 1.546052109165638511e+00 2.302023241073884492e+02
1.206388202389918796e+01 1.579725507901339032e+00 2.006902230862290537e+02
1.205534920493437134e+01 1.612303566911646779e+00 1.756150381556091702e+02
1.204716569249115743e+01 1.643721710125094493e+00 1.541801901600822191e+02
1.203556494187899517e+01 1.673901297411692024e+00 1.358542817325659087e+02
1.202092737997188898e+01 1.702755320316182708e+00 1.200900361908487781e+02
1.200424340235411513e+01 1.730225697197959489e+00 1.064924151426475021e+02
1.198307113987766037e+01 1.756289640792240592e+00 9.490560709831702013e+01
1.195933600946757380e+01 1.780886447152719487e+00 8.485286368005114355e+01
1.193313862086158039e+01 1.803991742377718754e+00 7.597106683708051378e+01
1.190303202715204556e+01 1.825591662338178267e+00 6.837108230659802643e+01
1.187053152553024127e+01 1.845632874856540928e+00 6.173756506188667004e+01
1.183457179222297029e+01 1.864131287549104510e+00 5.589717386347931694e+01
1.179570587386009173e+01 1.881086401251672147e+00 5.078720518972422582e+01
1.175541889702681431e+01 1.896514179621124008e+00 4.629042787452451080e+01
1.171066216644617342e+01 1.910826226438717912e+00 4.227247593836554529e+01
1.166467336026816959e+01 1.924292749308335493e+00 3.862232717550812566e+01
1.161590055153038747e+01 1.936918166699769461e+00 3.529966137663210901e+01
1.156456266253168685e+01 1.948704538414391063e+00 3.232509267826556965e+01
1.151193233230275403e+01 1.959640983110104484e+00 2.964856218869647009e+01
1.145760263772161558e+01 1.969662557780750056e+00 2.720192523066354084e+01
1.140209811801438988e+01 1.978775912567630080e+00 2.500798131537699476e+01
1.134389793784469269e+01 1.986944335433636910e+00 2.301832456043532460e+01
1.128562500597585760e+01 1.994165253559106787e+00 2.117035978831701115e+01
1.122575438969277783e+01 2.000422348016121177e+00 1.964661829491480916e+01
1.116505006874018591e+01 2.005700956625669829e+00 1.819699328514852255e+01
1.110289645225523358e+01 2.009988599088614158e+00 1.691099970930471841e+01
1.104043194425399932e+01 2.013282451114976279e+00 1.572327331103926440e+01
1.097571250342191718e+01 2.015621664668204804e+00 1.468089421148669338e+01
1.091136621851657651e+01 2.016989071332337069e+00 1.367030041433736720e+01
1.084579223886509780e+01 2.017397621352449377e+00 1.285337360334252743e+01
1.078092160263615895e+01 2.016873032816803413e+00 1.204302669026422379e+01
1.071312726030760665e+01 2.015448867411475664e+00 1.136267589427617786e+01
1.064502519911211031e+01 2.013357761308995020e+00 1.068096222062813894e+01
1.057525472980584169e+01 2.010790409631501241e+00 1.008580949872262167e+01
1.050438578857805716e+01 2.007739567715216111e+00 9.476854199953134383e+00
1.043302781928029432e+01 2.004241371606805711e+00 8.939745924342963335e+00
1.036156245596711045e+01 2.000231588218562617e+00 8.435794475730171271e+00
1.029078774364322513e+01 1.995760171076360834e+00 7.981541324942518223e+00
1.021879630328928812e+01 1.990782275901282983e+00 7.559273997922582922e+00
1.014779093337744520e+01 1.985353076360708346e+00 7.161440131569840162e+00
1.007767647140874523e+01 1.979429424265642057e+00 6.827646707196104003e+00
1.000664946873149752e+01 1.973069825020542511e+00 6.490534597985365473e+00
9.956475829075976947e+00 1.966879810564209352e+00 6.301515806534834674e+00
