1.550982551689759603e+01 2.191799393479931801e-01 3.683552447462830693e+06
1.524290827362487732e+01 2.267147101250697183e-01 3.169095837110023480e+06
1.496216844818958691e+01 2.345433746416944742e-01 2.668472978477860335e+06
1.471880626252985103e+01 2.426922513208326915e-01 2.258430901118271984e+06
1.448686033919600114e+01 2.511363441772435090e-01 1.911586251487343106e+06
1.427856654440374307e+01 2.599077785706185861e-01 1.624338032292541815e+06
1.407788948191496559e+01 2.690076500374153912e-01 1.378370864516963018e+06
1.390520121144910881e+01 2.784426490238346985e-01 1.171281001924379729e+06
1.373580858925276083e+01 2.882206799320065072e-01 9.947087324478756636e+05
1.358175569350702716e+01 2.983615192161808150e-01 8.452014003969797632e+05
1.343893197473964918e+01 3.088192796215000202e-01 7.177497284847520059e+05
1.331361234529529547e+01 3.196536750340164823e-01 6.046660207730968250e+05
1.318663505922225454e+01 3.308499011956136937e-01 5.187753632643190795e+05
1.307041043732937347e+01 3.424260370028724410e-01 4.425030915477751987e+05
1.296369149658244169e+01 3.543713329370372644e-01 3.754208493361099972e+05
1.286527296347256133e+01 3.666958298772277081e-01 3.193596336347370525e+05
1.277354714970640437e+01 3.794218561811182888e-01 2.725865379513255320e+05
1.268900477317637154e+01 3.925185164757007406e-01 2.302516369005526067e+05
1.261218540183708292e+01 4.060171925646340330e-01 1.976467885957188846e+05
1.253973498253547447e+01 4.199023154974557692e-01 1.681651395459246414e+05
1.247358161714412716e+01 4.342031798758182459e-01 1.433888339230675483e+05
1.240983433154172744e+01 4.489044626648577285e-01 1.224207462462177646e+05
1.234993390853743556e+01 4.639975692494796022e-01 1.047692372544981481e+05
1.229644538598312486e+01 4.794822430891652054e-01 8.950955285305576399e+04
1.224661460372620425e+01 4.953592890246787395e-01 7.630596768680258538e+04
1.220008286097920092e+01 5.116389158576487572e-01 6.535295239248660073e+04
1.215756203542187563e+01 5.283212061352224875e-01 5.594256240693119616e+04
1.211516784025457127e+01 5.453998938418048725e-01 4.790484858691629051e+04
1.208038104181899008e+01 5.628746397137383006e-01 4.100312093983035447e+04
1.204219064655629268e+01 5.806950854802108708e-01 3.521051623138179275e+04
1.201124611422569188e+01 5.993422955001614927e-01 3.010526076313401427e+04
1.197849043020594095e+01 6.192425291330390102e-01 2.564826573753374760e+04
1.195212356275058063e+01 6.403832259165108676e-01 2.171355922904504405e+04
1.192676368051098912e+01 6.627915960024608477e-01 1.833794271022885368e+04
1.190646906978866504e+01 6.864405533117129421e-01 1.545268289197758531e+04
1.188851862280045601e+01 7.113030846348111780e-01 1.297810197886333299e+04
1.187759970485208960e+01 7.373650116626383477e-01 1.089413633155537536e+04
1.186847649610398392e+01 7.645683259232317619e-01 9.131497825199208819e+03
1.186284082541351381e+01 7.928842424008111234e-01 7.636192812869225236e+03
1.186004008262516152e+01 8.222627666614356068e-01 6.402924558229449758e+03
1.185916842357134726e+01 8.526614258160634119e-01 5.358657329943596778e+03
1.186614842374136103e+01 8.839581335854010957e-01 4.496775368997448822e+03
1.187212785119190883e+01 9.161727490449679268e-01 3.775562549679236326e+03
1.188100874110232041e+01 9.491394015550211893e-01 3.172871484890199099e+03
1.189244787647572998e+01 9.828468144391226957e-01 2.668840268076667599e+03
1.190368397248044730e+01 1.017185032367456721e+00 2.249840018305400463e+03
1.191929541128924264e+01 1.052072520936772060e+00 1.897617883579638828e+03
1.193262864500985287e+01 1.087492215931015638e+00 1.605416339497132867e+03
1.194730385354609581e+01 1.123240167983504456e+00 1.361894946291559563e+03
1.196191275362669160e+01 1.159147313100668875e+00 1.158264725483105394e+03
1.197742922777126573e+01 1.195296661664524196e+00 9.869513686572630604e+02
1.199181441057318054e+01 1.231484581845180060e+00 8.439390104883514141e+02
1.200482611503455921e+01 1.267718722876375548e+00 7.219348851509279257e+02
1.201886851801707046e+01 1.303716652969564072e+00 6.201020014977610799e+02
1.203043131840569835e+01 1.339515606522603042e+00 5.343488376101297490e+02
1.204071134692585687e+01 1.374971865581948727e+00 4.617071213436913126e+02
1.204889795370607253e+01 1.409961010334651599e+00 4.002343066495498647e+02
1.205559444769293975e+01 1.444437382752019605e+00 3.476548396293282508e+02
1.206060313598430866e+01 1.478328273010656613e+00 3.031149921914447987e+02
1.206297235150028513e+01 1.511465687051941398e+00 2.649486466074177997e+02
1.206316611940338568e+01 1.543852399092539240e+00 2.322948033572326665e+02
1.206121192911224682e+01 1.575335132128543369e+00 2.043559851229832134e+02
1.205946555910052354e+01 1.605871862855062115e+00 1.804604365520191607e+02
1.204952810714361533e+01 1.635436576661730479e+00 1.595417557414373846e+02
1.204037877647542132e+01 1.663903648009173342e+00 1.417071620232929376e+02
1.202778289938325607e+01 1.691282747856779567e+00 1.260320562399479627e+02
1.201374375112449577e+01 1.717466702344162321e+00 1.126699890864997826e+02
1.199539292236030619e+01 1.742431419037749452e+00 1.009388888477649004e+02
1.197412606717560024e+01 1.766148257166097357e+00 9.073499411123769676e+01
1.195100484207735114e+01 1.788576939981606717e+00 8.178412694185178111e+01
1.192534106125016358e+01 1.809349313578098029e+00 7.403076030065028590e+01
1.189777526963173848e+01 1.827558820059158373e+00 6.746974893193463174e+01
1.186565356615508193e+01 1.843235556427565758e+00 6.203851274469943178e+01
1.183134260616992073e+01 1.856526178285052620e+00 5.728666249633268137e+01
1.179343193342365481e+01 1.867560448940298601e+00 5.327947748169162168e+01
1.175260726613265838e+01 1.876468299949301866e+00 4.966422499418464298e+01
1.170910892234373613e+01 1.883417493554222943e+00 4.663998440523719324e+01
1.166280094592029570e+01 1.888528956448738860e+00 4.393137176742640548e+01
1.161497829586765995e+01 1.891932722110507781e+00 4.159299616365508001e+01
1.156473867701125080e+01 1.893746830635680611e+00 3.934152527090679996e+01
1.151909153180872458e+01 1.893108308139523910e+00 3.806011260094898319e+01
1.148039229666890293e+01 1.888898657840016426e+00 3.725762851411221988e+01
1.143448439493408841e+01 1.882217406118530834e+00 3.667808323268042159e+01
1.138369509071062247e+01 1.874107661284591275e+00 3.609064456756625106e+01
1.132824900736445883e+01 1.865008488837923917e+00 3.550517714271407499e+01
1.126886087894299315e+01 1.855155558757159318e+00 3.490182607729201436e+01
1.120626133223185228e+01 1.844694040202029317e+00 3.429436254421635510e+01
1.114185862400467819e+01 1.833820859584914809e+00 3.354920928061183361e+01
1.107421535212912644e+01 1.822580121094954819e+00 3.305760675155494255e+01
1.100445864535153540e+01 1.811144371996414870e+00 3.240309447291755873e+01
1.093440219748943143e+01 1.799387854196821568e+00 3.165018151650501821e+01
1.086149442430498802e+01 1.787393038171202653e+00 3.112330829103060381e+01
1.078782578368735479e+01 1.775327597376821886e+00 3.048168337372196035e+01
1.071350546270630311e+01 1.763196712182246273e+00 2.973730411998288048e+01
1.063841871238832049e+01 1.750849271506893734e+00 2.919712501548054462e+01
1.056306607697596611e+01 1.738498800959902946e+00 2.858746800402337485e+01
1.048748377383219399e+01 1.726085996313163173e+00 2.797910087720924466e+01
1.041166234518020417e+01 1.713615395444560763e+00 2.730193739446342960e+01
1.033591341738986280e+01 1.701229963804673506e+00 2.668495274665539085e+01
1.026197848773283994e+01 1.688671841596487200e+00 2.623096753819953975e+01
