2.191799393479931801e-01 1.550982551689759603e+01 3.683552447462830693e+06
2.283618926149944273e-01 1.515163208311571985e+01 3.012845787244020961e+06
2.379701476667633597e-01 1.484641218833949416e+01 2.472846799364846665e+06
2.480489622428520002e-01 1.457072198418678077e+01 2.024050542866899399e+06
2.585870196349656092e-01 1.430136736810920262e+01 1.664624625984226586e+06
2.696080978482356949e-01 1.407245192695204850e+01 1.362484210397195304e+06
2.811232873941595933e-01 1.386082068916849863e+01 1.117727243104830850e+06
2.931557748308148414e-01 1.365992315185972572e+01 9.165579876566308085e+05
3.056731494369585578e-01 1.348291631549188452e+01 7.528107533934166422e+05
3.187341091059645581e-01 1.331395846601073529e+01 6.188570172672925983e+05
3.323287058992112075e-01 1.317216265717366142e+01 5.083393621748339501e+05
3.464682212194398203e-01 1.303602431417827745e+01 4.171579976283578435e+05
3.611667818660470597e-01 1.290994903511408154e+01 3.432649809495646623e+05
3.764314768066940875e-01 1.279280190834668041e+01 2.823357635183362290e+05
3.922704011858552109e-01 1.269313776616082556e+01 2.306666496584443667e+05
4.086886688290787828e-01 1.259747674717731414e+01 1.911805784278580686e+05
4.256920848520084899e-01 1.251211288838408286e+01 1.578146289094991807e+05
4.432633958583754863e-01 1.243104226308370031e+01 1.303045772066252684e+05
4.614545620842120388e-01 1.236133675192688131e+01 1.073728203189800261e+05
4.802036797396072587e-01 1.229352609103271554e+01 8.889788900234978064e+04
4.995366035280208727e-01 1.223416017579907766e+01 7.333374741537828231e+04
5.194732190264227389e-01 1.218176248489657887e+01 6.008377063251483196e+04
5.399761926060313577e-01 1.212939187269111585e+01 5.035476180243920680e+04
5.610728494192745996e-01 1.208319669190173862e+01 4.162735505563561310e+04
5.826974031385725450e-01 1.204087336435563671e+01 3.459813761374595197e+04
6.057690936510637947e-01 1.200021006261594891e+01 2.854238093077610392e+04
6.308774859353095676e-01 1.196459180762269980e+01 2.338577823537134100e+04
6.580993349024971684e-01 1.193200559938889427e+01 1.900686148284939190e+04
6.874116702602635076e-01 1.190994936264685933e+01 1.537200209511311914e+04
7.188289634318684174e-01 1.189052921021566434e+01 1.237633338039410592e+04
7.523133895431056706e-01 1.188053622372081364e+01 9.917469761397476759e+03
7.878002234803677117e-01 1.187552508738522050e+01 7.946989252153270172e+03
8.252358141427155180e-01 1.187742680435876963e+01 6.360822919894569168e+03
8.645873341697499770e-01 1.188380494682056643e+01 5.083691478021986768e+03
9.056885396820292256e-01 1.189684723477553341e+01 4.067898532859749594e+03
9.484773972517800411e-01 1.191449371469024143e+01 3.257392110684066665e+03
9.928403031324266603e-01 1.193597861157994089e+01 2.610158141374767183e+03
1.038565378406747453e+00 1.196271618326043296e+01 2.097682179072839062e+03
1.085613680106411350e+00 1.199063425525822346e+01 1.688456343326138267e+03
1.133739106163874633e+00 1.202254778772936028e+01 1.362835785837566846e+03
1.182760937188599426e+00 1.205327885370117080e+01 1.104514904627057376e+03
1.232568142901343977e+00 1.208667377796603049e+01 8.973364171718494617e+02
1.282888441028490645e+00 1.211925761359007936e+01 7.319627125067059978e+02
1.333642895388392313e+00 1.215453502849942780e+01 5.992793714004641288e+02
1.384576788721130880e+00 1.218496765190999831e+01 4.922389035402658237e+02
1.435279738738306277e+00 1.221625810010374558e+01 4.062941631666441822e+02
1.485848503141902199e+00 1.224577705181761722e+01 3.363990944747991421e+02
1.536012705369804721e+00 1.227558864534602101e+01 2.797179750087919388e+02
1.585458279694724082e+00 1.229784971435025831e+01 2.338097197418627502e+02
1.634039378880947524e+00 1.232072808562242372e+01 1.961283612781122088e+02
1.681610286198716997e+00 1.233889511760825641e+01 1.653330699924356395e+02
1.727988134255023178e+00 1.234969136197270956e+01 1.399232107616490737e+02
1.772938992993091434e+00 1.236147596459227671e+01 1.190589042039059251e+02
1.816430557343818641e+00 1.236904866868573372e+01 1.011510931688323183e+02
1.858235191749926241e+00 1.237130625556949681e+01 8.692691612338337848e+01
1.898215249361032919e+00 1.236879767290334975e+01 7.530049834531689612e+01
1.936341489671520755e+00 1.236231112191682513e+01 6.528617028141427170e+01
1.972452780205592893e+00 1.235208022181008225e+01 5.678027178028569466e+01
2.006471622993796888e+00 1.233730795225288013e+01 4.966472544911869136e+01
2.038402728880980064e+00 1.231864585093737041e+01 4.353658361223709505e+01
2.068108160610614643e+00 1.229523488722681712e+01 3.826180760713112505e+01
2.095594132379166030e+00 1.226721547197545981e+01 3.406704587357779701e+01
2.120793422818666674e+00 1.223526957698186379e+01 3.030818743798866421e+01
2.140087383195052873e+00 1.220029953090437225e+01 2.746136729608058147e+01
2.151543997379110618e+00 1.216036140710528990e+01 2.541163137783896531e+01
2.156587982418493699e+00 1.211461591800004634e+01 2.396537247580708652e+01
2.156289305054364558e+00 1.206447939036108608e+01 2.291039134324133641e+01
2.153549382540772328e+00 1.200433462129400475e+01 2.188977340859731768e+01
2.149813067277048351e+00 1.193547243891820031e+01 2.075907029595352427e+01
2.145562268719403143e+00 1.186175877148389546e+01 1.975388261280738078e+01
2.141115855050358174e+00 1.178328827543844248e+01 1.866223704622606405e+01
2.136600506669774635e+00 1.170070061847149923e+01 1.757427874202369722e+01
2.132164977582896359e+00 1.161600441832383446e+01 1.649352253365143639e+01
2.127857404890205029e+00 1.152894408055954578e+01 1.538257310671087730e+01
2.123614423648942484e+00 1.143957134012732979e+01 1.440253361980430213e+01
2.119542495338248234e+00 1.134910305507289863e+01 1.342997568750271853e+01
2.115569492498122095e+00 1.125811311699489181e+01 1.248451646710058149e+01
2.111582379267059384e+00 1.116657726504116432e+01 1.160434678543283304e+01
2.107633173329788612e+00 1.107510839056067020e+01 1.077403371122946041e+01
2.103618635868304221e+00 1.098393143055451837e+01 1.000171534497720671e+01
2.099470205399604605e+00 1.089251995643234139e+01 9.286992695555007060e+00
2.095157087484300629e+00 1.080283011549391148e+01 8.625704665323722153e+00
2.090608036436679029e+00 1.071240430575107716e+01 8.019508597959772445e+00
2.085788297411613978e+00 1.062318478886937712e+01 7.461528616288407356e+00
2.080633916801705396e+00 1.053440985260272811e+01 6.948652823081159724e+00
2.075112813094225572e+00 1.044708334812152017e+01 6.483078455492409908e+00
2.069191733173561865e+00 1.036069608020011223e+01 6.048321690227445480e+00
2.062829096748536095e+00 1.027586737419932206e+01 5.668859253404868070e+00
2.056042976371394992e+00 1.019160780313137771e+01 5.325316289338121400e+00
2.048781916715379126e+00 1.010887185767830232e+01 5.020002836106817412e+00
2.041050906377714913e+00 1.002651594805826996e+01 4.739446111208931889e+00
2.032845624868671930e+00 9.946360549066122658e+00 4.479711192517236817e+00
2.024166271463128552e+00 9.866849300920664589e+00 4.237696297911814014e+00
2.015044693376062845e+00 9.789092103786552812e+00 4.029598828971109548e+00
2.005498350898434978e+00 9.713941404651807332e+00 3.862439159652760967e+00
1.995429512844981712e+00 9.641586569994375466e+00 3.698827258682138908e+00
1.984963766674412655e+00 9.572654185044550346e+00 3.559384890612346641e+00
1.973757789736372947e+00 9.504846696856008137e+00 3.458780479543455577e+00
1.962042497657950690e+00 9.438842395064941826e+00 3.368634490074246646e+00
1.949700142289088500e+00 9.374881852435246188e+00 3.297807597637990362e+00
