1.550982551689759603e+01 2.191799393479931801e-01 3.683552447462830693e+06
1.514272778731892899e+01 2.287316391713903885e-01 2.997551112212174106e+06
1.482484315343890202e+01 2.387286025723153737e-01 2.439772991700765211e+06
1.453430597129824520e+01 2.492373510751965671e-01 1.980094674358533928e+06
1.426834800580170537e+01 2.602472122867854343e-01 1.609640888237006729e+06
1.405120791858888474e+01 2.717778817802741775e-01 1.310933954666635487e+06
1.380203107645489169e+01 2.838459384319302892e-01 1.069726532271955395e+06
1.360934477958566902e+01 2.964531197251853989e-01 8.723067881548554869e+05
1.342432950043311557e+01 3.096300285536228158e-01 7.026284094355778070e+05
1.326239630372730893e+01 3.233664208489228642e-01 5.781706973019334255e+05
1.311340321963925604e+01 3.376865193802294773e-01 4.713416926093557267e+05
1.297810222604831054e+01 3.526034637000904359e-01 3.844326496814421844e+05
1.285691161049772191e+01 3.681257029667222014e-01 3.140809988295421936e+05
1.274078134782983796e+01 3.842662567622594505e-01 2.564916562270130962e+05
1.264126725483657054e+01 4.010196194515777690e-01 2.094139887792427617e+05
1.254791364451260982e+01 4.183895400344152526e-01 1.710005781939463050e+05
1.246252040978589548e+01 4.364088723607379983e-01 1.403190523339326319e+05
1.238639585343117488e+01 4.550472188497379222e-01 1.148409917276158812e+05
1.231298851867700783e+01 4.743379031345833496e-01 9.408923756430926733e+04
1.225083839946356790e+01 4.942393626824486685e-01 7.731075757512469136e+04
1.219091572224755637e+01 5.147739271053435317e-01 6.351271530421775242e+04
1.213760682968894145e+01 5.359449535928798580e-01 5.217602790503135475e+04
1.209033916310708889e+01 5.577437222263210703e-01 4.291832659997817245e+04
1.204353775163724904e+01 5.801223701333391158e-01 3.533481061069920543e+04
1.200282300690783721e+01 6.037720643394901554e-01 2.882746190988088347e+04
1.196473972908043137e+01 6.293920409371931424e-01 2.366617280331618895e+04
1.193465985110363015e+01 6.569949197790552198e-01 1.912439430637552505e+04
1.190538908570383114e+01 6.865530157670409750e-01 1.543073684768980820e+04
1.188642396092594389e+01 7.181135850886192218e-01 1.238604284203958559e+04
1.187172445667039078e+01 7.515085081682439938e-01 9.918323121141747833e+03
1.186415464318009327e+01 7.866938813344535042e-01 7.943922935493762452e+03
1.186133611130668797e+01 8.235879142326048008e-01 6.347043874052495994e+03
1.186097761104397819e+01 8.620521554098704575e-01 5.086029921041995294e+03
1.186985996494215811e+01 9.019931115672842337e-01 4.075490915524039337e+03
1.187902940824562670e+01 9.432339478768153596e-01 3.271541251641208873e+03
1.189398033565362667e+01 9.856443582122925706e-01 2.631083374189594451e+03
1.190970699360409846e+01 1.029102841224525777e+00 2.120480268707487085e+03
1.192642706069458391e+01 1.073358579225213161e+00 1.717057119141186831e+03
1.194981860341188273e+01 1.118138919863116865e+00 1.393645924419261519e+03
1.196388540705032888e+01 1.163473195621484324e+00 1.136148647166320188e+03
1.198283310907194910e+01 1.209086062869064726e+00 9.294607519680845371e+02
1.200078069531519276e+01 1.254693240273377697e+00 7.631100736881038529e+02
1.201838680746354271e+01 1.300052651289747674e+00 6.305684699956321992e+02
1.203167715138762084e+01 1.345149596023643923e+00 5.222027225470405938e+02
1.204440091315298744e+01 1.389635448707459586e+00 4.347572867623235879e+02
1.205370616179370735e+01 1.433383125989988072e+00 3.635145092717507964e+02
1.206219814707255189e+01 1.476169674555727562e+00 3.058314506704348901e+02
1.206457545749839966e+01 1.517878867070956428e+00 2.580909213361198340e+02
1.206325454228725391e+01 1.558278100388463372e+00 2.190406447839237671e+02
1.206106472799049101e+01 1.597264130345822597e+00 1.867784306847401581e+02
1.204966383759923154e+01 1.634692686150893248e+00 1.600136049697446481e+02
1.203673514316439963e+01 1.670394185535810649e+00 1.379768524585475973e+02
1.202102627354596898e+01 1.704353034827246649e+00 1.186133615906836241e+02
1.199954780522528175e+01 1.736365150283629477e+00 1.032709702690895739e+02
1.197355225975061721e+01 1.766443350019940794e+00 9.065027893914111701e+01
1.194450049254320056e+01 1.794445362654040421e+00 7.965355367822114374e+01
1.191073891034542065e+01 1.820395780420265064e+00 7.013635719468604179e+01
1.187251843239561033e+01 1.844233272138682933e+00 6.221375451088328390e+01
1.183022926351607040e+01 1.865864046436674473e+00 5.544757049303383667e+01
1.178502771540405547e+01 1.885777875876979204e+00 4.922278483686324790e+01
1.173504257386684912e+01 1.905320531481698554e+00 4.406087643501030016e+01
1.168124846796123251e+01 1.924974933521524045e+00 3.916406164229638165e+01
1.162584212316742160e+01 1.944755683273115210e+00 3.467604390346995302e+01
1.156932700182452756e+01 1.964551457863520145e+00 3.063616699526463449e+01
1.151180033087502430e+01 1.984277610779651591e+00 2.700125564548226009e+01
1.145204383872572684e+01 2.003747795261543452e+00 2.392280114816336223e+01
1.139200606241073643e+01 2.022743949022423049e+00 2.106374825683437990e+01
1.133208805938031283e+01 2.041121510829525310e+00 1.872219844476146733e+01
1.127050245786584881e+01 2.058698216565878703e+00 1.659024294198352578e+01
1.120866481648016588e+01 2.075340711944553718e+00 1.467631035531019279e+01
1.114635279639652943e+01 2.091012528456902331e+00 1.311583122502457144e+01
1.108318428017875235e+01 2.105597983456807487e+00 1.170427708307303227e+01
1.102032515817291269e+01 2.118945405238015223e+00 1.046939972934378638e+01
1.095682653058643830e+01 2.131061616014420235e+00 9.415364552977223411e+00
1.089189005185349757e+01 2.141766558460350023e+00 8.490191027951398794e+00
1.082641778614322625e+01 2.151260962994863135e+00 7.672091248389736329e+00
1.076062171348296737e+01 2.159327650789192976e+00 6.963060882393980577e+00
1.069425542185016553e+01 2.166004546530957420e+00 6.338405717349266055e+00
1.062816396476139325e+01 2.171305149490279973e+00 5.794392529838087391e+00
1.056017089475494330e+01 2.175184414822022294e+00 5.304026278522247395e+00
1.049235539177895404e+01 2.177763903632633724e+00 4.895873174903586644e+00
1.042419178080070807e+01 2.178971071364139700e+00 4.519796489897644598e+00
1.035538083406757082e+01 2.178847946675652736e+00 4.202763986585435596e+00
1.028690622023758827e+01 2.177525268880780906e+00 3.913895739366790139e+00
1.021836279223654742e+01 2.174944759092543922e+00 3.658212205873013101e+00
1.014921510968704865e+01 2.171205783809820655e+00 3.423098735530456960e+00
1.008073082770861895e+01 2.166372847675346769e+00 3.229356161419402849e+00
1.001217205778078423e+01 2.160385215288330940e+00 3.054260587180466668e+00
9.943747050633703566e+00 2.153344912401448763e+00 2.902092699064508174e+00
9.876122227064175974e+00 2.145331508961715983e+00 2.766469241119175582e+00
9.808762939703994377e+00 2.136346208620595544e+00 2.649906669999163800e+00
9.741552249425732057e+00 2.126492110581408301e+00 2.549409713208434347e+00
9.675613954911360892e+00 2.115870541896710311e+00 2.465980478283344990e+00
9.610092050158037580e+00 2.104481119761044461e+00 2.379888854531931219e+00
9.545003897924676295e+00 2.092452243046761584e+00 2.323119225891622452e+00
9.481159373767185983e+00 2.079862296134390220e+00 2.261556542233116307e+00
9.418473406886519683e+00 2.066694966634823327e+00 2.206539408189002849e+00
9.356432204600437785e+00 2.053085905452689541e+00 2.169555940333377730e+00
9.295177189529567841e+00 2.039098693747025237e+00 2.132494099541948351e+00
9.234671516373669675e+00 2.024744372177704754e+00 2.107242136553547862e+00
