2.191799393479931801e-01 1.550982551689759603e+01 3.683552447462830693e+06
2.280292817213119272e-01 1.517429318774527403e+01 3.036534121674174443e+06
2.373066456486785103e-01 1.486959429091118245e+01 2.508608776201516390e+06
2.469752183395086675e-01 1.459200279449490800e+01 2.067006635792131070e+06
2.570910996860933939e-01 1.434979412001497856e+01 1.715546764961047797e+06
2.676518030363320144e-01 1.410953058919841574e+01 1.410602582635279279e+06
2.786756333348821002e-01 1.389920592517468023e+01 1.164694233669820009e+06
2.901687001580882663e-01 1.370455184299842344e+01 9.624748029866492143e+05
3.021281950012048023e-01 1.352690568028677909e+01 7.962213276440839982e+05
3.145902429327800398e-01 1.336534822978421388e+01 6.567645119267256232e+05
3.275399959292087382e-01 1.322519077344434990e+01 5.396796768337554531e+05
3.409914876879283074e-01 1.307852314461614540e+01 4.500091134099208284e+05
3.549639341229814393e-01 1.295376713494716547e+01 3.723774730692892335e+05
3.694498474395577214e-01 1.284593547846970907e+01 3.084068814855105593e+05
3.844820774368843397e-01 1.273915302271683458e+01 2.553881143123611691e+05
4.000382777807933721e-01 1.264371646119746906e+01 2.120733881494677917e+05
4.161384257751936100e-01 1.255784583876083538e+01 1.755438406961850997e+05
4.327829652812670846e-01 1.247906265446642315e+01 1.449280360574625956e+05
4.499884362246134861e-01 1.240508328739221255e+01 1.211702135150718532e+05
4.677293010516371252e-01 1.233817647105559168e+01 1.007938425624734082e+05
4.860036635803366978e-01 1.227430952691948107e+01 8.371988549851051357e+04
5.048312994589302383e-01 1.221873823203572584e+01 6.977870780377899064e+04
5.242080618541696824e-01 1.216847803967270814e+01 5.803443086063660303e+04
5.441282436929725241e-01 1.211832412104770107e+01 4.845873992036029085e+04
5.645920900653472740e-01 1.207612389174209788e+01 4.041638271655720018e+04
5.855549425886601433e-01 1.203486923133825393e+01 3.377562628824243438e+04
6.079936496556749281e-01 1.199583154681313601e+01 2.804228426397924341e+04
6.322256613501822109e-01 1.196150010288645049e+01 2.310984271435900882e+04
6.584694933411168183e-01 1.193322463036136227e+01 1.894849614343132635e+04
6.867281443587631706e-01 1.190584040016791967e+01 1.546212217789052193e+04
7.169962650678413096e-01 1.189069044623901661e+01 1.252185510135685763e+04
7.492517146240217363e-01 1.187960782834935003e+01 1.012729360247852856e+04
7.834403085036939496e-01 1.187430102492481332e+01 8.161450303457901100e+03
8.195768489640306020e-01 1.187407992194568784e+01 6.571353754384248532e+03
8.575506884947998731e-01 1.188170318081292898e+01 5.288852825545206542e+03
8.972738536172759627e-01 1.189470405980658008e+01 4.253554629224890050e+03
9.386948064333187070e-01 1.191116050663064740e+01 3.425648236387417910e+03
9.816773833644466540e-01 1.193188592016692340e+01 2.766088747035285905e+03
1.026122855470136708e+00 1.195739255911772858e+01 2.230256096991991853e+03
1.071876534120586477e+00 1.198386532664681070e+01 1.791700108092107030e+03
1.118862270745798471e+00 1.201747654899152806e+01 1.462723213839613209e+03
1.166864771667120326e+00 1.205020683273385629e+01 1.188249103349165580e+03
1.215705157733763420e+00 1.208384249894784723e+01 9.690429490493146432e+02
1.265288498992013455e+00 1.211939099007296861e+01 7.922152450671952693e+02
1.315382382445971166e+00 1.215592066319637432e+01 6.452753090576140949e+02
1.365868609679685264e+00 1.219063830418714467e+01 5.351275501392826754e+02
1.416438183408890605e+00 1.222331548525498945e+01 4.439991451245663256e+02
1.467063190986614085e+00 1.225643983664411429e+01 3.670249180465169161e+02
1.517483394541981223e+00 1.228856611445950797e+01 3.054140585296751169e+02
1.567573945839605187e+00 1.231702125173816853e+01 2.548747000299698016e+02
1.616859364406618926e+00 1.234450626432223785e+01 2.140306639215955897e+02
1.665580027660521489e+00 1.236728559886631373e+01 1.802749047374934150e+02
1.713244213765749313e+00 1.239136420552733497e+01 1.525421642476528064e+02
1.759823142827181552e+00 1.240626295264410572e+01 1.295823791694540716e+02
1.805158727597991231e+00 1.242107725932924644e+01 1.106019790654954562e+02
1.849084489352996519e+00 1.243188085749690153e+01 9.473220291175165642e+01
1.891453259080971172e+00 1.243892785359274633e+01 8.119781567255037658e+01
1.932203551900507410e+00 1.244171653875592476e+01 7.046943635311191656e+01
1.971155352466903210e+00 1.244095578777682931e+01 6.109850081326106164e+01
2.008283588345848969e+00 1.243440352302947538e+01 5.330787716574196367e+01
2.043429506217499192e+00 1.242416645629881877e+01 4.673187230300073480e+01
2.076603877638247386e+00 1.241076335401874609e+01 4.084555246144573459e+01
2.107703610232579461e+00 1.239251256358698150e+01 3.619248064466668069e+01
2.136686796549904788e+00 1.237062227919399326e+01 3.208100291652088032e+01
2.163523776063519310e+00 1.234512985187554968e+01 2.854739469974521171e+01
2.188227969415649010e+00 1.231542115886052002e+01 2.550967517525415573e+01
2.210763347733636142e+00 1.228134527522492903e+01 2.288237855100286211e+01
2.231168670275075705e+00 1.224462464317964994e+01 2.062181642593853326e+01
2.249421905613977479e+00 1.220372309909720521e+01 1.865251048706364401e+01
2.265567105267211723e+00 1.215951468792822077e+01 1.693737417075444540e+01
2.279645163832936472e+00 1.211234445700254803e+01 1.537674367452329172e+01
2.291688024681598712e+00 1.206209072216825895e+01 1.412753096529362651e+01
2.301747387811161616e+00 1.200914484365987889e+01 1.294515377243517840e+01
2.309886879017032602e+00 1.195260484121763866e+01 1.196456380121553131e+01
2.316172207669706218e+00 1.189388213033656605e+01 1.103348582535768863e+01
2.320645288455483790e+00 1.183334302008634431e+01 1.024409843291411093e+01
2.323393012263704538e+00 1.177027731287678769e+01 9.577551807815314788e+00
2.324477858743769332e+00 1.170559695417069612e+01 8.964617815659499556e+00
2.323989706733760041e+00 1.163919998618267115e+01 8.379682208741355609e+00
2.321988001493616949e+00 1.157156581134568185e+01 7.917801960733443778e+00
2.318559058451925559e+00 1.150154984613721254e+01 7.480740161325106996e+00
2.313777311486710175e+00 1.143020479689019631e+01 7.072365527919939332e+00
2.307727602891521013e+00 1.135843334204792399e+01 6.738144480407759929e+00
2.300482283369544412e+00 1.128614482496331561e+01 6.428861941459330431e+00
2.292121650359456364e+00 1.121278902761377871e+01 6.151765652917070781e+00
2.282719776815252288e+00 1.113948967643804089e+01 5.906331324896896717e+00
2.272353367795853174e+00 1.106513544692947981e+01 5.681461608030681454e+00
2.261098957694765765e+00 1.099104242119684827e+01 5.464602701402721863e+00
2.249033663539208749e+00 1.091658799348111941e+01 5.308109151353557209e+00
2.236215178317784158e+00 1.084266511717456538e+01 5.155105267266741897e+00
2.222721019595141456e+00 1.076866457673725819e+01 5.003035121740738944e+00
2.208609518907886038e+00 1.069562218685607569e+01 4.897652026773916312e+00
2.193949125531584166e+00 1.062283822441289161e+01 4.783108611402844268e+00
2.178909906111673234e+00 1.055122782987759678e+01 4.728493205247524145e+00
2.163760351586800468e+00 1.048337684698762828e+01 4.638794031925373318e+00
2.147954907804057179e+00 1.041608896987628796e+01 4.569949781174971193e+00
2.131496287562125946e+00 1.034772664839806744e+01 4.527725664610823486e+00
2.114582911658470454e+00 1.027857634006696763e+01 4.503374285672401278e+00
2.097338332597849853e+00 1.020992786454736923e+01 4.461794767000816897e+00
2.079896824578290282e+00 1.014206692235953255e+01 4.444978751354257795e+00
