1.550982551689759603e+01 2.191799393479931801e-01 3.683552447462830693e+06
1.522541086790788967e+01 2.265566573715373511e-01 3.139591669180995319e+06
1.497464941053948628e+01 2.342138225904588367e-01 2.671589124008173123e+06
1.472407488471478487e+01 2.421790032064419784e-01 2.270402191335658077e+06
1.449660761022009758e+01 2.504241029513525341e-01 1.937265427421194967e+06
1.429742793016566260e+01 2.589833990228893046e-01 1.648911306985514471e+06
1.410793223590486534e+01 2.678578905372608898e-01 1.411095544022612739e+06
1.392773896023850000e+01 2.770526361991496600e-01 1.197418916587682674e+06
1.376939477209590734e+01 2.865763196597708728e-01 1.021885634978126152e+06
1.360914674065479169e+01 2.964231765093321980e-01 8.722443393004242098e+05
1.346472804567389048e+01 3.066120528032706960e-01 7.415240570657675853e+05
1.333330450818936797e+01 3.171554025488496631e-01 6.267255228738453006e+05
1.321276325019330677e+01 3.280373398444471067e-01 5.357023350205813767e+05
1.310240904220621161e+01 3.392641154553547866e-01 4.609386349515204201e+05
1.299183844064478421e+01 3.508623781764604876e-01 3.937456269782768795e+05
1.289582077995886955e+01 3.628324552705894379e-01 3.361164978333433974e+05
1.280515580853406910e+01 3.751510217178000706e-01 2.868238707955899881e+05
1.271800850440757102e+01 3.878551794914504858e-01 2.453888267260183347e+05
1.263947773520121487e+01 4.009371004514367676e-01 2.094604150804802484e+05
1.256338304704600795e+01 4.143850652266740653e-01 1.793525073558030999e+05
1.250124339446942123e+01 4.282281383541398645e-01 1.533168645563930622e+05
1.243435223337749029e+01 4.424417132306301959e-01 1.312799899727150623e+05
1.237782732554430787e+01 4.570513911655258998e-01 1.122558214553683647e+05
1.232385798214737349e+01 4.720501087415127639e-01 9.525144852825475391e+04
1.227289704374644330e+01 4.874241302710352608e-01 8.262717148584531969e+04
1.222307990638594433e+01 5.031517655284239998e-01 7.088863682321769011e+04
1.218136553329312299e+01 5.192912316519449067e-01 6.023166138512427278e+04
1.213815595800542013e+01 5.357934517642999328e-01 5.228687823472192395e+04
1.210303827004320176e+01 5.526849637495862000e-01 4.485061595407409914e+04
1.206507647362160185e+01 5.699574689301102337e-01 3.856187691123776312e+04
1.203103638384234131e+01 5.875891823998299346e-01 3.318990423737998935e+04
1.199848676484542942e+01 6.063209479938139745e-01 2.842352788436227638e+04
1.196910378743639036e+01 6.262304644325242808e-01 2.423795027477374606e+04
1.194306615368878610e+01 6.473322291841034914e-01 2.059220181915684952e+04
1.192075439107387602e+01 6.696464609942518464e-01 1.743208429605719721e+04
1.190133578896544009e+01 6.931455432311448561e-01 1.461782309770563006e+04
1.188643762618226596e+01 7.178061837728229033e-01 1.241081118289249207e+04
1.187446082627981347e+01 7.436030010342601360e-01 1.043989287535485710e+04
1.186654381467178254e+01 7.704911766042926713e-01 8.787787839025344510e+03
1.186008172065506550e+01 7.984386523252995360e-01 7.390254079626495695e+03
1.186002659622371169e+01 8.273891089459955994e-01 6.213715935120039831e+03
1.186088542433775217e+01 8.573011741686813458e-01 5.220389274490056778e+03
1.186549880598890283e+01 8.880948556907873881e-01 4.356994200350645770e+03
1.187416017681684011e+01 9.197212888948294029e-01 3.704006631522500356e+03
1.188044113386258793e+01 9.520786349680256944e-01 3.123354954435820673e+03
1.189172775904052770e+01 9.851405125903932580e-01 2.636443644406505427e+03
1.190515482418714122e+01 1.018812968384442241e+00 2.232857938600378930e+03
1.191751804638464840e+01 1.052980850925674172e+00 1.891120753411524220e+03
1.193264275166013100e+01 1.087673716434792937e+00 1.604926042745870973e+03
1.194684213403097850e+01 1.122678506786427777e+00 1.366403816056204278e+03
1.196188341866386651e+01 1.157842413206013221e+00 1.165517332582536483e+03
1.197667737464298732e+01 1.193274953091304491e+00 9.960705093392198251e+02
1.199066909234744749e+01 1.228688396952200002e+00 8.539584590409276643e+02
1.200534089666400384e+01 1.264093836174589924e+00 7.355666152384503675e+02
1.201732767665324886e+01 1.299434455990326365e+00 6.322933585199014033e+02
1.202865017200490705e+01 1.334523102399997274e+00 5.458816110112791193e+02
1.204126025381622966e+01 1.369289788128161378e+00 4.694141501555137665e+02
1.204773724011575453e+01 1.403642645716426163e+00 4.105434159328997907e+02
1.205763904244413709e+01 1.437510559584917136e+00 3.575767137020586119e+02
1.205972213376371727e+01 1.470811443454465683e+00 3.122735786637836100e+02
1.206245475085534302e+01 1.503454453867936191e+00 2.738581797191118881e+02
1.206418222451857680e+01 1.535360783442481170e+00 2.404294185431171798e+02
1.206446249395463077e+01 1.566458111533541642e+00 2.117704610233125777e+02
1.206106033329691485e+01 1.596635155653185256e+00 1.873232078612935538e+02
1.205176287825543646e+01 1.625909634142761240e+00 1.659695910746031871e+02
1.204366196424617996e+01 1.654139401212779248e+00 1.475685448273881377e+02
1.203232285341233165e+01 1.681348842136079602e+00 1.316443089106295190e+02
1.201866135581793849e+01 1.707605303805424191e+00 1.176475456607410592e+02
1.200256128942469935e+01 1.733827183507838043e+00 1.050769339019309854e+02
1.198604700532289158e+01 1.760033932019537728e+00 9.370128864298119709e+01
1.196674244359685346e+01 1.786222170301680956e+00 8.315361269637183739e+01
1.194625868661076140e+01 1.812312578277391228e+00 7.456362225872398142e+01
1.192534405733910319e+01 1.838197654822465443e+00 6.650520304969555241e+01
1.190289547936977321e+01 1.863780195954923613e+00 5.934566425885618912e+01
1.187866900169978379e+01 1.888946241685379723e+00 5.304851933557362997e+01
1.185371084366419581e+01 1.913619928035155793e+00 4.727078768156307831e+01
1.182805211807639978e+01 1.937735093259924879e+00 4.247543504038440432e+01
1.180012707224065416e+01 1.961170820821274141e+00 3.811269871300119405e+01
1.177194759954349301e+01 1.983902315430375651e+00 3.422740914499712517e+01
1.174235861396799407e+01 2.005822959617118428e+00 3.082394092572166144e+01
1.171056075550573539e+01 2.026849867315916764e+00 2.775443380610853339e+01
1.167831102013271760e+01 2.047054320626342072e+00 2.512156770750877399e+01
1.164528083606061415e+01 2.066289926341977168e+00 2.274313521886654499e+01
1.161023442551750762e+01 2.084492015130623432e+00 2.064015160319056363e+01
1.157389011281056845e+01 2.101598943816736842e+00 1.877553027673645047e+01
1.153667792212499421e+01 2.117770947060471975e+00 1.711651507726259780e+01
1.149719484184387142e+01 2.132766977367071437e+00 1.564323683744263427e+01
1.145730659949953001e+01 2.146667444974577954e+00 1.432846780322100777e+01
1.141585840304700383e+01 2.159465319222935609e+00 1.311289533238520200e+01
1.137336959599965169e+01 2.171141908802031395e+00 1.206807719309996330e+01
1.132890706367265032e+01 2.181652669056663552e+00 1.117678758548968077e+01
1.128415021395416318e+01 2.191067867583180728e+00 1.033729092816655459e+01
1.123726669279619728e+01 2.199325472447584140e+00 9.585999770973019807e+00
1.119048059243274551e+01 2.206500121653562907e+00 8.916155705812112586e+00
1.114237884281715907e+01 2.212338543865179030e+00 8.320098796354692183e+00
1.109679689509548517e+01 2.215537620371189398e+00 7.852324147620074690e+00
1.105201473256197353e+01 2.215976095261704693e+00 7.466979521431770905e+00
1.100724607505781094e+01 2.213884309712359055e+00 7.210590068683445431e+00
1.097533932113347177e+01 2.209162343114881910e+00 7.095850943231559960e+00
1.095447812351817340e+01 2.202339618288367440e+00 7.098693245593677759e+00
