2.191799393479931801e-01 1.550982551689759603e+01 3.683552447462830693e+06
2.261018432882972717e-01 1.525396941657950300e+01 3.181148404972102027e+06
2.332544493199243119e-01 1.498988726908897107e+01 2.724604028372129425e+06
2.406891800396197267e-01 1.476685393633273868e+01 2.341598068992446177e+06
2.483555680702534407e-01 1.455170766799122362e+01 2.015857657249090495e+06
2.563046106653992795e-01 1.436395849439153771e+01 1.741168090154451318e+06
2.645288650178362344e-01 1.417393253796108255e+01 1.493491259130727965e+06
2.730335802120546496e-01 1.399906156391843126e+01 1.288131935608508764e+06
2.818244516197449534e-01 1.384313634241516411e+01 1.106402380256626057e+06
2.909084163862418193e-01 1.369478661199318026e+01 9.510979932853690116e+05
3.002799866792339456e-01 1.355606544674328795e+01 8.191230870209516725e+05
3.099483885661626914e-01 1.342391684140726760e+01 7.048894092644168995e+05
3.199253204520565164e-01 1.330007305358649106e+01 6.075418372648530640e+05
3.302098140925001091e-01 1.319017230074573099e+01 5.241941680664147134e+05
3.408186590909923486e-01 1.308388948616266312e+01 4.512837203026768984e+05
3.517202952135036198e-01 1.298853865312907452e+01 3.891085128350419109e+05
3.629648439363820644e-01 1.289573586659588145e+01 3.353572745944638154e+05
3.745137909289215083e-01 1.280924834498455489e+01 2.894472897337019676e+05
3.864056168658681067e-01 1.272676200751798170e+01 2.498305536544102943e+05
3.986186538769664889e-01 1.265161443651555118e+01 2.157415320026982808e+05
4.111792125550853827e-01 1.258636832463319699e+01 1.861020454244824941e+05
4.240631284422565761e-01 1.251796171154736648e+01 1.605769217131359910e+05
4.372805284470872578e-01 1.246058794120845903e+01 1.387603591174524918e+05
4.508515808247123835e-01 1.240246647199722396e+01 1.200902117541137850e+05
4.647554208366705408e-01 1.234779362852773943e+01 1.039105379803703690e+05
4.789854305503563614e-01 1.229825529112830651e+01 8.986235353562298405e+04
4.935470081137481868e-01 1.224730118589835470e+01 7.789457240157933848e+04
5.084456427133658973e-01 1.221048205980796730e+01 6.737290984220898827e+04
5.236865371589007889e-01 1.216903032650892236e+01 5.838212492243284214e+04
5.392612977573584265e-01 1.213108487479251352e+01 5.070068504226248479e+04
5.551719491627586933e-01 1.209462180878879423e+01 4.390050630466423900e+04
5.713875288426925048e-01 1.205942062670626136e+01 3.809699778936729854e+04
5.879789264045777175e-01 1.202965114837660998e+01 3.305711331415062159e+04
6.056799312536199631e-01 1.200076436437680272e+01 2.849599544312288344e+04
6.245511655467809176e-01 1.197230483935594059e+01 2.459013077237065227e+04
6.446523898923600671e-01 1.194670809680055790e+01 2.102735463209549926e+04
6.660059061709762140e-01 1.192564370900502091e+01 1.793886244654736583e+04
6.886023782824666206e-01 1.190852663420537816e+01 1.525197879909025323e+04
7.124435043443784199e-01 1.189568443177169499e+01 1.292566917935698439e+04
7.375120658261700157e-01 1.188382411885751999e+01 1.094972443746048521e+04
7.638014395853194305e-01 1.187884008663728430e+01 9.249036501749151284e+03
7.912761245694001078e-01 1.187782392361631523e+01 7.802679795231393655e+03
8.198978735474852231e-01 1.187730066564360065e+01 6.578136867548300870e+03
8.496801144068604206e-01 1.188421862374452864e+01 5.546346535894588669e+03
8.806076036113583694e-01 1.189191040872032801e+01 4.673460644864122514e+03
9.125760511831009225e-01 1.190518907979341101e+01 3.936244290169256146e+03
9.455288862636425096e-01 1.191954109191343392e+01 3.323523491138496411e+03
9.794513139536965562e-01 1.193844880615838733e+01 2.802531381482349389e+03
1.014299855709729581e+00 1.195716859113300501e+01 2.368810238196535920e+03
1.049999504848037057e+00 1.197982873958944161e+01 2.003350337230065179e+03
1.086453692036348562e+00 1.200613942893838804e+01 1.696515540737587116e+03
1.123611967990023386e+00 1.202818700198295687e+01 1.431076295724526972e+03
1.161424463153255981e+00 1.205382511287515079e+01 1.223109990919000211e+03
1.199813477546720630e+00 1.208524367906890440e+01 1.040678615734745790e+03
1.238655754028338052e+00 1.210956482013746260e+01 8.872976543558526146e+02
1.277835813342656390e+00 1.213752156242210489e+01 7.593129903414844648e+02
1.317489749431026258e+00 1.216701113612692708e+01 6.495264556830414904e+02
1.357143493132694889e+00 1.219350592054223625e+01 5.567944482614873323e+02
1.397051267286500531e+00 1.222224021439241071e+01 4.793399345657651907e+02
1.436939392895090872e+00 1.224971643602548532e+01 4.128304825376798135e+02
1.476822778138122017e+00 1.227552865019240436e+01 3.565829880477537586e+02
1.516623924587639616e+00 1.229994097837522027e+01 3.088421811136427095e+02
1.556034918880546902e+00 1.232344178543333868e+01 2.683212891615836497e+02
1.595256618514104607e+00 1.234904480598225618e+01 2.332987536360606100e+02
1.634054387240044814e+00 1.236714642353045157e+01 2.031199288237008034e+02
1.672289938755574301e+00 1.238617140028804187e+01 1.768977708190792555e+02
1.709896268928295271e+00 1.240352282771387138e+01 1.560888421641556363e+02
1.746941782674525490e+00 1.241805235985257916e+01 1.371025956133862564e+02
1.783174992147056770e+00 1.243159896530486819e+01 1.208149118021784716e+02
1.818627661632619796e+00 1.244263628255961152e+01 1.066394542292014194e+02
1.853161119898978360e+00 1.245046927950768634e+01 9.458879198689861312e+01
1.886799725941772587e+00 1.245638079587458869e+01 8.404978031321066112e+01
1.919420005447814548e+00 1.246000644724362161e+01 7.485416661903045110e+01
1.949681360857662860e+00 1.246070550767801066e+01 6.709521607838135537e+01
1.970539740793361805e+00 1.245288417111221690e+01 6.185204592953654412e+01
1.985043836422586416e+00 1.243793058152925290e+01 5.791656735552925284e+01
1.994750251778000694e+00 1.241617332144711838e+01 5.489532084719900951e+01
2.000557008865231801e+00 1.238895416850352937e+01 5.220185767043798108e+01
2.003079271867441058e+00 1.235661485237843138e+01 5.058783650740085136e+01
2.002908584427554040e+00 1.232135446825980196e+01 4.902196708178352935e+01
2.000411694255750383e+00 1.228255405736643269e+01 4.780996519679602130e+01
1.996006556748054717e+00 1.224113258212205402e+01 4.687350190732657040e+01
1.989974694774467645e+00 1.219843468859795976e+01 4.612870558261507625e+01
1.982599730730456811e+00 1.215461278624059105e+01 4.551667422744420577e+01
1.974063950073697171e+00 1.210842878791624244e+01 4.512286011604153657e+01
1.964542602141300387e+00 1.206283344512144851e+01 4.483688572729789001e+01
1.954200410736726345e+00 1.201551413931304602e+01 4.464105167661505646e+01
1.943224442441029431e+00 1.196888571104746113e+01 4.445395803538471569e+01
1.931677142438015027e+00 1.192126850674664951e+01 4.462246698505284570e+01
1.919671450363015675e+00 1.187426799549750278e+01 4.472148005392017467e+01
1.907285685641853190e+00 1.182744380117351390e+01 4.489243348088150043e+01
1.894603972131964520e+00 1.178107358827508300e+01 4.492094641501562080e+01
1.881691399794794606e+00 1.173464199543450981e+01 4.546920430284677650e+01
1.868154186557831276e+00 1.168670145263616611e+01 4.585550601028923268e+01
1.853683605059909478e+00 1.163596768641598267e+01 4.608869582277893073e+01
1.838465866045174479e+00 1.158271122789636109e+01 4.674799604039741752e+01
1.822651983067102188e+00 1.152625330039008311e+01 4.716456398289007268e+01
1.806391360823865089e+00 1.146666676671313745e+01 4.763978398509019030e+01
1.789360163432148321e+00 1.140413259718937056e+01 4.808807362938858887e+01
1.771474513427453212e+00 1.133629681041326442e+01 4.849611846753003874e+01
