2.191799393479931801e-01 1.550982551689759603e+01 3.683552447462830693e+06
2.271231543878757253e-01 1.521038003023593177e+01 3.100598516564097255e+06
2.353968475281429662e-01 1.493093084966734452e+01 2.603457492154933047e+06
2.440232562499769775e-01 1.467166400952961780e+01 2.197809491054645274e+06
2.529837008859142644e-01 1.443450562229383571e+01 1.847642801862932974e+06
2.623059920733646910e-01 1.422032744925136782e+01 1.551603876587304985e+06
2.719947446692787540e-01 1.402699541911029968e+01 1.309271663942487212e+06
2.820591437954642067e-01 1.383608216151314529e+01 1.100802888071581954e+06
2.925122889215898137e-01 1.366700187410548217e+01 9.263671684379572980e+05
3.033332972305531894e-01 1.351173955633247736e+01 7.815706916041264776e+05
3.145683849360731976e-01 1.336339809555049918e+01 6.587455685187303461e+05
3.261834241272983936e-01 1.323054651138070881e+01 5.554209867591139628e+05
3.382225888120090618e-01 1.310957070910753686e+01 4.681152072349705850e+05
3.506777507800035165e-01 1.299455901091487142e+01 3.949713818984252284e+05
3.635626667675457835e-01 1.288980715143066647e+01 3.327858948364946991e+05
3.768553243422839150e-01 1.279126645315425215e+01 2.807146533147756709e+05
3.905906487264948490e-01 1.269956375723791453e+01 2.354535475460010639e+05
4.047726853893093280e-01 1.261944976168196142e+01 2.005501491227273655e+05
4.193628148185720161e-01 1.254174496184468879e+01 1.695239872544153477e+05
4.344258062955413391e-01 1.247267588334579713e+01 1.417086816690258856e+05
4.499244294216541706e-01 1.240384816998498430e+01 1.212929735408495762e+05
4.658621006035295053e-01 1.234724025319080631e+01 1.026889933276334486e+05
4.822177862913425428e-01 1.228824515483459656e+01 8.697110498848582210e+04
4.990464199157800262e-01 1.223532153837324188e+01 7.365415091351312003e+04
5.163055755693500837e-01 1.218869319397327367e+01 6.258540904070313263e+04
5.340088652161297800e-01 1.214301595676190360e+01 5.310996347990799404e+04
5.521509763376238888e-01 1.210248580413242614e+01 4.505727430536199245e+04
5.707097474452514918e-01 1.206447672278152794e+01 3.832082416970164195e+04
5.897804850322526660e-01 1.202857555462694705e+01 3.229657008541065443e+04
6.103194973585780447e-01 1.199269949816619274e+01 2.726034609013764930e+04
6.324077309773624700e-01 1.196363536064348487e+01 2.307009517410254921e+04
6.561360246318640455e-01 1.193617019755678044e+01 1.929875999730054900e+04
6.815109054970439617e-01 1.191376230036502903e+01 1.603582036169477033e+04
7.085229716249799026e-01 1.189730505107690206e+01 1.327327202481719178e+04
7.371483760819529385e-01 1.188631136229291307e+01 1.097053948514752119e+04
7.673784179277830519e-01 1.187896980702057448e+01 9.023519732586139071e+03
7.991792330324286597e-01 1.187707626385531157e+01 7.445626595882199581e+03
8.325158839854626125e-01 1.188168894102531148e+01 6.111821094353287663e+03
8.673214341293959961e-01 1.188951241336645381e+01 4.992349063657827173e+03
9.035577916413788380e-01 1.190170229901406351e+01 4.130171330375061189e+03
9.411428022361004730e-01 1.191881585045202385e+01 3.396803593503199409e+03
9.800130234189684542e-01 1.193653665841165434e+01 2.797655778788294356e+03
1.020061034943926526e+00 1.196165972047857018e+01 2.305085715634271764e+03
1.061218781841199776e+00 1.198723755269671365e+01 1.903843051292657947e+03
1.103392595573560397e+00 1.202025127522464842e+01 1.574565971219194353e+03
1.146455817543183597e+00 1.204447179120615807e+01 1.304931119343184491e+03
1.190290471917614390e+00 1.207534459812903727e+01 1.083423521367274361e+03
1.234830109500012929e+00 1.210744973144080561e+01 9.017690312520476255e+02
1.279766144383764015e+00 1.213989285476703017e+01 7.535060005983682458e+02
1.325175101836214120e+00 1.217228705098359676e+01 6.305600215613995942e+02
1.370917414428358905e+00 1.220418850517410547e+01 5.288998127952612549e+02
1.416842508877471429e+00 1.223695254803798349e+01 4.450136640649771493e+02
1.462550699485098749e+00 1.226657010035897954e+01 3.762101868135356995e+02
1.508298581545230777e+00 1.229632577460897558e+01 3.183809747256826199e+02
1.553747476584730114e+00 1.232380734257401400e+01 2.706585188616628557e+02
1.598691932343651256e+00 1.235290847024003824e+01 2.308158383807096925e+02
1.643069239471661058e+00 1.237358192857508854e+01 1.973277270731684609e+02
1.686860332247252847e+00 1.239783325234451716e+01 1.692790315895983895e+02
1.729780440606746295e+00 1.241540565964091414e+01 1.458669790029476871e+02
1.771794260031980262e+00 1.242994492883708091e+01 1.259708249482865199e+02
1.812785717782698480e+00 1.244401073928446877e+01 1.085942905802378107e+02
1.852607045792835860e+00 1.245326550066184801e+01 9.449811826928831238e+01
1.891235369721576909e+00 1.246022443276621594e+01 8.291030931150160654e+01
1.928522318945948166e+00 1.246484698443730466e+01 7.262718897393924067e+01
1.955518012785484983e+00 1.246314430507817761e+01 6.583230451155647245e+01
1.946805818223203310e+00 1.244478745700848421e+01 6.689384374923834287e+01
1.934358269554176557e+00 1.241946749715774700e+01 6.803810680108013287e+01
1.918716374887850407e+00 1.238436338784365986e+01 7.023609105740278835e+01
1.901323027691782741e+00 1.234141584897066402e+01 7.196825799143589109e+01
1.882681036023196253e+00 1.229115029697622319e+01 7.383010856961293200e+01
1.863142839554676744e+00 1.223402003437387719e+01 7.550504974435817473e+01
1.842911216506043504e+00 1.216974373227255057e+01 7.701256258489462425e+01
1.822202663597662031e+00 1.209930780217950286e+01 7.830170261203458892e+01
1.801309796226116866e+00 1.202292043807616473e+01 7.937283375531490037e+01
1.780290992532495897e+00 1.194099320341785209e+01 7.961798256636443227e+01
1.759423788989563864e+00 1.185368249698714571e+01 8.027299625497886382e+01
1.738837368791048110e+00 1.176045964654477949e+01 8.018259837387930133e+01
1.718629773982074171e+00 1.166291185103564132e+01 7.972328712609747470e+01
1.699065346823965150e+00 1.156058896486879561e+01 7.876838986767808137e+01
1.680272926582251580e+00 1.145454216554765381e+01 7.731232033771156864e+01
1.662358560552542386e+00 1.134440813536285297e+01 7.549962126094685289e+01
1.645402230788879150e+00 1.123165708065987367e+01 7.320581524405127993e+01
1.629530559832524261e+00 1.111501575359553762e+01 7.048962921019395367e+01
1.614644329929698641e+00 1.099624999757064714e+01 6.748972766481296048e+01
1.601098109391909885e+00 1.087590125746092262e+01 6.423102561009937972e+01
1.588788413361827745e+00 1.075476384854757583e+01 6.065258961767607815e+01
1.577725735451678712e+00 1.063274846955712860e+01 5.698316010728277803e+01
1.567903741063730649e+00 1.051076152327258306e+01 5.324073912136496034e+01
1.559368290098065213e+00 1.038942682637742010e+01 4.956530928848112438e+01
1.551877988784977624e+00 1.027174693526112037e+01 4.590416013590029820e+01
1.545374633597979885e+00 1.015768924282839869e+01 4.237771433122459541e+01
1.539624513931581173e+00 1.004587393630174041e+01 3.930007093239389349e+01
1.534434115270485455e+00 9.937185504506674150e+00 3.619733945321269175e+01
1.529645647401282060e+00 9.830711226875031628e+00 3.359813051624013269e+01
1.525190777178895285e+00 9.728817311592969475e+00 3.111478896366743996e+01
1.520948876767670876e+00 9.627921364147994154e+00 2.866686975397718484e+01
1.516828279932740831e+00 9.530303339031766185e+00 2.657489190469898332e+01
1.512772008794699197e+00 9.435220687901688663e+00 2.465241548690774209e+01
1.508699867219778890e+00 9.341905494032729962e+00 2.291790599914603632e+01
1.504562274531447530e+00 9.252207111677302365e+00 2.134484691601085871e+01
