2.191799393479931801e-01 1.550982551689759603e+01 3.683552447462830693e+06
2.283422691476171829e-01 1.517880311549139094e+01 3.039760823427618481e+06
2.379320663290223625e-01 1.485618254908421321e+01 2.476623816091089509e+06
2.479872494379715131e-01 1.457498176176368609e+01 2.037505809464420425e+06
2.585023527083000205e-01 1.430519104786786677e+01 1.666550193453541258e+06
2.694965622154635865e-01 1.407117735881810994e+01 1.365838029053440550e+06
2.809834619001552736e-01 1.385887588434732010e+01 1.120161282955161761e+06
2.929843470711643860e-01 1.366072426381085059e+01 9.182406008484743070e+05
3.054694311992403599e-01 1.347965695284069731e+01 7.565634370343055343e+05
3.184980258378289353e-01 1.331713770042566480e+01 6.204125600077621639e+05
3.320524430096982726e-01 1.317483179698935025e+01 5.096213285712639336e+05
3.461530874045420370e-01 1.303557465037232177e+01 4.192234847767768661e+05
3.608296839228565811e-01 1.291039968768980728e+01 3.450317300825553248e+05
3.760294911284108865e-01 1.279934961616955924e+01 2.835261095028327545e+05
3.918217844729294241e-01 1.269103132614864649e+01 2.324275404016474786e+05
4.081888812213755879e-01 1.260031479430407053e+01 1.931312426299614308e+05
4.251474906471818249e-01 1.251293550074601058e+01 1.589748973552392272e+05
4.426551563794990929e-01 1.243712466950860041e+01 1.309527258758056705e+05
4.607946364341444223e-01 1.236351495636368369e+01 1.082023352006916830e+05
4.794867982581590971e-01 1.229655915118772747e+01 8.949563006276226952e+04
4.987567898793965337e-01 1.223536619784943191e+01 7.395488385118116275e+04
5.186293408491464696e-01 1.218385189281356062e+01 6.055842008744099439e+04
5.390665871881902271e-01 1.213247140719314743e+01 5.077304184316865576e+04
5.600954319788623570e-01 1.208276126674834572e+01 4.203398332382368244e+04
5.816511300720403899e-01 1.204025110640469975e+01 3.491470463021978503e+04
6.046095708666133772e-01 1.200308718018420073e+01 2.883443850620020748e+04
6.296949470346642208e-01 1.196647922633024308e+01 2.360012512498518845e+04
6.569753334420000979e-01 1.193690430571577288e+01 1.919089476480869052e+04
6.864781479846983059e-01 1.191083908049846052e+01 1.549759733160692849e+04
7.181876243076844579e-01 1.189495255464966483e+01 1.244655448035526206e+04
7.521020435286351891e-01 1.188295571698122721e+01 9.900037431313681736e+03
7.881682950743024163e-01 1.187877220000123124e+01 7.951234198299280251e+03
8.263495779743913472e-01 1.188196873405844656e+01 6.344597208813647740e+03
8.665717636942767976e-01 1.189265957821273290e+01 5.056956228630991973e+03
9.087590757138495068e-01 1.190863403279661092e+01 4.029908991258298556e+03
9.528125811999351713e-01 1.192728495776468733e+01 3.188791743947958366e+03
9.986294500138014341e-01 1.195474192175996819e+01 2.567312977644791772e+03
1.046049846329163646e+00 1.198577316922294855e+01 2.053375718850395515e+03
1.094937153034186927e+00 1.201941988529813976e+01 1.645365921635168434e+03
1.145178329194615596e+00 1.205510271019200275e+01 1.322274680941078941e+03
1.196552682085792796e+00 1.209396290908892091e+01 1.065202031960632212e+03
1.248935206394403030e+00 1.213245357906870758e+01 8.613945198418334712e+02
1.302008584984777340e+00 1.217511654355919681e+01 6.990409221344677917e+02
1.355688485353533368e+00 1.221481416942953047e+01 5.684747268167160428e+02
1.409766633654174095e+00 1.225393689366643812e+01 4.647702042164408454e+02
1.464102801045120916e+00 1.229448608748480432e+01 3.811242862907092217e+02
1.518170845760452137e+00 1.233145578395494724e+01 3.138399116758077980e+02
1.572168587935180550e+00 1.236777069541152585e+01 2.594435897207019366e+02
1.625562884284335929e+00 1.240395189014044419e+01 2.156341809014672890e+02
1.678271620682492804e+00 1.243450317426800389e+01 1.797849864365216206e+02
1.730113506529066036e+00 1.245994743830287099e+01 1.497770352809988310e+02
1.780849308293720235e+00 1.248521176267271926e+01 1.266552521708399439e+02
1.830346007658825824e+00 1.250354390881795119e+01 1.071338988956526634e+02
1.878383993776941319e+00 1.252129285759080268e+01 9.063561328542388651e+01
1.924820566722789783e+00 1.253365374199067617e+01 7.756753004519278250e+01
1.969480782269620311e+00 1.254106419760895541e+01 6.649073199871394024e+01
2.012295019097185556e+00 1.254480159682565876e+01 5.726216442951466234e+01
2.053104818411632948e+00 1.254401513910284827e+01 4.952500698677250313e+01
2.091816200492873534e+00 1.253891566395757273e+01 4.299810748516397751e+01
2.128343802102703020e+00 1.252900936629167816e+01 3.753038273294569649e+01
2.162623084871547530e+00 1.251535414745154817e+01 3.289027408779176653e+01
2.194609392985284568e+00 1.249604022150205473e+01 2.895757135935519955e+01
2.224255237972201371e+00 1.247335883503867038e+01 2.560700190700899981e+01
2.251513516888533406e+00 1.244561230948525754e+01 2.267980742669421801e+01
2.276416154086306598e+00 1.241434745167517306e+01 2.030605566111432481e+01
2.298946105475143220e+00 1.237906294541873642e+01 1.820162778013018112e+01
2.319137371317589125e+00 1.233913935644284443e+01 1.637473766303995149e+01
2.336990775103252815e+00 1.229631673234975686e+01 1.479279492913803473e+01
2.352558922382103290e+00 1.224933059498340349e+01 1.346819931876126120e+01
2.365883828086534635e+00 1.219974491972863717e+01 1.223235665510450332e+01
2.377025903696690090e+00 1.214578227199356597e+01 1.118972951740155430e+01
2.386048847955640984e+00 1.209002586464451667e+01 1.028232248002194815e+01
2.393024248925242237e+00 1.203025015665584974e+01 9.476923186120568943e+00
2.398016102248742953e+00 1.196878422339691994e+01 8.782244405699680456e+00
2.401104418931165441e+00 1.190554421469225232e+01 8.164422893344550403e+00
2.402378480742236366e+00 1.183881900916966856e+01 7.612560383398776054e+00
2.401922866541752466e+00 1.177047547201875588e+01 7.127285690550168695e+00
2.399814146098370404e+00 1.170036249051215549e+01 6.661973975881137378e+00
2.396149971013143976e+00 1.162963940354764958e+01 6.319776220909087527e+00
2.391021199833093913e+00 1.155683191647836949e+01 5.975344873491563291e+00
2.384509053736538764e+00 1.148268569922981897e+01 5.674085258297165701e+00
2.376705290501969436e+00 1.140792747921185502e+01 5.408896318719218499e+00
2.367701442072239981e+00 1.133292299212945586e+01 5.170073744572182939e+00
2.357579316967872707e+00 1.125634772809091722e+01 4.942757579525513201e+00
2.346424036574715988e+00 1.118012464001650130e+01 4.769166536090435393e+00
2.334385547014473428e+00 1.110496623883004652e+01 4.602949741826281915e+00
2.321662622797637354e+00 1.103365415933767224e+01 4.466144792442329425e+00
2.307426197571103010e+00 1.095901891117746274e+01 4.360570705814716064e+00
2.292261075024680128e+00 1.088211737505284837e+01 4.256154622085840167e+00
2.276413029527716070e+00 1.080372887536527315e+01 4.159829451032120318e+00
2.260095349778424190e+00 1.072463082032479420e+01 4.047203812802956158e+00
2.243359126703294848e+00 1.064436761309133850e+01 3.968636649818829021e+00
2.226446676325461116e+00 1.056500117786074000e+01 3.885248493005802661e+00
2.209502496481013267e+00 1.048706942971526779e+01 3.811488208498722496e+00
2.192400597587884192e+00 1.041143362385111537e+01 3.737272481562575077e+00
2.175147211765545485e+00 1.033657384378991395e+01 3.682465004384028795e+00
2.157787447673891190e+00 1.026320765420188685e+01 3.645169172624261211e+00
2.140341812571550761e+00 1.019174149477018965e+01 3.604857510354542161e+00
2.122849655324265949e+00 1.012204898097058425e+01 3.570471404758378764e+00
2.105321097267867536e+00 1.005401735876158043e+01 3.551915221424510882e+00
