1.550982551689759603e+01 2.191799393479931801e-01 3.683552447462830693e+06
1.515697876043190817e+01 2.285788378015764233e-01 3.000975153575986158e+06
1.485427728569619532e+01 2.384160809445796669e-01 2.470988709031390026e+06
1.457346246074865626e+01 2.487489148021025387e-01 2.019604440203890670e+06
1.428166692294129803e+01 2.595641346801641491e-01 1.630019477290773299e+06
1.404205562511405070e+01 2.708848725033117799e-01 1.335705488567200024e+06
1.382643198579577337e+01 2.827241538777107155e-01 1.089169646998099517e+06
1.362986893694834123e+01 2.950859440489163044e-01 8.885108982031606138e+05
1.344631522191516382e+01 3.079938778657187459e-01 7.274741694510544185e+05
1.328703532598106740e+01 3.214560628033449885e-01 5.941266533612068743e+05
1.313307428464899829e+01 3.354744083459440529e-01 4.865497694250768400e+05
1.299923752331351423e+01 3.500705947177744637e-01 3.975218656346361386e+05
1.287549527316190989e+01 3.652585558532455701e-01 3.258909208555765799e+05
1.276182813177272557e+01 3.810440105225889607e-01 2.665335126054388238e+05
1.266226735535112446e+01 3.974175054001394813e-01 2.186219252700709039e+05
1.256504888801243247e+01 4.143754909362278860e-01 1.792038837744080811e+05
1.248289045481131332e+01 4.319690048777798941e-01 1.471037128124041483e+05
1.240900628106016867e+01 4.501883319116176119e-01 1.205537609238895966e+05
1.233408230708988995e+01 4.690087968292336873e-01 9.933235903906695603e+04
1.226798899344151295e+01 4.884441723412154546e-01 8.185323329189245123e+04
1.220859275929104548e+01 5.084710670222700735e-01 6.736757575062316027e+04
1.215399876872352536e+01 5.291274430570542808e-01 5.563207146471930173e+04
1.210619346387269601e+01 5.503927620617877770e-01 4.580883849884350639e+04
1.205850197586480022e+01 5.722397083679257035e-01 3.744370548804595455e+04
1.201741889076408576e+01 5.946881974216473576e-01 3.130087642821513509e+04
1.197415159392876838e+01 6.177358867749086491e-01 2.577355212753944579e+04
1.194383643483318913e+01 6.415450915425551237e-01 2.140789675136688311e+04
1.191080338556268536e+01 6.661333279491820081e-01 1.772953396380012418e+04
1.188049603197997861e+01 6.916027458753284396e-01 1.451501519718875170e+04
1.185079452191211047e+01 7.179604083186564845e-01 1.211484585054970739e+04
1.182497024123256857e+01 7.452235821028607710e-01 1.001343493157628291e+04
1.180286894701135481e+01 7.734627496805704938e-01 8.255422569451406162e+03
1.178112184001712315e+01 8.026417543421404677e-01 6.811725133737711985e+03
1.176490099787989507e+01 8.328054503209779691e-01 5.618967624325942779e+03
1.174787318454271912e+01 8.638964800175228387e-01 4.639711980473520271e+03
1.174214009221288535e+01 8.959221287048813043e-01 3.828763228605246240e+03
1.172046408425776498e+01 9.288634914810606213e-01 3.161137369467160170e+03
1.171185952107213346e+01 9.626666708384524762e-01 2.610903777423198335e+03
1.169706721905886582e+01 9.972981526678372788e-01 2.158020828371982589e+03
1.168798081458598226e+01 1.032725537937667193e+00 1.785455734769505852e+03
1.168026375967852459e+01 1.068871861460281236e+00 1.476032775554354885e+03
1.167241198818177317e+01 1.105686917871808728e+00 1.223751681849869101e+03
1.166610401546741649e+01 1.143117385709583322e+00 1.016531097619677780e+03
1.165864812944712448e+01 1.181069581524245127e+00 8.443635450970099328e+02
1.165208278079961701e+01 1.219471428292869364e+00 6.993727603186714532e+02
1.164574326521916170e+01 1.258251912311264764e+00 5.857212543928178548e+02
1.163839728652488859e+01 1.297296441134641265e+00 4.894359552898393417e+02
1.163173730205997636e+01 1.336546688856731890e+00 4.089763137708524710e+02
1.162215811524466602e+01 1.375901973405794898e+00 3.408649048734101825e+02
1.161229373191531344e+01 1.415274697202379528e+00 2.879380180541994605e+02
1.160307689605812875e+01 1.454540957093626741e+00 2.424422172808515654e+02
1.159190588267864541e+01 1.493642453430349626e+00 2.045432906272811522e+02
1.157838945951030851e+01 1.532468133873795102e+00 1.728387778997425244e+02
1.156629250835308831e+01 1.570916332704477503e+00 1.464300447989534746e+02
1.155091874251791495e+01 1.608901654378338097e+00 1.237487395540172770e+02
1.153205053250957235e+01 1.646331703599146712e+00 1.059971617075501626e+02
1.151397388565761126e+01 1.683125263881819045e+00 9.036588693981551046e+01
1.149330453094131066e+01 1.719179126407927249e+00 7.738182719670713539e+01
1.147154397517538094e+01 1.754423164723306616e+00 6.638788304786487515e+01
1.144660699257323877e+01 1.788792008097703334e+00 5.708049616722230724e+01
1.142065451573186152e+01 1.822197378074709606e+00 4.919599203331988946e+01
1.139258498222453042e+01 1.854576033046902106e+00 4.255963627071001554e+01
1.136319118949011475e+01 1.885867643419136153e+00 3.689083490012556155e+01
1.133120883343054253e+01 1.916019948451455956e+00 3.208817266108918886e+01
1.129794890129875817e+01 1.944977873794532464e+00 2.795981781316428183e+01
1.126179820716307134e+01 1.972709093662066149e+00 2.434904493247865531e+01
1.122472171343892811e+01 1.999161322474304781e+00 2.141626351475973422e+01
1.118515842964975882e+01 2.024307876261346895e+00 1.882623748877596981e+01
1.114475308730286862e+01 2.048134778340274575e+00 1.658489917968715943e+01
1.110140038199845236e+01 2.070610029616037462e+00 1.466089356799492727e+01
1.105747568911631618e+01 2.091723477707387424e+00 1.299312671094637395e+01
1.101154357191665412e+01 2.111469796522368991e+00 1.155149246128888052e+01
1.096413840717056054e+01 2.129840362087037864e+00 1.029645677669181048e+01
1.091450164625374164e+01 2.146801474257873821e+00 9.203817339051486357e+00
1.086423685861204724e+01 2.162313310488634954e+00 8.254517882053363564e+00
1.081289361554850004e+01 2.176322841999743130e+00 7.423396287833611495e+00
1.075952322018349605e+01 2.188811718809709372e+00 6.701842123853230859e+00
1.070530741058880864e+01 2.199759398918472275e+00 6.071838996750395623e+00
1.065038775186928355e+01 2.209148477666952548e+00 5.522273238179770338e+00
1.059330186049549916e+01 2.216989508929946062e+00 5.028156490171315163e+00
1.053658386905858890e+01 2.223282487842538568e+00 4.621319144200827012e+00
1.047735459085128085e+01 2.228060200483877207e+00 4.249171653339921306e+00
1.041803403274708906e+01 2.231342443541270537e+00 3.915699660067613497e+00
1.035818635643491170e+01 2.233169010370982033e+00 3.639973643575420859e+00
1.029710587544103184e+01 2.233565607157819155e+00 3.380404067225022846e+00
1.023575598838031020e+01 2.232604764118005569e+00 3.166938989375145397e+00
1.017393709605463492e+01 2.230307438742225923e+00 2.966357836769284884e+00
1.011140602693207668e+01 2.226764074414206984e+00 2.800051424841887293e+00
1.004860606332326078e+01 2.222012900757059928e+00 2.646873590700233869e+00
9.985652882175656941e+00 2.216109692146015497e+00 2.507740385681018314e+00
9.922527789919909580e+00 2.209132819936245884e+00 2.394814090672582996e+00
9.859547222187787341e+00 2.201164099251934125e+00 2.287211025380639029e+00
9.796916437934937605e+00 2.192237721692912977e+00 2.196957652058246779e+00
9.734051085832533090e+00 2.182438010057881517e+00 2.116771198618460748e+00
9.672085367482118556e+00 2.171835394292481958e+00 2.050995533931819548e+00
9.610649809000950228e+00 2.160505467182514572e+00 1.991079275313221819e+00
9.549807639657474923e+00 2.148496170720683995e+00 1.940834388685470424e+00
9.490194672476407689e+00 2.135955042394860559e+00 1.894983380478619361e+00
9.432962330882279645e+00 2.123002724329481783e+00 1.861728156754591579e+00
9.380226331209991386e+00 2.109989340595685992e+00 1.840385398387019977e+00
