1.550982551689759603e+01 2.191799393479931801e-01 3.683552447462830693e+06
1.520879495842324758e+01 2.282752258637568143e-01 3.060395473271631170e+06
1.485542166158018773e+01 2.377934335583677394e-01 2.480815396882217377e+06
1.457685753746921264e+01 2.477700334348967304e-01 2.045130272270087386e+06
1.430929009239419969e+01 2.581983978993982465e-01 1.679219070077727782e+06
1.407036184086963360e+01 2.691000746621761142e-01 1.377121002345066285e+06
1.386450430972983305e+01 2.804861377940395251e-01 1.131900122202086728e+06
1.366489880790452105e+01 2.923766472804399386e-01 9.294434399872795912e+05
1.349013810831681681e+01 3.047489102108755232e-01 7.639648312180342618e+05
1.332586690096382043e+01 3.176748021643248654e-01 6.282809467625886900e+05
1.318264735942934429e+01 3.310771699805827306e-01 5.173487212503440678e+05
1.304793952735153439e+01 3.450388970637557895e-01 4.252719734157571802e+05
1.292433938152095685e+01 3.595540437519778587e-01 3.511761528399621602e+05
1.280571165615495488e+01 3.746091338301610341e-01 2.889745786604280584e+05
1.270172879198340077e+01 3.902341366330309147e-01 2.382436707558237831e+05
1.261091392362556185e+01 4.064275024155217242e-01 1.965365211361670808e+05
1.252271962283661288e+01 4.231850707848517912e-01 1.622404049900786777e+05
1.244425881251529908e+01 4.405182871404667022e-01 1.339786162238243560e+05
1.237076775133474094e+01 4.584650105631521422e-01 1.106733935565192805e+05
1.230544734365828319e+01 4.769446326046291040e-01 9.165299230332896695e+04
1.224471886371928342e+01 4.960015586782027808e-01 7.596933077965832490e+04
1.219042467906484184e+01 5.156385457279019091e-01 6.288576930469556828e+04
1.213863758596900055e+01 5.358545405711383491e-01 5.223042547870556882e+04
1.209405912274361583e+01 5.566421922066460137e-01 4.327768468993433635e+04
1.204895379343356510e+01 5.779589789280591416e-01 3.599638645953583909e+04
1.200729672964565964e+01 5.998419756782691348e-01 2.996648081834386176e+04
1.196910067295246627e+01 6.223469901009583971e-01 2.495802863194952442e+04
1.193826345987377202e+01 6.455670177110106600e-01 2.077908906603966170e+04
1.190665036542342925e+01 6.695472565603624027e-01 1.727279155173353865e+04
1.187595082048247619e+01 6.943688067466342595e-01 1.436971788977474171e+04
1.185086268476297100e+01 7.200535287607794377e-01 1.193586528946190447e+04
1.182423637845071696e+01 7.466504473781517826e-01 9.913335676750812127e+03
1.180500925443852189e+01 7.741398504934994262e-01 8.232153062188524927e+03
1.178388494914946882e+01 8.025537683469871064e-01 6.829940674487342221e+03
1.176598528449012449e+01 8.319136870319299160e-01 5.668659599732757670e+03
1.174794456145397703e+01 8.621781094619264119e-01 4.658612035278528310e+03
1.173399638713102533e+01 8.933407439576405151e-01 3.899312923988526563e+03
1.172379824537510196e+01 9.253980867409554723e-01 3.230524605564883132e+03
1.171317234633102800e+01 9.583019276141481191e-01 2.683488722554895503e+03
1.170215643061610500e+01 9.920017486940494456e-01 2.218777632429693767e+03
1.169468466249309024e+01 1.026493706531699912e+00 1.851475107305414667e+03
1.168700568055090905e+01 1.061705810874492784e+00 1.539791610444138541e+03
1.168155281264411727e+01 1.097588517029981947e+00 1.282751712451991125e+03
1.167616902576516935e+01 1.134065530030259339e+00 1.068866251550742390e+03
1.166943452572073525e+01 1.171103110296221494e+00 8.920402180995879462e+02
1.166447900213254130e+01 1.208606576079371386e+00 7.460374296864936241e+02
1.165889666169476868e+01 1.246509733690841504e+00 6.237862807800264591e+02
1.165637655925167770e+01 1.284716852962325628e+00 5.227922943553655841e+02
1.164882919176040765e+01 1.323197259920198654e+00 4.389201105129880602e+02
1.164093278857061797e+01 1.361796884036691191e+00 3.692530499992101909e+02
1.163428603245638904e+01 1.400474721175252846e+00 3.111073577220689685e+02
1.162582781258628728e+01 1.439141298345904207e+00 2.628789101207294152e+02
1.161644008910613834e+01 1.477679733043496535e+00 2.224456365645290532e+02
1.160659607010703276e+01 1.516038074625379206e+00 1.885966508249447031e+02
1.159448577926930035e+01 1.554109664413617420e+00 1.604228428039723724e+02
1.158288817946773008e+01 1.591796527996017563e+00 1.364467858659434967e+02
1.156887753396835272e+01 1.629024539391743964e+00 1.165135616806957159e+02
1.155207303206179326e+01 1.665711398417457190e+00 9.968733020480954110e+01
1.153475536573704652e+01 1.701766025156595363e+00 8.545062576255527631e+01
1.151589652687282239e+01 1.737118898646369480e+00 7.346297455611187388e+01
1.149480543106291286e+01 1.771685187869186828e+00 6.351437289539008191e+01
1.147268969142559314e+01 1.805411738002984157e+00 5.470516996166102075e+01
1.144812054130497003e+01 1.838213078515295251e+00 4.715074584156332804e+01
1.142220003947995721e+01 1.870035394494925063e+00 4.095483077406465355e+01
1.139427246652779857e+01 1.900818121227632940e+00 3.582337397747551933e+01
1.136481330938868339e+01 1.930516971516013536e+00 3.123824341776250080e+01
1.133332132037201134e+01 1.959086321512044648e+00 2.732782360172557645e+01
1.129996876446143972e+01 1.986477723119655758e+00 2.396671133785892494e+01
1.126529784052741157e+01 2.012657794926250965e+00 2.100413232738026892e+01
1.122758580466156353e+01 2.037596502847932367e+00 1.858620898364362972e+01
1.118920202103104877e+01 2.061281135659816410e+00 1.642948996053181787e+01
1.114904476155945012e+01 2.083679852334390237e+00 1.457650231881453351e+01
1.110712799521891192e+01 2.104770354466037219e+00 1.294390717540505698e+01
1.106355327874361727e+01 2.124487551986424361e+00 1.154772228803246037e+01
1.101890808403940980e+01 2.142765845857374618e+00 1.029374774631514633e+01
1.097286446741967758e+01 2.159536180783245385e+00 9.262440904083410587e+00
1.092512781578010461e+01 2.174763810357674743e+00 8.339200063284600617e+00
1.087590518848947596e+01 2.188401523890746159e+00 7.532935150521593570e+00
1.082525633411898802e+01 2.200429262882769965e+00 6.833260422184429750e+00
1.077331406422943694e+01 2.210810225533820006e+00 6.221385936056801569e+00
1.071989853105362300e+01 2.219564020776485513e+00 5.672137071552795895e+00
1.066553007824523469e+01 2.226659591262448945e+00 5.219877815339235561e+00
1.060967053729376808e+01 2.232155153304684614e+00 4.799521740729880470e+00
1.055312296051387122e+01 2.236031326955840726e+00 4.442448893780716723e+00
1.049543935957752261e+01 2.238334970887195130e+00 4.137071969060332144e+00
1.043639386726234264e+01 2.239089231228358123e+00 3.862855950926167736e+00
1.037695938554995223e+01 2.238351071685008797e+00 3.611660584521471762e+00
1.031687719533979042e+01 2.236161919993774116e+00 3.398500123845691334e+00
1.025616439065819741e+01 2.232586450166458736e+00 3.219518357363839733e+00
1.019498566105536774e+01 2.227650517114372342e+00 3.049463809980918594e+00
1.013363793218253761e+01 2.221458510083917925e+00 2.911478003479003540e+00
1.007228521263418308e+01 2.214039264827428077e+00 2.791921510626235836e+00
1.001086199098140739e+01 2.205492467114736233e+00 2.681175162343326424e+00
9.950090455515844923e+00 2.195893311016369420e+00 2.591178369241925683e+00
9.889801616692029285e+00 2.185294514235182728e+00 2.514193330757385603e+00
9.830215136285350042e+00 2.173823520940865173e+00 2.458685057877697311e+00
9.772358055939426080e+00 2.161557985266066240e+00 2.409572297766581439e+00
9.715534743598446710e+00 2.148611246161487465e+00 2.367161872977092241e+00
9.661087857918227328e+00 2.135125182568769375e+00 2.342635915328511231e+00
9.609170972370012720e+00 2.121286954567566330e+00 2.334580419179653088e+00
