1.550982551689759603e+01 2.191799393479931801e-01 3.683552447462830693e+06
1.521662296580539753e+01 2.285444527054783515e-01 3.001293793270205613e+06
1.484311531464181932e+01 2.383461851037378676e-01 2.451072380096403882e+06
1.455169725669168201e+01 2.486379324921603740e-01 2.012248239243357675e+06
1.428534733523870948e+01 2.594097465048928464e-01 1.639839782084594248e+06
1.404879755944436681e+01 2.706830709571815263e-01 1.338344681639498565e+06
1.383483513334735981e+01 2.824710786213968650e-01 1.094873296344571514e+06
1.366881986178014508e+01 2.947797961570892133e-01 8.920188519065779401e+05
1.345889160018495900e+01 3.076287289041034767e-01 7.308846852114206413e+05
1.328830809735097240e+01 3.210476517754561887e-01 5.972298725594660500e+05
1.314771651702154820e+01 3.349761602922873283e-01 4.891842150354273617e+05
1.300460691488816956e+01 3.494997590534017484e-01 4.008081511493319995e+05
1.288018999381770158e+01 3.646203953521953145e-01 3.280825079207553063e+05
1.276756507434974708e+01 3.802970392697999635e-01 2.690069572610180476e+05
1.266411518488979659e+01 3.965965100442724323e-01 2.205324159773973806e+05
1.257209544032892090e+01 4.134725928476747914e-01 1.812160695593952260e+05
1.248498393451520450e+01 4.309717745195687510e-01 1.488895805909945630e+05
1.240712852449250114e+01 4.490936631212133490e-01 1.225770085871117044e+05
1.233671005701545376e+01 4.678094708540104785e-01 1.007311711874769098e+05
1.227279096904959488e+01 4.871428916217642180e-01 8.282671278209744196e+04
1.221241309542731912e+01 5.070528520411476947e-01 6.829841213571671688e+04
1.216030746451674638e+01 5.275935556359623302e-01 5.627537481706832477e+04
1.210778449787069100e+01 5.487390773112100772e-01 4.655108474722794926e+04
1.206374533752824618e+01 5.704921767124843113e-01 3.840170037230146409e+04
1.202201270368595409e+01 5.927706757916064717e-01 3.178061183277138480e+04
1.198300023489473531e+01 6.155112080623302839e-01 2.632013772933872679e+04
1.194700457366493573e+01 6.384286038274558095e-01 2.192474982877982984e+04
1.191319606167115097e+01 6.611632390449809771e-01 1.835943285196440047e+04
1.188049773509470342e+01 6.830885674277235031e-01 1.550146953531579857e+04
1.184782939273296698e+01 7.034906407224120750e-01 1.325332495518143878e+04
1.181336949238039224e+01 7.208486280514529998e-01 1.158611947370280359e+04
1.177577447075728401e+01 7.369624533487902918e-01 1.016469108979689736e+04
1.173310918810117265e+01 7.536308172609873512e-01 8.891745768438544474e+03
1.168837155031999941e+01 7.713233111560555688e-01 7.714964145847217878e+03
1.164127776699934813e+01 7.903284065694958782e-01 6.638562575227188972e+03
1.159295708813663772e+01 8.107749998915878553e-01 5.679853131042045788e+03
1.154576173449944498e+01 8.327838937218058346e-01 4.821302173557329297e+03
1.150012198106287364e+01 8.564557253228046729e-01 4.066012237562115388e+03
1.145567870888309869e+01 8.818347104435323436e-01 3.407686076564789801e+03
1.141182327158489507e+01 9.089659531939846548e-01 2.842711916861659120e+03
1.137318479225291412e+01 9.378510017419064981e-01 2.346569584185299391e+03
1.133595518211023112e+01 9.684884417445137617e-01 1.947339101307756891e+03
1.130193430024826817e+01 1.000849916946631835e+00 1.605271129856160314e+03
1.127034730077814473e+01 1.034904077220099250e+00 1.318445140427032811e+03
1.124454440474917227e+01 1.070589937179281526e+00 1.081668042437829854e+03
1.122273398221778251e+01 1.107834257950827128e+00 8.861674382142250579e+02
1.120261134438913153e+01 1.146556345187829118e+00 7.247717515477332881e+02
1.118267035109264995e+01 1.186657493159476440e+00 5.932847915348324932e+02
1.116880714008177833e+01 1.228041824395391668e+00 4.850111811798696522e+02
1.115809565127966962e+01 1.270577274234153675e+00 3.970201813679447582e+02
1.114865132454041330e+01 1.314146337160409406e+00 3.252669308099237355e+02
1.114132277348798539e+01 1.358612128475056746e+00 2.669834616796950399e+02
1.113565257811580800e+01 1.403758432243580323e+00 2.194814951393742319e+02
1.113232925243706539e+01 1.449389172385270985e+00 1.806996281296060545e+02
1.112827214007841725e+01 1.495248745868001938e+00 1.492434136009989345e+02
1.112605696072726857e+01 1.541129497414234217e+00 1.236700741265720040e+02
1.112378851260818635e+01 1.586801931744042937e+00 1.028017071741573716e+02
1.112069482054736014e+01 1.632031525522826598e+00 8.575198283104771235e+01
1.111706047311736967e+01 1.676622005512829805e+00 7.188346914604538540e+01
1.111266450290751173e+01 1.720378654391906847e+00 6.017911860879793551e+01
1.110608628123960173e+01 1.763079235604739337e+00 5.084337209240146649e+01
1.109859084255156780e+01 1.804583608800157446e+00 4.329870811073663361e+01
1.108938274095779519e+01 1.844714669425824294e+00 3.689585846226746213e+01
1.107732413212086797e+01 1.883324746080066392e+00 3.157347629077926499e+01
1.106462285925753619e+01 1.920236528533106224e+00 2.712713357277821657e+01
1.104765742317645483e+01 1.955398675651631279e+00 2.344093151317464674e+01
1.102893094286136844e+01 1.988652946462796223e+00 2.032603379877823357e+01
1.100782504844509546e+01 2.019968211080378495e+00 1.766348081321068975e+01
1.098373765829166970e+01 2.049251237993738872e+00 1.552645294623131456e+01
1.095720590079488410e+01 2.076436871654838257e+00 1.365352463513169212e+01
1.092705243161665685e+01 2.101510154511650352e+00 1.203254362861949645e+01
1.089589735892836408e+01 2.124457705172826838e+00 1.071607328146101423e+01
1.085996657572262869e+01 2.145249034833534907e+00 9.561659086611998148e+00
1.082231702105443638e+01 2.163902774272176366e+00 8.541189027463493844e+00
1.078224564743840119e+01 2.180434767418187647e+00 7.713162994708162579e+00
1.073940998535571012e+01 2.194859502250407157e+00 6.972407160586738151e+00
1.069446651615365518e+01 2.207233014943350113e+00 6.337041828861445403e+00
1.064704245857458531e+01 2.217588143732788897e+00 5.779523537145736078e+00
1.059743858794181293e+01 2.225990858102444570e+00 5.296224063076783395e+00
1.054529317156469936e+01 2.232486625398700131e+00 4.872842580139455038e+00
1.049236868668736378e+01 2.237154651410781181e+00 4.506471493724238719e+00
1.043693477871523356e+01 2.240054697430120534e+00 4.172737613801672296e+00
1.038016064388611248e+01 2.241274679042134288e+00 3.897717367275659761e+00
1.032227805583305091e+01 2.240879371437537682e+00 3.649185684589423051e+00
1.026275092264957500e+01 2.238958832769892382e+00 3.428584529326341279e+00
1.020257777431963575e+01 2.235582832391338037e+00 3.233958264120876613e+00
1.014128648812331335e+01 2.230854367280427297e+00 3.057403066954944570e+00
1.007939594243290671e+01 2.224841931884380397e+00 2.907861260595859143e+00
1.001685490845105342e+01 2.217633588467053052e+00 2.773795457689073096e+00
9.953716560969025906e+00 2.209313164707009669e+00 2.662897503513628195e+00
9.890609871190509494e+00 2.199968085976549137e+00 2.561191106616626634e+00
9.827187728925098398e+00 2.189683755619436845e+00 2.465456427100504389e+00
9.764103685804235155e+00 2.178530056019327255e+00 2.388642684804234140e+00
9.701200951231609082e+00 2.166587363875450478e+00 2.325941434515503836e+00
9.638642598594660882e+00 2.153945184740106544e+00 2.267992238247791725e+00
9.576893452165496257e+00 2.140685935855644928e+00 2.212623268031832957e+00
9.515567517779091489e+00 2.126871139054264948e+00 2.173529623722127102e+00
9.455218605917162122e+00 2.112574522389711884e+00 2.140643663804906893e+00
9.395838213511856551e+00 2.097860864369895051e+00 2.119687826233424666e+00
9.338030018717001113e+00 2.082836847755174414e+00 2.098343830956884926e+00
