1.550982551689759603e+01 2.191799393479931801e-01 3.683552447462830693e+06
1.519134197082134108e+01 2.277036266738208525e-01 3.068072473348483909e+06
1.490834021461745174e+01 2.366135101477438163e-01 2.564393521454237401e+06
1.462427577875448215e+01 2.459134876655835467e-01 2.109300017131434754e+06
1.437607181224466757e+01 2.556128863395468187e-01 1.754305390497963410e+06
1.415586818329002661e+01 2.657266177415953390e-01 1.462928672003524378e+06
1.394218704740349857e+01 2.762648996757448017e-01 1.213807183416201733e+06
1.375599247196178077e+01 2.872389618573881753e-01 1.009603146153318812e+06
1.357743986519188439e+01 2.986652266999119121e-01 8.418774314762743888e+05
1.341186315095316139e+01 3.105143622002590753e-01 6.982293830978310434e+05
1.326824423323858859e+01 3.228272887744622621e-01 5.818401599622983485e+05
1.313545591746368579e+01 3.356172500882907417e-01 4.854708894913530676e+05
1.301000972210434625e+01 3.488807022030771532e-01 4.042474293494565063e+05
1.289564913098332788e+01 3.626336475599734044e-01 3.372260227115939488e+05
1.279080188855406064e+01 3.768661267869496401e-01 2.810644126921325224e+05
1.269830095475909637e+01 3.915994264016093851e-01 2.343326567175987584e+05
1.260716470478069873e+01 4.068350040771027132e-01 1.957150791033320420e+05
1.252435112210336321e+01 4.225652338997470947e-01 1.637937887856228917e+05
1.245000172016851536e+01 4.388093944529466439e-01 1.364896281329603808e+05
1.238243852142463375e+01 4.555721391282377963e-01 1.130263714744752797e+05
1.231893731045997065e+01 4.728441453301367448e-01 9.578712517480200040e+04
1.226130183712091259e+01 4.906123109844611752e-01 8.000852252466177742e+04
1.220847791842536978e+01 5.088772546409002784e-01 6.713128693437650509e+04
1.215939221637183643e+01 5.276603910040610357e-01 5.627847896062538348e+04
1.211438022809671011e+01 5.469488303583035504e-01 4.722433505788321054e+04
1.206952093923306535e+01 5.667427385881581570e-01 3.966819298322879331e+04
1.202863707228947554e+01 5.869740831486546240e-01 3.338325624645233620e+04
1.199589459618045773e+01 6.077477308937977440e-01 2.806918068286179187e+04
1.196228777056099801e+01 6.290828875865784875e-01 2.363042606191345476e+04
1.192989777416878105e+01 6.510755323128015748e-01 1.987753404208978827e+04
1.190132298298436275e+01 6.737563089655205228e-01 1.674608563568156023e+04
1.187444711833427746e+01 6.971971739063574924e-01 1.397889120378071129e+04
1.184819374926838442e+01 7.214071837946651744e-01 1.181698198423296708e+04
1.182452978723557457e+01 7.464027515547458913e-01 9.936675458237428757e+03
1.180779826640812580e+01 7.722110379646854872e-01 8.332941964011064556e+03
1.178754376395023407e+01 7.988412211423162601e-01 6.995502356901074563e+03
1.177041782458908870e+01 8.262997831743758015e-01 5.867279571027840575e+03
1.175480792560139776e+01 8.545685855469499215e-01 4.921950924343207589e+03
1.174124888381245668e+01 8.836413765447552748e-01 4.128010347692663345e+03
1.172766549351725729e+01 9.135120484390143458e-01 3.461897465487419140e+03
1.171918070848483495e+01 9.441521803672624502e-01 2.883329376928827060e+03
1.170864951020263511e+01 9.755148760281761033e-01 2.441178107505767457e+03
1.170052928974998530e+01 1.007588718134590389e+00 2.049641811200194752e+03
1.169468684577876161e+01 1.040338912877893707e+00 1.721656317054977535e+03
1.168734923525761360e+01 1.073709353632505525e+00 1.449324580873255854e+03
1.168359388648060815e+01 1.107670636737728476e+00 1.220488064219457328e+03
1.167514248874588034e+01 1.142143945762898793e+00 1.029458565062137723e+03
1.167316072848219299e+01 1.177089859719702369e+00 8.679201691430729397e+02
1.166554069324225651e+01 1.212452261459545655e+00 7.328022694800753243e+02
1.166467147713256125e+01 1.248166117805871167e+00 6.204357204848603260e+02
1.165597804065165199e+01 1.284162984379876526e+00 5.253057601895336575e+02
1.165033630864914116e+01 1.320374075420939652e+00 4.427998209325558037e+02
1.164514090930052426e+01 1.356735747702523698e+00 3.786964096074505619e+02
1.164037582684006011e+01 1.393169010762589810e+00 3.223781748961806670e+02
1.163140135104075235e+01 1.429620572789494615e+00 2.751124602538490649e+02
1.162418273042454153e+01 1.465977325441073287e+00 2.346581090921872885e+02
1.161519268676044803e+01 1.502199849835051726e+00 2.003312859802366006e+02
1.160540054419659484e+01 1.538200906146813152e+00 1.722136777170594257e+02
1.159411677376256833e+01 1.573911725756800051e+00 1.471794940310328457e+02
1.158149166702722610e+01 1.609259153431665590e+00 1.266785989210591623e+02
1.156796764954350998e+01 1.644157938802195851e+00 1.092128646942256864e+02
1.155306577231562493e+01 1.678561491690319762e+00 9.495684507800010010e+01
1.153714961619005841e+01 1.712395770818161189e+00 8.214192687974212959e+01
1.151931119361642786e+01 1.745578958864436592e+00 7.133373508859030210e+01
1.149960048544498648e+01 1.778062520516192402e+00 6.202895605410819968e+01
1.147860756111791325e+01 1.809798991191656325e+00 5.403036083280866109e+01
1.145595422077924219e+01 1.840714447574126167e+00 4.724104065183929180e+01
1.143189936152706387e+01 1.870764785878016978e+00 4.130632024175462647e+01
1.140617195904001946e+01 1.899900264592895516e+00 3.630809705112383767e+01
1.137925295511209356e+01 1.928081673652685346e+00 3.192109321951486578e+01
1.134996832013337276e+01 1.955265627983941545e+00 2.812536121796143718e+01
1.131939011295205155e+01 1.981431994416696263e+00 2.484764676022309615e+01
1.128733259517258603e+01 2.006527806903497968e+00 2.199956245248874964e+01
1.125355254466057353e+01 2.030537576575725645e+00 1.952471504825257398e+01
1.121881495220659630e+01 2.053433527526383973e+00 1.737142378931254427e+01
1.118130993892050284e+01 2.075164932129430539e+00 1.548613143287217753e+01
1.114304184304092438e+01 2.095594591928245265e+00 1.383518774451956190e+01
1.110424546535859314e+01 2.114591565222909253e+00 1.243955590844164583e+01
1.106308442216443488e+01 2.132011876261760808e+00 1.116941750611680462e+01
1.102055323235407158e+01 2.147733878898789861e+00 1.013363197321822007e+01
1.097613234088473710e+01 2.161575073929388413e+00 9.209907355543156982e+00
1.093056637811679543e+01 2.173458301742326348e+00 8.391712152626915611e+00
1.088323723143732380e+01 2.183333289924331844e+00 7.723248557882164356e+00
1.083437962083785600e+01 2.191299566422038492e+00 7.126003742663502116e+00
1.078373992379238366e+01 2.197312047149083458e+00 6.605517707760061086e+00
1.073150205441427296e+01 2.201480092593847360e+00 6.150388438917567591e+00
1.067780701624605122e+01 2.203820875704826765e+00 5.740632400328204987e+00
1.062389176992092210e+01 2.204430323186942431e+00 5.400395616772432739e+00
1.056716168411396417e+01 2.203388107148142705e+00 5.098764576709021057e+00
1.051000040668392366e+01 2.200760323547096942e+00 4.840854056772699643e+00
1.045210299407717791e+01 2.196619441213543578e+00 4.613289094543719493e+00
1.039411188402154629e+01 2.191017374615586100e+00 4.417008470280921806e+00
1.033522410999933072e+01 2.184107729649441332e+00 4.248255872746713457e+00
1.027660840113161100e+01 2.175936179175633089e+00 4.105665801393688419e+00
1.021832782445991405e+01 2.166629406673196367e+00 3.987269316389801421e+00
1.016077717291083893e+01 2.156269287193230522e+00 3.899163982554159080e+00
1.010372549310710433e+01 2.145000915048230095e+00 3.821651212077692872e+00
1.004880907984513172e+01 2.132930683481055745e+00 3.757129750823514414e+00
9.996082767019142779e+00 2.120260767359917864e+00 3.718016553703961780e+00
9.946309274850223758e+00 2.107217355687133864e+00 3.697868848440377665e+00
