2.191799393479931801e-01 1.550982551689759603e+01 3.683552447462830693e+06
2.263474470001690664e-01 1.523279558520965260e+01 3.152029076605695765e+06
2.337715236549096909e-01 1.498175457807125532e+01 2.693669514371513855e+06
2.414931797003637970e-01 1.475668225146764811e+01 2.311919526419613045e+06
2.494726763639507627e-01 1.453270566056193935e+01 1.976779923477866920e+06
2.577509315468612949e-01 1.436848621027859885e+01 1.709180752934713848e+06
2.663254421613298062e-01 1.413205526626907904e+01 1.447122807127208915e+06
2.752018208581685221e-01 1.399208587727965103e+01 1.235468616608501878e+06
2.843956566122690099e-01 1.380040969916585070e+01 1.050798955726345303e+06
2.938847278505460348e-01 1.365154904680747272e+01 9.078028485923627159e+05
3.036866045965746497e-01 1.350538844743159395e+01 7.771463315417510457e+05
3.138317867206902312e-01 1.337427160743407306e+01 6.658915649982816540e+05
3.242876992024048000e-01 1.325156893422396642e+01 5.698139493712550029e+05
3.350815107500290102e-01 1.313943563601080378e+01 4.890451092792640557e+05
3.462132670711148830e-01 1.303281281937954006e+01 4.188260458916499047e+05
3.576906938915343503e-01 1.293617367019999165e+01 3.591326263427033555e+05
3.695124217348515483e-01 1.284667659408189344e+01 3.082771980834160349e+05
3.817015432280764786e-01 1.275741841414906119e+01 2.644225951992610353e+05
3.942135960335174105e-01 1.268089215093316291e+01 2.269282808821874205e+05
4.070950079200074123e-01 1.260392135126372715e+01 1.952732354543410183e+05
4.203276548233864096e-01 1.253950302293177899e+01 1.673468378333598084e+05
4.339378130380168730e-01 1.247032471496883232e+01 1.425779549425841833e+05
4.479059664677064734e-01 1.241377838701325764e+01 1.240362457139585895e+05
4.622373593395849856e-01 1.236015730362406728e+01 1.064688242780517612e+05
4.769161608648307960e-01 1.230728359788232851e+01 9.153371826020746084e+04
4.919563860587891635e-01 1.225832557914124266e+01 7.899397550718925777e+04
5.073529672366793308e-01 1.221163726686918594e+01 6.804420659548339609e+04
5.231179580319029743e-01 1.217081604122589766e+01 5.868416164344797289e+04
5.392423402517415587e-01 1.213055004018000815e+01 5.068002424267557944e+04
5.557262241956991700e-01 1.209452886520200998e+01 4.363001921750777547e+04
5.725366947183632149e-01 1.205980036046484294e+01 3.771302322847588221e+04
5.897002789496481601e-01 1.202605413517247790e+01 3.263446926849449665e+04
6.072435255895701767e-01 1.199710238064893097e+01 2.817072678080961850e+04
6.251939566248548852e-01 1.196864332122946983e+01 2.418550283841370037e+04
6.436432520688165626e-01 1.193966277435161061e+01 2.107324901543361557e+04
6.626098784826662813e-01 1.191545395945918351e+01 1.821273832987091009e+04
6.821127495262616636e-01 1.189165634904648172e+01 1.571599223031564907e+04
7.022001589481359218e-01 1.186901023414636569e+01 1.349264382962795025e+04
7.228803043539239193e-01 1.184859972723711508e+01 1.170958138084529128e+04
7.441998772740198165e-01 1.182807029466580495e+01 1.009309931136238629e+04
7.661269024170784814e-01 1.181376893412621598e+01 8.692768472149378795e+03
7.886858858030929564e-01 1.179726063153522020e+01 7.495666148836196953e+03
8.118908554762325203e-01 1.178243785477818584e+01 6.446781763085367857e+03
8.357533916706471055e-01 1.177082811344808988e+01 5.546893070732064189e+03
8.602238360896921066e-01 1.175629550956088742e+01 4.775516770369044934e+03
8.853460998873490251e-01 1.174758555235568025e+01 4.111084894135346076e+03
9.110654430816021998e-01 1.174084855926961524e+01 3.535832310327367850e+03
9.374106525672173396e-01 1.173234163934900565e+01 3.045601622390518060e+03
9.643485847632847774e-01 1.172495421074224708e+01 2.620278188041324938e+03
9.918376443845687840e-01 1.172543039670241960e+01 2.256224591512910138e+03
1.019887294791366639e+00 1.171517922186142258e+01 1.942584187079740104e+03
1.048463842789977285e+00 1.171066166656342844e+01 1.673995358884089001e+03
1.077540783423228454e+00 1.170728515054728369e+01 1.443496738809761609e+03
1.107083903084508325e+00 1.170647033943801496e+01 1.246232843075055371e+03
1.137072675793053822e+00 1.170364732127217522e+01 1.075453845171105058e+03
1.167464813139377666e+00 1.170168346596316589e+01 9.292742731157482012e+02
1.198223128504345869e+00 1.170032484700315401e+01 8.032860416900991822e+02
1.229303191554623309e+00 1.170055016823691219e+01 6.954999425743768597e+02
1.260676926715592616e+00 1.169903659840509214e+01 6.014199410773004502e+02
1.292296518579770348e+00 1.169952597296055075e+01 5.221775624072174651e+02
1.324128496722149828e+00 1.169798997612196878e+01 4.503300303183674487e+02
1.356114949814888559e+00 1.169593636753408816e+01 3.941637023772796624e+02
1.388207703040813312e+00 1.169278253110727128e+01 3.426846023149517464e+02
1.420370736447588378e+00 1.169105311131637315e+01 2.986613914344707723e+02
1.452562256028945065e+00 1.168830047155011620e+01 2.602722866990549164e+02
1.484720462938374785e+00 1.168536347597170888e+01 2.274569731764085532e+02
1.516792272372681438e+00 1.168122705682155171e+01 1.989277693276304149e+02
1.548752667552504958e+00 1.167723077632623330e+01 1.742792029965551706e+02
1.580534028883023634e+00 1.167211379290576723e+01 1.527883080445540145e+02
1.612097707699217120e+00 1.166709672545842302e+01 1.341535654412122085e+02
1.643388062675160910e+00 1.165828902015018542e+01 1.180612178918856756e+02
1.674278448092406002e+00 1.165069448386035944e+01 1.039937313608357385e+02
1.704591272109807987e+00 1.164276739158010621e+01 9.186932901889480263e+01
1.734156909233021793e+00 1.163067601257346340e+01 8.138546664819322984e+01
1.762784315788515244e+00 1.161893289699495568e+01 7.220752912806634072e+01
1.790260511003893162e+00 1.160546957468770302e+01 6.440835796835969518e+01
1.816375322797541880e+00 1.159014770454160725e+01 5.735851032933759797e+01
1.840784113619894802e+00 1.157265130873714298e+01 5.154639563371960520e+01
1.863159205021621689e+00 1.155249271851541870e+01 4.679586848011679479e+01
1.882916385754293431e+00 1.152982064486250380e+01 4.265147455924954301e+01
1.899712806894070960e+00 1.150443806122942547e+01 3.919107194370992175e+01
1.913698043902664292e+00 1.147575141339317639e+01 3.626747237876603691e+01
1.924950846563167506e+00 1.144475312463838890e+01 3.378512316100803758e+01
1.933805709757312252e+00 1.140963412845808378e+01 3.169589525447224787e+01
1.940282115016460862e+00 1.137254835204509362e+01 2.990561659059371635e+01
1.944657950437648664e+00 1.133314810715620347e+01 2.836084068905618949e+01
1.947080920539951077e+00 1.129110448886427420e+01 2.703768008228724895e+01
1.947690932900889571e+00 1.124738645197812481e+01 2.590363058566832777e+01
1.946640367361398560e+00 1.120208282323134164e+01 2.490791221624455432e+01
1.944068290079082884e+00 1.115493236890020867e+01 2.405577800486699047e+01
1.940092803595875548e+00 1.110728444998263598e+01 2.335032158664536439e+01
1.934874286126359255e+00 1.105930302485443306e+01 2.271328633909172723e+01
1.928473734294615882e+00 1.100968631823917576e+01 2.213012217209592336e+01
1.921096595177891775e+00 1.096084034536413654e+01 2.171281954470315512e+01
1.912783402533309030e+00 1.091125444700732494e+01 2.144698719335980641e+01
1.903702955001800978e+00 1.086284993627089612e+01 2.116658360975408826e+01
1.894010327110285052e+00 1.081470356590881821e+01 2.098414664214238101e+01
1.883656310690199787e+00 1.076898896821272444e+01 2.084970433275649171e+01
1.872969869000916887e+00 1.072283233541052461e+01 2.080069011216692232e+01
1.862015421445140539e+00 1.068016522409567592e+01 2.081077618573698729e+01
