1.550982551689759603e+01 2.191799393479931801e-01 3.683552447462830693e+06
1.521372732188784305e+01 2.279135770391032545e-01 3.085416905878533609e+06
1.487490901325619674e+01 2.370577595752472455e-01 2.520479216117986944e+06
1.460265184079096912e+01 2.465975224686408340e-01 2.082702483196066692e+06
1.435758304191798551e+01 2.565639999303906960e-01 1.729260438023400260e+06
1.412222536118755301e+01 2.669674794683503660e-01 1.427863999233523849e+06
1.391249898344424452e+01 2.778163958200726147e-01 1.181243659971695859e+06
1.372119438186971507e+01 2.891230535467135265e-01 9.798565315048750490e+05
1.354414341426024038e+01 3.008935252342894162e-01 8.105381851529970299e+05
1.338680097556197879e+01 3.131248152747247993e-01 6.721434158896472072e+05
1.324105721977331385e+01 3.258533686289005193e-01 5.578008298529542517e+05
1.310265965195605098e+01 3.390668547482801332e-01 4.625365434457797091e+05
1.298344900169152893e+01 3.527850129682924551e-01 3.833380794200882083e+05
1.286387726791447328e+01 3.670094512606084658e-01 3.183410725370575674e+05
1.275754063890987311e+01 3.817714774103577735e-01 2.641883941842727945e+05
1.266418121440632483e+01 3.970317647479212897e-01 2.193564331514488149e+05
1.257536048690226238e+01 4.128119331117906521e-01 1.826284791702792572e+05
1.249654129246300549e+01 4.291285756553116504e-01 1.516641076142555976e+05
1.242034378792191518e+01 4.459870589886171799e-01 1.263793241757908545e+05
1.235527332173311521e+01 4.633847209053702509e-01 1.052958858921478241e+05
1.229118407814677916e+01 4.813007927643702666e-01 8.777899868818074174e+04
1.223503224262346478e+01 4.997377841092122130e-01 7.321526382621887024e+04
1.218198996078680985e+01 5.187177802385022352e-01 6.106042122101488349e+04
1.213505615618953115e+01 5.382306625287698321e-01 5.104629948997936299e+04
1.208883344677456861e+01 5.582725012704080614e-01 4.272090889239846729e+04
1.204882749304932510e+01 5.788054544943099788e-01 3.541803076140653138e+04
1.200981565188076239e+01 5.998535791697244823e-01 2.993434914368254249e+04
1.197436864512392241e+01 6.215100512016403789e-01 2.506629461504388019e+04
1.193716730228018541e+01 6.438718070873803434e-01 2.105282805465257115e+04
1.190923224299802818e+01 6.670040909102773474e-01 1.759596759394310720e+04
1.188225495457685987e+01 6.909621402939564172e-01 1.473814371279075203e+04
1.185633665843337958e+01 7.158177206776074053e-01 1.233106314386807389e+04
1.183275125767384495e+01 7.415743735730491171e-01 1.028032272532817296e+04
1.181021197279866541e+01 7.682673654098384208e-01 8.582120062222069464e+03
1.179292382801985006e+01 7.959085256539836228e-01 7.152354203319888256e+03
1.177478703013427008e+01 8.245323964494777336e-01 5.966635110623119544e+03
1.176376878796234315e+01 8.540923700823485065e-01 4.921223229196039028e+03
1.175035870251542569e+01 8.846105407738946713e-01 4.136197450274058610e+03
1.173994117551263550e+01 9.160534156881904311e-01 3.444427511363748636e+03
1.173196316147211782e+01 9.484075185664444518e-01 2.843720005342209788e+03
1.172577377931720299e+01 9.816529649819342174e-01 2.387633026518389215e+03
1.172406175223727409e+01 1.015721825942002665e+00 1.975741800409814232e+03
1.171514700914224782e+01 1.050591757412669081e+00 1.660964129332726088e+03
1.171087752621378542e+01 1.086217635873091503e+00 1.379856603572083259e+03
1.170835841732107419e+01 1.122535829557795628e+00 1.158811965961412170e+03
1.170775975478613695e+01 1.159508404566976125e+00 9.685430933648990504e+02
1.170657931583175326e+01 1.197048738127873824e+00 8.113589898409679790e+02
1.170572605414911038e+01 1.235077848118586008e+00 6.809141021980010464e+02
1.170604009369326626e+01 1.273546382859531256e+00 5.712945506348818299e+02
1.170724424504005157e+01 1.312375343704744957e+00 4.804144703436934378e+02
1.170631470860963397e+01 1.351497284028900348e+00 4.051192027627064363e+02
1.170479885115447161e+01 1.390794791353483273e+00 3.412435730983110602e+02
1.170050624718393628e+01 1.430192844305886890e+00 2.884253601482057547e+02
1.169746505910939405e+01 1.469641760736309255e+00 2.445568828785629876e+02
1.169762300988213077e+01 1.509000007337705007e+00 2.074993857103589221e+02
1.169117284038835436e+01 1.548223678405422188e+00 1.764464219420671043e+02
1.168517637344882054e+01 1.587202131147685824e+00 1.504282264408645062e+02
1.167834692377553552e+01 1.625869702846232334e+00 1.283565681280317960e+02
1.167041066430238772e+01 1.664113428128913386e+00 1.092888173951660917e+02
1.166101941263792696e+01 1.701805869172163366e+00 9.422038323416494165e+01
1.164977041800589497e+01 1.738786341942747615e+00 8.066897217376926221e+01
1.163659649746806934e+01 1.774914420366819900e+00 6.993152494426760768e+01
1.162171603013489829e+01 1.810055786123897947e+00 6.052949501640461705e+01
1.160491613404887268e+01 1.844078979564635734e+00 5.230327990933655258e+01
1.158554578035094806e+01 1.876855671884447352e+00 4.576134999473255505e+01
1.156409947621586554e+01 1.908297495863561899e+00 4.000874740800119156e+01
1.154090408977311633e+01 1.938317385882960764e+00 3.508257981428970851e+01
1.151480389019244122e+01 1.966808659826201344e+00 3.074820125249014069e+01
1.148693669368266335e+01 1.993715185093736020e+00 2.727993201068581186e+01
1.145565294751465757e+01 2.018985096696383597e+00 2.419325151613278635e+01
1.142259178046305301e+01 2.042559982945582497e+00 2.153892562719433101e+01
1.138675180735821613e+01 2.064414428261184042e+00 1.924894327746078204e+01
1.134865104107764289e+01 2.084527150045114574e+00 1.725687568515185433e+01
1.130832360383994661e+01 2.102892610780667138e+00 1.552784092979991648e+01
1.126587178935356981e+01 2.119495972409723095e+00 1.402254299992489273e+01
1.122080770706304520e+01 2.134337308374556041e+00 1.268779168721631656e+01
1.117344280669519030e+01 2.147459772165484004e+00 1.157272678604605964e+01
1.112383575163413241e+01 2.158870976291628274e+00 1.056897539535257557e+01
1.107289673252956774e+01 2.168612150346501011e+00 9.686231369967037708e+00
1.101948805600356351e+01 2.176700647137158384e+00 8.912685584335354960e+00
1.096474535092140101e+01 2.183190543667140382e+00 8.225115342752920000e+00
1.090833667193245482e+01 2.188134425600295696e+00 7.598630108940030325e+00
1.085012184101577581e+01 2.191574390936344763e+00 7.061661717839192498e+00
1.079093080651571768e+01 2.193560911117260481e+00 6.604590421095101860e+00
1.073004981473586916e+01 2.194159120933999674e+00 6.164600137336962327e+00
1.066828085173478868e+01 2.193390718341938328e+00 5.788587830874157625e+00
1.060638051755620737e+01 2.191303751635663488e+00 5.469505157760750080e+00
1.054306527127166682e+01 2.187943152431300220e+00 5.158906772455327250e+00
1.047865560605633739e+01 2.183348868763792083e+00 4.910476123499698531e+00
1.041424237340579850e+01 2.177575502364155202e+00 4.667553941637630821e+00
1.035004323451796893e+01 2.170685439612439094e+00 4.474828153662941510e+00
1.028579081290545361e+01 2.162726102550882601e+00 4.285515643524375307e+00
1.022137460467685344e+01 2.153754539798367951e+00 4.129843480686452573e+00
1.015790621897791546e+01 2.143865846656758389e+00 3.997556012223855149e+00
1.009440858299342203e+01 2.133096950181927909e+00 3.881563889431915104e+00
1.003264781053079879e+01 2.121555445260065120e+00 3.787593272107838249e+00
9.971069374202583546e+00 2.109291503558734515e+00 3.707729177451155600e+00
9.911771323564877889e+00 2.096436189839108621e+00 3.645798370326539750e+00
9.853687264909167354e+00 2.083069109934344798e+00 3.601421197152235187e+00
9.798499057711335780e+00 2.069320783167580391e+00 3.584326963349727446e+00
