1.550982551689759603e+01 2.191799393479931801e-01 3.683552447462830693e+06
1.518961824421069196e+01 2.276844944796392878e-01 3.059144429076526780e+06
1.489750797183588205e+01 2.365727583934086331e-01 2.544183000723398756e+06
1.463352361773497812e+01 2.458510894362712362e-01 2.113510279765128624e+06
1.437902737534163933e+01 2.555252343474452292e-01 1.757806560485259863e+06
1.415083669196940974e+01 2.656121243983880498e-01 1.463962968413548544e+06
1.394508948024936856e+01 2.761223391793236615e-01 1.219872132961074589e+06
1.375392083160881285e+01 2.870731337482748668e-01 1.002320821113756741e+06
1.358241804690135091e+01 2.984622145775580604e-01 8.430014535386441275e+05
1.341657734663066748e+01 3.102657168472255922e-01 7.017960035077771172e+05
1.327013810114938153e+01 3.225497603504573485e-01 5.851926722771008499e+05
1.314173525611861848e+01 3.353008841505004112e-01 4.873231000251302612e+05
1.301414893567270958e+01 3.485228509681110309e-01 4.062970152305238880e+05
1.290059788954916975e+01 3.622282423314628352e-01 3.384146965536919888e+05
1.279707437072394960e+01 3.764169618679960583e-01 2.829169987189985113e+05
1.269816368788949035e+01 3.911041974347931327e-01 2.341312242814522469e+05
1.261252334146044873e+01 4.062877400702297193e-01 1.968367294324047398e+05
1.253051611278701571e+01 4.219700940371992059e-01 1.645031342244486732e+05
1.245334161543988927e+01 4.381537908210354493e-01 1.376005721251526265e+05
1.238612209864654545e+01 4.548541299844451880e-01 1.152278174827187468e+05
1.232413221449981577e+01 4.720697685501347718e-01 9.630820152570965001e+04
1.226445303559659905e+01 4.897770998797781883e-01 8.066431787731579971e+04
1.221151725806956101e+01 5.079760257902824483e-01 6.770458530893965508e+04
1.215931220228922172e+01 5.266923683161263137e-01 5.688959318061292288e+04
1.211482987998198979e+01 5.459122885720646412e-01 4.762189303876478516e+04
1.207349645001287897e+01 5.656347880959633478e-01 4.000006430909315532e+04
1.203079681116926380e+01 5.858004698604495353e-01 3.371548940556724119e+04
1.199847304039005458e+01 6.065065499934964022e-01 2.835367118968596697e+04
1.196572432588513379e+01 6.278173832094371409e-01 2.386447616341991306e+04
1.193303855005548542e+01 6.497917142810147872e-01 2.009530542728044747e+04
1.189990119196923679e+01 6.725398072399282334e-01 1.690657356265020280e+04
1.187275271760038464e+01 6.961124791736725825e-01 1.421967440816688941e+04
1.185253513882703302e+01 7.205366690814465347e-01 1.190587309609927797e+04
1.182950381567969700e+01 7.458215517931061633e-01 9.991065224436812059e+03
1.180839997191563917e+01 7.720329061640509583e-01 8.368887695149105639e+03
1.179213188020733227e+01 7.991536183897990364e-01 7.001207431299949349e+03
1.177747919643539021e+01 8.272146334811130153e-01 5.858384067199839592e+03
1.176022263751883479e+01 8.561697619304611262e-01 4.881425768527989931e+03
1.174879361742857498e+01 8.860580238152647725e-01 4.101223486089401376e+03
1.174223935800496932e+01 9.168305435364738631e-01 3.428177276752245234e+03
1.173480182568622254e+01 9.484889780434523354e-01 2.868794717301160745e+03
1.172703719329676986e+01 9.809864589504034837e-01 2.400093262776556912e+03
1.172160368064656311e+01 1.014296461821216466e+00 2.009056184141356198e+03
1.171765800045126049e+01 1.048376429725787373e+00 1.683870733546124711e+03
1.171375956488798131e+01 1.083189927859535606e+00 1.412976772206086707e+03
1.171278022668614049e+01 1.118680996613227174e+00 1.184287820593256356e+03
1.171174560577675727e+01 1.154802256412540418e+00 9.936546171334433666e+02
1.171093778958407938e+01 1.191498510817951662e+00 8.349215740607490943e+02
1.171038281055492725e+01 1.228693983733366135e+00 7.030887758539857941e+02
1.171235533635069892e+01 1.266301408205057655e+00 5.927235252557010199e+02
1.171277505626335547e+01 1.304289699545621239e+00 4.982164718032115047e+02
1.171425711105717760e+01 1.342578818786577033e+00 4.228877010870062918e+02
1.171198940962099755e+01 1.381077139560354716e+00 3.578451466762743962e+02
1.171226371073164785e+01 1.419709786245326510e+00 3.036417048537187497e+02
1.170837465354447637e+01 1.458405096065690909e+00 2.570126385408548799e+02
1.170845562848336208e+01 1.497072858699261655e+00 2.195434811875240655e+02
1.170476205692557059e+01 1.535632426756885938e+00 1.873055199950346434e+02
1.169868845621956943e+01 1.573999761929233410e+00 1.600310692582768581e+02
1.169337379598174920e+01 1.612111643157275287e+00 1.370002076976017804e+02
1.168670699970924254e+01 1.649867066894029843e+00 1.175541936862682348e+02
1.167913424062396288e+01 1.687194893217772940e+00 1.010552393891075269e+02
1.166860801846161699e+01 1.724016104192993115e+00 8.711924277294988883e+01
1.165823776006623902e+01 1.760265926761782840e+00 7.523812749892245222e+01
1.164594607124648284e+01 1.795861404722978838e+00 6.477074855602894843e+01
1.163178984918852699e+01 1.830736248358431073e+00 5.642805641974482711e+01
1.161602021493639647e+01 1.864827882919861901e+00 4.912324682524560870e+01
1.159885176996217382e+01 1.898042207320763231e+00 4.280963815213355872e+01
1.158024498711258232e+01 1.930250552378214968e+00 3.719968923044330467e+01
1.155956962598111204e+01 1.961317200063248167e+00 3.274026190802938885e+01
1.153715227310392244e+01 1.991132357534768804e+00 2.877905850667320564e+01
1.151219475581897811e+01 2.019559417604463558e+00 2.538235600486181553e+01
1.148525620164528149e+01 2.046517046142741325e+00 2.246938064710485605e+01
1.145646890876152213e+01 2.071891587300483284e+00 1.994124633851623329e+01
1.142507396097553851e+01 2.095638571669011796e+00 1.778820467278416118e+01
1.139185103824964784e+01 2.117633691092226655e+00 1.586603687914063698e+01
1.135631927737039248e+01 2.137881465151163951e+00 1.429842469506498226e+01
1.131917161190668608e+01 2.156280489514952325e+00 1.289858093399280037e+01
1.127872751960958020e+01 2.172828052128474408e+00 1.167452609740397129e+01
1.123736516649059958e+01 2.187478657485991018e+00 1.058899857900433261e+01
1.119298070433044323e+01 2.200239478258598336e+00 9.700068970132432966e+00
1.114671677610716571e+01 2.211072856616135507e+00 8.898945837549916860e+00
1.109816745970029572e+01 2.220005055599400201e+00 8.194295036621763728e+00
1.104878013437101814e+01 2.227056659605828770e+00 7.588905928077767982e+00
1.099665530865958019e+01 2.232220495917587311e+00 7.054209289785617898e+00
1.094313456104505455e+01 2.235511499388863843e+00 6.589324661412058859e+00
1.088816109233911966e+01 2.237006539049040565e+00 6.186413015552474803e+00
1.083162997637090719e+01 2.236702870896924100e+00 5.831837127753031425e+00
1.077428793172949462e+01 2.234646235257296887e+00 5.531268745198464565e+00
1.071727564754123208e+01 2.230913572426597824e+00 5.266629282447364169e+00
1.065878755570738790e+01 2.225556920117967685e+00 5.045802996308517585e+00
1.060000585719180677e+01 2.218630677571097554e+00 4.861281480277210854e+00
1.054218348223460389e+01 2.210222948899025042e+00 4.710386175759934346e+00
1.048472359317361935e+01 2.200448034546488962e+00 4.590031928368236258e+00
1.042717878899147799e+01 2.189496407492771635e+00 4.492106056877261722e+00
1.036955844173002284e+01 2.177462539071963299e+00 4.416837615138184070e+00
1.031242791221795407e+01 2.164524430000197341e+00 4.357516547145144692e+00
1.025574519916986027e+01 2.150821778732805889e+00 4.306051094258592116e+00
1.019889183070303673e+01 2.136448551360302872e+00 4.274393057293583986e+00
1.014300072640759964e+01 2.121508315039946524e+00 4.256258301176208292e+00
1.008773496305717110e+01 2.106107480255025255e+00 4.252279352569011905e+00
