1.550982551689759603e+01 2.191799393479931801e-01 3.683552447462830693e+06
1.522456364634625281e+01 2.272260633183654510e-01 3.112536625259270426e+06
1.493539028144038383e+01 2.356118975311196628e-01 2.605573530279970262e+06
1.466678098061280444e+01 2.443579321412327476e-01 2.174547406657505315e+06
1.442643730938128321e+01 2.534501147385249675e-01 1.834464017130120657e+06
1.420842225472178733e+01 2.629121226907835673e-01 1.535794814139034832e+06
1.400613850411163241e+01 2.727511521020822838e-01 1.287897995301510673e+06
1.382969417537389312e+01 2.829749347501974710e-01 1.087151999385004630e+06
1.364909544665055208e+01 2.936064379286418835e-01 9.101292216801375616e+05
1.349444846357754635e+01 3.045972099601164662e-01 7.648345411854058038e+05
1.335402930421181189e+01 3.160186419772639255e-01 6.433293654716643505e+05
1.321484379596039282e+01 3.278543612063327117e-01 5.423758031029156409e+05
1.309491001438518687e+01 3.401002547451839608e-01 4.556876570921365055e+05
1.297851015590955015e+01 3.527786112507397820e-01 3.840600128283840604e+05
1.287230502116212705e+01 3.658967176776806718e-01 3.228418029756516917e+05
1.277221389808490848e+01 3.794742253508747720e-01 2.718850335870351992e+05
1.268395656140265437e+01 3.934424045698661221e-01 2.295864650817918009e+05
1.260287776831632556e+01 4.078874263661502186e-01 1.931923151009600842e+05
1.251955540940151579e+01 4.227728184981668913e-01 1.629250809082751803e+05
1.245402431674322230e+01 4.381199772285348515e-01 1.376325042678601458e+05
1.238697231247938824e+01 4.539250182744901108e-01 1.160359623347367742e+05
1.232824168448829560e+01 4.701963219489275758e-01 9.804482276364931022e+04
1.227305783292520758e+01 4.869163094563227490e-01 8.302044588803147781e+04
1.222655287887870834e+01 5.040548852713357952e-01 7.019794445910504146e+04
1.217464166735366327e+01 5.216697819678834946e-01 5.941386189469728561e+04
1.213010777785838279e+01 5.397358489860322184e-01 5.046093171077599982e+04
1.208951550839440436e+01 5.582543870563735355e-01 4.269248124045584700e+04
1.205299475726610758e+01 5.771810911296438862e-01 3.622574645127026452e+04
1.201315420366027986e+01 5.965618815743458647e-01 3.081267252290396209e+04
1.198060770628901395e+01 6.164357441445413865e-01 2.614256514183665058e+04
1.195158387474890027e+01 6.369014941065832547e-01 2.222356798854958834e+04
1.192110958317153546e+01 6.580315414675318442e-01 1.873826806005540129e+04
1.189309061972115344e+01 6.798386368870167340e-01 1.599612699833440638e+04
1.186926901471041518e+01 7.024148689020343062e-01 1.355644185963637756e+04
1.184767715652385078e+01 7.257637948935112826e-01 1.149187486457030354e+04
1.182715344764427634e+01 7.499099260015794632e-01 9.715511989810904197e+03
1.180614364113904280e+01 7.748761180573424667e-01 8.209252192490088419e+03
1.179104849314018466e+01 8.006815717686093237e-01 6.944873429591428248e+03
1.177440214636233051e+01 8.273336869036080898e-01 5.865745627403466642e+03
1.176393065817689987e+01 8.547960387421080775e-01 5.017632736795407254e+03
1.175065106880382437e+01 8.830965605815088715e-01 4.174558002324227346e+03
1.174214361580733801e+01 9.122055981026676585e-01 3.527646789701585931e+03
1.173500396705286875e+01 9.421201287082019427e-01 2.974798345868489378e+03
1.172919566207753483e+01 9.727908829838211036e-01 2.514132565028556655e+03
1.172359194473190414e+01 1.004217652122200599e+00 2.121509429647248908e+03
1.172104868522226262e+01 1.036353372717719656e+00 1.792479061026791214e+03
1.172128794325279344e+01 1.069168177927012353e+00 1.515927467829969828e+03
1.171960931003321704e+01 1.102613991436848240e+00 1.282848136338266386e+03
1.171912125189832032e+01 1.136665261035182173e+00 1.086262558536442839e+03
1.171476921659524706e+01 1.171251550836316158e+00 9.205781221447010694e+02
1.171515162588847225e+01 1.206322103177862148e+00 7.812869471849342062e+02
1.171575018793957845e+01 1.241844893499965297e+00 6.636701989881606778e+02
1.171480061532471773e+01 1.277714164598353186e+00 5.646155957220889832e+02
1.171514506322246874e+01 1.313917358412181713e+00 4.808770885360889338e+02
1.171860944615651512e+01 1.350378865335095657e+00 4.098653899904760465e+02
1.171667932266204559e+01 1.387020265179983669e+00 3.501265151213430613e+02
1.171703330927383746e+01 1.423781797361068691e+00 2.996349199683936604e+02
1.171354027524419728e+01 1.460597686294391018e+00 2.566239975754025977e+02
1.171462091878647449e+01 1.497392017740389436e+00 2.202141483514505182e+02
1.170942169224354501e+01 1.534087334776692124e+00 1.893445226230864762e+02
1.170558024896262417e+01 1.570634784471653944e+00 1.631593859607967829e+02
1.170097035367689742e+01 1.606958258369199033e+00 1.407161249542079702e+02
1.169576012480902172e+01 1.642974656312241377e+00 1.215464172345222096e+02
1.168896886381700462e+01 1.678631620348640441e+00 1.053398783684247633e+02
1.168381855074419029e+01 1.713857592416753839e+00 9.138315430272881201e+01
1.167109389356466664e+01 1.748588460582276127e+00 7.947160208635952472e+01
1.166066533066246258e+01 1.782751923913665770e+00 6.920759877560131201e+01
1.164903285402247946e+01 1.816308761586220122e+00 6.038511459446915097e+01
1.163494215646365504e+01 1.849188536102075231e+00 5.283178983969619225e+01
1.162036425423169739e+01 1.881334993459681915e+00 4.630165249295502150e+01
1.160419848767330642e+01 1.912700441091083281e+00 4.067593934020373325e+01
1.158568364594505518e+01 1.943237207001314193e+00 3.564391435248371209e+01
1.156573989644723355e+01 1.972899866836808291e+00 3.156370778869905536e+01
1.154492009750778259e+01 2.001655549575123150e+00 2.778257561757862959e+01
1.152262502782290277e+01 2.029457430100900517e+00 2.468676082049628207e+01
1.149812537490744901e+01 2.056276834575811119e+00 2.192970180090573962e+01
1.147227137979357181e+01 2.082085128782190431e+00 1.949561739688876827e+01
1.144527127032191238e+01 2.106855855809834921e+00 1.737970750161916200e+01
1.141656783366465433e+01 2.130570543974811049e+00 1.553673766585874105e+01
1.138648998837874338e+01 2.153200885318548696e+00 1.390733329379300898e+01
1.135509001202734503e+01 2.174666456761941369e+00 1.248197150534541677e+01
1.132216785408379245e+01 2.194896728188508561e+00 1.123540234796095127e+01
1.128737239923634128e+01 2.213818493834913692e+00 1.011064824365420911e+01
1.125138400005869066e+01 2.231366548105873981e+00 9.178675801584354588e+00
1.121399782790220279e+01 2.247487766694104216e+00 8.336961062950958734e+00
1.117535669749265814e+01 2.262112298847262615e+00 7.593280328815938951e+00
1.113520126628069029e+01 2.275229043396629791e+00 6.943558073413640841e+00
1.109369818848679579e+01 2.286775363416086559e+00 6.373936411292775439e+00
1.105078723480708724e+01 2.296713469736342716e+00 5.869942273602547722e+00
1.100624883891189754e+01 2.305011821468005984e+00 5.427597730830786560e+00
1.096050216406056421e+01 2.311667535423065800e+00 5.029214776109604657e+00
1.091375961683997708e+01 2.316662681641860733e+00 4.703063548866161625e+00
1.086489343898807647e+01 2.319958085992699370e+00 4.405360255105916778e+00
1.081601165512327256e+01 2.321539047546205214e+00 4.146203588486133462e+00
1.076543890605067055e+01 2.321413095545146188e+00 3.913225991962351102e+00
1.071456724027222052e+01 2.319554109342125692e+00 3.732311726194017520e+00
1.066367586390178701e+01 2.315929399665227262e+00 3.573294046119581235e+00
1.061350915537171424e+01 2.310535139834433593e+00 3.436733176826614944e+00
1.056927030267813805e+01 2.303691391603293948e+00 3.356107658079958256e+00
1.054410590688798344e+01 2.296153770158128715e+00 3.367838369210053973e+00
