2.191799393479931801e-01 1.550982551689759603e+01 3.683552447462830693e+06
2.267014646213860174e-01 1.522428016011109797e+01 3.138094863196511287e+06
2.345157321109364035e-01 1.497268291458397194e+01 2.676424801847337745e+06
2.426489653668836566e-01 1.471664725631987913e+01 2.258815728096230421e+06
2.510770252913249734e-01 1.448788192407097952e+01 1.917944011811904376e+06
2.598303373399745153e-01 1.427978916868590886e+01 1.628871691975903232e+06
2.689114563406359570e-01 1.408329214607593372e+01 1.379896374606608879e+06
2.783260464064201134e-01 1.390398746315224976e+01 1.172941844695927575e+06
2.880830138024275122e-01 1.373737092940976900e+01 9.989801396700141486e+05
2.981840021546450226e-01 1.358820166383497430e+01 8.467571154196691932e+05
3.086523245576173191e-01 1.344856902505075702e+01 7.180958283475898206e+05
3.194368969604026165e-01 1.330673691686515880e+01 6.120458752059580293e+05
3.306127778545511209e-01 1.319221485150996287e+01 5.207437015330634895e+05
3.421577544685093786e-01 1.307285943288434638e+01 4.430117960116850445e+05
3.540778665009528536e-01 1.297036434666476623e+01 3.767891888332797098e+05
3.663710822158582348e-01 1.286695406628478366e+01 3.212812610041441512e+05
3.790761029998414577e-01 1.277510770733870871e+01 2.732889802916548797e+05
3.921264514112632882e-01 1.269187590762287421e+01 2.313087457067264477e+05
4.055914485249082491e-01 1.261577431925294412e+01 1.982880071576433838e+05
4.194388173141117004e-01 1.254165928247053152e+01 1.694606762066714291e+05
4.336986349689799791e-01 1.247605123931664117e+01 1.442854437221291591e+05
4.483606663039441109e-01 1.241163857393115677e+01 1.233344932081550796e+05
4.634189217581816123e-01 1.235556072240732384e+01 1.040289034477999812e+05
4.788565561411770033e-01 1.230019763317799786e+01 9.017036712050392816e+04
4.946903844365229119e-01 1.224811800183394439e+01 7.685857745189218258e+04
5.109249547054695029e-01 1.220215668178684254e+01 6.573768979840110114e+04
5.275605657245059366e-01 1.215956301997335487e+01 5.635566830614840001e+04
5.445913295891732231e-01 1.211931995335480394e+01 4.830635555607225979e+04
5.620170374429623861e-01 1.208106309149393098e+01 4.134854541687326855e+04
5.797886928337138146e-01 1.204624896703103865e+01 3.543603277474408969e+04
5.979650000526991471e-01 1.201252800963772671e+01 3.038504963926615164e+04
6.165969938573382381e-01 1.198163636272004240e+01 2.611100218848853183e+04
6.357580397399937855e-01 1.195143637246184909e+01 2.241386831012926996e+04
6.555206485340027145e-01 1.192517013469764287e+01 1.920977489155353032e+04
6.758883903706890406e-01 1.190116525958419658e+01 1.648039187368077910e+04
6.969517223375440995e-01 1.187577518231853446e+01 1.412197060015732131e+04
7.187100051777189913e-01 1.185498775591281095e+01 1.200429120272370892e+04
7.412001041458847750e-01 1.183465600788169070e+01 1.032543435351751396e+04
7.644489756448213935e-01 1.181514044166100064e+01 8.811200657852814402e+03
7.884372798241603419e-01 1.179889681730179696e+01 7.529196023156629053e+03
8.131970122526788192e-01 1.178767956861273980e+01 6.414818916022172743e+03
8.387327598863406619e-01 1.177333768652141366e+01 5.470849619112852452e+03
8.650167951084194451e-01 1.176405807513572022e+01 4.663813950323456083e+03
8.920661396588857039e-01 1.175271780360617591e+01 3.974575636679845502e+03
9.198546802975379189e-01 1.174616357955537183e+01 3.388188901762716341e+03
9.483648184730824049e-01 1.174150829346204361e+01 2.888369795678129321e+03
9.775940666046082361e-01 1.173591429545782461e+01 2.460366031623765139e+03
1.007510757046835348e+00 1.173264669478495392e+01 2.098680946900969047e+03
1.038078332487562649e+00 1.173078333383048744e+01 1.790858176703023446e+03
1.069279801571858757e+00 1.172875434577552411e+01 1.527500361095769904e+03
1.101084005749009886e+00 1.172795454787596547e+01 1.304713645552306161e+03
1.133427127120231193e+00 1.172959949913571442e+01 1.114963524789950952e+03
1.166307584262135100e+00 1.173060305324505848e+01 9.535509473368650788e+02
1.199653561493954967e+00 1.173134767297586478e+01 8.160109338819557934e+02
1.233430412769231710e+00 1.173346922486489774e+01 7.005296893107072265e+02
1.267592058043589764e+00 1.173513890102366375e+01 5.998077650320890370e+02
1.302090039018642287e+00 1.173834966995860185e+01 5.148724297833841774e+02
1.336838522871625745e+00 1.174217286022840590e+01 4.432087543637199474e+02
1.371825150278682015e+00 1.174520643321601732e+01 3.811850504669376392e+02
1.406972619912214784e+00 1.174552124317983903e+01 3.285057785514907209e+02
1.442239994875794018e+00 1.174753510579891014e+01 2.818738315543311046e+02
1.477542778865943429e+00 1.174497509670093010e+01 2.455381321241748935e+02
1.512847360550034104e+00 1.174908037752106793e+01 2.121889083300760888e+02
1.548069291569643458e+00 1.174844296170508073e+01 1.839673625432634481e+02
1.583173297961398829e+00 1.174465521117307709e+01 1.589389595626642233e+02
1.618080874084716791e+00 1.174261126927558685e+01 1.390065642354516058e+02
1.652762093132893906e+00 1.174045181587354492e+01 1.210444459463214741e+02
1.687124802620715736e+00 1.173542295661352952e+01 1.050761447370326067e+02
1.721114835957345379e+00 1.173022644872290243e+01 9.235828660727069916e+01
1.754697234201443301e+00 1.172709190151277170e+01 8.084286042070698386e+01
1.787810610470664807e+00 1.171655344281662003e+01 7.094906215139550909e+01
1.820392348529224158e+00 1.170815954976378315e+01 6.206697021280919557e+01
1.852404340430824359e+00 1.169811519393157973e+01 5.490175203859131869e+01
1.883802372612765952e+00 1.168723887857176535e+01 4.838824087434617383e+01
1.914524449130202033e+00 1.167443397568500174e+01 4.275426183333267716e+01
1.944536141393750528e+00 1.166051819274708201e+01 3.771438083316665058e+01
1.973798529047787298e+00 1.164536867876584481e+01 3.343100333903264954e+01
2.002274453919876684e+00 1.162855571329667725e+01 2.981618912223494533e+01
2.029932968792715009e+00 1.161097411880087549e+01 2.653326523585314689e+01
2.056732514784340271e+00 1.159128379392961428e+01 2.359372531164666142e+01
2.082606090364991669e+00 1.156996946527981152e+01 2.116445201003806531e+01
2.107462080445245078e+00 1.154778883214672724e+01 1.888670829421084107e+01
2.131211481098183036e+00 1.152475435097136192e+01 1.701827900652744674e+01
2.153766390315305479e+00 1.149881569485307509e+01 1.533532634581839815e+01
2.175041691162871160e+00 1.147201958022858292e+01 1.384551191414914761e+01
2.194973562027382030e+00 1.144397798032497882e+01 1.252092139309316998e+01
2.213467665971567744e+00 1.141392250344922310e+01 1.139290039919117170e+01
2.230462415507766583e+00 1.138269109958044112e+01 1.038748980784946063e+01
2.245920551721817926e+00 1.134890196157208919e+01 9.502562767054243409e+00
2.259729169177207453e+00 1.131408338994287099e+01 8.727578354894861334e+00
2.271870085151590057e+00 1.127728630531312604e+01 8.046809439492108140e+00
2.282254924488435588e+00 1.123898844316295964e+01 7.449030072383719059e+00
2.290832958944281739e+00 1.119931887255306968e+01 6.927991723539431490e+00
2.297541963520259412e+00 1.115782565120399816e+01 6.456281239427502427e+00
2.302272210415215348e+00 1.111508093351287840e+01 6.082339671469155995e+00
2.304941426591198272e+00 1.107111233755463431e+01 5.730694607153608011e+00
2.305345478362779144e+00 1.102630969213466372e+01 5.473131573305047404e+00
2.303150693535142679e+00 1.098417897123668396e+01 5.273464110500544422e+00
2.297590657956628313e+00 1.095617488785817706e+01 5.222285875834626445e+00
2.289907464519095548e+00 1.093524764599494858e+01 5.254628868366519434e+00
