2.191799393479931801e-01 1.550982551689759603e+01 3.683552447462830693e+06
2.275625978472542721e-01 1.521430350382441965e+01 3.096830896375200711e+06
2.363191861804862792e-01 1.489381436931722291e+01 2.563195683044593781e+06
2.454542974057237759e-01 1.463465134965974279e+01 2.138846507111423649e+06
2.549727898356093370e-01 1.438586107552404769e+01 1.775696666631869506e+06
2.648936904998341335e-01 1.416309405463667126e+01 1.480131977279555984e+06
2.752243624942944944e-01 1.396134953630707187e+01 1.235832592386979377e+06
2.859759126519805239e-01 1.377104788135735092e+01 1.030458317348825862e+06
2.971436105461087718e-01 1.359639523268553596e+01 8.606151374477810459e+05
3.087613896434050487e-01 1.344341004229449155e+01 7.189153613782662433e+05
3.208280993355764887e-01 1.329420664854237621e+01 5.995384644588831579e+05
3.332999352452377662e-01 1.315548824009596451e+01 4.995171115727273864e+05
3.462704235101512484e-01 1.303185669949680658e+01 4.184811545572166215e+05
3.597039715396963544e-01 1.291929518814062838e+01 3.495567961938765366e+05
3.736007392483258194e-01 1.281206703193018903e+01 2.931011901648500934e+05
3.879827009138490101e-01 1.271653960699758024e+01 2.454075024981239694e+05
4.028671543670702682e-01 1.263285187529714015e+01 2.053401575079368486e+05
4.181930268128157269e-01 1.254751228968551757e+01 1.718542772833723284e+05
4.340399859897135504e-01 1.247378034283117820e+01 1.437204351441819745e+05
4.503821928017971432e-01 1.240544251488815419e+01 1.204983595160256227e+05
4.672117574137858997e-01 1.234043145291606436e+01 1.004314355106314179e+05
4.845095943610148170e-01 1.228018699240055334e+01 8.513187608755093243e+04
5.023208374034612289e-01 1.222509439343931525e+01 7.160029042187191953e+04
5.206182976093453041e-01 1.217709486277927233e+01 6.005334125291794044e+04
5.394061887944976430e-01 1.213205974529327591e+01 5.062582499776887562e+04
5.586833376471627144e-01 1.208745593337153323e+01 4.253680883655159414e+04
5.784114734083860565e-01 1.204770155948746613e+01 3.555517447357231140e+04
5.985918028059160623e-01 1.201178264838773835e+01 3.005715541578791090e+04
6.191690430322701610e-01 1.197628992566719219e+01 2.544040770266837717e+04
6.400594393151394224e-01 1.194521071438889237e+01 2.164263362647933536e+04
6.611466183369101302e-01 1.191487147056461815e+01 1.838833874594654844e+04
6.823422311583717814e-01 1.188373505836594290e+01 1.563205405509937555e+04
7.035454463969091909e-01 1.185759809141499410e+01 1.335251680137487710e+04
7.246516182844915388e-01 1.183065140504538881e+01 1.132235990828177637e+04
7.455431843713119511e-01 1.180159918474906888e+01 9.825134714128857013e+03
7.660815105663566493e-01 1.177686539886116002e+01 8.468645668044910053e+03
7.862211470599307361e-01 1.175026453148407946e+01 7.340356203737344913e+03
8.058216108910642994e-01 1.171866095485380654e+01 6.383670767360846185e+03
8.247060919912363453e-01 1.168869053631273580e+01 5.593199272784537243e+03
8.428287945918769841e-01 1.165604332933270193e+01 4.875452341702109152e+03
8.600142991977854923e-01 1.162451257516494074e+01 4.340146938473527371e+03
8.761841156605971737e-01 1.158580978956466723e+01 3.857561086613862699e+03
8.912221892378328070e-01 1.154815804198128326e+01 3.450469031560141957e+03
9.050732079143695152e-01 1.151060405172749945e+01 3.102542582906323332e+03
9.183062962526632456e-01 1.146826059057516467e+01 2.796570097339408676e+03
9.314480156703071057e-01 1.142231814773166576e+01 2.515702674397628016e+03
9.448707253321942945e-01 1.137443572909198508e+01 2.254793358519983940e+03
9.588002843159442179e-01 1.132564338757342703e+01 2.013965220229385068e+03
9.733502194115182249e-01 1.127041064546696170e+01 1.780910801844899197e+03
9.886166290056768169e-01 1.121563119727635183e+01 1.588846852370381384e+03
1.004675073636289939e+00 1.116175458452922165e+01 1.403027993117832011e+03
1.021580898788828629e+00 1.110437496903589683e+01 1.231095263625075177e+03
1.039357009773100193e+00 1.104910215321008415e+01 1.078082860143644211e+03
1.058033162184228715e+00 1.099244986149991554e+01 9.400280211015864325e+02
1.077602912321754314e+00 1.093690802055959921e+01 8.125549240456153939e+02
1.098074356972168042e+00 1.088063480753462287e+01 7.081806776284031457e+02
1.119412448250539649e+00 1.082914532881322067e+01 6.126808712183453736e+02
1.141605748819648714e+00 1.077373919165121485e+01 5.283624635043141780e+02
1.164603351569839962e+00 1.071981004661295067e+01 4.552753857022851776e+02
1.188367100034286139e+00 1.067035019896999870e+01 3.913104143166988820e+02
1.212842523166123510e+00 1.062131604386665096e+01 3.360537604201683735e+02
1.237966552477023363e+00 1.057213689945368174e+01 2.883819500234866950e+02
1.263679740156114617e+00 1.052370207182910633e+01 2.473373822649772364e+02
1.289909856250834652e+00 1.047902713099949779e+01 2.120382708785548971e+02
1.316583481085398466e+00 1.043384329791081022e+01 1.820593482973469293e+02
1.343612055689791696e+00 1.038967681342997729e+01 1.560230937928510855e+02
1.370862710878141266e+00 1.034738068582545623e+01 1.340122544119438146e+02
1.398196360395760784e+00 1.030639510778677526e+01 1.153354006577177415e+02
1.425473912706021418e+00 1.026613664282057314e+01 9.920837085910231679e+01
1.452539215171853915e+00 1.022729795231417249e+01 8.560083773083849223e+01
1.479280572290371687e+00 1.018876819700457936e+01 7.408742130933178771e+01
1.505547945662894183e+00 1.015089437929534100e+01 6.398154805472398721e+01
1.531220621888266242e+00 1.011148442151453253e+01 5.586986093071167403e+01
1.556191442109513323e+00 1.007388211158743552e+01 4.855714308801342582e+01
1.580345198384539129e+00 1.003503703018226112e+01 4.263719478977408528e+01
1.603569602544656636e+00 9.996950001722437307e+00 3.746154357106324539e+01
1.625778248295685735e+00 9.957953309660769747e+00 3.299313117416689778e+01
1.646891386857970652e+00 9.918846368996893759e+00 2.919622704613777131e+01
1.666828131856047168e+00 9.878495712350455094e+00 2.590872611285374560e+01
1.685534931783315038e+00 9.837445389818972430e+00 2.308095564289283530e+01
1.702970077404804217e+00 9.795403628700288579e+00 2.058126749452375037e+01
1.719067850859457458e+00 9.753331598558824922e+00 1.847857187483633723e+01
1.733812053216969851e+00 9.709513782838971707e+00 1.670778859331710109e+01
1.747167165609675443e+00 9.665754432933495011e+00 1.512275923594061133e+01
1.759111592321391804e+00 9.619218901082014384e+00 1.374302833495632825e+01
1.769657419654537600e+00 9.572665490563814217e+00 1.252397172896866095e+01
1.778787819013378790e+00 9.525245326909008270e+00 1.144514302632446778e+01
1.786503023113392707e+00 9.476719516448552483e+00 1.051744488754100004e+01
1.792829524891206949e+00 9.427321295617835162e+00 9.704527981080678600e+00
1.797777604855146150e+00 9.377228899554586050e+00 8.994042894634912244e+00
1.801374698847500122e+00 9.325931409609196976e+00 8.390306766974116925e+00
1.803642776085031096e+00 9.274403931610770258e+00 7.837777761031710533e+00
1.804628019601864253e+00 9.221651900772094734e+00 7.352625646399571835e+00
1.804359022435612303e+00 9.168702481240874391e+00 6.910380758473587015e+00
1.802882289613014111e+00 9.115205079047525416e+00 6.538851210341904086e+00
1.800244536099543380e+00 9.062021136370965735e+00 6.208165645874064609e+00
1.796490030556530781e+00 9.008426534594908830e+00 5.932957963292778025e+00
1.791683640104909214e+00 8.954639950644013524e+00 5.671605990938320296e+00
1.785865800659805158e+00 8.901061384570201795e+00 5.449918144107741114e+00
1.779112635915242491e+00 8.848133407661764593e+00 5.275732361608860721e+00
