2.191799393479931801e-01 1.550982551689759603e+01 3.683552447462830693e+06
2.273251729773071161e-01 1.521394557637167289e+01 3.098545663722670171e+06
2.358192532408968645e-01 1.492471201286326021e+01 2.597256952748778276e+06
2.446808535647812255e-01 1.465494066860140165e+01 2.162193434320071246e+06
2.538979101784420433e-01 1.444277393514610353e+01 1.811254313251272542e+06
2.634946658506814865e-01 1.419099864486750207e+01 1.519682420875265729e+06
2.734780903938480723e-01 1.398988613620787902e+01 1.273714119444676675e+06
2.838565847630487582e-01 1.380295453380429294e+01 1.067620818104174919e+06
2.946327759703635807e-01 1.363667494682649917e+01 8.953476497787492117e+05
3.058183436888224360e-01 1.347958412554984875e+01 7.531190297509309603e+05
3.174470802349730336e-01 1.333636315124881122e+01 6.306346794658657163e+05
3.294520454200738357e-01 1.319657208541571869e+01 5.297952380709251156e+05
3.419114286325316554e-01 1.307586634985395868e+01 4.403461604262152105e+05
3.548143582834397125e-01 1.296172558849905165e+01 3.732488255255486001e+05
3.681531835806497455e-01 1.285464204049505099e+01 3.135403337356001139e+05
3.819637223273165683e-01 1.275622223416561063e+01 2.617321627151035354e+05
3.962035005715249802e-01 1.266893300095381925e+01 2.218542351960621600e+05
4.109287974290775081e-01 1.258662175614010259e+01 1.863467679182424326e+05
4.260834122124131373e-01 1.250957004584639876e+01 1.570808745353699778e+05
4.417025098487923906e-01 1.243884978976213063e+01 1.326195765944650338e+05
4.578151951461746361e-01 1.237515134622367619e+01 1.104003572672561277e+05
4.743882276251186747e-01 1.231333360299724866e+01 9.431277020319813164e+04
4.914149997043373297e-01 1.225776153501504062e+01 7.958164717537512479e+04
5.088995099548265788e-01 1.220841638546104058e+01 6.711706163025190472e+04
5.268572510763251948e-01 1.216177484015097043e+01 5.671119811687552283e+04
5.452772213379247779e-01 1.211677272605187383e+01 4.796263762377083913e+04
5.641590811402870109e-01 1.207681935742160917e+01 4.058428316882979561e+04
5.834452823861574489e-01 1.203692511665752995e+01 3.439980467415750900e+04
6.032493599307175991e-01 1.200356481021792199e+01 2.909752355879495371e+04
6.235510555573000602e-01 1.197068338654472974e+01 2.469829988727861564e+04
6.445396005876826706e-01 1.194466488427066331e+01 2.090150767529603763e+04
6.662588081992734113e-01 1.191398824739206752e+01 1.770053583306020664e+04
6.887097298315725258e-01 1.188679638505556824e+01 1.488411505469983967e+04
7.119960589379527027e-01 1.186042727567470578e+01 1.266314747654200983e+04
7.361499014141561492e-01 1.183830078025757793e+01 1.068335204354406596e+04
7.611547836206785655e-01 1.181782239242670052e+01 9.011773495847699451e+03
7.870640970824493987e-01 1.180313692464060082e+01 7.587247927713669924e+03
8.138715466688870581e-01 1.178646286957395262e+01 6.392741288316879036e+03
8.415907060524314698e-01 1.177396699923551182e+01 5.377780951620381529e+03
8.701954774663961389e-01 1.176333135104592387e+01 4.518808515354220617e+03
8.996929712666418277e-01 1.175465432269807486e+01 3.800837253277817126e+03
9.300608066284147268e-01 1.175633659049346846e+01 3.196587609093373885e+03
9.612922716667076095e-01 1.173800623207641181e+01 2.689668619822647543e+03
9.933374597938853245e-01 1.173558014279096007e+01 2.264697649711974009e+03
1.026178011458738215e+00 1.173272132497093878e+01 1.905562572818817216e+03
1.059771812252855883e+00 1.173187303366659506e+01 1.605760758061355091e+03
1.094094123067078206e+00 1.173033446312895833e+01 1.351999881385778508e+03
1.129088280257214194e+00 1.173246915736702434e+01 1.140047218358751024e+03
1.164691319469241204e+00 1.173280637362366363e+01 9.623126616791224706e+02
1.200846077919829558e+00 1.173420244458524486e+01 8.127589072436120432e+02
1.237527152061467239e+00 1.173861892763724590e+01 6.879681917405913509e+02
1.274652871404604149e+00 1.174010782505236605e+01 5.826577886064620770e+02
1.312158371391974221e+00 1.174239588867618345e+01 4.941447749667426024e+02
1.349892770378291917e+00 1.174630814765529330e+01 4.172746036059692756e+02
1.387759436436875937e+00 1.174857032670564649e+01 3.573833829046403139e+02
1.425589940296817293e+00 1.174926241989183673e+01 3.046296641910076346e+02
1.463251341717111798e+00 1.174962090119465508e+01 2.607377713813984315e+02
1.500631669205105378e+00 1.174888783250926672e+01 2.222433043422753656e+02
1.537569661167483170e+00 1.174777922424305743e+01 1.921931170208571018e+02
1.573928997939957330e+00 1.174358851099589174e+01 1.647981407875404898e+02
1.609601128352612820e+00 1.174069030802553648e+01 1.432545630590363999e+02
1.644459564971719079e+00 1.173497344336258408e+01 1.243165489546238405e+02
1.678394915488793826e+00 1.172570526109766575e+01 1.081643380048883927e+02
1.711306455331324639e+00 1.171457050890617602e+01 9.447164754734839676e+01
1.743089338731404148e+00 1.170150465740492329e+01 8.276330830976949926e+01
1.773655421861978887e+00 1.168684763752223432e+01 7.241801150272861776e+01
1.802935759308152974e+00 1.166782796056342519e+01 6.419116400630446151e+01
1.830826082432814861e+00 1.164771933220345801e+01 5.686578888010500776e+01
1.857303693067186678e+00 1.162466130878745219e+01 5.048938196091899044e+01
1.882309344741317059e+00 1.159915135924488006e+01 4.479607164175487810e+01
1.905772307034856672e+00 1.157083764076210208e+01 4.027528128587196932e+01
1.927692916966855519e+00 1.154041892503373923e+01 3.613095195028189011e+01
1.948028195550886688e+00 1.150759139913759022e+01 3.255055399343036981e+01
1.966776979961781135e+00 1.147166964828020852e+01 2.941790193112694141e+01
1.983904041667325036e+00 1.143372057190424762e+01 2.668647984551992636e+01
1.999435354187185654e+00 1.139339649235824048e+01 2.429758980178047523e+01
2.013371286824606088e+00 1.135010843935815750e+01 2.217746917697239084e+01
2.025707211032099497e+00 1.130517914516377864e+01 2.033360065419791241e+01
2.036478583245343366e+00 1.125804168435415420e+01 1.869592578616485667e+01
2.045713658511715050e+00 1.120873275596774477e+01 1.724602026406454414e+01
2.053440281476317075e+00 1.115851212253009805e+01 1.596535388318030790e+01
2.059688612828531884e+00 1.110454115105737749e+01 1.477256954989840665e+01
2.064489601988789058e+00 1.105079774020682493e+01 1.381313578313217327e+01
2.067898088167508419e+00 1.099426036385239236e+01 1.286893105460007902e+01
2.069960178721106381e+00 1.093697239836354917e+01 1.206745996193475001e+01
2.070722540578506354e+00 1.087808629920469272e+01 1.138109832072981575e+01
2.070223517297595350e+00 1.081855984993128672e+01 1.074062789793053518e+01
2.068541126427617893e+00 1.075698067142975489e+01 1.016229218210461660e+01
2.065701992959617872e+00 1.069510943337862763e+01 9.650022104239873499e+00
2.061791533840408253e+00 1.063239028239172335e+01 9.156884163680153677e+00
2.056840090866912885e+00 1.056906948772760835e+01 8.769410369572405273e+00
2.050921335257873235e+00 1.050623210766608828e+01 8.376431803607690796e+00
2.044074917098202882e+00 1.044090514304189021e+01 8.040311441129487591e+00
2.036379752829535317e+00 1.037690799048318091e+01 7.750119125469423054e+00
2.027878711306518422e+00 1.031247813892941068e+01 7.482466563514045710e+00
2.018631261454002068e+00 1.024827435408079879e+01 7.246679819221316876e+00
2.008715555295590871e+00 1.018414723733608795e+01 7.056535679036382014e+00
1.998230603728015087e+00 1.012218642828952753e+01 6.879487041028301775e+00
1.987282078030575772e+00 1.006253365759720708e+01 6.735187774331683919e+00
1.976231319759826244e+00 1.000795442882456499e+01 6.640107789281400663e+00
