1.550982551689759603e+01 2.191799393479931801e-01 3.683552447462830693e+06
1.518745861503493444e+01 2.274693396194398254e-01 3.076077501308635809e+06
1.491055583500182102e+01 2.361247624560479652e-01 2.574039152906806208e+06
1.464358042585946684e+01 2.451485961082049692e-01 2.148969680172919761e+06
1.440089261272321686e+01 2.545491224409728859e-01 1.792509082100125728e+06
1.418170552574858867e+01 2.643416388330345757e-01 1.495718348634513561e+06
1.397724556318132905e+01 2.745346945762097146e-01 1.252545489066102076e+06
1.378583518875593583e+01 2.851387421040307291e-01 1.045362302826483152e+06
1.360946746620723680e+01 2.961655597646110083e-01 8.741306238924619975e+05
1.345128146907867794e+01 3.075952528162880784e-01 7.313572676128153689e+05
1.330323789578105398e+01 3.194666659551695376e-01 6.120506712022275897e+05
1.317656106771227975e+01 3.317849556052637205e-01 5.120502337283779052e+05
1.305025910845677117e+01 3.445463198284257067e-01 4.286740516912009916e+05
1.293393584577087907e+01 3.577674242466766796e-01 3.595264682490736013e+05
1.283097719399371783e+01 3.714447524799346922e-01 3.005773946983591304e+05
1.273340484504298331e+01 3.855980580401589530e-01 2.524947004622086533e+05
1.264251753270768219e+01 4.002162443336728659e-01 2.113311418289171706e+05
1.256264225628847342e+01 4.153151834108357865e-01 1.773099043348304986e+05
1.248817205241600803e+01 4.308848563037516177e-01 1.476923389076380699e+05
1.241806818778775146e+01 4.469481765458179767e-01 1.250572117720214883e+05
1.235376552917627535e+01 4.634975843081801106e-01 1.053713134351728368e+05
1.229314800895657100e+01 4.804935109728764586e-01 8.859843029489957553e+04
1.224058595045951847e+01 4.980002925766371380e-01 7.454951113831989642e+04
1.218761851660263673e+01 5.159766242775317702e-01 6.281405558053404820e+04
1.214207174096717523e+01 5.344363415099393499e-01 5.285546677699995053e+04
1.209924073440768666e+01 5.533728769720704932e-01 4.458224125738582370e+04
1.205991428805163501e+01 5.727558209901644215e-01 3.761761075816442462e+04
1.202252669672038898e+01 5.926043891294020538e-01 3.184475517898204271e+04
1.198660593820534714e+01 6.129773807386258433e-01 2.689755557022295034e+04
1.195482447532765491e+01 6.339834045263207374e-01 2.272582581578140525e+04
1.192400862523606264e+01 6.557149150433280171e-01 1.921049696967626005e+04
1.189693937519695766e+01 6.782083640764475785e-01 1.618143493209697772e+04
1.187325563007128615e+01 7.015450285298958644e-01 1.363920655871679446e+04
1.184652162819162946e+01 7.257530019475791905e-01 1.149479689850996147e+04
1.182663435831770293e+01 7.508530543041428418e-01 9.664767470420621976e+03
1.180925324333786541e+01 7.768899881129274210e-01 8.117879535437121376e+03
1.179341895387393535e+01 8.038627990743247853e-01 6.812920441679069882e+03
1.177875106161737229e+01 8.317920266663152429e-01 5.722436336403429777e+03
1.176747701967429371e+01 8.606400268801009945e-01 4.793503662163295303e+03
1.175743995143811382e+01 8.904343800891814098e-01 4.015807437813609795e+03
1.174919812056471180e+01 9.211430862776194273e-01 3.370070602629004497e+03
1.174033414516775586e+01 9.527410089981509511e-01 2.824256476768014636e+03
1.173813707756325897e+01 9.852211107124192457e-01 2.367686403273823544e+03
1.173603088061130606e+01 1.018539067186511549e+00 1.985574249974987197e+03
1.173387909937413554e+01 1.052660095020616637e+00 1.666432207535077850e+03
1.173581262355545896e+01 1.087551040936457492e+00 1.398927765505638490e+03
1.173485555415856574e+01 1.123144067722635198e+00 1.167176920366618560e+03
1.173661570917394137e+01 1.159402822035884295e+00 9.889600075112884952e+02
1.173796268852221125e+01 1.196250579157612570e+00 8.333371314382037554e+02
1.174464161452379507e+01 1.233653929340561950e+00 7.022297360166363660e+02
1.174323300759298405e+01 1.271540146781851011e+00 5.925883796834854138e+02
1.174720408778629555e+01 1.309826063006950259e+00 5.009184866872755038e+02
1.175020494444679819e+01 1.348438418115807336e+00 4.244253148932844510e+02
1.175356809255219304e+01 1.387327610318545013e+00 3.591933778974064921e+02
1.175608884820386990e+01 1.426401999861480530e+00 3.050701406828085851e+02
1.175735258591371313e+01 1.465585484857732768e+00 2.582954501215145342e+02
1.175957682292937712e+01 1.504805414639801331e+00 2.201218720336096339e+02
1.176219670400595341e+01 1.543957846121368993e+00 1.889900553001746744e+02
1.176211072947637426e+01 1.582987758491680497e+00 1.616386109387817100e+02
1.175782605571987460e+01 1.621799260841319867e+00 1.386163523458548070e+02
1.175716769170468012e+01 1.660337747731759350e+00 1.189907426428801642e+02
1.175453226264017736e+01 1.698492215579276765e+00 1.023389539895204621e+02
1.174704045448496714e+01 1.736199069635391279e+00 8.822005146830001365e+01
1.174077472080238493e+01 1.773373909367899293e+00 7.628411138698064065e+01
1.173310528642190143e+01 1.809910039266745319e+00 6.613160530301554729e+01
1.172341096283961193e+01 1.845655661075783938e+00 5.738615827855418416e+01
1.171215322457884689e+01 1.880476771998725649e+00 4.999378392246818237e+01
1.169900812482988428e+01 1.914220098754017663e+00 4.364529993532741514e+01
1.168374724385819619e+01 1.946756940696206861e+00 3.824311799753657226e+01
1.166671400755001997e+01 1.977997401528747590e+00 3.360401990352009705e+01
1.164680714759018088e+01 2.007791402488475541e+00 2.965373818279728724e+01
1.162528557447524236e+01 2.036084595850323087e+00 2.624856872863697177e+01
1.160118146461544342e+01 2.062777038481514058e+00 2.324469804516498783e+01
1.157462043276393970e+01 2.087773692539463433e+00 2.079728434945091919e+01
1.154652480911710022e+01 2.111015681128263655e+00 1.856038353476901648e+01
1.151478598425102007e+01 2.132434003444297677e+00 1.674499581873955023e+01
1.148094819357493002e+01 2.152033049277950028e+00 1.510752805604564131e+01
1.144535026553568002e+01 2.169716512346991255e+00 1.369145552235949559e+01
1.140605128078119179e+01 2.185499330202277601e+00 1.242105377776385211e+01
1.136508587328860642e+01 2.199367890561269689e+00 1.137975589109814045e+01
1.132237605540157510e+01 2.211290769477614049e+00 1.044912088290961449e+01
1.127691152496901772e+01 2.221278886920552420e+00 9.627940744357150749e+00
1.122898932506195990e+01 2.229330661268215330e+00 8.913850323449947766e+00
1.117958255614320784e+01 2.235489790056810921e+00 8.288004194294117610e+00
1.112840604521777443e+01 2.239757498845255324e+00 7.719098644615096205e+00
1.107531628555980419e+01 2.242155466969467881e+00 7.268815364047664929e+00
1.102134456335178392e+01 2.242722759148185308e+00 6.851134586249941094e+00
1.096548315638766979e+01 2.241518434914771873e+00 6.494943886876687777e+00
1.090901497568941636e+01 2.238549418709156580e+00 6.187733265021908124e+00
1.085203448982009178e+01 2.233920282581852490e+00 5.925049520998005192e+00
1.079440000226901297e+01 2.227650273324090602e+00 5.704468008722482608e+00
1.073821689804322155e+01 2.219865999583347183e+00 5.531798614067533038e+00
1.068376112311140247e+01 2.210692824801471890e+00 5.399309756296168494e+00
1.063276321536166158e+01 2.200467983376334757e+00 5.314368607950089363e+00
1.059137790796807188e+01 2.189699962459747073e+00 5.277222265163348247e+00
1.054710683674990079e+01 2.176947285015657929e+00 5.294304898954984573e+00
1.049901078366067075e+01 2.162538911268518493e+00 5.299072532273602754e+00
1.044750148709484883e+01 2.146776729167828801e+00 5.336776433767419725e+00
1.039234936837449830e+01 2.129916616526221773e+00 5.348592422123829238e+00
1.033432518965437907e+01 2.112131849400909811e+00 5.380934706296254255e+00
