1.550982551689759603e+01 2.191799393479931801e-01 3.683552447462830693e+06
1.523200600973494367e+01 2.261630992879935520e-01 3.167351906667084899e+06
1.499225865816004344e+01 2.333868679111111566e-01 2.715780234381357674e+06
1.475989888239250192e+01 2.408914637091631727e-01 2.314439741138081532e+06
1.455705534496247289e+01 2.486387399992417702e-01 2.018326425889882492e+06
1.434670576728716895e+01 2.566706974079570047e-01 1.723022988001645310e+06
1.416281877327901384e+01 2.649836508782951738e-01 1.480102688058040105e+06
1.398981551228784781e+01 2.735827813493684202e-01 1.272082007663786644e+06
1.383362393484075170e+01 2.824729486745888862e-01 1.093484380249585956e+06
1.368239519401026172e+01 2.916629583891579003e-01 9.416729234583877260e+05
1.353991494283163632e+01 3.011481281748383254e-01 8.080803528361552162e+05
1.340821372286053936e+01 3.109420958851490946e-01 6.951456948882073630e+05
1.329848375054285547e+01 3.210507676034852764e-01 5.972078220118770842e+05
1.318109530205619606e+01 3.314390376170772146e-01 5.142693006024328060e+05
1.307098528314248398e+01 3.421702444627509609e-01 4.437410393377334112e+05
1.297537434443413673e+01 3.532257466120719003e-01 3.812491957965720794e+05
1.288322905669195784e+01 3.646247511042875478e-01 3.282057391690075747e+05
1.279302996094194000e+01 3.763228018984646206e-01 2.826937527803143021e+05
1.271415439694183114e+01 3.883728259122014026e-01 2.436547642037744517e+05
1.264222706079647551e+01 4.007597608900335118e-01 2.101449164033151756e+05
1.257181017281959079e+01 4.134796047714858203e-01 1.810944736466682807e+05
1.250756132487923900e+01 4.265562814353616172e-01 1.562123350963216508e+05
1.244561296409659690e+01 4.399503873047558300e-01 1.350318030353720824e+05
1.238857923051031307e+01 4.537069889408656964e-01 1.165679092782788357e+05
1.233622416695482293e+01 4.678189240977526642e-01 1.006124602811726363e+05
1.228642966419010207e+01 4.822343164031260843e-01 8.688056870065272960e+04
1.224087558602981751e+01 4.970259173624870241e-01 7.444227906156862446e+04
1.220064282452555382e+01 5.121428268262612216e-01 6.457685761281892337e+04
1.216002403102367957e+01 5.276047754558469416e-01 5.633671291489635769e+04
1.212226715730326276e+01 5.434089635901518944e-01 4.870208760439404432e+04
1.208462742146749491e+01 5.595530811618160127e-01 4.224492970379508188e+04
1.205144937931477500e+01 5.760066268208259288e-01 3.629058792803857068e+04
1.202098766415528175e+01 5.927845509067085628e-01 3.151248198386565855e+04
1.199250430187019312e+01 6.099554193602395591e-01 2.758008960815095998e+04
1.196362094819750510e+01 6.275684240558733196e-01 2.391715330709697446e+04
1.193752545907260298e+01 6.456839697302831915e-01 2.072307260344654787e+04
1.191330469760477229e+01 6.643607709674609341e-01 1.795723841866959992e+04
1.189136628132408191e+01 6.835855032536264364e-01 1.558427016844894752e+04
1.186984897995167287e+01 7.034586969869596196e-01 1.346042450148204625e+04
1.185161429220903351e+01 7.239463563460372120e-01 1.153319388726193210e+04
1.183239497300140641e+01 7.451088378408788904e-01 1.005879955904892995e+04
1.181487869190916662e+01 7.669491907363713556e-01 8.697460403793469595e+03
1.180181568628636768e+01 7.894579187774047879e-01 7.473336220903453977e+03
1.179111522410284607e+01 8.126582644002761091e-01 6.446166625250856669e+03
1.177892419484884634e+01 8.365644885309947432e-01 5.552091896090586488e+03
1.176674955106347298e+01 8.611315419506526680e-01 4.784049324636451274e+03
1.175838059076027342e+01 8.863896361690943859e-01 4.126118964836457053e+03
1.175427742853464075e+01 9.123316772452879642e-01 3.550433142922229763e+03
1.175007401943074825e+01 9.389193193592137998e-01 3.056227327426193824e+03
1.174233229980795556e+01 9.661655247658531565e-01 2.631879509878169301e+03
1.174185101979585788e+01 9.940396027769039522e-01 2.266396292335053204e+03
1.174057073564203257e+01 1.022532633037050331e+00 1.951761070874634015e+03
1.173983215187917395e+01 1.051603899994539182e+00 1.675069438256559806e+03
1.174026868665322887e+01 1.081252436199871658e+00 1.450586440872566982e+03
1.174574395517714009e+01 1.111393071111996811e+00 1.250945531801399511e+03
1.174218482071760405e+01 1.141956394295427613e+00 1.080742612470436370e+03
1.174540864271276064e+01 1.172859302684618577e+00 9.349962559227798238e+02
1.175054637674209168e+01 1.204008566165880811e+00 8.087872894214686994e+02
1.175035247270371563e+01 1.235331981910696486e+00 7.015316940924072924e+02
1.175275132274320100e+01 1.266711673263711591e+00 6.095456542175659251e+02
1.175507064489503328e+01 1.298073021023379958e+00 5.303130843543071933e+02
1.175554408254597050e+01 1.329330522145934612e+00 4.623801404610790655e+02
1.175633687093415602e+01 1.360376463127237034e+00 4.043123878100233242e+02
1.175949580146643925e+01 1.391127253836712097e+00 3.543653507588086313e+02
1.175511321337856074e+01 1.421496342691618731e+00 3.111354547892839264e+02
1.175555437081823662e+01 1.451358918689617195e+00 2.724772454657800722e+02
1.174825406696599295e+01 1.480720698546323932e+00 2.405113023335278228e+02
1.174381733440473496e+01 1.509343248301588947e+00 2.140495389006395328e+02
1.173649884959951528e+01 1.537318009159731380e+00 1.900491302314028133e+02
1.172560063982182221e+01 1.564424539278974180e+00 1.683272090374805998e+02
1.171575061007628094e+01 1.590640935214350682e+00 1.509631413082082929e+02
1.170337445131830023e+01 1.615882418547442523e+00 1.353047866400789587e+02
1.168912208702828259e+01 1.640112136381885577e+00 1.214344935285772635e+02
1.167320979358378175e+01 1.663263108777081278e+00 1.094101660696731528e+02
1.165223407385686194e+01 1.685265749326719353e+00 9.887921806346079734e+01
1.163063259967646523e+01 1.706080867744815599e+00 8.971111910226559871e+01
1.160773605670978981e+01 1.725624951125887874e+00 8.151153126880060995e+01
1.158187493357418774e+01 1.743887750691695437e+00 7.441302333198379415e+01
1.155363025477848282e+01 1.760828995208219450e+00 6.810044154260260996e+01
1.152360162308250047e+01 1.776429725205879606e+00 6.258759250362171400e+01
1.149149842429558710e+01 1.790609265197258493e+00 5.760577741979367516e+01
1.145709191513508074e+01 1.803391763917120860e+00 5.327827189621225301e+01
1.142122515017388906e+01 1.814752288538155067e+00 4.945043473160373537e+01
1.138258371859198093e+01 1.824650354474877112e+00 4.605028629470002954e+01
1.134287780150926395e+01 1.833097057997954860e+00 4.286433743901481819e+01
1.130143965149104268e+01 1.840075486519542780e+00 4.040476142000046167e+01
1.125841864776981893e+01 1.845594825098489267e+00 3.805563883237696388e+01
1.121430390281905431e+01 1.849639595123422575e+00 3.599821359538321985e+01
1.116804401324559670e+01 1.852225382005456167e+00 3.417869606701272289e+01
1.112137186968809921e+01 1.853344710182323052e+00 3.260923132318990980e+01
1.107340957297152784e+01 1.853031991551002289e+00 3.127309224236589458e+01
1.102667628148640944e+01 1.851287401903570995e+00 3.013225004375309268e+01
1.097928169924280084e+01 1.848147625063347288e+00 2.916636405684997158e+01
1.093342984635009962e+01 1.843660399476440448e+00 2.843515095318995378e+01
1.089153173815298814e+01 1.837969014199666740e+00 2.791622306424493516e+01
1.085984780164718799e+01 1.831796044502760568e+00 2.775761423109113224e+01
1.083016785149054684e+01 1.823943824995565954e+00 2.780294957197648387e+01
1.079595987928129119e+01 1.814587519995759957e+00 2.790330971388540249e+01
1.075863958651240715e+01 1.804027419644424146e+00 2.793862406521628117e+01
1.071853494064057166e+01 1.792454530555245951e+00 2.811684915142443231e+01
