1.550982551689759603e+01 2.191799393479931801e-01 3.683552447462830693e+06
1.516896585344960435e+01 2.290579494403611749e-01 2.998745336958260741e+06
1.480799902858761463e+01 2.394550949792036976e-01 2.408340214138543233e+06
1.450594236523203229e+01 2.503752810521946426e-01 1.944311389732642099e+06
1.423138161201595508e+01 2.618382443102374446e-01 1.565171617864310974e+06
1.398527880807007229e+01 2.738627294524169087e-01 1.266312711564533412e+06
1.376342093820018420e+01 2.864643951582558912e-01 1.022311976870161830e+06
1.356088714697632369e+01 2.996504583417585743e-01 8.277361646001671907e+05
1.337691557242168017e+01 3.134567957091475843e-01 6.698240018588271923e+05
1.321340085693609367e+01 3.278447249428684818e-01 5.416749164762203582e+05
1.306410771384413572e+01 3.428783407978447384e-01 4.383164977991167689e+05
1.293140442452867767e+01 3.585437910829843422e-01 3.552313713561717886e+05
1.280558132631964341e+01 3.748626131022686492e-01 2.884245013484306983e+05
1.269631172574807110e+01 3.918487646321055506e-01 2.318446937280415150e+05
1.259316699100080506e+01 4.095066735422689952e-01 1.898375201868239383e+05
1.250299291081825892e+01 4.278248337301965298e-01 1.541381367938384064e+05
1.241691712384241342e+01 4.468320260688828371e-01 1.252603864218736417e+05
1.234088178682119441e+01 4.665215206689194982e-01 1.018356889038500667e+05
1.227398055609828553e+01 4.868887068268994978e-01 8.302201773790091102e+04
1.220674120781587213e+01 5.078996436183391694e-01 6.771519498311412462e+04
1.215429160150648258e+01 5.296111505247357298e-01 5.527292565900370391e+04
1.210265248707278296e+01 5.519961180604171513e-01 4.509469630619335658e+04
1.205620560604022984e+01 5.750180801754276594e-01 3.691454656321764196e+04
1.200952923287489682e+01 5.986996088127156668e-01 3.029047453546364704e+04
1.197027079624199253e+01 6.231756097284834039e-01 2.473092382442032613e+04
1.194015530725531526e+01 6.486321878021987786e-01 2.025401948827621891e+04
1.189894262382515855e+01 6.751447284670306637e-01 1.641658117073812900e+04
1.187294131976910982e+01 7.028305811042325768e-01 1.351110481001957305e+04
1.184376922971330970e+01 7.317604373258790318e-01 1.102821488729376870e+04
1.181784712284955141e+01 7.620015591965464408e-01 8.960238541325508777e+03
1.179877242478776722e+01 7.935711840027128705e-01 7.283756429786725676e+03
1.178239223794658130e+01 8.264818657076894448e-01 5.907393444945643751e+03
1.176769532705960231e+01 8.607415454203928284e-01 4.792068365623308637e+03
1.175641761299420196e+01 8.963347065196327623e-01 3.863238994266232567e+03
1.174906711656060665e+01 9.332200682649172130e-01 3.150049173227221218e+03
1.174123233453643422e+01 9.713940187130613024e-01 2.554613739683417862e+03
1.173805191820645533e+01 1.010782976033393954e+00 2.073575008583984072e+03
1.173694816772556315e+01 1.051320946174050031e+00 1.682155298722226689e+03
1.173710369679376697e+01 1.092970958770963064e+00 1.365443932265737658e+03
1.173866497977814127e+01 1.135631010415514730e+00 1.110887087022434116e+03
1.174378736163821557e+01 1.179207197600491419e+00 9.039640579139035026e+02
1.174459406038094400e+01 1.223597586337335841e+00 7.330030850506832394e+02
1.174912601975525561e+01 1.268711616609560000e+00 6.031854689140633354e+02
1.175676523065616763e+01 1.314444535726752905e+00 4.931423068587885723e+02
1.175769194995299927e+01 1.360633923176344462e+00 4.048394655575096408e+02
1.176384899564113518e+01 1.407194402329183802e+00 3.327864501540653919e+02
1.176557291058721333e+01 1.453981424560639280e+00 2.743473686507618936e+02
1.177124186819180807e+01 1.500863192474061192e+00 2.264575751060826860e+02
1.177016916029718097e+01 1.547682992320321915e+00 1.877663023805658327e+02
1.177325056437445383e+01 1.594334626681789491e+00 1.558997306120137694e+02
1.176929271052555670e+01 1.640666710555218399e+00 1.298565623027984373e+02
1.176653614106109202e+01 1.686566251141428108e+00 1.084512044694315875e+02
1.176258386615790208e+01 1.731863881828016982e+00 9.081592886042082569e+01
1.175549612794994303e+01 1.776459488266058928e+00 7.630217961226297518e+01
1.174716184386042173e+01 1.820222187781193046e+00 6.430156475911348934e+01
1.173647893516446139e+01 1.863044945972691435e+00 5.435444358263043085e+01
1.172341620530955986e+01 1.904796593241435465e+00 4.608445919752227837e+01
1.170759818279181630e+01 1.945375882388673094e+00 3.920674064703210604e+01
1.169034268171260393e+01 1.984707321755935228e+00 3.345520442889635859e+01
1.167064428736733817e+01 2.022688420977973855e+00 2.863573370037536847e+01
1.164812518319077483e+01 2.059240169871507931e+00 2.460897922524024750e+01
1.162337970543460131e+01 2.094297448513438464e+00 2.119649958723595162e+01
1.159561652088389749e+01 2.127784439171463315e+00 1.833168001161049787e+01
1.156606851570759886e+01 2.159586996065374187e+00 1.585975726048265244e+01
1.153462486373195972e+01 2.189592119929806291e+00 1.386424706757472514e+01
1.149999054428531586e+01 2.217698990280593474e+00 1.213307433895861109e+01
1.146280403953335458e+01 2.243822740591334686e+00 1.065298531313744235e+01
1.142331045056144667e+01 2.267918231167047161e+00 9.396582768889880199e+00
1.138176952257300911e+01 2.289926672495138593e+00 8.323387902651044001e+00
1.133785893047321558e+01 2.309815991339878138e+00 7.384043183378234509e+00
1.129157007880186114e+01 2.327598849786621571e+00 6.618613439047365432e+00
1.124265942071683533e+01 2.343255310306397554e+00 5.940025165896369863e+00
1.119188266633773310e+01 2.356826484645713649e+00 5.344772585993999847e+00
1.113924413157501192e+01 2.368321288253035561e+00 4.851451753058858785e+00
1.108438253109677163e+01 2.377804183618443368e+00 4.412694404637401036e+00
1.102763839082347808e+01 2.385298796858341674e+00 4.024053300527584476e+00
1.096944777883450506e+01 2.390890580251412434e+00 3.701095642617122650e+00
1.090991600930455796e+01 2.394633793034086189e+00 3.403955546474798144e+00
1.084782399723379775e+01 2.396594715042549506e+00 3.152878844301763905e+00
1.078514618990370799e+01 2.396878804721862544e+00 2.929971831504012858e+00
1.072129209055358245e+01 2.395529849951989476e+00 2.734758799758266079e+00
1.065683141676586487e+01 2.392666752259640095e+00 2.569540840385589497e+00
1.059102364945786157e+01 2.388360846939458604e+00 2.414056162501386105e+00
1.052458338953712946e+01 2.382684889782471949e+00 2.280809928769585326e+00
1.045773599900656770e+01 2.375757442925472862e+00 2.162835895079192383e+00
1.039059840187802841e+01 2.367653946297565426e+00 2.064929983594426588e+00
1.032352372859546463e+01 2.358453249196694745e+00 1.974088442699806878e+00
1.025596756013800359e+01 2.348246499720463731e+00 1.893955398018217995e+00
1.018867209070825197e+01 2.337113051996035473e+00 1.820740256653915923e+00
1.012183872100206905e+01 2.325168290330618781e+00 1.758502446828754229e+00
1.005492123529491089e+01 2.312440888244031267e+00 1.704758240803644798e+00
9.988760928257214289e+00 2.299048669522803401e+00 1.659838215523075533e+00
9.923163818085107835e+00 2.285057344635508692e+00 1.622803848236163304e+00
9.858956395844815646e+00 2.270547307385387459e+00 1.586335731714736186e+00
9.795363064762646843e+00 2.255577708384296720e+00 1.561438678649928580e+00
9.732151967404591986e+00 2.240221137033773235e+00 1.537753057652136546e+00
9.670851416892503494e+00 2.224543671096358199e+00 1.518843617177315863e+00
9.610298643624545889e+00 2.208653867796063874e+00 1.507042372099014926e+00
9.552909257379374353e+00 2.192741797306293261e+00 1.495005030432869919e+00
9.499253998138218691e+00 2.177191438185313910e+00 1.494059071243322601e+00
