1.550982551689759603e+01 2.191799393479931801e-01 3.683552447462830693e+06
1.518654082100241354e+01 2.277100119817068169e-01 3.060841259721854702e+06
1.489521999588034618e+01 2.366270558601019092e-01 2.548757149119880050e+06
1.461686562921767241e+01 2.459344193729351702e-01 2.111579133520219475e+06
1.437939143679579779e+01 2.556414053335909764e-01 1.758692737588699907e+06
1.413574772373804578e+01 2.657636478330193675e-01 1.460487900992365088e+06
1.393854936685715273e+01 2.763111438039266843e-01 1.214651165928913513e+06
1.375199752805205300e+01 2.872950321026313536e-01 1.008656301630404429e+06
1.357405240625705645e+01 2.987315489346402675e-01 8.384021361236111261e+05
1.341425921982170344e+01 3.105993488851446216e-01 6.989655998885746812e+05
1.326606620573201134e+01 3.229170991143171521e-01 5.818810878800794017e+05
1.313308059892482760e+01 3.357200280999877440e-01 4.843117774700713344e+05
1.301425453203155769e+01 3.489976783407202632e-01 4.031171471895516152e+05
1.289535325954520495e+01 3.627686934757567427e-01 3.365041308849513298e+05
1.278870284424845494e+01 3.770129767589216474e-01 2.805198157584148576e+05
1.269223106768417964e+01 3.917626782641338012e-01 2.320756575886436913e+05
1.260577986400114625e+01 4.070135301411357265e-01 1.951724700864060142e+05
1.252562360457592483e+01 4.227609795718828001e-01 1.629641086937133805e+05
1.245176228268128682e+01 4.390222651231955875e-01 1.364202092831999180e+05
1.238038851844096833e+01 4.558015891445823531e-01 1.138714755843108287e+05
1.231803506833083794e+01 4.730960048159075781e-01 9.517513264349322708e+04
1.226077923021918892e+01 4.908833754232661550e-01 7.985073424210301891e+04
1.220721292766070576e+01 5.091698502073229715e-01 6.698342342028417625e+04
1.215474554042132738e+01 5.279747589866423674e-01 5.609504429794150929e+04
1.211392584816794304e+01 5.472857311681970094e-01 4.704304327894040034e+04
1.207174549131979902e+01 5.671108416430254984e-01 3.914603922056302690e+04
1.203076123692671118e+01 5.873565496173996925e-01 3.327628821488886751e+04
1.199418985315010566e+01 6.081784165984615020e-01 2.797517354556033024e+04
1.196153400839170544e+01 6.296313920237128769e-01 2.355192738453344282e+04
1.192870431366612749e+01 6.518602720281826413e-01 1.978543940246395141e+04
1.189985063446269642e+01 6.749154209160929119e-01 1.660731006002634240e+04
1.187599970373247693e+01 6.988230215684492208e-01 1.391779128137836778e+04
1.185032313600648202e+01 7.236897368366074224e-01 1.166879636001732797e+04
1.182870396600937113e+01 7.495327872403148017e-01 9.755153803458135371e+03
1.181035604858389831e+01 7.763775398873635769e-01 8.157349447306291040e+03
1.179323042448839587e+01 8.042307065102531904e-01 6.804941973182470065e+03
1.177988728533567553e+01 8.331107510799364846e-01 5.676642717301147059e+03
1.176842986545684511e+01 8.630008158603497126e-01 4.693131253560874029e+03
1.175841310656512206e+01 8.938909467716754653e-01 3.945928877353775988e+03
1.175013639819528244e+01 9.257838670122726654e-01 3.287940375604268866e+03
1.174313837640701408e+01 9.586409389875328868e-01 2.737100555703002556e+03
1.174003490555099027e+01 9.924297248515585590e-01 2.283859737954009233e+03
1.174074977698753308e+01 1.027131448818572768e+00 1.906328726139272703e+03
1.173902004086098927e+01 1.062695672541763114e+00 1.590683715090016221e+03
1.173911058127094797e+01 1.099077707250079694e+00 1.328356089297073822e+03
1.174188286627778943e+01 1.136223995492543715e+00 1.109666523047983219e+03
1.174433917883499845e+01 1.174056722094618532e+00 9.292187955914221220e+02
1.174696826631933888e+01 1.212522664073411915e+00 7.779849834560576483e+02
1.175282966250349403e+01 1.251567060799398945e+00 6.518897264017367661e+02
1.175577720125203385e+01 1.291111383907935117e+00 5.475368086250537090e+02
1.176106401034714111e+01 1.331067467205759192e+00 4.610211671511693226e+02
1.176431746294195690e+01 1.371348684463143064e+00 3.859255165579795062e+02
1.176975543916495504e+01 1.411897061063196013e+00 3.276660765275509561e+02
1.177482445924177235e+01 1.452611072027360617e+00 2.769099725267362828e+02
1.177468143291383917e+01 1.493401436380991987e+00 2.345306756348088584e+02
1.177715412654463734e+01 1.534201645353904464e+00 1.989891185876411441e+02
1.177781083021101516e+01 1.574892661791974735e+00 1.693003535355913982e+02
1.177842892931139041e+01 1.615393381400699324e+00 1.442245398446513320e+02
1.177739682036029478e+01 1.655631891445621839e+00 1.231930822089447872e+02
1.177479077643265093e+01 1.695503440988553656e+00 1.054494005762005600e+02
1.177168890901899090e+01 1.734926314710175443e+00 9.041767845895665801e+01
1.176647567429342089e+01 1.773806356371009363e+00 7.766676565232066309e+01
1.175987775187414819e+01 1.812089853673190198e+00 6.662222177151562619e+01
1.175161508122401521e+01 1.849677476362993289e+00 5.779373996755165166e+01
1.174158166974444306e+01 1.886493651935534865e+00 5.001633106522167793e+01
1.173041034823877915e+01 1.922484569546517807e+00 4.339506700967333330e+01
1.171645463504290774e+01 1.957563312054361626e+00 3.775645147304662430e+01
1.170146616818099794e+01 1.991689091913002363e+00 3.291605693910251063e+01
1.168409478282879732e+01 2.024790905471843594e+00 2.875782504328020650e+01
1.166544186620794044e+01 2.056826084096968987e+00 2.519706474542985930e+01
1.164517439837781687e+01 2.087741701028843266e+00 2.213488454564537733e+01
1.162293171661626801e+01 2.117491915522803581e+00 1.949362209368800691e+01
1.159833874556457012e+01 2.145985123230147451e+00 1.721061482608874371e+01
1.157261360187476029e+01 2.173118605624356992e+00 1.524076607035333097e+01
1.154519991993124250e+01 2.198801923732286667e+00 1.353306757906999636e+01
1.151538946256318674e+01 2.222943585961905111e+00 1.206608675977554412e+01
1.148319502869826536e+01 2.245462581315301520e+00 1.079003993608728962e+01
1.145004863536686202e+01 2.266305391757341692e+00 9.678952617632388566e+00
1.141414584283166533e+01 2.285421645276084046e+00 8.725988241587383953e+00
1.137625343854382010e+01 2.302767943330933154e+00 7.888124602667425656e+00
1.133723373596908424e+01 2.318291542039479847e+00 7.159795258322304790e+00
1.129557162504248424e+01 2.331984065267998396e+00 6.525663168857125385e+00
1.125208283506382756e+01 2.343836514484482159e+00 5.976089499517882153e+00
1.120713028053650895e+01 2.353825856884980361e+00 5.490996039469069778e+00
1.115985724223203057e+01 2.361946611412090835e+00 5.053074949045142539e+00
1.111116050048596904e+01 2.368254023899548866e+00 4.697830552804648008e+00
1.106083342045639917e+01 2.372705877481862569e+00 4.373516103553257928e+00
1.100977918054991811e+01 2.375364398906210095e+00 4.080370520868092932e+00
1.095574140255532036e+01 2.376246841856378023e+00 3.844306154847049406e+00
1.090181304419036756e+01 2.375366455192934989e+00 3.622504230467355590e+00
1.084617654073564275e+01 2.372791598989834938e+00 3.437753617155452801e+00
1.079025639836160444e+01 2.368549492299958814e+00 3.278802609264791723e+00
1.073392807811228522e+01 2.362680172850317284e+00 3.155568708121866628e+00
1.067809208358631956e+01 2.355268672921297490e+00 3.041079535243046639e+00
1.062231061056364467e+01 2.346370941723062042e+00 2.953796050361416903e+00
1.056926804874337833e+01 2.336200109038855999e+00 2.889085733820766499e+00
1.052270035062705666e+01 2.325382205131109270e+00 2.856049446792451540e+00
1.048257990373691584e+01 2.313688661508735755e+00 2.848310242458255370e+00
1.044246214557034591e+01 2.300530137723466151e+00 2.861744570649013220e+00
1.040120378447184812e+01 2.286096290589635593e+00 2.887852414796547862e+00
