1.550982551689759603e+01 2.191799393479931801e-01 3.683552447462830693e+06
1.524553746176359681e+01 2.269303775134587919e-01 3.108686446167681832e+06
1.494611401737998158e+01 2.349964988993545889e-01 2.631787361298925709e+06
1.471414442330332761e+01 2.433993050544886461e-01 2.236745111942125950e+06
1.448246427678795634e+01 2.521170247292364719e-01 1.885741221399247879e+06
1.425469609672382987e+01 2.611802101780685836e-01 1.584417024490997894e+06
1.405121370840514139e+01 2.705918790363408544e-01 1.340044906285730889e+06
1.386790553978319984e+01 2.803640432784481051e-01 1.121043850167679833e+06
1.369871985801829339e+01 2.904989083821266638e-01 9.485609098139661364e+05
1.354759346030384748e+01 3.009931653424932074e-01 8.108720218628958100e+05
1.340252748530611981e+01 3.118634103759896359e-01 6.851633987499700161e+05
1.327183446541044454e+01 3.231078954457395902e-01 5.799534346830758732e+05
1.313970595492594384e+01 3.347607534916883787e-01 4.918851714701352757e+05
1.302878154234984898e+01 3.467886517336388197e-01 4.156404521468505845e+05
1.291609873162660449e+01 3.592290972852181241e-01 3.521659544128901325e+05
1.282646147146604676e+01 3.720675516349244982e-01 2.986370741972351098e+05
1.273472041105366692e+01 3.853260635398754741e-01 2.528176979978018499e+05
1.264853880442636402e+01 3.989956033947119063e-01 2.143500286897771584e+05
1.257347810448962733e+01 4.130726139381539208e-01 1.821945038338795712e+05
1.250142217920927834e+01 4.275774352623395447e-01 1.547134354504433868e+05
1.243471077140310754e+01 4.424938415492556398e-01 1.313097788421119913e+05
1.237327862385440724e+01 4.578506446000564223e-01 1.104797427322118601e+05
1.231581543797971712e+01 4.736276727778370721e-01 9.491470954930259904e+04
1.226295292341250764e+01 4.898110795152256225e-01 8.022568068178271642e+04
1.221356064074566028e+01 5.064177877612535683e-01 6.822536010817336501e+04
1.217039925640157882e+01 5.234484439898956509e-01 5.849947199628847738e+04
1.212617525369397775e+01 5.409002272049150406e-01 4.988845731697961310e+04
1.208725368899593633e+01 5.587708943083334878e-01 4.249953296538694849e+04
1.204955019881095346e+01 5.770190641861894232e-01 3.629973770573241927e+04
1.201716051293347398e+01 5.957024241255750585e-01 3.072067018495121738e+04
1.198352329958996698e+01 6.148496648199406334e-01 2.648736941526405644e+04
1.195365350133200621e+01 6.346060582597732314e-01 2.264018328702547660e+04
1.192553421077771780e+01 6.550370674418501959e-01 1.931912657780148584e+04
1.189997293741713946e+01 6.761777015122837353e-01 1.644865774688679448e+04
1.187661632614637419e+01 6.981412585370068147e-01 1.386963093740490149e+04
1.185257439768676768e+01 7.208881836835363544e-01 1.190562889924211231e+04
1.183262386328006777e+01 7.444903664301691926e-01 1.011339598932801164e+04
1.181885960486410703e+01 7.689667334420219325e-01 8.572623237643536413e+03
1.180194463715714193e+01 7.943240802756849073e-01 7.271584369504756069e+03
1.178943535035029022e+01 8.205798278576987848e-01 6.158928906749007183e+03
1.177801839606134848e+01 8.477393668982478037e-01 5.197926819262930621e+03
1.176986392433696693e+01 8.757745952502861142e-01 4.404900624546648032e+03
1.176199133221590110e+01 9.046962334723785970e-01 3.726894175085977622e+03
1.175740933602568106e+01 9.345034754884465888e-01 3.148431892092422459e+03
1.175217540205674105e+01 9.651464765756979647e-01 2.662351813132827829e+03
1.175293556162423236e+01 9.966127612015907022e-01 2.253027415147334068e+03
1.175243219362746139e+01 1.028886206788666158e+00 1.906452248226146367e+03
1.175260700638485289e+01 1.061930198241685108e+00 1.611977562167061251e+03
1.175877971415876111e+01 1.095711398441698181e+00 1.365485208310055896e+03
1.175990509079721669e+01 1.130177735962093477e+00 1.157142621066626816e+03
1.176648809352609604e+01 1.165288060691101801e+00 9.814686768559743086e+02
1.176934034406593454e+01 1.200993945503441962e+00 8.334190356024214452e+02
1.177472592981762212e+01 1.237248844000893744e+00 7.084930898428654018e+02
1.178406725319057813e+01 1.273983450950771701e+00 6.025653561243487957e+02
1.178834239960050745e+01 1.311146093739051999e+00 5.130600517370404532e+02
1.179743244445801764e+01 1.348692897076871455e+00 4.372521975484967243e+02
1.180225507006569430e+01 1.386538031012805705e+00 3.735526768179630608e+02
1.181013181340505014e+01 1.424622441753573332e+00 3.194597515825113874e+02
1.181483262751787322e+01 1.462864004906027748e+00 2.736758457142026373e+02
1.182205826451742681e+01 1.501221608701814869e+00 2.348014399882947316e+02
1.182619414202766883e+01 1.539606966182214709e+00 2.016901766662748230e+02
1.182855602798744776e+01 1.577955413739799750e+00 1.738034765379468354e+02
1.183168363464414341e+01 1.616191866099798258e+00 1.497758736913040707e+02
1.183470552779468754e+01 1.654245104463982985e+00 1.286328236108417400e+02
1.183619337838173280e+01 1.692045395673391628e+00 1.113430905384675498e+02
1.183686738638084535e+01 1.729427637565424725e+00 9.657856671534634074e+01
1.183611533685098394e+01 1.766274507485120715e+00 8.435640443314898107e+01
1.183448859188478508e+01 1.802445022602575442e+00 7.345147851525334204e+01
1.182981357595562777e+01 1.837815065164288386e+00 6.388712268140420747e+01
1.182464772717239754e+01 1.872257596793001078e+00 5.623826205790841470e+01
1.181666808601547380e+01 1.905644204126683228e+00 4.944477618800323881e+01
1.180695671771090716e+01 1.937864240728533138e+00 4.357863202614267806e+01
1.179521956777753822e+01 1.968820743986146038e+00 3.856608777142472633e+01
1.178116381156884351e+01 1.998405750177192353e+00 3.419564835725766727e+01
1.176473693214738425e+01 2.026518783263990819e+00 3.046549614375516413e+01
1.174574830018437943e+01 2.053076728145147190e+00 2.721371920868755012e+01
1.172466528020128962e+01 2.078026502439016099e+00 2.444183327719353116e+01
1.170129758006910237e+01 2.101288459407475884e+00 2.197965763835397368e+01
1.167463176377584588e+01 2.122790669700980626e+00 1.986279241481529567e+01
1.164643126536737583e+01 2.142490606151602250e+00 1.795011010387175432e+01
1.161581297842011651e+01 2.160337962426822855e+00 1.640846421539799138e+01
1.158146771046387968e+01 2.176300553929255255e+00 1.496516354661495818e+01
1.154575253922521405e+01 2.190325766575813571e+00 1.379583961450217089e+01
1.150628390936769918e+01 2.202410848246775021e+00 1.272953814416849383e+01
1.146635512176123406e+01 2.212539580732624245e+00 1.178509826025616825e+01
1.142318010909912473e+01 2.220659260787428035e+00 1.098091455481532819e+01
1.137776818469974671e+01 2.226793092797065388e+00 1.026795550171738824e+01
1.133104798451851103e+01 2.230881448554469682e+00 9.655639883365292775e+00
1.128271631153200794e+01 2.232958469480651686e+00 9.125643310386250207e+00
1.123339713092524228e+01 2.232975788512157944e+00 8.682142233493239658e+00
1.118302491554622513e+01 2.230925153391156712e+00 8.307412773237508929e+00
1.113309885867892213e+01 2.226782319507158547e+00 7.994486759350168725e+00
1.108414993089214917e+01 2.220594967390050911e+00 7.773975227931885001e+00
1.103592529045136850e+01 2.212617216351485006e+00 7.639773073969392314e+00
1.098824632864620732e+01 2.203084655798074110e+00 7.532158145765140311e+00
1.094078645981518960e+01 2.192312075536154481e+00 7.465470452348251129e+00
1.089457701808315981e+01 2.180534136933251599e+00 7.434651017189288780e+00
1.084931657634979096e+01 2.167988189888095718e+00 7.431892364960448916e+00
1.080596905619336923e+01 2.154808664415808206e+00 7.457627762808615834e+00
1.076202847011903430e+01 2.141220976219034622e+00 7.483121594776179997e+00
