2.191799393479931801e-01 1.550982551689759603e+01 3.683552447462830693e+06
2.281992381078024601e-01 1.516262915578717063e+01 3.028611756678688806e+06
2.376375132171179017e-01 1.486071707803453457e+01 2.488027300069214776e+06
2.475240919727336453e-01 1.456958389069527904e+01 2.049665780080479104e+06
2.578554712960948736e-01 1.432162333466585480e+01 1.684356807898592204e+06
2.686517869773124012e-01 1.408966487542451240e+01 1.389197717063389253e+06
2.799253217456464382e-01 1.387542890122669093e+01 1.139109582543429220e+06
2.916913195611232634e-01 1.368222636786969382e+01 9.386193028393246932e+05
3.039337563051791036e-01 1.350558364510312082e+01 7.748856333343936130e+05
3.167041950957081298e-01 1.334180466441688218e+01 6.383506359760751948e+05
3.299795000694045188e-01 1.319276517272391125e+01 5.258282331877703546e+05
3.437823753695908313e-01 1.305496882942327375e+01 4.328624167461753241e+05
3.581221897952864830e-01 1.293233966318361716e+01 3.579046511720932904e+05
3.730071827589975242e-01 1.281739418949601195e+01 2.951000811684718356e+05
3.884464452306905513e-01 1.271345880138892426e+01 2.434773089046530949e+05
4.044543733291545151e-01 1.261999621613843914e+01 2.010172387208228465e+05
4.209930907982254444e-01 1.253078433700728134e+01 1.673079040252660634e+05
4.381140037269842802e-01 1.245339389612332504e+01 1.375264181845165731e+05
4.558096738764382261e-01 1.238010797581261713e+01 1.141992694367917575e+05
4.740795082849807440e-01 1.231568498515041554e+01 9.429255579524696805e+04
4.928971205835215863e-01 1.225416372674893495e+01 7.831280030400819669e+04
5.122792702683114374e-01 1.219585912742976852e+01 6.486389228125303634e+04
5.322334448978512933e-01 1.214648969954543034e+01 5.394889939141377545e+04
5.527511640307606333e-01 1.210097179326616157e+01 4.486870750226433302e+04
5.737981782625232174e-01 1.205721741987115792e+01 3.732315324425857398e+04
5.954126139970206122e-01 1.201520814734475273e+01 3.109133430663593390e+04
6.176913711637408433e-01 1.198015338648895955e+01 2.589194462645613748e+04
6.408723992355939147e-01 1.194587126379375164e+01 2.157672478053971281e+04
6.650676459395092888e-01 1.191159399731193069e+01 1.777060207379573330e+04
6.903585177794165917e-01 1.188517299228082180e+01 1.483402561770147804e+04
7.168369039101806228e-01 1.186076373511403581e+01 1.226175755406295502e+04
7.445737933860695490e-01 1.183865953104679924e+01 1.011336204549004106e+04
7.735997954174781421e-01 1.182002011683679754e+01 8.265254459561032490e+03
8.039331028361708098e-01 1.180406435579155122e+01 6.867813852961600787e+03
8.355899785783407197e-01 1.179125950156937286e+01 5.635938599878321838e+03
8.685668934295492916e-01 1.178133369700592148e+01 4.628693860086201312e+03
9.028578474592019454e-01 1.177552162467527808e+01 3.796681234403296912e+03
9.384605733204715028e-01 1.177149572647550180e+01 3.117093738417989243e+03
9.753295174006066937e-01 1.176982337919031529e+01 2.555620159580274048e+03
1.013423817441680530e+00 1.177312978903978546e+01 2.094685476523548004e+03
1.052717962672672591e+00 1.177945415766532555e+01 1.718280692490270894e+03
1.093138174556045561e+00 1.178983684928680020e+01 1.411888068114627913e+03
1.134634629490240743e+00 1.179247961439624603e+01 1.161146028712740645e+03
1.177113525936541061e+00 1.180268134349892328e+01 9.540604446332810085e+02
1.220512321320118332e+00 1.181357115533535840e+01 7.863927530294103008e+02
1.264746015339544227e+00 1.182581685083959933e+01 6.483506761702096810e+02
1.309705112919977710e+00 1.183882412893574099e+01 5.360011809486633183e+02
1.355299621606523175e+00 1.185110271060637999e+01 4.435972928967506732e+02
1.401422289867476634e+00 1.186411227744510022e+01 3.676096441804493793e+02
1.447969280613579546e+00 1.187848840100903125e+01 3.055857617721017618e+02
1.494820358891095990e+00 1.189390764007981005e+01 2.542573951223293705e+02
1.541861349521654656e+00 1.190667768705958096e+01 2.113225708557249334e+02
1.588928360768119719e+00 1.191824613260859955e+01 1.773227927696399320e+02
1.635810982194108920e+00 1.192681966379338299e+01 1.487806245889933905e+02
1.682313814382814243e+00 1.193572229522677652e+01 1.250877678494717031e+02
1.728218464812586452e+00 1.194413554982062031e+01 1.055475156720087710e+02
1.773335998331416752e+00 1.194856158215564612e+01 8.941544713007915846e+01
1.817428000652538511e+00 1.195175015056479495e+01 7.608707153968258297e+01
1.860378008123029225e+00 1.195302151583422834e+01 6.492736590813349551e+01
1.901961352613496414e+00 1.195108712417327013e+01 5.561572367640371795e+01
1.942027422772571787e+00 1.194679236922576315e+01 4.785171221045948897e+01
1.980456689444039853e+00 1.193836977995739979e+01 4.135849935723213378e+01
2.017083858447299427e+00 1.192759913268697325e+01 3.590544256156115921e+01
2.051837606498694733e+00 1.191301804240323392e+01 3.130837468772251952e+01
2.084562170722830565e+00 1.189506379965673410e+01 2.741248877393195826e+01
2.115182421145516578e+00 1.187391328802763368e+01 2.412572225351851074e+01
2.143665870382214234e+00 1.184941518453977238e+01 2.131473050766313904e+01
2.169939898902064179e+00 1.182125494804648724e+01 1.891871686743580128e+01
2.193949871215058245e+00 1.179042263216513042e+01 1.686915738655019226e+01
2.215667786279731377e+00 1.175510102979864158e+01 1.511750942691506339e+01
2.235115820214294224e+00 1.171710321622513717e+01 1.360747375259841796e+01
2.252262354632858177e+00 1.167609782658754369e+01 1.230197887257343758e+01
2.267133715670054173e+00 1.163167220889107867e+01 1.116614404550739614e+01
2.279763651726219642e+00 1.158421192814279266e+01 1.016294332951632029e+01
2.290155264856801764e+00 1.153413362254423724e+01 9.345826611644417525e+00
2.298369169034489179e+00 1.148148097276896884e+01 8.612332426339019520e+00
2.304463374294089206e+00 1.142630921691935697e+01 7.968677168356868457e+00
2.308485773560569054e+00 1.136868043318529153e+01 7.385058990909938892e+00
2.310507937525607680e+00 1.130938860618328690e+01 6.916144604636119908e+00
2.310585837529160358e+00 1.124788165893343894e+01 6.469388776315867950e+00
2.308830553129715746e+00 1.118505519217699806e+01 6.117362985654792418e+00
2.305297764250415771e+00 1.112064502196335880e+01 5.792313977638056777e+00
2.300082902097123849e+00 1.105511667112832086e+01 5.509279907781265528e+00
2.293312220074746222e+00 1.098848611282917709e+01 5.254007710361714878e+00
2.285112332855682382e+00 1.092090583277966154e+01 5.051888892825006749e+00
2.275636483823321843e+00 1.085221871402798932e+01 4.864425875598726634e+00
2.265014106428524521e+00 1.078352751605379467e+01 4.684906321422899644e+00
2.253346465525940090e+00 1.071273419993376130e+01 4.538511855214578006e+00
2.240787769642194949e+00 1.064236188095488345e+01 4.419666523945441128e+00
2.227421434342806705e+00 1.057157916305248158e+01 4.304012049171340948e+00
2.213335564779427056e+00 1.050000284361018643e+01 4.189249015800866616e+00
2.198628521004923897e+00 1.042859785663772598e+01 4.099249302164757580e+00
2.183377013061061689e+00 1.035725092132372005e+01 4.017571720174588634e+00
2.167657573964290485e+00 1.028573165488658780e+01 3.947002166991096850e+00
2.151517349438248239e+00 1.021433462213812859e+01 3.883996434030587697e+00
2.135022147392340752e+00 1.014289865874932417e+01 3.824163271820706811e+00
2.118237647867961204e+00 1.007271972288875261e+01 3.779285588740506352e+00
2.101217480790487979e+00 1.000242294033471957e+01 3.743678626888558902e+00
2.083991338021575768e+00 9.932558912998668887e+00 3.699191448954960659e+00
2.066607580823560220e+00 9.862884726469365759e+00 3.676738862502177962e+00
