1.550982551689759603e+01 2.191799393479931801e-01 3.683552447462830693e+06
1.517586840669562065e+01 2.280173758779746318e-01 3.044482828462741803e+06
1.487061267949614418e+01 2.372681526279998010e-01 2.511765157914669719e+06
1.459321920882814894e+01 2.469371700552262239e-01 2.071708773857848952e+06
1.434069823980433611e+01 2.570379973363859372e-01 1.716611950089559890e+06
1.410845246716455570e+01 2.675821322457537232e-01 1.416341214080732549e+06
1.392482719326959639e+01 2.785886550359283897e-01 1.166250964879715582e+06
1.370473747396429864e+01 2.900629220615503767e-01 9.663678274891166948e+05
1.353070204300152568e+01 3.020037206414903919e-01 7.963498284443172161e+05
1.336671922078306807e+01 3.144424677235071464e-01 6.531732587501815287e+05
1.321915707407099205e+01 3.273703342479845069e-01 5.423346752157364972e+05
1.308725318117580727e+01 3.408058430634853808e-01 4.517547264290804742e+05
1.295815244717332604e+01 3.547424198426322728e-01 3.735022675555711030e+05
1.284943048934537835e+01 3.692057054646340486e-01 3.092069687110595987e+05
1.274085630273070535e+01 3.842077501087090008e-01 2.567703851995179139e+05
1.264571319697923357e+01 3.997296874131329725e-01 2.126898649036723364e+05
1.255773273586934025e+01 4.157965860273928893e-01 1.762980183841365506e+05
1.248130483375278388e+01 4.324110462718379067e-01 1.463648581093790126e+05
1.240906983352965298e+01 4.495849194716266539e-01 1.215399703745997977e+05
1.233388101311841467e+01 4.672891735563932114e-01 1.011166659713251720e+05
1.227774034330720099e+01 4.855243285103373330e-01 8.410831780465533666e+04
1.222052669495332111e+01 5.043152552610267181e-01 7.003220914456549508e+04
1.216838910612089109e+01 5.236519140238190539e-01 5.845239736554250703e+04
1.212050821812700185e+01 5.435307594622810212e-01 4.870949254434931208e+04
1.207532505410328838e+01 5.639518137694652378e-01 4.062392750608576171e+04
1.203604257386926690e+01 5.848620843121260515e-01 3.399414148697042401e+04
1.199880368140073905e+01 6.062982804290607541e-01 2.839468028651126951e+04
1.196369760998089937e+01 6.282248965675423236e-01 2.378771719746795134e+04
1.193063209253471157e+01 6.506622797785504009e-01 1.995320088906247474e+04
1.189892768825381175e+01 6.735936143864634795e-01 1.674251383085595808e+04
1.186735076059606797e+01 6.969996322497381547e-01 1.405487528732724240e+04
1.184331603186118365e+01 7.208786277008909504e-01 1.181767747907844569e+04
1.181503229410805567e+01 7.451932481403998887e-01 9.943650612691048082e+03
1.179270264472839180e+01 7.699590823268154249e-01 8.380190350955630493e+03
1.176902010980277957e+01 7.951227659910512502e-01 7.061843672634707218e+03
1.174691485785795386e+01 8.206671463387815724e-01 5.962724508909183896e+03
1.172527103154604333e+01 8.465918632410770472e-01 5.041365473614242546e+03
1.170166376991264201e+01 8.728542267508275776e-01 4.268569202763006615e+03
1.167979456473287314e+01 8.994401078020063389e-01 3.616114679409160544e+03
1.165776979978166494e+01 9.262734928896680930e-01 3.066759268920631712e+03
1.163462908966724640e+01 9.533682733992835390e-01 2.606234030089131011e+03
1.161815706685590399e+01 9.806681648439176113e-01 2.217782683201618966e+03
1.159422128658115803e+01 1.008145069465875787e+00 1.888680878605580347e+03
1.156806829332948894e+01 1.035756446607799308e+00 1.601038721518312286e+03
1.154835281434901084e+01 1.063477625443238761e+00 1.376676894572877472e+03
1.152312529231671867e+01 1.091235924494530440e+00 1.178323812782544564e+03
1.149997207735757065e+01 1.119002162218240892e+00 1.009328939350342807e+03
1.147114088072159532e+01 1.146752272122398608e+00 8.665701974275717703e+02
1.144542876601652104e+01 1.174417743752066645e+00 7.448725238842454246e+02
1.141824616057147779e+01 1.201965993174203495e+00 6.370212120468291914e+02
1.138947864634434737e+01 1.229357894087576897e+00 5.524477187897814474e+02
1.135844109227570087e+01 1.256556204851901448e+00 4.773740301234347498e+02
1.132898521243648027e+01 1.283486151384964691e+00 4.128870423123474325e+02
1.129622723594590816e+01 1.310134171315129770e+00 3.577285682320916180e+02
1.126589896350312614e+01 1.336447637646851705e+00 3.104079976325077723e+02
1.122734818905690979e+01 1.362375355486951545e+00 2.696677649632057410e+02
1.119148605006281194e+01 1.387889115822448671e+00 2.351075290409522722e+02
1.115564251560772568e+01 1.412943142058461943e+00 2.049550822936389523e+02
1.111511629024632519e+01 1.437493680222829529e+00 1.792048210263142209e+02
1.107504445951605376e+01 1.461510555440125980e+00 1.568527638546784431e+02
1.103439206358908642e+01 1.484958298531003917e+00 1.375562959412754935e+02
1.099118388562248327e+01 1.507792420291069080e+00 1.208546251224580317e+02
1.094669350256227425e+01 1.529983929289288280e+00 1.063142806180084250e+02
1.090067460355251328e+01 1.551514815772272460e+00 9.380416432901141377e+01
1.085420640572749917e+01 1.572337293219035370e+00 8.276759449267079560e+01
1.080483435448234530e+01 1.592437406083847096e+00 7.326950659821642375e+01
1.075585907152111176e+01 1.611787373379703681e+00 6.493776277245434869e+01
1.070486320146368087e+01 1.630367367871021989e+00 5.766403521779134422e+01
1.065281292064144836e+01 1.648154582220809461e+00 5.132048214209707027e+01
1.059910639739768357e+01 1.665136354738983693e+00 4.575072058051389234e+01
1.054503984260510663e+01 1.681295543231628997e+00 4.071289211815008002e+01
1.048908550665012029e+01 1.696620367805089735e+00 3.644297692420102663e+01
1.043274393438006875e+01 1.711102069732815201e+00 3.278415171138099282e+01
1.037450116419079826e+01 1.724732307475294713e+00 2.935253925204782632e+01
1.031576084729763565e+01 1.737506589585078087e+00 2.650198059879823020e+01
1.025616044834475815e+01 1.749423193861300518e+00 2.388499651680171354e+01
1.019614981058775172e+01 1.760480220347826252e+00 2.158192536285021390e+01
1.013453493029698471e+01 1.770680636690635579e+00 1.953017333971769531e+01
1.007218517427147120e+01 1.780030890042579861e+00 1.771105080348840133e+01
1.000947277824547577e+01 1.788532920686283667e+00 1.609238227265206689e+01
9.946308576144373248e+00 1.796192167548918306e+00 1.464352690129170220e+01
9.882377241960364600e+00 1.803027190999161533e+00 1.332310168685382123e+01
9.817776468494011866e+00 1.809040504592466458e+00 1.220679086989614603e+01
9.752697823065540561e+00 1.814248493578513699e+00 1.114782372735328231e+01
9.688040942328328242e+00 1.818672740605091098e+00 1.022689321052995126e+01
9.622375657328310794e+00 1.822317268269753932e+00 9.397377632096702627e+00
9.555384008661098605e+00 1.825205650511371847e+00 8.651234138020274855e+00
9.489600272934564984e+00 1.827353780198428979e+00 8.003313596915468509e+00
9.423781268716799886e+00 1.828789541720020839e+00 7.399205701053849893e+00
9.356549543706183414e+00 1.829523263070563122e+00 6.852572150427445941e+00
9.290336690174404666e+00 1.829580644420482516e+00 6.345640068771312592e+00
9.224261295497917956e+00 1.828979468919770479e+00 5.901926919990192033e+00
9.157848952446848045e+00 1.827749223111902355e+00 5.497028008757929740e+00
9.092374789352616560e+00 1.825876275605544885e+00 5.145172131023827866e+00
9.028006838720534333e+00 1.823221888520226042e+00 4.818301440252108492e+00
8.964673429210309408e+00 1.819684355734909831e+00 4.542111539551453525e+00
8.903002704525668776e+00 1.815248397639038780e+00 4.292436432096453203e+00
8.842333965091834003e+00 1.809934304049086951e+00 4.085766188543439092e+00
8.781988937692505104e+00 1.803791555099297339e+00 3.899197379026976051e+00
8.722425763969319235e+00 1.796878269236180437e+00 3.744338336745537621e+00
