1.550982551689759603e+01 2.191799393479931801e-01 3.683552447462830693e+06
1.522670781489404135e+01 2.269612874561313387e-01 3.119901893072240055e+06
1.495006966938864323e+01 2.350608083074561261e-01 2.642270348996859975e+06
1.468338343840227900e+01 2.434978603235060934e-01 2.217785975060787518e+06
1.445654205285242888e+01 2.522550622179219326e-01 1.873459510546841659e+06
1.424433864753941315e+01 2.613593506846372816e-01 1.583677540745044593e+06
1.405031496316781237e+01 2.708152353924405675e-01 1.339773109787156805e+06
1.386257097022473239e+01 2.806296215884740430e-01 1.126185092617670074e+06
1.369695821715487760e+01 2.908132342679236038e-01 9.541900515897286823e+05
1.353997021600686601e+01 3.013678319405634909e-01 8.046911222169311950e+05
1.339463770047465552e+01 3.122820617873841020e-01 6.819934289785440778e+05
1.326816053949672991e+01 3.236179343969836641e-01 5.759525136175454827e+05
1.313514638337743534e+01 3.353027416960163154e-01 4.880391065549799241e+05
1.302155741559221092e+01 3.474048010841188083e-01 4.125375269757755450e+05
1.291742590658867407e+01 3.599258768705088651e-01 3.492522685855450109e+05
1.281946756897887241e+01 3.728258367077684765e-01 2.959949178532410879e+05
1.272828078939155638e+01 3.861584600088844299e-01 2.506262531566111429e+05
1.264634362750222962e+01 3.999027468829581822e-01 2.123008250624118955e+05
1.256832475301227880e+01 4.140631664963578817e-01 1.798159412204821128e+05
1.249630930479381519e+01 4.286582655093812422e-01 1.527012188558479829e+05
1.243245516127104189e+01 4.436759465475107467e-01 1.284285595796303824e+05
1.236833449110108063e+01 4.591355354261976718e-01 1.099355727812583500e+05
1.231058273297042938e+01 4.749904400767698820e-01 9.357239197637341567e+04
1.225855599616085101e+01 4.912772463821352131e-01 7.957154809629116789e+04
1.221048450437344890e+01 5.079815718086631016e-01 6.765037041077071626e+04
1.216530524436768523e+01 5.251187064667329762e-01 5.764558473578876146e+04
1.212417677278955708e+01 5.426801304863423381e-01 4.900168595737560099e+04
1.207936720596657132e+01 5.606629191923859779e-01 4.181360843188231229e+04
1.204581071682679649e+01 5.790216150898886971e-01 3.570512370827166160e+04
1.201225141256329998e+01 5.978207664779430219e-01 3.051836836644632058e+04
1.197916846903638444e+01 6.171872198788371788e-01 2.601980062914194787e+04
1.194940952678459034e+01 6.372609039784312701e-01 2.219022926630655274e+04
1.192332511272841877e+01 6.581353675349248533e-01 1.887299278742630122e+04
1.189770869110090601e+01 6.799010883292923024e-01 1.602515853495469310e+04
1.187370905204417326e+01 7.026079866757535264e-01 1.358956606191592982e+04
1.185047523038322659e+01 7.262998607833704989e-01 1.151024015582265929e+04
1.183641093147876155e+01 7.510156076699684435e-01 9.718289874416603197e+03
1.182074868800702916e+01 7.767794127844063201e-01 8.201503360465369042e+03
1.180823947008241426e+01 8.036141423281667473e-01 6.901631820449833867e+03
1.179928307542550669e+01 8.315183707070445962e-01 5.806048861670210499e+03
1.179089034911307898e+01 8.604977144772192332e-01 4.885063609727745643e+03
1.178774493070489271e+01 8.905515223930801083e-01 4.104041617866963861e+03
1.178612747072135214e+01 9.216750893063553329e-01 3.418995865554340980e+03
1.178641932082073751e+01 9.538555170442519771e-01 2.894933598040453944e+03
1.178681760024554137e+01 9.870614846500841422e-01 2.431635180400684021e+03
1.179391144583908435e+01 1.021281962515439901e+00 2.041433226387339118e+03
1.180085126409074014e+01 1.056457473407596881e+00 1.714015333759987698e+03
1.180977020322924886e+01 1.092575814657837485e+00 1.441464747383681924e+03
1.181936417186361865e+01 1.129595548520311743e+00 1.213082293355287220e+03
1.183096468647246624e+01 1.167450282319806076e+00 1.019575629935990719e+03
1.184453313330487312e+01 1.206107314048033619e+00 8.587524914741439943e+02
1.185829060427858472e+01 1.245491811005385863e+00 7.191742044406526020e+02
1.187314766265544286e+01 1.285551944639958810e+00 6.117203730319702117e+02
1.188823028593170683e+01 1.326221871203603797e+00 5.161319257528829212e+02
1.190405727907196720e+01 1.367438815088707793e+00 4.371542962523832898e+02
1.191974008453974676e+01 1.409121177840470862e+00 3.700666499644427745e+02
1.193977891956828330e+01 1.451187013962618400e+00 3.140899139711044654e+02
1.195253325036538783e+01 1.493573699204204575e+00 2.672531201770808593e+02
1.196985562668780467e+01 1.536177798567683661e+00 2.274740754206667646e+02
1.198413307479496659e+01 1.578880073851730570e+00 1.938554069316590471e+02
1.200151509639263203e+01 1.621530571113554808e+00 1.658936524718829730e+02
1.201317758037797034e+01 1.663976949003637573e+00 1.421726515155434356e+02
1.202606555336999072e+01 1.706084636446864922e+00 1.221848698724786999e+02
1.203718225996924751e+01 1.747703083711068750e+00 1.051830060120154116e+02
1.204601686469252186e+01 1.788712010621398063e+00 9.092288301441789145e+01
1.205523707003096412e+01 1.828950557988488157e+00 7.834641215395770075e+01
1.206056104913351312e+01 1.868326109180658667e+00 6.842199277617356756e+01
1.206380380783232376e+01 1.906675793283408638e+00 5.968221300861027601e+01
1.206752606791019566e+01 1.943909588002491695e+00 5.214487725629513903e+01
1.206466139419010730e+01 1.979923158775186876e+00 4.577029140646436645e+01
1.206141891485568962e+01 2.014607327605499432e+00 4.010953060494919242e+01
1.205539349432494944e+01 2.047894174437483894e+00 3.558122488863447330e+01
1.204686603062103778e+01 2.079626534790443237e+00 3.153977197993301118e+01
1.203560496910281685e+01 2.109809134787528961e+00 2.798234832116595072e+01
1.202104114923325717e+01 2.138351727454783191e+00 2.504842622527184659e+01
1.200514378913813829e+01 2.165179839391175864e+00 2.243020536306416091e+01
1.198505065777552936e+01 2.190273565206855011e+00 2.010030942500695517e+01
1.196228396651685699e+01 2.213573701880090727e+00 1.821387879984264657e+01
1.193733998406632502e+01 2.235040714009301155e+00 1.648297443615035718e+01
1.190962663820697287e+01 2.254684373611447246e+00 1.497376113192419922e+01
1.187851342808540167e+01 2.272470893955201188e+00 1.366812302013275193e+01
1.184517921659089623e+01 2.288397048925876032e+00 1.251041070821452550e+01
1.180910520063251745e+01 2.302444501806630406e+00 1.150702833233173905e+01
1.177137990518083122e+01 2.314645172131000184e+00 1.060513926759337089e+01
1.172993373909694270e+01 2.324996375789564418e+00 9.828321567828597338e+00
1.168677479173201839e+01 2.333523425882248148e+00 9.137177801970182145e+00
1.164205510117786524e+01 2.340239109058462663e+00 8.499919883459098102e+00
1.159456426420010366e+01 2.345195600492263832e+00 7.989573952671448431e+00
1.154555337464379861e+01 2.348402421229362602e+00 7.514464639872392659e+00
1.149457424494332081e+01 2.349904041159509571e+00 7.099717035388282582e+00
1.144222843981988547e+01 2.349743862338695699e+00 6.732985712251205790e+00
1.138858137043949093e+01 2.347982593883409574e+00 6.410193207271182025e+00
1.133407462145061295e+01 2.344657747373256385e+00 6.112387267496155019e+00
1.127854239205962195e+01 2.339822316643673350e+00 5.871895148199432590e+00
1.122278347760197725e+01 2.333556734601793803e+00 5.670506575548825090e+00
1.116674213434701635e+01 2.325934854115114803e+00 5.514414038049372024e+00
1.111221984784262773e+01 2.317052134771790506e+00 5.375372097684800288e+00
1.105840352694220741e+01 2.307060287261952780e+00 5.258165444279328860e+00
1.100789845619033258e+01 2.296229205329963108e+00 5.189074021379630253e+00
1.096983751522136075e+01 2.286281826278800278e+00 5.172172411962074001e+00
