2.191799393479931801e-01 1.550982551689759603e+01 3.683552447462830693e+06
2.281945642519576656e-01 1.517579211047840815e+01 3.035728329118798487e+06
2.376291550527758756e-01 1.485970999308207396e+01 2.491595753694881685e+06
2.475110775253961670e-01 1.458099773498790341e+01 2.049335065595761873e+06
2.578377447351459795e-01 1.432208814718600820e+01 1.687890425130601041e+06
2.686285914210128078e-01 1.409091158290597434e+01 1.391123785582709592e+06
2.798957328899568942e-01 1.388011905890143716e+01 1.141538389107241761e+06
2.916547267436809809e-01 1.368124636579391407e+01 9.407458254515518202e+05
3.038891620344555400e-01 1.350173574309458679e+01 7.748319387936574640e+05
3.166536489901403684e-01 1.337417344611134951e+01 6.366583226359847467e+05
3.299210865701951434e-01 1.319237469803060669e+01 5.262880759629531531e+05
3.437158667961319192e-01 1.307717453534335128e+01 4.331530175379790599e+05
3.580507948060231982e-01 1.293353930392741091e+01 3.576551622524228296e+05
3.729227690112836280e-01 1.281770380209565019e+01 2.951716017610760755e+05
3.883517087734738027e-01 1.271458566766900056e+01 2.435554795214400510e+05
4.043385187387076307e-01 1.261967998774850308e+01 2.015983475339508732e+05
4.208769951426622469e-01 1.253372063868356534e+01 1.665696061172247573e+05
4.379863006900170386e-01 1.245086034365452754e+01 1.379540799119091535e+05
4.556698426672654567e-01 1.238230510256511430e+01 1.141673717324601021e+05
4.739275627896746834e-01 1.231540399319625756e+01 9.459052269232635444e+04
4.927327680225978557e-01 1.225504102276661733e+01 7.848723026216361905e+04
5.121027305584645584e-01 1.220031778025173530e+01 6.462289873654568510e+04
5.320420567408991053e-01 1.214702813211102495e+01 5.404060165751570457e+04
5.525458006342861550e-01 1.210196352871467163e+01 4.496482669022279151e+04
5.735783919963524102e-01 1.205827541257166402e+01 3.743173061120352941e+04
5.951846315924266273e-01 1.201569297075302067e+01 3.115730916916895148e+04
6.174825498646514532e-01 1.197828967946806422e+01 2.577671174564732428e+04
6.407624728133416436e-01 1.194556506801687057e+01 2.160116990066252038e+04
6.651424416337380352e-01 1.191488705030525885e+01 1.786790147703319599e+04
6.907401761390052908e-01 1.188442518196509923e+01 1.480532795931004148e+04
7.176498088870865155e-01 1.186162215700243472e+01 1.220655440513394387e+04
7.459180906861696547e-01 1.183661906134257968e+01 1.009036182957085475e+04
7.755940979144384517e-01 1.182208257053694034e+01 8.264318908370567442e+03
8.067078303531364236e-01 1.180879968475179354e+01 6.774871771444192746e+03
8.392740215874158194e-01 1.179746405032050660e+01 5.548624532049868321e+03
8.732950593053336874e-01 1.179168874966164715e+01 4.538782944792774288e+03
9.087597101176124736e-01 1.178806033174592649e+01 3.710171573976431318e+03
9.456588123971262361e-01 1.178929919113872771e+01 3.025730886401851421e+03
9.839614566968876153e-01 1.179171707765936539e+01 2.473906800220328932e+03
1.023618786156361038e+00 1.179780912533425408e+01 2.022471393765003540e+03
1.064592340093138967e+00 1.180710833782243618e+01 1.639441653198448648e+03
1.106816622134618955e+00 1.181808105436827283e+01 1.351137724638697591e+03
1.150248847337310254e+00 1.183066539455606225e+01 1.106338275993410207e+03
1.194770514678102469e+00 1.184808276425029305e+01 9.018841843839878720e+02
1.240314226782856855e+00 1.186296769711433541e+01 7.429140381957182626e+02
1.286792070564491741e+00 1.187989371282116835e+01 6.111642415384850437e+02
1.334102925917665550e+00 1.189866724248492424e+01 5.029090813005653899e+02
1.382137387828975772e+00 1.191877159143188436e+01 4.144895704120002051e+02
1.430782592758830019e+00 1.193772042823479218e+01 3.423248534656893298e+02
1.479907256421526540e+00 1.196012922510339216e+01 2.835341841220253514e+02
1.529408790586286759e+00 1.197661450470230271e+01 2.351074777783585432e+02
1.579139879593414397e+00 1.199774535097620465e+01 1.954759266529899264e+02
1.628988774311413756e+00 1.201653272596493238e+01 1.628895333151336899e+02
1.678821024686565799e+00 1.203068409611350731e+01 1.361506729994631542e+02
1.728490787864708444e+00 1.204845341088010890e+01 1.140384787713482524e+02
1.777886113115629607e+00 1.206284205062316595e+01 9.530261097348858357e+01
1.826867414322494332e+00 1.207482231694027064e+01 8.059265456933727023e+01
1.875266754499470778e+00 1.208665961386352450e+01 6.811660185259401601e+01
1.922852087148917866e+00 1.209641563590782276e+01 5.772493964813871514e+01
1.969432127694347168e+00 1.210344043586970741e+01 4.907027880264742947e+01
2.014812872861540871e+00 1.210881329400523754e+01 4.190994957342905991e+01
2.058808183113769452e+00 1.211054832075481258e+01 3.587538109463389446e+01
2.101244957174735362e+00 1.210989100859955414e+01 3.085710571168177907e+01
2.141996683414706837e+00 1.210661857980887923e+01 2.665166107505096704e+01
2.180880734095597351e+00 1.210021460517690883e+01 2.300344653768715020e+01
2.217817394976612455e+00 1.209048468434516899e+01 2.011951190177446236e+01
2.252661916983661250e+00 1.207745820459563291e+01 1.755345048218400805e+01
2.285350595687185127e+00 1.206097616520761129e+01 1.546649225610923217e+01
2.315774889507649537e+00 1.204100416297861287e+01 1.364900501591007931e+01
2.343915620704894565e+00 1.201836949510921215e+01 1.205340230850057814e+01
2.369682570521839615e+00 1.199127606902916732e+01 1.077160738587566691e+01
2.393076630187982001e+00 1.196206794590095512e+01 9.639556321600700528e+00
2.414088850661957775e+00 1.192817572439538409e+01 8.670935293540244615e+00
2.432692544705345128e+00 1.189196820619234529e+01 7.805198229344812333e+00
2.448897779644132022e+00 1.185244972810023079e+01 7.104019149941242617e+00
2.462731777031772040e+00 1.180971583161032079e+01 6.480998757814229627e+00
2.474208306595194085e+00 1.176421374046135604e+01 5.934396725442343090e+00
2.483389130959702928e+00 1.171614909273503180e+01 5.463187390555988898e+00
2.490312217721894594e+00 1.166510049548832839e+01 5.034535083893231011e+00
2.495041315915238478e+00 1.161249628878138651e+01 4.680134638552155835e+00
2.497605642693466521e+00 1.155632323535078854e+01 4.381798228151847496e+00
2.498113466652684522e+00 1.149827241521087551e+01 4.111131461972920675e+00
2.496612098748234754e+00 1.143919329249282413e+01 3.865414202276124644e+00
2.493176401991895386e+00 1.137862683859957436e+01 3.673682415214765573e+00
2.487920265102721018e+00 1.131644348140970990e+01 3.487570169491622352e+00
2.480910980476855432e+00 1.125254101418645192e+01 3.338028082763698112e+00
2.472253241123582246e+00 1.118875366695567486e+01 3.213128753736414378e+00
2.462078639296269689e+00 1.112496632481616210e+01 3.108358862085617069e+00
2.450457874334168284e+00 1.106150164824740578e+01 3.024094000587316700e+00
2.437569128193228796e+00 1.099809347901096324e+01 2.964769628527530898e+00
2.423507861371660965e+00 1.093461924093749182e+01 2.904644691785595700e+00
2.408442947553317559e+00 1.087120111060563055e+01 2.863508267720839218e+00
2.392517260090829101e+00 1.080834753306930907e+01 2.835262062581537457e+00
2.375870557014275075e+00 1.074570746475133909e+01 2.820882253315800892e+00
2.358612305902502815e+00 1.068359461036354041e+01 2.810772082721419984e+00
2.340871186874829757e+00 1.062168828851508806e+01 2.798554803295082216e+00
2.322716660375947928e+00 1.056061451754915304e+01 2.803600336506998580e+00
2.304247685967740988e+00 1.050046091078965205e+01 2.819429812161152515e+00
2.285527561991241630e+00 1.044125567930218779e+01 2.828601042463825266e+00
2.266647209136158470e+00 1.038258462500918000e+01 2.856877175392525725e+00
