1.550982551689759603e+01 2.191799393479931801e-01 3.683552447462830693e+06
1.525670222316891156e+01 2.265530202390596271e-01 3.172175986090100370e+06
1.498294397579466519e+01 2.342058279150459055e-01 2.681406543360898737e+06
1.473367757291810420e+01 2.421670497746805373e-01 2.284049852361446712e+06
1.450111952800982706e+01 2.504077877812451725e-01 1.937900321501240600e+06
1.429642223480334096e+01 2.589629644829504751e-01 1.649886560348314466e+06
1.410612555704589255e+01 2.678316487575747584e-01 1.404949081270221621e+06
1.392800878565990885e+01 2.770205333386437929e-01 1.198722764435684774e+06
1.376160461808999003e+01 2.865386267428185474e-01 1.021635957334905397e+06
1.361237036881112772e+01 2.963796960120076429e-01 8.709351417233626125e+05
1.346734424993616130e+01 3.065619191515227548e-01 7.434964598666287493e+05
1.333175407689967784e+01 3.170966326439506044e-01 6.331918635800903430e+05
1.321723884599399135e+01 3.279729235551743227e-01 5.364151626436224906e+05
1.310003649767200606e+01 3.391917822844777164e-01 4.615832244735084823e+05
1.299617711183304536e+01 3.507822170103274684e-01 3.939736531917843968e+05
1.289726228024780141e+01 3.627424387333220146e-01 3.369267299108421430e+05
1.280497212701456888e+01 3.750534978200033009e-01 2.876572118850507541e+05
1.271789484559178973e+01 3.877489218642352076e-01 2.459094271434106631e+05
1.264052653364616141e+01 4.008186131395624630e-01 2.107436993575307133e+05
1.256902319295861048e+01 4.142584183710558698e-01 1.796683862153768714e+05
1.249805065908835999e+01 4.280918086731003713e-01 1.538590330661365588e+05
1.243457391732789752e+01 4.422944860465748418e-01 1.314584676348715439e+05
1.237779285496809045e+01 4.568927346960309777e-01 1.125624740882298211e+05
1.232403739538156273e+01 4.718777906670840738e-01 9.643443882105567900e+04
1.227076827926729941e+01 4.872431723681591165e-01 8.273038862573046936e+04
1.222314239941084324e+01 5.029581868969176250e-01 7.096858499785407912e+04
1.217825775358250873e+01 5.190752564888613252e-01 6.095767437427370169e+04
1.213961962465011446e+01 5.355745279318830931e-01 5.231204105389841425e+04
1.210040313762509001e+01 5.524523568561774400e-01 4.498985706255188416e+04
1.206514047393103084e+01 5.697109816128815840e-01 3.830140849434807751e+04
1.203151908086157462e+01 5.872812837742037440e-01 3.324561054613850865e+04
1.199994977729085655e+01 6.053644430569133927e-01 2.842344849346188494e+04
1.197025856212865946e+01 6.240099986100423601e-01 2.465962270915319823e+04
1.194240009226195198e+01 6.434550892783663656e-01 2.113391801598100574e+04
1.191736167549484193e+01 6.636918830368907507e-01 1.810481514938609689e+04
1.189401807356267504e+01 6.848625290731201742e-01 1.547309473539524151e+04
1.187311321350925830e+01 7.069896801736937908e-01 1.319548197077077384e+04
1.185546987312276457e+01 7.301173581242430544e-01 1.122773424180416805e+04
1.183943130183825154e+01 7.542735634687766089e-01 9.537330016720063213e+03
1.182482546940414814e+01 7.794810307555258833e-01 8.092467834222235069e+03
1.181581492293928193e+01 8.057490481118055881e-01 6.857003931887655199e+03
1.180950402075639794e+01 8.331124660252046121e-01 5.793755622134840451e+03
1.180509739967075689e+01 8.615474346084124324e-01 4.899628060179157728e+03
1.180352487923595461e+01 8.910606297915316665e-01 4.138506428706060433e+03
1.180250836951989157e+01 9.216575424250514903e-01 3.495081280165207772e+03
1.180611359898193591e+01 9.533040889746995372e-01 2.946800968548093351e+03
1.181331440199312333e+01 9.860179711408961767e-01 2.489635134685603134e+03
1.182137921498709332e+01 1.019735183800375422e+00 2.099015313447616336e+03
1.183236856909792678e+01 1.054459329025060121e+00 1.770087471947531640e+03
1.184458576247393147e+01 1.090132839895455286e+00 1.495303972604717046e+03
1.186293230591879144e+01 1.126638011961569985e+00 1.263246757266364739e+03
1.187357426491995227e+01 1.163927605781770902e+00 1.069031961341752776e+03
1.189079010075796461e+01 1.201873296833441129e+00 9.047732410868836723e+02
1.190766715475067983e+01 1.240382737554020842e+00 7.674860557567016031e+02
1.192545956734126378e+01 1.279317871833365095e+00 6.527418878066048364e+02
1.194456520892555673e+01 1.318625612017289228e+00 5.555414004504154946e+02
1.196298196447569318e+01 1.358130354597318235e+00 4.710810636246171157e+02
1.198345691998441609e+01 1.397756273108447633e+00 4.054634794562869615e+02
1.199990422509486621e+01 1.437379120436226287e+00 3.477167986955556103e+02
1.201765676597578114e+01 1.476833449364179263e+00 2.988740170723674510e+02
1.203135381442080032e+01 1.516056592344379839e+00 2.575564587116468829e+02
1.204781841567787737e+01 1.554917312466731705e+00 2.215416572765655872e+02
1.205726377239085423e+01 1.593296455927382338e+00 1.930397986140467026e+02
1.206955710959483596e+01 1.631102525243284029e+00 1.677154921589545040e+02
1.207890428451111653e+01 1.668153330301940684e+00 1.462822224569633249e+02
1.208702641483656137e+01 1.704330101290687294e+00 1.278721966975685547e+02
1.209094399910527073e+01 1.739658343273617902e+00 1.122187138316119359e+02
1.209397228253030754e+01 1.773885738219241448e+00 9.837681110309065957e+01
1.209296397597847239e+01 1.806998370807429755e+00 8.726041149159775046e+01
1.208984097279910408e+01 1.838935158330126773e+00 7.727341160623524274e+01
1.208478930868081136e+01 1.869552922720931543e+00 6.871720456122130827e+01
1.207705003620653272e+01 1.898788184018253888e+00 6.132777048726807578e+01
1.206599013708887647e+01 1.926576854055984001e+00 5.490162113642663400e+01
1.205240050122280238e+01 1.952861145953936450e+00 4.927704136664947043e+01
1.203587154130770287e+01 1.977589361873871132e+00 4.441737315100731820e+01
1.201676503128949669e+01 2.000710860468652541e+00 4.019648444905585905e+01
1.199432476668895120e+01 2.022160793172622206e+00 3.645708032672161636e+01
1.196873814994534158e+01 2.041906258292165433e+00 3.308961268820414148e+01
1.194113236406865397e+01 2.059944585280474083e+00 3.026239069728726250e+01
1.191049371145132518e+01 2.076227283200711593e+00 2.791363350680429889e+01
1.187686142345769547e+01 2.090736749390871285e+00 2.569385066687401320e+01
1.184111465725305301e+01 2.103458474094673125e+00 2.367124777507177669e+01
1.180314156715390261e+01 2.114405409323125706e+00 2.205765818429978253e+01
1.176254401690345652e+01 2.123546847132365745e+00 2.057951132531374938e+01
1.171949956228541545e+01 2.130904379772784463e+00 1.925679711506734293e+01
1.167475558974940242e+01 2.136476070402109517e+00 1.808659880487815741e+01
1.162812799793456264e+01 2.140281276531231569e+00 1.709767392836410949e+01
1.157932595037333456e+01 2.142324251572782945e+00 1.620766865445559546e+01
1.152939147190160440e+01 2.142634392231483442e+00 1.543756471521008145e+01
1.147897082940100333e+01 2.141225525268140917e+00 1.479230372043025810e+01
1.142799104443908753e+01 2.138130272461158832e+00 1.422794439428312074e+01
1.137694603499004842e+01 2.133414890480594739e+00 1.378765632618677550e+01
1.132710485340086137e+01 2.127149523958985267e+00 1.344654025097615069e+01
1.128285611648481535e+01 2.119660076048280661e+00 1.322455369261955838e+01
1.125172344820480141e+01 2.111794083939365851e+00 1.320709260090671755e+01
1.121879750507336126e+01 2.101845440975812718e+00 1.326418066867535295e+01
1.118313493394821201e+01 2.090305664158885968e+00 1.335883148389314279e+01
1.114391687139825038e+01 2.077451547646588015e+00 1.348221818565256491e+01
1.110161913576470205e+01 2.063489333443879747e+00 1.361498000657497798e+01
1.105696869223155154e+01 2.048546627802092512e+00 1.372469731602872400e+01
