1.550982551689759603e+01 2.191799393479931801e-01 3.683552447462830693e+06
1.518094828264438334e+01 2.278323739089328503e-01 3.056921167817283887e+06
1.488291054783021217e+01 2.368829292834820910e-01 2.532326505609609652e+06
1.460744124411417388e+01 2.463343861116858158e-01 2.096345681830500718e+06
1.435771698649613271e+01 2.561987942355631320e-01 1.736918211129885865e+06
1.414044498961659002e+01 2.664897906404996575e-01 1.442343445702926023e+06
1.392595706679200340e+01 2.772198918534893863e-01 1.194960658075637650e+06
1.373448102227351875e+01 2.883981715371935484e-01 9.928224845327470684e+05
1.355698303350060563e+01 3.000289112778167788e-01 8.232596891256016679e+05
1.339578135490821609e+01 3.121375051797584121e-01 6.756946971518715145e+05
1.325447640977535002e+01 3.246943209869620484e-01 5.668242560704092029e+05
1.311179340225598366e+01 3.377390502551261275e-01 4.712224907532185316e+05
1.299166062740916594e+01 3.512909338249381452e-01 3.911656904762124759e+05
1.287736501662209321e+01 3.653304142406042510e-01 3.252210969067671685e+05
1.276969899940325170e+01 3.798752259973518508e-01 2.704814863466768293e+05
1.267399956697730445e+01 3.949368383518087611e-01 2.251694349815471214e+05
1.258415748065739059e+01 4.105244682693160452e-01 1.874454015082451515e+05
1.250648611475351935e+01 4.266082853079919968e-01 1.562076404892887804e+05
1.243113989220212545e+01 4.432195017765908074e-01 1.301674789552963484e+05
1.236804083958053191e+01 4.603842394744043220e-01 1.084967385380234482e+05
1.230190357144577717e+01 4.780406664053654109e-01 9.064838830546615645e+04
1.224391215619494311e+01 4.962190692039579187e-01 7.584881622765136126e+04
1.219153039064354438e+01 5.149252999609347237e-01 6.331074533251538378e+04
1.214263891088167036e+01 5.341566285049139662e-01 5.303161710851881799e+04
1.209829515679811429e+01 5.539074472694529572e-01 4.447618632912506291e+04
1.205648579884993943e+01 5.741433302578579090e-01 3.723155675258940028e+04
1.201755923755705524e+01 5.949225760980481059e-01 3.125359196328451435e+04
1.198207171084219347e+01 6.163794734015848320e-01 2.617041939518724394e+04
1.194931064736767290e+01 6.388279435393580119e-01 2.189912329664715799e+04
1.191808688165562735e+01 6.623902259871804477e-01 1.829251553133463676e+04
1.189162276773549642e+01 6.871913567165656156e-01 1.520265466329120500e+04
1.186744820562255320e+01 7.133190482428775070e-01 1.262018035198471080e+04
1.184808298288325901e+01 7.408298275530947885e-01 1.043701992445720316e+04
1.183168573023003667e+01 7.697678962235886546e-01 8.617781128677224842e+03
1.181797408165374108e+01 8.001628425350062468e-01 7.100520001362979201e+03
1.180936954855515353e+01 8.320341585136781237e-01 5.832672683597983450e+03
1.180530529931777650e+01 8.653981783724907784e-01 4.795082979997981965e+03
1.180453223157316067e+01 9.002362701607381501e-01 3.936992405706697355e+03
1.180579136574389132e+01 9.365569403721011321e-01 3.224986885216133487e+03
1.181322042542222128e+01 9.743092367319234892e-01 2.643246174159507973e+03
1.181989071806814096e+01 1.013488768220123681e+00 2.165512191854348202e+03
1.183316196057520209e+01 1.054042404108487485e+00 1.776288526591931713e+03
1.184810107037737303e+01 1.095933533102334989e+00 1.458219005884495800e+03
1.186601512962354832e+01 1.139071117244664810e+00 1.194352753949017824e+03
1.188293244886947697e+01 1.183421777272287034e+00 9.813635536822027916e+02
1.190625571366921065e+01 1.228887684855809903e+00 8.073712465311620008e+02
1.192762204064818476e+01 1.275406147280542246e+00 6.652748696208517458e+02
1.195097729759298311e+01 1.322851990952576884e+00 5.485510426339585592e+02
1.197665367540764869e+01 1.371157885740308391e+00 4.512771656485672906e+02
1.200214799673453037e+01 1.420223693419596644e+00 3.745480579614241492e+02
1.202715061353891279e+01 1.469893186092871895e+00 3.104657626773679340e+02
1.205297178861332164e+01 1.520095795462272470e+00 2.570783341461977898e+02
1.207942013315726193e+01 1.570696480096107184e+00 2.148391794043673997e+02
1.210583377372588032e+01 1.621583568434966427e+00 1.792230155545023820e+02
1.212941848149853641e+01 1.672604978966887090e+00 1.498620246823687694e+02
1.215297001030855206e+01 1.723587175833458218e+00 1.257044459390063338e+02
1.217660345501018959e+01 1.774338488193494712e+00 1.056367161468308353e+02
1.219817957096116068e+01 1.824648309654317346e+00 8.907892705398830913e+01
1.221779220280900624e+01 1.874291637987287817e+00 7.538194222837594793e+01
1.223464559785687022e+01 1.923074429669126229e+00 6.405827702759656006e+01
1.224908158951856763e+01 1.970825952552095250e+00 5.458111901646172015e+01
1.226122039362921612e+01 2.017330829979997464e+00 4.671339337529860813e+01
1.227097185732372431e+01 2.062442932820504282e+00 4.010180489561037120e+01
1.227696533052403005e+01 2.105964385661160954e+00 3.456246224854679383e+01
1.228060666756982222e+01 2.147788647634631509e+00 2.995746440802284027e+01
1.228068023528443753e+01 2.187745324106090017e+00 2.605496387215984200e+01
1.227704781433115322e+01 2.225723632889388792e+00 2.274412888535244548e+01
1.226993483623042280e+01 2.261616003939665553e+00 1.995358232340884541e+01
1.225964983557472010e+01 2.295295326757119003e+00 1.757823243314033945e+01
1.224542389738988035e+01 2.326688758473225427e+00 1.556008550234254528e+01
1.222737114544204573e+01 2.355743206782655363e+00 1.384381171105101949e+01
1.220589334731653075e+01 2.382374588610161492e+00 1.236660864107445157e+01
1.218044193527460983e+01 2.406555819462000922e+00 1.110048917524446921e+01
1.215145761425942617e+01 2.428229958887539564e+00 9.980205122102560722e+00
1.211889048235843092e+01 2.447403101416807392e+00 9.069583585125549519e+00
1.208328753623760754e+01 2.464051286259221651e+00 8.263414329338031550e+00
1.204388888264254120e+01 2.478140361321734986e+00 7.561027935921360132e+00
1.200118910349629076e+01 2.489706093439608914e+00 6.956104879735083735e+00
1.195573213963332115e+01 2.498742739268863033e+00 6.434922633616889875e+00
1.190726177213445425e+01 2.505260588496455387e+00 5.980989965402771169e+00
1.185648283804854941e+01 2.509282500962356277e+00 5.598046269068039926e+00
1.180282604022592174e+01 2.510832871698182700e+00 5.247328867961549292e+00
1.174728099076155274e+01 2.509936765299731309e+00 4.983522387424990541e+00
1.169037969150843104e+01 2.506619171444610217e+00 4.749319571803742868e+00
1.163144074645629544e+01 2.500964224262665514e+00 4.556550510129940612e+00
1.157203069477686697e+01 2.493166585020891723e+00 4.398963132923468855e+00
1.151176684772626402e+01 2.483509531799539261e+00 4.269292085500516087e+00
1.144954852646943344e+01 2.472185330469403031e+00 4.154500563602559815e+00
1.138700221442148042e+01 2.459445012497091465e+00 4.070878170807447738e+00
1.132350207334824077e+01 2.445471824683089768e+00 4.015372398730071346e+00
1.126017414386710946e+01 2.430449704575110115e+00 3.952599008595564012e+00
1.119681042138878446e+01 2.414543449222978921e+00 3.914447405173282490e+00
1.113299953260292696e+01 2.397868213843965535e+00 3.888013779156554328e+00
1.106956554902138734e+01 2.380552241495726751e+00 3.881429559420650932e+00
1.100705508253186338e+01 2.362734262570278077e+00 3.875347263472176618e+00
1.094382884678300094e+01 2.344474239506520785e+00 3.867425123263368736e+00
1.088131844720617458e+01 2.325872459489746191e+00 3.877664337480436263e+00
1.082008052215217653e+01 2.306997247613594038e+00 3.905999745972280390e+00
1.075895787089705280e+01 2.287931003586891610e+00 3.932026016743086938e+00
1.069900228488367055e+01 2.268712186351728111e+00 3.963492568732531307e+00
