1.550982551689759603e+01 2.191799393479931801e-01 3.683552447462830693e+06
1.517342312639173763e+01 2.278622280864339988e-01 3.047273701460191980e+06
1.488590705495664679e+01 2.369403325916455139e-01 2.532550730202474631e+06
1.460234146314505033e+01 2.464306911425547530e-01 2.090172911315269070e+06
1.435673298797762953e+01 2.563324964770354319e-01 1.731446620021284092e+06
1.413444788168787802e+01 2.666649226888124780e-01 1.437558951083902037e+06
1.391843613129558577e+01 2.774381293480825961e-01 1.192931240612267284e+06
1.372853220580875799e+01 2.886630782082635904e-01 9.862057587202175055e+05
1.355176668112261851e+01 3.003457923652578243e-01 8.166207914175232872e+05
1.338804570002155536e+01 3.124850334118461359e-01 6.782151141468872083e+05
1.324705003151204430e+01 3.251121374384218776e-01 5.640061479332591407e+05
1.310773245124891773e+01 3.382249427614195669e-01 4.682574523128888104e+05
1.298659572716173471e+01 3.518324683648851869e-01 3.884316132374412264e+05
1.287008514577591001e+01 3.659460879117934495e-01 3.228436993143306463e+05
1.276600220977540978e+01 3.805587821167110696e-01 2.686299765372246038e+05
1.266996361794790005e+01 3.957015086634085854e-01 2.230154612293833925e+05
1.258275282049443256e+01 4.113516469021026856e-01 1.858437455658219696e+05
1.250316773682974159e+01 4.275287626661037899e-01 1.543447439721207484e+05
1.242830726190351953e+01 4.442466815993071916e-01 1.286870566753457679e+05
1.235947045653361798e+01 4.614807620103050234e-01 1.075308669356262690e+05
1.229749961672917458e+01 4.792323473563119274e-01 8.975105157518408669e+04
1.223954470305956654e+01 4.975049819700373965e-01 7.493269455346923496e+04
1.218872628902564514e+01 5.163107793727192973e-01 6.258099927636877692e+04
1.214053976947476876e+01 5.356455574299162636e-01 5.227207852790674951e+04
1.209412083429059059e+01 5.555024174269258541e-01 4.377096289541878650e+04
1.205199769909784102e+01 5.758524647920383321e-01 3.633288219772742013e+04
1.201522901973348745e+01 5.967400270980932619e-01 3.041074151415310553e+04
1.197891188036971855e+01 6.184249850988137176e-01 2.554646093431606278e+04
1.194532900844878576e+01 6.412253385966519836e-01 2.149673266264255290e+04
1.191638549778727985e+01 6.652616679495462204e-01 1.788448286996228853e+04
1.188613617134099165e+01 6.906929048346386324e-01 1.485718922593486423e+04
1.186748629443331993e+01 7.175908996076877377e-01 1.225467225142809366e+04
1.184824351266493458e+01 7.460154479934046901e-01 1.011230351864220756e+04
1.183452010105909125e+01 7.760061737773958912e-01 8.315199513862356980e+03
1.182469348810132459e+01 8.076111004468935484e-01 6.809711823047609869e+03
1.181653069274854850e+01 8.408334829244049624e-01 5.574813545514059115e+03
1.181638596131482544e+01 8.756865312734655182e-01 4.560829944481539314e+03
1.182068423486441056e+01 9.121771709023860364e-01 3.719786459170225953e+03
1.182766586537999842e+01 9.502750669937384265e-01 3.036487361646191857e+03
1.183566466418156793e+01 9.899654608058499061e-01 2.478135599852664200e+03
1.185082153157910057e+01 1.031213704800827191e+00 2.019098539152233570e+03
1.186731806161197333e+01 1.073969897191894285e+00 1.646249962707968052e+03
1.188838842503672844e+01 1.118180655814748015e+00 1.344044643158075132e+03
1.191272369088238037e+01 1.163786473468732208e+00 1.097754900934632587e+03
1.193746278763480362e+01 1.210704636725698169e+00 8.915203649697184574e+02
1.196780670575669170e+01 1.258862274952661675e+00 7.351302691590885843e+02
1.199424042962420245e+01 1.308110109394539977e+00 6.031130048146385434e+02
1.202610666129019812e+01 1.358265422488282415e+00 4.952062301362165613e+02
1.205471924700105824e+01 1.409168811345679950e+00 4.062753462311612225e+02
1.208971292724224433e+01 1.460631469400677007e+00 3.366733636966542917e+02
1.211746349948482049e+01 1.512439569399018247e+00 2.788315536186688064e+02
1.215072817365645541e+01 1.564388677451126641e+00 2.315753916500422633e+02
1.217871367898344381e+01 1.616283520560495290e+00 1.929701299712226330e+02
1.220740569602995862e+01 1.667945555229022547e+00 1.613611793796639802e+02
1.223616517717672814e+01 1.719174278170110481e+00 1.354055566520811169e+02
1.225924949197253611e+01 1.769714504995372417e+00 1.141058660864493817e+02
1.228295337255925013e+01 1.819450629667306751e+00 9.643641525700404316e+01
1.230143139158808907e+01 1.868150782223735318e+00 8.191116330923982503e+01
1.231772591248392601e+01 1.915677802803396723e+00 6.982119364914512971e+01
1.233178577780214447e+01 1.961867379584452120e+00 5.973496255355679807e+01
1.234225392154340106e+01 2.006469430138453358e+00 5.137671298079716564e+01
1.234914667547942102e+01 2.049433850225749865e+00 4.430115837403297974e+01
1.235198909475823470e+01 2.090642850611733383e+00 3.844444960759443575e+01
1.235165095064968810e+01 2.129904956935700699e+00 3.346060171855005905e+01
1.234768543619423298e+01 2.167167656813876686e+00 2.925886504010585298e+01
1.233938629729116698e+01 2.202331474347507090e+00 2.569283244311986891e+01
1.232734913590122794e+01 2.235321477782847843e+00 2.266384981259552234e+01
1.231125169796348651e+01 2.266090558760823104e+00 2.008498916126306710e+01
1.229152507349156132e+01 2.294553914639001935e+00 1.786936576872951221e+01
1.226768149457463863e+01 2.320705872064134034e+00 1.596690372807117875e+01
1.224074910116221915e+01 2.344515151934094099e+00 1.433236455768535222e+01
1.220956100738738215e+01 2.365985509464762160e+00 1.291540382184632207e+01
1.217455187649275850e+01 2.385088035192283851e+00 1.170435089970423270e+01
1.213684000615356773e+01 2.401863502686840235e+00 1.063568618612554673e+01
1.209532216072615185e+01 2.416310336748419552e+00 9.722644817494620284e+00
1.205069881047683467e+01 2.428484048899822945e+00 8.918653902343161022e+00
1.200331010256326181e+01 2.438405544495505506e+00 8.221916789622220278e+00
1.195316989907607308e+01 2.446142746421764436e+00 7.614473438181067699e+00
1.190028870360318614e+01 2.451730230557571666e+00 7.078911080857635874e+00
1.184443592007235679e+01 2.455238686326369990e+00 6.611784624066296523e+00
1.178701838918379963e+01 2.456728752552862272e+00 6.200185690953122553e+00
1.172736967848185685e+01 2.456282131486469122e+00 5.844335190933524160e+00
1.166601759220304046e+01 2.453979272387670552e+00 5.534604208339897191e+00
1.160318442054128063e+01 2.449890213781102055e+00 5.260275297251542526e+00
1.153894084395659902e+01 2.444108430413849398e+00 5.023839137624226403e+00
1.147445527081030114e+01 2.436738947198435312e+00 4.821858101190679591e+00
1.140845923217775848e+01 2.427867495081741822e+00 4.633263586139921841e+00
1.134295842384364406e+01 2.417607062042704147e+00 4.501467576427622852e+00
1.127735353739916491e+01 2.406080520738125283e+00 4.382827549933325351e+00
1.121346131279643643e+01 2.393422417731841723e+00 4.275297400919340518e+00
1.115053749774226333e+01 2.379809449240400721e+00 4.214047471250709442e+00
1.109054754134341536e+01 2.365458402966437834e+00 4.168420310732911638e+00
1.103329087519455420e+01 2.350589274003899831e+00 4.144229599906608108e+00
1.097769039717266715e+01 2.334848346049367862e+00 4.140068411237979085e+00
1.092089721395270274e+01 2.318077641590091886e+00 4.136381663935760677e+00
1.086295707833713564e+01 2.300349599832375080e+00 4.164576907191365862e+00
1.080306691969051691e+01 2.281794456211108990e+00 4.189225667939641795e+00
1.074107200487529035e+01 2.262517407275205006e+00 4.217128709260465236e+00
1.067820309372255672e+01 2.242615326731927539e+00 4.252105065522588490e+00
1.061361571253733516e+01 2.222170087535051852e+00 4.288114964972398191e+00
