1.550982551689759603e+01 2.191799393479931801e-01 3.683552447462830693e+06
1.522010355239292601e+01 2.268909171556250659e-01 3.113716206242532935e+06
1.495134920676943047e+01 2.349122567348401747e-01 2.640046582430673763e+06
1.470417883710000240e+01 2.432669841718437531e-01 2.230856257529623806e+06
1.446752850338336849e+01 2.519338640304619181e-01 1.880818859466200462e+06
1.425899975325790869e+01 2.609424018961868930e-01 1.595201659496637527e+06
1.405800756922501193e+01 2.702954201240523879e-01 1.346142861702672439e+06
1.387268129975997866e+01 2.800003612007422316e-01 1.140604462210658938e+06
1.370801080839333963e+01 2.900675221654964719e-01 9.637716460187636549e+05
1.355246747010509800e+01 3.004950405824542981e-01 8.155732489036616171e+05
1.341349579879710952e+01 3.113096018954227273e-01 6.907108010361219058e+05
1.327294654139023677e+01 3.224601533068718329e-01 5.862891928581501124e+05
1.315111074941464686e+01 3.340260612465202894e-01 4.963094738578723045e+05
1.303472732670770817e+01 3.459691560593669557e-01 4.212668880123351701e+05
1.293013104939740643e+01 3.583191045765645177e-01 3.569427832532592583e+05
1.283245509693277064e+01 3.710596957568531029e-01 3.024806936922548921e+05
1.274083559019601353e+01 3.842198098374375315e-01 2.565740375112656329e+05
1.265958532475326415e+01 3.977988924053436626e-01 2.177030254185653175e+05
1.257741552129904505e+01 4.117456321816070353e-01 1.849882395686324744e+05
1.250761770462549194e+01 4.261441014691689788e-01 1.568326735869164113e+05
1.244188027447451361e+01 4.409334962731194518e-01 1.333929699097406119e+05
1.238142157089768780e+01 4.561651152592710590e-01 1.135272922331297304e+05
1.232314253726951137e+01 4.718189369576009651e-01 9.569441262341053516e+04
1.226868198757341943e+01 4.878826835490699398e-01 8.229678537993035570e+04
1.222189133705039943e+01 5.043390394486823025e-01 7.005465278160995513e+04
1.217558865371322874e+01 5.212294051793248117e-01 5.969067287837251206e+04
1.213268958924430940e+01 5.385359135359162330e-01 5.100221590432158700e+04
1.209332094082360598e+01 5.562582311529353785e-01 4.348766015305299516e+04
1.205617473709398801e+01 5.743590974849362985e-01 3.712105251467333437e+04
1.202115163026475742e+01 5.929208906262193324e-01 3.174143206174329316e+04
1.199027926887253415e+01 6.123164307097040959e-01 2.678101428026259237e+04
1.195922166867663883e+01 6.328387036887547223e-01 2.295826805887720184e+04
1.193039708904707119e+01 6.547065587029164968e-01 1.943439448600233663e+04
1.190990539500262813e+01 6.780035861451952917e-01 1.632996610576351486e+04
1.188878163601799187e+01 7.027480890981316897e-01 1.370810591289543481e+04
1.187266961777039498e+01 7.289382889545612532e-01 1.144478891312014639e+04
1.186220060686197542e+01 7.565405845726598244e-01 9.546751056303486621e+03
1.185340494536269595e+01 7.855214911444801107e-01 7.962408592288168620e+03
1.185092857044453396e+01 8.158474097256911417e-01 6.607528764336381755e+03
1.185190762573584422e+01 8.474712377548492270e-01 5.492447772609020831e+03
1.185827089938300816e+01 8.803294997344325301e-01 4.559916944152367250e+03
1.186517535632674480e+01 9.143587589026487272e-01 3.795811756716534092e+03
1.187658803173985156e+01 9.494678660089490574e-01 3.157917891182240965e+03
1.189017524437415041e+01 9.856137837019737225e-01 2.629991346657062877e+03
1.190551011692569183e+01 1.022680868296098611e+00 2.192180500111084712e+03
1.192612283241516558e+01 1.060591824683442042e+00 1.831507561103496300e+03
1.194611414791612347e+01 1.099222954336084968e+00 1.533118670079692492e+03
1.196654069901138584e+01 1.138538737076783658e+00 1.285567994433049989e+03
1.198850354868787882e+01 1.178292947233276600e+00 1.080075968179258780e+03
1.201313091098229613e+01 1.218479591261750761e+00 9.108860125545189703e+02
1.203415990890488274e+01 1.258953162918090785e+00 7.687131874050941178e+02
1.205647133267641991e+01 1.299634939583031334e+00 6.508488051976721636e+02
1.207967298757157693e+01 1.340234493166702512e+00 5.531613782265626469e+02
1.209845079109306454e+01 1.380850411309430426e+00 4.713262835657785672e+02
1.211884607943919612e+01 1.421188218576976414e+00 4.029479179208175310e+02
1.213651371676060720e+01 1.461251098246287405e+00 3.451048438668008771e+02
1.215205013260444389e+01 1.500796365319718495e+00 2.967968379501132858e+02
1.216687112615175792e+01 1.539772422468079327e+00 2.561407965050923394e+02
1.218149203860737018e+01 1.577981999293109450e+00 2.216668026509688616e+02
1.218832970048481812e+01 1.615424872822112556e+00 1.926442993112265469e+02
1.219551668055150984e+01 1.651953606558382415e+00 1.676899362130830298e+02
1.219897551757677334e+01 1.687413412925471645e+00 1.467643893085606237e+02
1.220134717392378931e+01 1.721755483440413181e+00 1.287175025261128951e+02
1.220219065911139822e+01 1.754851581668176230e+00 1.132961377901584115e+02
1.219545679127849347e+01 1.786676092581257258e+00 1.001817912408938724e+02
1.218741750529937740e+01 1.817088832803641418e+00 8.884630285419413553e+01
1.217675729192496270e+01 1.846069043744888116e+00 7.903661129931251139e+01
1.216315950466584361e+01 1.873541494002831209e+00 7.055303466723431427e+01
1.214618854697780570e+01 1.899406732215354721e+00 6.325908601138125675e+01
1.212570471032335462e+01 1.923676810171367713e+00 5.694119254264660412e+01
1.210303086371155246e+01 1.946298889969244383e+00 5.137425272074393234e+01
1.207624587687231532e+01 1.967250881878365609e+00 4.659672180917534945e+01
1.204620533982688357e+01 1.986470993125773354e+00 4.234732422637447513e+01
1.201391243072865223e+01 2.003971074671662578e+00 3.866915367190556196e+01
1.197850178554761058e+01 2.019745033596640038e+00 3.541616437330277734e+01
1.194035287724771166e+01 2.033793907174988203e+00 3.256544959111808168e+01
1.189941967530525346e+01 2.046114373896129823e+00 3.004484700064383063e+01
1.185671578572134877e+01 2.056715674765950297e+00 2.781746645609576518e+01
1.181072387178407190e+01 2.065631395799796710e+00 2.586408732438211899e+01
1.176310547288423436e+01 2.072876691171998242e+00 2.412133023409160515e+01
1.171294355036265067e+01 2.078468745655237537e+00 2.258076359394783594e+01
1.166071402884508501e+01 2.082454660290742776e+00 2.123204363722012289e+01
1.160704254303277239e+01 2.084872961133680480e+00 2.003206913005482903e+01
1.155180067322704929e+01 2.085767267264294400e+00 1.895517921063097333e+01
1.149542633265364699e+01 2.085176109646400544e+00 1.802297881739712437e+01
1.143761281471077496e+01 2.083169047914825267e+00 1.719866488582628250e+01
1.137884962428811875e+01 2.079779798958687476e+00 1.647797751543181022e+01
1.132030741250417449e+01 2.075090622308654265e+00 1.584708207081342124e+01
1.126048757081408525e+01 2.069164721537223084e+00 1.530560430980242614e+01
1.120164051734914246e+01 2.062073949612420964e+00 1.484290355420704444e+01
1.114273654408274794e+01 2.053909781394112954e+00 1.445226498731767251e+01
1.108469478686949117e+01 2.044754694424132158e+00 1.414361266342427825e+01
1.102790705831007756e+01 2.034680895565738279e+00 1.389394415930718019e+01
1.097132166844235179e+01 2.023757141720590180e+00 1.368544501063924734e+01
1.091381855413573021e+01 2.012059320360050307e+00 1.348275947416096976e+01
1.085711515367043312e+01 1.999684311438723716e+00 1.340555525820429494e+01
1.080031074698946547e+01 1.986704884471529819e+00 1.326641733062947104e+01
1.074293288987264461e+01 1.973197918857712674e+00 1.319666709198587995e+01
1.068437100626522529e+01 1.959219072938217066e+00 1.315604462798696161e+01
1.062578856651623838e+01 1.944832598432437942e+00 1.316729224049238134e+01
