2.191799393479931801e-01 1.550982551689759603e+01 3.683552447462830693e+06
2.275034516239481941e-01 1.518351358048274413e+01 3.070752908854829613e+06
2.361977651483873897e-01 1.490284994070624336e+01 2.567134740659397095e+06
2.452615911446016650e-01 1.463494403064630944e+01 2.142019817825231701e+06
2.547056600919894165e-01 1.440453626451407843e+01 1.793194795224396279e+06
2.645451649241369330e-01 1.417345250648789090e+01 1.493996794580448885e+06
2.747883384979560306e-01 1.396844192539525764e+01 1.247332287356167799e+06
2.854471595377859328e-01 1.378628240535208427e+01 1.040186810931407148e+06
2.965165382565256302e-01 1.361149063152963024e+01 8.701926415086364141e+05
3.080196518777952308e-01 1.344861913191318870e+01 7.282838203941250686e+05
3.199648693428759905e-01 1.330079852287924602e+01 6.085931804304033285e+05
3.323468761410650063e-01 1.316858992251064819e+01 5.079162313645225950e+05
3.451813176248897386e-01 1.304180478525083231e+01 4.241341845441159676e+05
3.584811172220827014e-01 1.292566633375605711e+01 3.557585185266530607e+05
3.722378731287652176e-01 1.282431941638352768e+01 2.986024152113398886e+05
3.864753364168257432e-01 1.272666206519059884e+01 2.492944305373175885e+05
4.012032577300874148e-01 1.263722750190238386e+01 2.086792706295586540e+05
4.163682396761155813e-01 1.256189621886684193e+01 1.752541461823205464e+05
4.320429263116021268e-01 1.248247962483407036e+01 1.472370999622078962e+05
4.482154901349571507e-01 1.241289133404741030e+01 1.233578677557237679e+05
4.648635603216487167e-01 1.234744008950495520e+01 1.037337899362424214e+05
4.819724994286226916e-01 1.228911019987842401e+01 8.627892899009515531e+04
4.995911122610321997e-01 1.223441397283243681e+01 7.265009870559661067e+04
5.176843814817975176e-01 1.218422349479387989e+01 6.165661771511634288e+04
5.362643991055231485e-01 1.213689613230786257e+01 5.211834867495246726e+04
5.553263785625882631e-01 1.209543860398322934e+01 4.379965719538843405e+04
5.748326669686626422e-01 1.205642611228419447e+01 3.701343478176817734e+04
5.948497546891119425e-01 1.201808575652268551e+01 3.122891968687687404e+04
6.157406699859411248e-01 1.198234165653762773e+01 2.635394330608820383e+04
6.378106495908920648e-01 1.195163592435705979e+01 2.207780419447662644e+04
6.612458914894850937e-01 1.192298856948229258e+01 1.848287168791282238e+04
6.861784485148472168e-01 1.189719864901443813e+01 1.536843900186967039e+04
7.126834432902116045e-01 1.187638873437069620e+01 1.274824901040959958e+04
7.408302834543337712e-01 1.185812956678970131e+01 1.052428571433358411e+04
7.706492892795486771e-01 1.184734473776354235e+01 8.677854575983161340e+03
8.021872085008332487e-01 1.184177374074343270e+01 7.123047959051071302e+03
8.354681722997745474e-01 1.183640350825034560e+01 5.830435566204025235e+03
8.704986826586204041e-01 1.184160858094062618e+01 4.774839632322658872e+03
9.072760630275590321e-01 1.184867039199073346e+01 3.902763478583916822e+03
9.458142165416023595e-01 1.186002937028098714e+01 3.187442848709460577e+03
9.860722160969864758e-01 1.187711501058017483e+01 2.599682139050585647e+03
1.028029169540146892e+00 1.189749051788396450e+01 2.120142669540812221e+03
1.071640303015842566e+00 1.192115686410074282e+01 1.730458804268992481e+03
1.116794492376209424e+00 1.194812417070489552e+01 1.411344886179579817e+03
1.163389045172562586e+00 1.198040662660887179e+01 1.154482428370988600e+03
1.211282565642926468e+00 1.201416541109761660e+01 9.447244037137729720e+02
1.260364070388778845e+00 1.204883217874411194e+01 7.745229317082292937e+02
1.310447099391605086e+00 1.208589807781787329e+01 6.362254811103044858e+02
1.361409916452135382e+00 1.212405283379314369e+01 5.242318840972355929e+02
1.413102322373959385e+00 1.216659979824281734e+01 4.327688523884498295e+02
1.465319496992442128e+00 1.220379409548613125e+01 3.584339745493498981e+02
1.517911726424440388e+00 1.224266679022839810e+01 2.976456310092743252e+02
1.570674851584315634e+00 1.228115960745590485e+01 2.480573368007686099e+02
1.623466231149799377e+00 1.231854985663959035e+01 2.072413501794169690e+02
1.676119121790412780e+00 1.235575776057159558e+01 1.736778533936147539e+02
1.728380170427825879e+00 1.238958610455613396e+01 1.462147521130479788e+02
1.780096410239671911e+00 1.242310026457280259e+01 1.234719300194426239e+02
1.831199459511627881e+00 1.245351642725589514e+01 1.045547211854161844e+02
1.881331521587689348e+00 1.248242386047713914e+01 8.897731731530079458e+01
1.930459942301913090e+00 1.250685090973171931e+01 7.571556500751074736e+01
1.978468739823005862e+00 1.252897520397766229e+01 6.509367796986801125e+01
2.025101164368641626e+00 1.255048735999061194e+01 5.596545595224723257e+01
2.070213644240895157e+00 1.256397167349167532e+01 4.835015216747113698e+01
2.113768560523332951e+00 1.257597870532512019e+01 4.194515715246284771e+01
2.155574503162334565e+00 1.258465665264345645e+01 3.653009283996366463e+01
2.195569636671025116e+00 1.258946665298977052e+01 3.193903085228943795e+01
2.233678309762677117e+00 1.259049368870949692e+01 2.802868145677593148e+01
2.269776797540282942e+00 1.258744692529584874e+01 2.457783868668496652e+01
2.303820025602262511e+00 1.258166134696777405e+01 2.181660136373822922e+01
2.335754081247996883e+00 1.257114183377347594e+01 1.930569883040603330e+01
2.365514530104880109e+00 1.255687421514851820e+01 1.721629404842459010e+01
2.393085370271341716e+00 1.253915177513516710e+01 1.547292581923806942e+01
2.418447853896408262e+00 1.251702058027304076e+01 1.390454906832368920e+01
2.441575226489230754e+00 1.249201419831789117e+01 1.255973707159258268e+01
2.462469939385893092e+00 1.246333916380515383e+01 1.137590212187158656e+01
2.481153745084779594e+00 1.243146807027108558e+01 1.034786880914597873e+01
2.497640004311535655e+00 1.239596363416722369e+01 9.454016726267955306e+00
2.511933586116949169e+00 1.235660662779397612e+01 8.664121416511155971e+00
2.524098447088469310e+00 1.231529044921934535e+01 7.976665028632636378e+00
2.534151095206183868e+00 1.227031350839112811e+01 7.373361260357785163e+00
2.542152195621122601e+00 1.222343430973521627e+01 6.841913361418755279e+00
2.548143208698192996e+00 1.217329543317862317e+01 6.371966602117165479e+00
2.552187722296272998e+00 1.212090289251846364e+01 5.961448988790929882e+00
2.554353526934757923e+00 1.206618742429781577e+01 5.599801562030243929e+00
2.554705774067234980e+00 1.200953965583730110e+01 5.279496621454424776e+00
2.553297630065498591e+00 1.195136118552029103e+01 4.996863350612914090e+00
2.550231049652408100e+00 1.189130016264468637e+01 4.748292344660921316e+00
2.545558030590359788e+00 1.183011540488883995e+01 4.516170124926609297e+00
2.539372784287843743e+00 1.176745383647086918e+01 4.336033693922432875e+00
2.531761696062036382e+00 1.170372218191982405e+01 4.170391820792975324e+00
2.522809674851115957e+00 1.164025570089979844e+01 4.026162517867712509e+00
2.512614787887062384e+00 1.157584498793063510e+01 3.902410954801640131e+00
2.501273509777989901e+00 1.151206174444972241e+01 3.787831551216962467e+00
2.488891446870488355e+00 1.144765970159758339e+01 3.713248907037276059e+00
2.475584674430759247e+00 1.138479534648919689e+01 3.642970139449035472e+00
2.461504416529150863e+00 1.132338887220864621e+01 3.581530498524249317e+00
2.446815594274549976e+00 1.126386363126692736e+01 3.547934390478924449e+00
2.431751003878663386e+00 1.120730763426359644e+01 3.529522533611321844e+00
2.416694805035199511e+00 1.115489862422136547e+01 3.537231221635094514e+00
2.402715994929975452e+00 1.111128667706399931e+01 3.554084581818589772e+00
