2.191799393479931801e-01 1.550982551689759603e+01 3.683552447462830693e+06
2.289115712881581444e-01 1.514055415773017366e+01 2.992437446991475765e+06
2.391402502400240826e-01 1.482071437183043550e+01 2.424224705150820315e+06
2.498812568546198154e-01 1.451624778484594636e+01 1.957735501036155038e+06
2.611475529886311264e-01 1.424989818543774156e+01 1.589380541679808870e+06
2.729644531930187634e-01 1.400236892785556542e+01 1.272987505372834392e+06
2.853268901040956207e-01 1.378787711108705771e+01 1.044686723179525812e+06
2.982653919628308059e-01 1.358315690142925547e+01 8.467771724760588259e+05
3.117776108785451084e-01 1.340087270884644610e+01 6.862310215938858455e+05
3.258925563864843999e-01 1.324232308107483469e+01 5.576346560817733407e+05
3.406201301027969031e-01 1.308461777566345852e+01 4.521952101644556969e+05
3.559820629727901142e-01 1.295424285645604989e+01 3.682070836698480998e+05
3.719283117864533583e-01 1.282736833840276347e+01 2.991103644424705999e+05
3.885437620717376306e-01 1.271573724772764713e+01 2.404208553236130974e+05
4.058050104333345565e-01 1.261490570301160474e+01 1.979294786460168834e+05
4.237148431143501481e-01 1.251937345303821836e+01 1.614440812725575233e+05
4.422777969588832514e-01 1.243521914911654136e+01 1.317401045858204307e+05
4.615320134420616838e-01 1.236143827698377251e+01 1.073733768826636369e+05
4.814061643034281968e-01 1.229015407801207438e+01 8.766539970098466438e+04
5.019422643101635328e-01 1.222652963139714011e+01 7.176374388167331927e+04
5.231412845887577490e-01 1.216996873250043443e+01 5.878938139805185347e+04
5.449965125210257666e-01 1.211836884393460245e+01 4.808379209500214347e+04
5.675057188949310660e-01 1.207000990349008873e+01 3.939860892547180265e+04
5.906386785426466224e-01 1.202600754714458553e+01 3.232297690380080167e+04
6.150780690919561700e-01 1.198392459762728990e+01 2.646427367525785667e+04
6.414888824395131861e-01 1.194966124222207071e+01 2.147260661890290794e+04
6.701836701284372699e-01 1.191601138299522056e+01 1.734174290495256719e+04
7.012993909029122674e-01 1.189065969391896438e+01 1.383586435304529732e+04
7.350126312526854555e-01 1.187327109990606466e+01 1.092115851605268836e+04
7.713287949186404813e-01 1.186033356952277096e+01 8.713104919162697115e+03
8.102665138309727011e-01 1.185932845094666277e+01 6.873982775470749402e+03
8.517820163992899651e-01 1.186402664915047822e+01 5.402419116928353105e+03
8.957799169885861668e-01 1.187671149999334475e+01 4.241487497284337223e+03
9.422249115516905249e-01 1.189606394414747825e+01 3.329354484372431216e+03
9.909504414238752279e-01 1.191927414049306044e+01 2.611647358452850312e+03
1.041848955700426460e+00 1.195220956438288873e+01 2.052770001970829981e+03
1.094769283056968634e+00 1.198914373196747185e+01 1.615328141204847270e+03
1.149514448225399166e+00 1.202856601417731142e+01 1.274605009926606954e+03
1.205936804800996187e+00 1.207217049511225682e+01 1.008274772716696702e+03
1.263758256746769559e+00 1.211840779444701965e+01 8.001508478954672228e+02
1.322768583577015322e+00 1.216547856613452083e+01 6.370544826356092472e+02
1.382842629433640669e+00 1.221395935129585553e+01 5.085719186349346046e+02
1.443585121372328528e+00 1.226318741740126406e+01 4.080040479942115894e+02
1.504830890904720553e+00 1.231155666519615188e+01 3.285867648237809249e+02
1.566243681219988915e+00 1.236000480376138988e+01 2.656544998711636936e+02
1.627619626724216229e+00 1.240509200070200535e+01 2.159404350089701552e+02
1.688692000075104005e+00 1.244959353370587252e+01 1.760890705875216042e+02
1.749133426317288409e+00 1.248957453023059117e+01 1.444779736088519542e+02
1.808771236440169350e+00 1.252738518832960146e+01 1.190579032034812599e+02
1.867337426841045644e+00 1.256172843622815982e+01 9.856103274175995921e+01
1.924497392013626573e+00 1.259194863880071580e+01 8.206132171048702162e+01
1.980206265179002445e+00 1.261925613537139768e+01 6.819735792712953071e+01
2.034089246933212802e+00 1.263982477267534144e+01 5.731523869794843762e+01
2.086066535122086840e+00 1.265649112548439881e+01 4.867198837808086864e+01
2.135925031630953264e+00 1.266916178748497579e+01 4.132522455168823683e+01
2.183502653339914890e+00 1.267686794029504149e+01 3.527092836126392683e+01
2.228726816996333682e+00 1.267928984274251825e+01 3.021178566002244636e+01
2.271464559582404341e+00 1.267617900374235873e+01 2.607128676766381403e+01
2.311623633719490201e+00 1.266916839443472398e+01 2.247105674534089559e+01
2.349136012028495646e+00 1.265648452450786543e+01 1.963584936630557110e+01
2.383966897106236882e+00 1.263896400641550244e+01 1.718318818804509718e+01
2.416076828446354074e+00 1.261698577228770368e+01 1.502277858002766386e+01
2.445464647285010784e+00 1.258996429920710902e+01 1.331932819374677912e+01
2.472136990340493501e+00 1.255873385723824320e+01 1.181929672330509540e+01
2.496115932545369454e+00 1.252314927537462452e+01 1.052759688765788759e+01
2.517436202824517189e+00 1.248376306490918353e+01 9.426458824703484396e+00
2.536142607369286317e+00 1.243950967288958687e+01 8.477073481295711588e+00
2.552296911292633919e+00 1.239227109796370030e+01 7.658649181389771243e+00
2.565968454073862759e+00 1.234070056995969011e+01 6.945618420894247080e+00
2.577241820182126997e+00 1.228647150562515122e+01 6.313488599680197488e+00
2.586194270025538700e+00 1.222885335304393273e+01 5.794189731959172640e+00
2.592927881061606321e+00 1.216857855838367719e+01 5.325229947823117094e+00
2.597515679715340475e+00 1.210518815583003160e+01 4.912440337593039885e+00
2.600077421699335645e+00 1.203988620178805036e+01 4.550261927144050311e+00
2.600705863198766288e+00 1.197216257010903284e+01 4.231528721143054561e+00
2.599507141901399976e+00 1.190262233194124164e+01 3.941007586655861150e+00
2.596584924746109468e+00 1.183061555450180258e+01 3.702991828486750236e+00
2.592038676085435256e+00 1.175822449969484929e+01 3.483276564598745129e+00
2.585974171270428723e+00 1.168381031143684901e+01 3.289175307958247974e+00
2.578497207748519759e+00 1.160843087817617203e+01 3.113986073895017803e+00
2.569703931907612038e+00 1.153213403547313476e+01 2.953104343065664938e+00
2.559692464015417279e+00 1.145510835468447830e+01 2.824725863885813926e+00
2.548560580604395831e+00 1.137789028895367593e+01 2.705030021835445719e+00
2.536398997198305860e+00 1.130056422552983264e+01 2.594844887302871772e+00
2.523300054406831361e+00 1.122274287126125891e+01 2.499493212636007655e+00
2.509349360061518652e+00 1.114475255397403686e+01 2.405092741164050363e+00
2.494634354727005565e+00 1.106759343020735109e+01 2.332128129894384561e+00
2.479233026884150703e+00 1.099005471575904380e+01 2.266970151768421093e+00
2.463229214546986512e+00 1.091364021948391105e+01 2.207811771038359794e+00
2.446684651327379445e+00 1.083749347810392472e+01 2.162519287939873802e+00
2.429664099575092440e+00 1.076262754847966185e+01 2.112809904424089780e+00
2.412265447370699700e+00 1.068811865045091736e+01 2.077838051707749045e+00
2.394526852998511757e+00 1.061466249331765965e+01 2.046068169933175973e+00
2.376509392349186456e+00 1.054271393605779039e+01 2.018927679824257915e+00
2.358285212554460220e+00 1.047186070433068394e+01 2.004416412013812376e+00
2.339898793490402529e+00 1.040278377639304530e+01 1.983294620155764187e+00
2.321406022947640313e+00 1.033422519984629595e+01 1.976092229507788067e+00
2.302939975526025584e+00 1.026822607436312040e+01 1.964087261012417152e+00
2.284766068274250994e+00 1.020525954778548616e+01 1.967804317482184207e+00
2.267539913007794894e+00 1.014846154311324078e+01 1.975063721381120185e+00
