1.550982551689759603e+01 2.191799393479931801e-01 3.683552447462830693e+06
1.522042605248175562e+01 2.276573469606699152e-01 3.094650089693744201e+06
1.489254555778508937e+01 2.365150211615781040e-01 2.546193286015115678e+06
1.463086396170092840e+01 2.457608387387867077e-01 2.117083611284679268e+06
1.438717704886307303e+01 2.554001800229747654e-01 1.761204447119639954e+06
1.415754476075490054e+01 2.654502430813034941e-01 1.468919488342558034e+06
1.395149864835620157e+01 2.759195411730664960e-01 1.225077718874434475e+06
1.375715055089666805e+01 2.868234877438378683e-01 1.007020368364281137e+06
1.358400074249315459e+01 2.981538241792926480e-01 8.464803470768384868e+05
1.342331077229415648e+01 3.099288507482125254e-01 7.048182261616777396e+05
1.327776076188802534e+01 3.221547770938399391e-01 5.879531328524942510e+05
1.313992578596786664e+01 3.348610240865332321e-01 4.905365804846645333e+05
1.301527578783975336e+01 3.480132692746069067e-01 4.090380337452557869e+05
1.290656500679144436e+01 3.616576127886088621e-01 3.417471829185386887e+05
1.279951456376647023e+01 3.757824492221332191e-01 2.818626244162683724e+05
1.270395681417677558e+01 3.903962415803550745e-01 2.378004478786281834e+05
1.261546637840893226e+01 4.055108759306572663e-01 1.993783916108951962e+05
1.253104958511481115e+01 4.211114467032366915e-01 1.661793893617523427e+05
1.245929358067849435e+01 4.372238735654261910e-01 1.390274419947760180e+05
1.238969157948872990e+01 4.538375198823182965e-01 1.164003392154529865e+05
1.232434228407653443e+01 4.709692282473261216e-01 9.744703147527429974e+04
1.226642094564764029e+01 4.885918959162470765e-01 8.175516766587602615e+04
1.221331804012298328e+01 5.066952473567140069e-01 6.856066306023321522e+04
1.216645460335877793e+01 5.253162421310995089e-01 5.747670072893834731e+04
1.211912325220047215e+01 5.444387138546527005e-01 4.826918156310862832e+04
1.207598567301580950e+01 5.640602740419052852e-01 4.065607152398191829e+04
1.203700824236094213e+01 5.841207301363389170e-01 3.414440127274395491e+04
1.200133621729276889e+01 6.049391032618359754e-01 2.871473370503374827e+04
1.196698666799998456e+01 6.270405596130402825e-01 2.406057556179710082e+04
1.193668178267219737e+01 6.506658936946386751e-01 1.997645591506101118e+04
1.190859475540041501e+01 6.759810279351836648e-01 1.658727981124034341e+04
1.188596663724716151e+01 7.030888491611522184e-01 1.367304107668916913e+04
1.186963479456817439e+01 7.320589186315558106e-01 1.122733831790172735e+04
1.186149527842623463e+01 7.629499927928303782e-01 9.168916551529109711e+03
1.185443190243390177e+01 7.958021469207829934e-01 7.394539443357969503e+03
1.185496385731067903e+01 8.306500655316286785e-01 6.014696690644066621e+03
1.185973323707050753e+01 8.675005956833755638e-01 4.879434464992472385e+03
1.187122251245350313e+01 9.063471458694604133e-01 3.983225493658784671e+03
1.188813030273704818e+01 9.471234155903822671e-01 3.222557130631618293e+03
1.191028440977223468e+01 9.897653725205428632e-01 2.605081096092364533e+03
1.193495081908267252e+01 1.034169331329138686e+00 2.110940302802977385e+03
1.196537050778528233e+01 1.080229109187721859e+00 1.709067959351215450e+03
1.199745257328700632e+01 1.127825859034656153e+00 1.386809931817462257e+03
1.203908181974886205e+01 1.176907591074497716e+00 1.126015936860585043e+03
1.207582562537936433e+01 1.227235659946999347e+00 9.105071144791445477e+02
1.211683436154845950e+01 1.278682910283329255e+00 7.483880782958142390e+02
1.216019849368290728e+01 1.331091495339689512e+00 6.122270851933361655e+02
1.220309218796397133e+01 1.384325994678757388e+00 5.021782905003363453e+02
1.225031982083483051e+01 1.438126974832684812e+00 4.134437198597253200e+02
1.229538823976561801e+01 1.492414643062667912e+00 3.409832040901262076e+02
1.233603887816619249e+01 1.546888500966841828e+00 2.823757101320870788e+02
1.237786539968249322e+01 1.601391357791038139e+00 2.349743947660402341e+02
1.241962809400833123e+01 1.655782687098010353e+00 1.960080242849518299e+02
1.245819725710908443e+01 1.709746379312344855e+00 1.640820887880089174e+02
1.249742003365055787e+01 1.763129943705877833e+00 1.379227455857533471e+02
1.252898967925249352e+01 1.815762769049748204e+00 1.164277792802758569e+02
1.256255719611208832e+01 1.867436694053911994e+00 9.866932664998229541e+01
1.258860463465252622e+01 1.917986039021130296e+00 8.393503973104451177e+01
1.261313071798674912e+01 1.967142665649214361e+00 7.177979534640526538e+01
1.263420044335858528e+01 2.014753894975213289e+00 6.162830679517017529e+01
1.265144562946112927e+01 2.060732038340973293e+00 5.314770935434849974e+01
1.266500681299419995e+01 2.104855426744741909e+00 4.585162023507929518e+01
1.267352885951471286e+01 2.146943986321509179e+00 4.001545695667958569e+01
1.267851321792848296e+01 2.186968599007284908e+00 3.495698487513665498e+01
1.267838602182726859e+01 2.224708313887752809e+00 3.074954817404373131e+01
1.267418592582745340e+01 2.260106417876722951e+00 2.709878831073897842e+01
1.266518554756263804e+01 2.293059310692644903e+00 2.401068594853006033e+01
1.265238888134836692e+01 2.323475512121444986e+00 2.136586435011389895e+01
1.263457262714089424e+01 2.351299346309140059e+00 1.911880667379834620e+01
1.261207504481201092e+01 2.376512516500799421e+00 1.719628155451955820e+01
1.258536879547110310e+01 2.399190796251125857e+00 1.553231287845250641e+01
1.255536785989557380e+01 2.419347987541399903e+00 1.412141020810680381e+01
1.252010961525819610e+01 2.437031030219835248e+00 1.285924795276196164e+01
1.248206094806899280e+01 2.452289922713223991e+00 1.176938397067602082e+01
1.243993721225713500e+01 2.465202921373569112e+00 1.081942182253198759e+01
1.239409805081067617e+01 2.475847452664941439e+00 9.998462631726850347e+00
1.234529217134353907e+01 2.484262365800043781e+00 9.259870236344253769e+00
1.229364018655840773e+01 2.490558568092042346e+00 8.623212039387572858e+00
1.223901058970085565e+01 2.494815628167525556e+00 8.052414786714020778e+00
1.218220459940578770e+01 2.497091050542872726e+00 7.554861035021310123e+00
1.212288723482476094e+01 2.497507188920093046e+00 7.080846258479615685e+00
1.206162714373695444e+01 2.496133440159376882e+00 6.724921045927086283e+00
1.199841438618970102e+01 2.493064448659270571e+00 6.385462455786057312e+00
1.193354120485549252e+01 2.488396358725696533e+00 6.081210500619707027e+00
1.186736504776665946e+01 2.482224207991349907e+00 5.818051000203221967e+00
1.180033183824394527e+01 2.474638518374460805e+00 5.563499377864358664e+00
1.173203428967533135e+01 2.465734009939601901e+00 5.355384414346970878e+00
1.166384997038507088e+01 2.455612899478202493e+00 5.190726795255541148e+00
1.159440063827732637e+01 2.444366253066698746e+00 5.034934012015274796e+00
1.152522596842691271e+01 2.432088165406760538e+00 4.910003905954471115e+00
1.145610842695577603e+01 2.418885847930924093e+00 4.793591100139945382e+00
1.138828233899256404e+01 2.404861372126894548e+00 4.677613577302165204e+00
1.132049367446579957e+01 2.390101752213852127e+00 4.613508923243275994e+00
1.125389812425143177e+01 2.374719613906640436e+00 4.541463067070501403e+00
1.118879544251118574e+01 2.358839117400193253e+00 4.507210964034294776e+00
1.112512285209004936e+01 2.342537731452388083e+00 4.465460187385798640e+00
1.106376485337678517e+01 2.325976852749058299e+00 4.451624866118600643e+00
1.100439100529210279e+01 2.309259722939267068e+00 4.449818676819144336e+00
1.094859175040969035e+01 2.292576991839307077e+00 4.463918901920258975e+00
1.089611000870353230e+01 2.276092907245063302e+00 4.506708165720071158e+00
