2.191799393479931801e-01 1.550982551689759603e+01 3.683552447462830693e+06
2.286839052725191668e-01 1.515964868853665592e+01 2.981329321272815578e+06
2.386275959992948670e-01 1.483006590823881332e+01 2.443524049155654851e+06
2.490788971450940970e-01 1.453038410077357234e+01 1.990402278000093531e+06
2.600250475260650895e-01 1.426633795075941968e+01 1.619927062436531065e+06
2.714889966613699968e-01 1.403982100217941387e+01 1.320381215243072482e+06
2.834821056533600725e-01 1.380316983254263086e+01 1.076009791617671726e+06
2.960089386090937746e-01 1.361464228149256606e+01 8.779527820519630332e+05
3.090955547977767282e-01 1.343361180240053265e+01 7.146668500946820714e+05
3.227423032470140285e-01 1.327760883519091806e+01 5.828951511469192337e+05
3.369694775373298090e-01 1.312228441025590087e+01 4.760784194152049604e+05
3.517812052618249363e-01 1.298629353330986369e+01 3.884590062680576812e+05
3.671911944970942532e-01 1.286302173268742521e+01 3.183221626747756964e+05
3.832208219882212163e-01 1.274702396700524076e+01 2.600541958320060512e+05
3.998409013276795210e-01 1.264601251659300019e+01 2.123771880058068782e+05
4.171005674540865793e-01 1.255494814554448091e+01 1.736042701634758268e+05
4.349771090769657400e-01 1.246801784351169218e+01 1.425525137099183921e+05
4.534640401612734517e-01 1.239069007957014534e+01 1.168027556519875943e+05
4.726075121708973592e-01 1.232140825969729292e+01 9.575415748086005624e+04
4.923565961452779360e-01 1.225751255121359051e+01 7.874273581510390795e+04
5.127275212088111545e-01 1.219826856785669911e+01 6.470265357414670871e+04
5.337311999038618637e-01 1.214427550921761068e+01 5.330783089577208739e+04
5.553571013244327226e-01 1.209494915094760437e+01 4.383936005067086080e+04
5.775624894122287634e-01 1.204941089424585776e+01 3.615044870658645232e+04
6.006071706601653348e-01 1.200838940122136300e+01 2.977252687562484789e+04
6.253770046168577457e-01 1.196906033562946803e+01 2.441235095879491928e+04
6.523042581146953900e-01 1.193256075735463462e+01 1.981567250280592998e+04
6.816165778620627558e-01 1.190874473163282232e+01 1.595972421772817688e+04
7.134235661336997270e-01 1.188697316392198822e+01 1.277420701690486749e+04
7.478260604704414227e-01 1.187113952192289190e+01 1.015736867820166299e+04
7.849025617815781342e-01 1.186677972146820004e+01 8.053025569476049895e+03
8.246827131990192017e-01 1.186733069869186252e+01 6.346248360061411404e+03
8.671332270679545928e-01 1.187969795837439335e+01 5.001655709488996763e+03
9.122063388455096122e-01 1.189606058399622590e+01 3.924728442644880033e+03
9.598399139998570195e-01 1.192137196789001230e+01 3.080529098077212893e+03
1.009927256962599218e+00 1.195322881849778796e+01 2.418232484542930706e+03
1.062345101514552193e+00 1.198916487888851456e+01 1.899497088782098217e+03
1.116984920091939504e+00 1.203784611669867743e+01 1.494789174302519314e+03
1.173662303372810189e+00 1.208068146523427266e+01 1.178619154391511302e+03
1.232207804472546853e+00 1.213143992500522295e+01 9.314806170577784314e+02
1.292448994985386346e+00 1.218670293305523167e+01 7.382930570044503611e+02
1.354138594537484197e+00 1.224225659055491811e+01 5.865444610558877230e+02
1.417056575160213772e+00 1.230067352921815882e+01 4.685082917495087145e+02
1.480982030037139241e+00 1.236012042828532742e+01 3.752051349792242831e+02
1.545682371723839488e+00 1.241952386050684431e+01 2.990757614588492288e+02
1.610855427731745504e+00 1.247779855087352452e+01 2.428879725592339014e+02
1.676279938846922724e+00 1.253487790349251796e+01 1.953418652974582983e+02
1.741608723523904612e+00 1.259108057026130645e+01 1.600449664768864011e+02
1.806500268760400818e+00 1.264500405302775654e+01 1.308386955984190081e+02
1.870954952514105374e+00 1.269495797192323039e+01 1.074046127234094143e+02
1.934383187228703616e+00 1.274283405507839895e+01 8.867349382195418173e+01
1.996793066097486635e+00 1.278808981058463168e+01 7.346708822167501296e+01
2.057793688794160580e+00 1.282753747873139361e+01 6.120383701187994774e+01
2.117170342994536991e+00 1.286305799272493999e+01 5.121850124058315146e+01
2.174722028465195578e+00 1.289452581002231923e+01 4.311257371688915896e+01
2.230236852925790103e+00 1.292275848547309458e+01 3.651733932683670503e+01
2.283517394229025665e+00 1.294307509298243453e+01 3.103772472902658208e+01
2.334440982959455457e+00 1.296047555522584460e+01 2.643839884277309338e+01
2.382845254061979112e+00 1.297212184317104722e+01 2.269145508502821684e+01
2.428582924376079255e+00 1.297900892241717230e+01 1.957370462394549904e+01
2.471596377907125053e+00 1.298038698410659464e+01 1.697476493568546729e+01
2.511762928101441972e+00 1.297698683758234495e+01 1.479207885368939834e+01
2.549043439924723486e+00 1.296812513968319180e+01 1.295189537442389138e+01
2.583385874616409783e+00 1.295477677480225331e+01 1.139684732588060356e+01
2.614775144018046227e+00 1.293596274226174359e+01 1.008557786714382232e+01
2.643202135667643837e+00 1.291233868296234455e+01 8.969960261913879407e+00
2.668677066971929523e+00 1.288411551056677773e+01 7.981418081445578849e+00
2.691228682422602159e+00 1.285148874731742552e+01 7.195943967484546455e+00
2.710891920982515746e+00 1.281369261202010712e+01 6.470179012357526460e+00
2.727722283844190798e+00 1.277280309631960442e+01 5.884408561989117104e+00
2.741790658063787411e+00 1.272733325472573895e+01 5.366874607619663173e+00
2.753166696534283808e+00 1.267829884893150272e+01 4.906705885717649096e+00
2.761933727069484590e+00 1.262548497122831925e+01 4.506924608681888600e+00
2.768184672017441894e+00 1.256961497877411382e+01 4.158590814897737964e+00
2.772013834461735104e+00 1.251082993886781658e+01 3.875182598356467167e+00
2.773529087211793698e+00 1.244941068947612806e+01 3.613181674044970926e+00
2.772836111879512622e+00 1.238578791463489814e+01 3.375127840860200568e+00
2.770044495123543893e+00 1.231861095924651295e+01 3.186718473604794877e+00
2.765274193117514656e+00 1.225037473089167861e+01 3.012926400225687029e+00
2.758639837562565589e+00 1.218077598364254754e+01 2.863663254743379127e+00
2.750255332841816003e+00 1.210903928922465056e+01 2.729546799474977803e+00
2.740248486848698928e+00 1.203602826055142039e+01 2.609460012540026241e+00
2.728734151312280698e+00 1.196314726602005329e+01 2.516181938531131923e+00
2.715841573991463864e+00 1.188896228295828195e+01 2.432789580546654395e+00
2.701686754189688511e+00 1.181493588228103420e+01 2.360759377250941871e+00
2.686404640407975553e+00 1.174101554232536770e+01 2.301378026798114096e+00
2.670115626625452432e+00 1.166765805537347234e+01 2.251183770855483601e+00
2.652957048255818684e+00 1.159477008702208778e+01 2.212157642951371184e+00
2.635057335942908363e+00 1.152340710923017042e+01 2.183592501310509970e+00
2.616562002230348405e+00 1.145331540422123595e+01 2.163775274963159578e+00
2.597619792210288381e+00 1.138526597039111898e+01 2.145861877081803648e+00
2.578401989598188671e+00 1.131934299132829835e+01 2.148874847732545224e+00
2.559072825640416493e+00 1.125687610358353119e+01 2.148918952775634050e+00
2.539522769297782201e+00 1.119625979794379589e+01 2.162538440563977371e+00
2.519610839215776998e+00 1.113668071425980166e+01 2.181880182064735330e+00
2.499298202643617461e+00 1.107812148643371764e+01 2.213608668354682063e+00
2.478629642177441195e+00 1.101991566380579535e+01 2.243389943226597794e+00
2.457655436983800623e+00 1.096208726514081810e+01 2.279298036683306883e+00
2.436437768017999161e+00 1.090435967612955537e+01 2.318395654858927291e+00
2.415016808188482855e+00 1.084667068694825254e+01 2.355720664824157762e+00
