1.550982551689759603e+01 2.191799393479931801e-01 3.683552447462830693e+06
1.516980179270565543e+01 2.280613811483297726e-01 3.035641902515352238e+06
1.486891484310447353e+01 2.373642261034444867e-01 2.509097754764053039e+06
1.459068098128086888e+01 2.470778221982914968e-01 2.063946965926208766e+06
1.433671167384026468e+01 2.572343936711254941e-01 1.702847309391574236e+06
1.410585091825664783e+01 2.678415044964090330e-01 1.407226327218759805e+06
1.388989998555169869e+01 2.789104233556944368e-01 1.159229213994480437e+06
1.370066409861121315e+01 2.904541342445386420e-01 9.570470848880748963e+05
1.352327037667060594e+01 3.024649652443405778e-01 7.917518331374033587e+05
1.335857082471426160e+01 3.149750150718342856e-01 6.544487664780447958e+05
1.321366667350647717e+01 3.279974450052298707e-01 5.361266471832783427e+05
1.307560904779608180e+01 3.415332744196613590e-01 4.468184505679851864e+05
1.295480786214286972e+01 3.555667822898098684e-01 3.690558770894547342e+05
1.284157052015494216e+01 3.701162569932054947e-01 3.060882457390609197e+05
1.273526568282627380e+01 3.852242426530859132e-01 2.532132761527230905e+05
1.264184046794265548e+01 4.008628888715320415e-01 2.098197572050119052e+05
1.255489266310238605e+01 4.170560260129812513e-01 1.741942483155910159e+05
1.247297698287642476e+01 4.337836567788215802e-01 1.440794474300049478e+05
1.239989653907977818e+01 4.510747684194376661e-01 1.198909170408142818e+05
1.233363864331068349e+01 4.689174762784106276e-01 9.934890671329043107e+04
1.227180488594978591e+01 4.873117326223016521e-01 8.267601532736392983e+04
1.221033680441142444e+01 5.062256303256490453e-01 6.884332269338586775e+04
1.216436151539183896e+01 5.257099392794866155e-01 5.727435295570955350e+04
1.211493903692313800e+01 5.457421812515205195e-01 4.777278924721703515e+04
1.206949109477931614e+01 5.663215673575886511e-01 3.980244134792441037e+04
1.203187392616895046e+01 5.873780100232429691e-01 3.327338264939485089e+04
1.199398181286080245e+01 6.089843923455633412e-01 2.753290221913214918e+04
1.195855757949696496e+01 6.310929293551952313e-01 2.326402817662052621e+04
1.192577363777877153e+01 6.537173596940152320e-01 1.946985610612219534e+04
1.189370285445163766e+01 6.768479516375172089e-01 1.634330614748855623e+04
1.186650111310743227e+01 7.004783630107083159e-01 1.369769359957476809e+04
1.183895287075521985e+01 7.246045184765753655e-01 1.139987794659071187e+04
1.181195620899982046e+01 7.491859130429956437e-01 9.661748096386842008e+03
1.178967734707406301e+01 7.742563833663467232e-01 8.065457459992659096e+03
1.176488240352630221e+01 7.997233640826842960e-01 6.883817773069118630e+03
1.174233250050929733e+01 8.256242797831990776e-01 5.779919285280643635e+03
1.172164967857882800e+01 8.519431034902898991e-01 4.879367945574012992e+03
1.169936067626259835e+01 8.785965920497739168e-01 4.126890656965037124e+03
1.168784656984192694e+01 9.056066610968721564e-01 3.489833781268257098e+03
1.165651388670613287e+01 9.329222361421961596e-01 2.954947646600760891e+03
1.163583634062798566e+01 9.604875299588794269e-01 2.508101150292001421e+03
1.161343973921586326e+01 9.883038689133869514e-01 2.129744622802962112e+03
1.159182555680984450e+01 1.016320578934816643e+00 1.812166868975474017e+03
1.157275380420655964e+01 1.044495584908768038e+00 1.542524871590726434e+03
1.154916616294545406e+01 1.072805589034697249e+00 1.317034126354693626e+03
1.152354020569236681e+01 1.101171005357796107e+00 1.124003074214133903e+03
1.150101393915737269e+01 1.129567093536946620e+00 9.610341597653716690e+02
1.147507223162388001e+01 1.157951470759096990e+00 8.185945378308564386e+02
1.145384865904733118e+01 1.186285638875690829e+00 7.065884916558145505e+02
1.142218125074727553e+01 1.214506952019833719e+00 6.035007152037409242e+02
1.139588473793018686e+01 1.242586985957466306e+00 5.226462209379958495e+02
1.136615983224035098e+01 1.270466325607152891e+00 4.508594903224868631e+02
1.133688840233121375e+01 1.298086231220776154e+00 3.891502784551084346e+02
1.130849521759625098e+01 1.325410645502936191e+00 3.367498323259351309e+02
1.127239373936531841e+01 1.352364201335538141e+00 2.918338371127196638e+02
1.123961082741524642e+01 1.378868696080808531e+00 2.522380125622877074e+02
1.120371676329689770e+01 1.404883361259799956e+00 2.206055079244495118e+02
1.116676292672849158e+01 1.430340147075272128e+00 1.922861359162116912e+02
1.112917821104160687e+01 1.455183414089877392e+00 1.679365747586912221e+02
1.108866247761561752e+01 1.479368386935727475e+00 1.470634333516849779e+02
1.104742291831686529e+01 1.502850362134682038e+00 1.290558591695020993e+02
1.100471362784884022e+01 1.525585607976521096e+00 1.133962860222148379e+02
1.096077336131592439e+01 1.547527777263874471e+00 9.959080682413311081e+01
1.091510188662314818e+01 1.568661843364049790e+00 8.812188209735127487e+01
1.086752638133648574e+01 1.588942222478177513e+00 7.824468288129777704e+01
1.081905781354308971e+01 1.608349553403873422e+00 6.936131451403051074e+01
1.076845364873744160e+01 1.626865806857297647e+00 6.163481325797856414e+01
1.071695879706253507e+01 1.644469508017492254e+00 5.495641943401642493e+01
1.066402513675616426e+01 1.661146323356200272e+00 4.905591205438744140e+01
1.060900353749979708e+01 1.676888608686306625e+00 4.390468286404908582e+01
1.055323081966900389e+01 1.691690801988487536e+00 3.939051693528421083e+01
1.049603013915134753e+01 1.705539966794093809e+00 3.539484867976114657e+01
1.043826684332509558e+01 1.718444279065187486e+00 3.175956101770430351e+01
1.037828283404403074e+01 1.730403301854991138e+00 2.876389602036792326e+01
1.031765674535317601e+01 1.741415931911451054e+00 2.592275524560900024e+01
1.025593681095549670e+01 1.751495682644493845e+00 2.350234463401103824e+01
1.019320069796738437e+01 1.760652197698802102e+00 2.140934615855398349e+01
1.013002934125140442e+01 1.768889724814546538e+00 1.949078873026571657e+01
1.006601516268514906e+01 1.776226319469508486e+00 1.770940617995060506e+01
1.000046214888911855e+01 1.782674816683528896e+00 1.618135870540915278e+01
9.935004556044757962e+00 1.788253108297204852e+00 1.481839794208779715e+01
9.868611986906914879e+00 1.792984431562544945e+00 1.363037926251165111e+01
9.801373872298903223e+00 1.796878316959207300e+00 1.249577908636734236e+01
9.734172499471162254e+00 1.799962412399494172e+00 1.150438494785913690e+01
9.666114199970349929e+00 1.802255011612248214e+00 1.064649925508077466e+01
9.597485902688843495e+00 1.803780706257855027e+00 9.841093503222547056e+00
9.528613286073847277e+00 1.804563828341216647e+00 9.116147427909945478e+00
9.459776342709963259e+00 1.804623969651784066e+00 8.446012771586964618e+00
9.391045415989095702e+00 1.803992186976381085e+00 7.853853745276213161e+00
9.322258214251602837e+00 1.802692318973205365e+00 7.316188097946271007e+00
9.253115972359742258e+00 1.800741504271711202e+00 6.846413355353424102e+00
9.183916458432801022e+00 1.798175568773317856e+00 6.385761701377229649e+00
9.115317562364891657e+00 1.795029431194159031e+00 5.983372398164895856e+00
9.046716577773162626e+00 1.791305909717541445e+00 5.629396925749538205e+00
8.977729474563798107e+00 1.787041414713726128e+00 5.284031675760647140e+00
8.910264827356089157e+00 1.782264044667329683e+00 4.979790375732439323e+00
8.842357669189876646e+00 1.776996690621926112e+00 4.707032900296496791e+00
8.774785032453657152e+00 1.771256932616214419e+00 4.455295806694683058e+00
8.708672860018056738e+00 1.765055483397789393e+00 4.216542374564332896e+00
8.642788738578866869e+00 1.758392648338592323e+00 4.008035015804800594e+00
