1.550982551689759603e+01 2.191799393479931801e-01 3.683552447462830693e+06
1.517955811180977754e+01 2.281804796559829263e-01 3.040470885525980964e+06
1.486723960705012360e+01 2.375994640314081641e-01 2.505061378538123332e+06
1.458119477784338969e+01 2.474629597817117332e-01 2.054787346553851385e+06
1.431951682773208212e+01 2.577709756208286240e-01 1.686917908240726218e+06
1.409159629171873185e+01 2.685414207666221853e-01 1.387551926418239716e+06
1.391075359097571962e+01 2.797866930498650317e-01 1.142433517340922030e+06
1.368757295271797503e+01 2.915214011734176269e-01 9.425752534288448514e+05
1.350442579747569205e+01 3.037321080463454281e-01 7.757429679346240591e+05
1.334566459310446973e+01 3.164673985336460271e-01 6.389963061509006657e+05
1.320909189201270451e+01 3.297059032382617660e-01 5.275576260429251706e+05
1.305831658025715036e+01 3.434715330150959200e-01 4.351162598552337149e+05
1.293704021711254626e+01 3.577730856198251819e-01 3.588991827044656966e+05
1.281989037093575767e+01 3.726106384314461506e-01 2.971780584790520370e+05
1.271616009466636044e+01 3.880037853194213127e-01 2.446619364128749003e+05
1.262246400988505535e+01 4.039457413175064904e-01 2.025082910768741567e+05
1.253658820553476083e+01 4.204507262381037003e-01 1.670503733968822926e+05
1.245881008169408766e+01 4.375216789479203783e-01 1.382715617739511945e+05
1.237934213692231289e+01 4.551584295834418259e-01 1.147255986907320766e+05
1.231998322552204428e+01 4.733707481008950779e-01 9.497820743235402915e+04
1.225653302063812689e+01 4.921297093816283663e-01 7.880071123125749000e+04
1.220043870622534854e+01 5.114484790761720800e-01 6.550395289320976735e+04
1.215007092479134698e+01 5.313381856201330189e-01 5.438941912781345309e+04
1.210329544192541640e+01 5.517893433692828697e-01 4.526978661244260002e+04
1.205689344466008173e+01 5.727695361403708496e-01 3.764828038485473371e+04
1.201947376224632613e+01 5.943082371501691163e-01 3.141868863201318891e+04
1.198242499695359697e+01 6.163449336477709872e-01 2.617087338402916430e+04
1.194725913450359833e+01 6.389507102723179788e-01 2.185007930000981651e+04
1.191135516206341016e+01 6.621120782087960288e-01 1.829110885328297809e+04
1.188303435209985537e+01 6.858171219679654040e-01 1.526662411189218255e+04
1.185622314057481397e+01 7.100956899790427101e-01 1.276900343187335602e+04
1.182899414424716333e+01 7.349210276893742844e-01 1.070354963118995147e+04
1.180440564178573304e+01 7.602655948362573302e-01 8.887935941893598283e+03
1.178050760110688522e+01 7.861650595466986857e-01 7.516897005885901308e+03
1.175820958876775890e+01 8.125583909091850243e-01 6.313813391137868166e+03
1.173620457490307700e+01 8.394620475477261312e-01 5.306222483762632692e+03
1.171392269691442678e+01 8.668468186361703021e-01 4.460277101403405140e+03
1.169240032344272073e+01 8.946622778734489856e-01 3.728035639913355681e+03
1.167488560556239996e+01 9.228818572089729777e-01 3.161065928423031437e+03
1.165980186088506620e+01 9.514993243732078332e-01 2.668635880793216529e+03
1.163531139926493907e+01 9.804498180726339829e-01 2.238333951767517192e+03
1.161464208419720379e+01 1.009713540319551850e+00 1.906352787451425456e+03
1.159813073867046285e+01 1.039240229559849960e+00 1.613285800817119025e+03
1.157568597340810079e+01 1.068992196125865712e+00 1.369610569656615553e+03
1.155380563456596832e+01 1.098932808357568458e+00 1.162622200719664761e+03
1.153459320866142157e+01 1.128983496216844795e+00 9.879085700528976304e+02
1.151050443406055734e+01 1.159111726344057569e+00 8.387498669049798536e+02
1.148812187101626492e+01 1.189284691200552135e+00 7.126675366969527659e+02
1.146830132451138340e+01 1.219406969121361151e+00 6.127959246144415602e+02
1.144115623556583294e+01 1.249474086461888955e+00 5.208485911443654004e+02
1.141692074432994097e+01 1.279381713940037191e+00 4.492720053988077211e+02
1.138950987124373704e+01 1.309118170223855682e+00 3.856863552424546810e+02
1.136125790806858049e+01 1.338609323359411407e+00 3.318345271882807879e+02
1.133256637252302745e+01 1.367808827280565964e+00 2.855320008820074236e+02
1.130234158473595940e+01 1.396652470557451009e+00 2.465536738066977307e+02
1.127074458720936434e+01 1.425097909240763183e+00 2.119361179238710804e+02
1.123793427602779182e+01 1.453094372338363138e+00 1.845880974331542461e+02
1.120486586768768156e+01 1.480582268883447350e+00 1.601566526039912333e+02
1.117045305824391477e+01 1.507523302397421494e+00 1.392075544759229331e+02
1.113017640695148280e+01 1.533861512003769523e+00 1.212927561602877802e+02
1.109197143985801937e+01 1.559554478248468046e+00 1.059071472809084753e+02
1.105162173868408360e+01 1.584561149420291137e+00 9.260515741736085715e+01
1.100979819711675489e+01 1.608841358037271796e+00 8.118216859404502372e+01
1.096694901088409502e+01 1.632372790280355312e+00 7.094010338346190281e+01
1.092266821498399310e+01 1.655094953497038501e+00 6.268834892767254985e+01
1.087653644056272917e+01 1.676994183773492075e+00 5.528396342603581815e+01
1.082872313513277085e+01 1.698031255077423252e+00 4.881228209659827399e+01
1.078010581635027698e+01 1.718189648343982023e+00 4.321173257103144039e+01
1.073017965592504197e+01 1.737445743421229816e+00 3.834857832797359123e+01
1.067942382392520351e+01 1.755775679830365199e+00 3.409236460235382538e+01
1.062594407950810549e+01 1.773163945227286709e+00 3.035555972337448338e+01
1.057194607050386459e+01 1.789590213761160564e+00 2.699866364670290864e+01
1.051761459709997837e+01 1.805026932924979954e+00 2.424039361533826664e+01
1.046127224580094861e+01 1.819453417773368553e+00 2.166537529366648940e+01
1.040441363719757639e+01 1.832857631751093619e+00 1.953329866903640166e+01
1.034590933382429512e+01 1.845227813241715698e+00 1.754488030290479728e+01
1.028679341268971648e+01 1.856540105159720788e+00 1.590680385785811346e+01
1.022705961330210300e+01 1.866781130608270001e+00 1.439283109763961122e+01
1.016636764980010987e+01 1.875928481274558690e+00 1.307830413499972089e+01
1.010518807767494742e+01 1.883977867905109793e+00 1.189965141068805643e+01
1.004285973453111325e+01 1.890904638909191471e+00 1.083288469378909902e+01
9.979777536589649500e+00 1.896740846213416321e+00 9.953762531599480212e+00
9.916342912673318466e+00 1.901467391803718376e+00 9.132161817602737486e+00
9.853161384817497037e+00 1.905108938923513406e+00 8.414007515044819030e+00
9.788125681156783386e+00 1.907688917875317358e+00 7.745420556049150029e+00
9.723944980433461893e+00 1.909221895509336964e+00 7.183792808151328479e+00
9.658415895859915778e+00 1.909737697144766377e+00 6.672272170992719076e+00
9.593455841244530546e+00 1.909267016441044795e+00 6.220390906392490926e+00
9.528026356551601239e+00 1.907838496995275523e+00 5.811712533058253527e+00
9.462317458085882649e+00 1.905504023302900141e+00 5.452575378029872688e+00
9.396592785039112883e+00 1.902287940867170013e+00 5.121337514837455807e+00
9.330987534975701436e+00 1.898224108070836191e+00 4.829310007015883421e+00
9.265379537885815253e+00 1.893372548530170452e+00 4.564944173589527310e+00
9.199513070338825926e+00 1.887761657301791463e+00 4.323402529480334877e+00
9.134401941963346871e+00 1.881431120780850730e+00 4.112793936682833440e+00
9.069213853229706856e+00 1.874434126706835402e+00 3.920198329799646775e+00
9.004658751813762407e+00 1.866826386006573468e+00 3.753458993845581571e+00
8.940749608905468548e+00 1.858619785410003278e+00 3.590260393712445985e+00
8.876801058319955473e+00 1.849865386406916556e+00 3.449769271192945297e+00
8.813373098102823988e+00 1.840616791693765020e+00 3.318943347304390112e+00
