1.550982551689759603e+01 2.191799393479931801e-01 3.683552447462830693e+06
1.521094140930272864e+01 2.273845599584702892e-01 3.108558830728996545e+06
1.491626956191055875e+01 2.359448899527620824e-01 2.586363851335563697e+06
1.465098529073439693e+01 2.448731923474239958e-01 2.153704257055356167e+06
1.440890002293113525e+01 2.541659808482296112e-01 1.807718250714678317e+06
1.418632001000496246e+01 2.638415509227836075e-01 1.512470687957276590e+06
1.398738960427955824e+01 2.739124961509651346e-01 1.267235956870585214e+06
1.379583865248290486e+01 2.843923918487911151e-01 1.048902066016838187e+06
1.362863085372415028e+01 2.952537730651658143e-01 8.863518904104862595e+05
1.346607228519279609e+01 3.065455647736314848e-01 7.430564130708613666e+05
1.332842861106408172e+01 3.182688773709895225e-01 6.231351001537194243e+05
1.318941686706757821e+01 3.304119745431345900e-01 5.219853987567637814e+05
1.308078144324116643e+01 3.429993953974842524e-01 4.372987657244749716e+05
1.295108851326780375e+01 3.560490363043996576e-01 3.675440336700017215e+05
1.284467356010713956e+01 3.695037884530831263e-01 3.083935419612030382e+05
1.274586249044846298e+01 3.834533713104723018e-01 2.592342514673743863e+05
1.266006828317391530e+01 3.978717724381491405e-01 2.167955946944080351e+05
1.257286295132867870e+01 4.127220823427242280e-01 1.829750795076921640e+05
1.249886353278598428e+01 4.280497478711554060e-01 1.534956043823996151e+05
1.242837023108680761e+01 4.438664467153680682e-01 1.293903194852661109e+05
1.236398868791648553e+01 4.601574777295631136e-01 1.089135011794603197e+05
1.230502953001481892e+01 4.769000786377954326e-01 9.180732169369052281e+04
1.225028028490971010e+01 4.941147569235696535e-01 7.738601695002292399e+04
1.220035138438904632e+01 5.118021984146237102e-01 6.525846872537089803e+04
1.215261098201691681e+01 5.299654127996122899e-01 5.508525458777803578e+04
1.211053962903620373e+01 5.485970117910896615e-01 4.654386495514097624e+04
1.206864552838595728e+01 5.676981075562409496e-01 3.935372683637702721e+04
1.203224022483864708e+01 5.871987595619632128e-01 3.329943169930224394e+04
1.199710942173003048e+01 6.071804920631520552e-01 2.800294657662737882e+04
1.196334439637091407e+01 6.276025105454672293e-01 2.392066408739599501e+04
1.193370829176647874e+01 6.484949692105662633e-01 2.008885002958308542e+04
1.190314423412116973e+01 6.698521798150525175e-01 1.722185590210236842e+04
1.187663354378041269e+01 6.916786488553720025e-01 1.460338758034997409e+04
1.185220471065977144e+01 7.139824454011276522e-01 1.242256614620748951e+04
1.182791681287202934e+01 7.367410878095597138e-01 1.057119238642952405e+04
1.180337875371581902e+01 7.599552571341966489e-01 8.987358690068453143e+03
1.178272897642161787e+01 7.836117200456096388e-01 7.646855587371898764e+03
1.176276587365438608e+01 8.077020188045519467e-01 6.519059486624570127e+03
1.174202953039059416e+01 8.322258177329900919e-01 5.563669362625526446e+03
1.172044721432035708e+01 8.571472342791809362e-01 4.746649125884686327e+03
1.170555401685081698e+01 8.824652232094507553e-01 4.047757963570910761e+03
1.168522100490407389e+01 9.081599660533841156e-01 3.457221511249425475e+03
1.166657370924828285e+01 9.341804785542631162e-01 2.963293035838634751e+03
1.164948624781398756e+01 9.605223325670649848e-01 2.533877451010344430e+03
1.163256026977026636e+01 9.871431486431455626e-01 2.170313081755822168e+03
1.161447445965408320e+01 1.014014138159923473e+00 1.862582938136051098e+03
1.159997964731137898e+01 1.041118161735230752e+00 1.599175111885373781e+03
1.157835672231418656e+01 1.068413738472269170e+00 1.374839786563007010e+03
1.155880234124839134e+01 1.095870099675679388e+00 1.183679559177971896e+03
1.154105973670156260e+01 1.123439457657991358e+00 1.019463332569627710e+03
1.152098534152929687e+01 1.151086083074775335e+00 8.800623483940470351e+02
1.150437261237146558e+01 1.178781970431930226e+00 7.603818354259502712e+02
1.148331844879648322e+01 1.206472631726025702e+00 6.575645442669422209e+02
1.146021743085429101e+01 1.234128489672956741e+00 5.659882781586164811e+02
1.143565288699050342e+01 1.261708286588884675e+00 4.938257381399145629e+02
1.141409234483414892e+01 1.289157287354522730e+00 4.287616378274557860e+02
1.138825941851772328e+01 1.316445157854460257e+00 3.710606751793820877e+02
1.136656306371538605e+01 1.343517087555096579e+00 3.252358207249569091e+02
1.133776175243019857e+01 1.370346416793129851e+00 2.836424272484065909e+02
1.131010245291068017e+01 1.396882565008807919e+00 2.463172903666981881e+02
1.128291092211667745e+01 1.423094334629292135e+00 2.166930968618891882e+02
1.125230977919477304e+01 1.448938281380912851e+00 1.901145792440695743e+02
1.122229713058110079e+01 1.474370088529726397e+00 1.659445010648155403e+02
1.118997333173451558e+01 1.499360077843427508e+00 1.467555683289058663e+02
1.115669468184135482e+01 1.523858720531399813e+00 1.292113257283387213e+02
1.112248785487725300e+01 1.547840355867231121e+00 1.139487937537108166e+02
1.108722023781000487e+01 1.571266332372989627e+00 1.006077061028319122e+02
1.105052498946321826e+01 1.594114948812455523e+00 8.901195861300949730e+01
1.101207676063149599e+01 1.616340099677729514e+00 7.854020326051823986e+01
1.097345950070928566e+01 1.637937391117549879e+00 7.002339642799522323e+01
1.093308700036306114e+01 1.658852500855550582e+00 6.227292777541264002e+01
1.089095942979715304e+01 1.679071517463055052e+00 5.548344041697937712e+01
1.084900846616472592e+01 1.698583527668316107e+00 4.951734752562273911e+01
1.080513239188901586e+01 1.717352273478430780e+00 4.410838059215126350e+01
1.075924011085338705e+01 1.735367492508999021e+00 3.964434829087712586e+01
1.071324860936379864e+01 1.752619555828177633e+00 3.557785773361499082e+01
1.066594918461249719e+01 1.769082328492293188e+00 3.196856914777217540e+01
1.061868810674776142e+01 1.784752099194818475e+00 2.877472986528159282e+01
1.056944177540266416e+01 1.799619519751940233e+00 2.594954405961579269e+01
1.051888111394868552e+01 1.813670303521690341e+00 2.336532680838354992e+01
1.046720589215953900e+01 1.826917387895639955e+00 2.121103559301294439e+01
1.041577457342816970e+01 1.839342300522867513e+00 1.923550408275029255e+01
1.036220322563783469e+01 1.850945137016685615e+00 1.747620536510876477e+01
1.030861587683325808e+01 1.861738725783487425e+00 1.585367172142602143e+01
1.025484364521431857e+01 1.871669366058566819e+00 1.450025230034920298e+01
1.019953101988198796e+01 1.880679153734602815e+00 1.324462004929699610e+01
1.014438160177296666e+01 1.888700220341531288e+00 1.214209421723539428e+01
1.008858432324367627e+01 1.895662674209749765e+00 1.115767371351715909e+01
1.003224204659187180e+01 1.901499749981304221e+00 1.028844830537548383e+01
9.975988156446778277e+00 1.906169146463616348e+00 9.524125341213471430e+00
9.919005124890050595e+00 1.909605262294657102e+00 8.851862880305482406e+00
9.862358411247887702e+00 1.911729074080254609e+00 8.243573724483118426e+00
9.806339209042830518e+00 1.912485363464539345e+00 7.732519217535576139e+00
9.749805076690146066e+00 1.911855877221594779e+00 7.295042272830583485e+00
9.694785620263528969e+00 1.909727300512436221e+00 6.924420894832094220e+00
9.641434233194690506e+00 1.906071396294942044e+00 6.639210965165733391e+00
9.592374425818364969e+00 1.900838454706442970e+00 6.425943002960288197e+00
9.549374711849207387e+00 1.893772326799850747e+00 6.296677706770915428e+00
9.503075355869171403e+00 1.884878290048483729e+00 6.196236691836296551e+00
9.453032324511562834e+00 1.874677839439587546e+00 6.094529605510917492e+00
