2.191799393479931801e-01 1.550982551689759603e+01 3.683552447462830693e+06
2.275029004837719748e-01 1.520267474018684339e+01 3.088623955721605569e+06
2.361962371928748583e-01 1.490441747403847650e+01 2.564350764771284070e+06
2.452597590712936870e-01 1.464685087786683226e+01 2.144946221291431226e+06
2.547031735892490434e-01 1.439487610565787890e+01 1.786557441074892879e+06
2.645419304068727939e-01 1.416960059073405809e+01 1.494083702495332342e+06
2.747844019470807031e-01 1.396856129135302460e+01 1.246035393132639350e+06
2.854446055454538111e-01 1.378073483920238829e+01 1.029033682760836557e+06
2.965107239393509619e-01 1.360178108281854925e+01 8.716070028470114339e+05
3.080135644674141249e-01 1.345245915334275644e+01 7.266846362576407846e+05
3.199571072606584576e-01 1.330681588509646929e+01 6.079894261045766762e+05
3.323379899861918507e-01 1.316711713585496568e+01 5.079319778564595617e+05
3.451711478290760970e-01 1.304525685255019951e+01 4.240650531538809300e+05
3.584698249754250665e-01 1.292737230853122021e+01 3.559888631413539406e+05
3.722250684370457252e-01 1.282282323054979933e+01 2.980949996737554320e+05
3.864613807837425363e-01 1.272688605074027279e+01 2.493135992048957269e+05
4.011888956785339411e-01 1.263768517822878046e+01 2.089146682771558408e+05
4.163511230710391087e-01 1.255603038734825105e+01 1.752342255467868818e+05
4.320245964297871333e-01 1.248085875389337751e+01 1.474347834992855787e+05
4.481944692985578849e-01 1.241210741338658607e+01 1.236424673963433306e+05
4.648416603272395586e-01 1.234984837771389188e+01 1.035960994405306119e+05
4.819466924552151532e-01 1.228839063181273339e+01 8.716237112087270361e+04
4.995642333721778683e-01 1.223338017753716755e+01 7.343274050031825027e+04
5.176570663398527561e-01 1.218549851261279393e+01 6.174810107838642580e+04
5.362352707300240828e-01 1.213728371235068693e+01 5.203586202589117602e+04
5.552951177484400924e-01 1.209519408483337877e+01 4.387616811405098269e+04
5.748002013903957819e-01 1.205594748891726375e+01 3.699755804630021157e+04
5.947873833923257303e-01 1.201770015518034640e+01 3.120763919124234963e+04
6.152087963313288554e-01 1.198255096935834452e+01 2.643596125891508200e+04
6.361248882560958107e-01 1.195051557589264135e+01 2.212553139534336879e+04
6.575185097161716508e-01 1.192080433751662483e+01 1.873327341866137795e+04
6.793996755578459723e-01 1.189270625333494458e+01 1.602994635923984060e+04
7.017895412826986590e-01 1.186563199656911038e+01 1.356181668595548217e+04
7.246508144260420670e-01 1.184083402008279506e+01 1.151112402468905930e+04
7.480140075374768216e-01 1.181592416260235368e+01 9.767401639967687515e+03
7.718464935950444250e-01 1.179477151291666104e+01 8.292796210384320148e+03
7.961497083688010568e-01 1.177300745127227088e+01 7.041889489820320705e+03
8.209198167096815046e-01 1.175335980481369091e+01 5.982455854326701228e+03
8.461225105051650708e-01 1.173329252413362767e+01 5.091749209903343399e+03
8.717659984572040388e-01 1.171175895164616954e+01 4.331655292681253741e+03
8.978010127088151826e-01 1.169686718702987527e+01 3.664169971842088216e+03
9.242105749387592439e-01 1.167832178366345097e+01 3.126002076769356790e+03
9.509857790776330422e-01 1.165974567340301427e+01 2.686494365825570185e+03
9.780713735755697247e-01 1.164114239550734986e+01 2.282209795999229755e+03
1.005467777579994948e+00 1.162511667195844112e+01 1.947549511992008320e+03
1.033126932662609576e+00 1.160870904159216899e+01 1.676031959052887942e+03
1.060988459307953491e+00 1.158839788908085389e+01 1.438515702102752357e+03
1.089056307081708752e+00 1.157011274544814583e+01 1.234491377555654026e+03
1.117278148209779332e+00 1.155159889069717138e+01 1.059862546683203391e+03
1.145608810815449408e+00 1.153369346093507986e+01 9.115437725945170087e+02
1.174003640922409497e+00 1.151290797593495796e+01 7.852554389368241345e+02
1.202433538190508910e+00 1.149437609501639557e+01 6.724875922902385810e+02
1.230840023591917243e+00 1.147512886634787144e+01 5.842403890126456645e+02
1.259205221900181693e+00 1.145152692417324758e+01 5.022519527315683376e+02
1.287445608621336834e+00 1.142796221573335735e+01 4.375730418418301042e+02
1.315530225621727167e+00 1.140506179876941673e+01 3.792072281052390395e+02
1.343446011099178383e+00 1.138018001225193565e+01 3.292888454484528324e+02
1.371102433031172962e+00 1.135507027910063371e+01 2.867746064422274799e+02
1.398475427043696095e+00 1.133043012507592806e+01 2.481730764113461873e+02
1.425525792163314653e+00 1.130249257706962673e+01 2.177511378726891280e+02
1.452212308494523763e+00 1.127201716217535399e+01 1.903731639812879450e+02
1.478489175040553549e+00 1.124271328693908423e+01 1.663770206337782440e+02
1.504294308340462072e+00 1.121079845124212504e+01 1.460439582006090120e+02
1.529619807538917797e+00 1.117819949199323304e+01 1.282282151916134012e+02
1.554416210570543244e+00 1.114465799202003993e+01 1.122162396876030783e+02
1.578633475579832135e+00 1.110982577876793442e+01 9.939076270194360063e+01
1.602255464762272652e+00 1.107415506567848418e+01 8.772586901402375759e+01
1.625239741188652109e+00 1.103518612122086218e+01 7.761077587010301215e+01
1.647559694516054440e+00 1.099676906028143542e+01 6.869650826916851827e+01
1.669184888973664460e+00 1.095675634317238156e+01 6.092067279709525707e+01
1.690086378662559508e+00 1.091522149715122225e+01 5.421151347411976218e+01
1.710245921425518567e+00 1.087280218721617153e+01 4.824310040876770955e+01
1.729639178680983713e+00 1.082881217305121879e+01 4.307645677272373064e+01
1.748239124392281907e+00 1.078409287665325245e+01 3.849976733501583226e+01
1.765988604173894139e+00 1.073900195919072331e+01 3.445211980027237075e+01
1.782800999904786687e+00 1.069032860327670242e+01 3.082475079552386532e+01
1.798592868294294433e+00 1.064311238123027792e+01 2.782404632067212091e+01
1.813290014970914799e+00 1.059332800065967639e+01 2.512219169822882847e+01
1.826826892378480061e+00 1.054384923056449352e+01 2.273728643660896509e+01
1.839124998918082454e+00 1.049179493670838603e+01 2.058728606037472275e+01
1.850160122509752147e+00 1.044069194171567894e+01 1.881625127323466273e+01
1.859851474004822869e+00 1.038683300445578439e+01 1.720948104447167282e+01
1.868174041262814278e+00 1.033214255868377229e+01 1.580287063808856018e+01
1.875105635159357576e+00 1.027761784110060894e+01 1.457169469411710594e+01
1.880618262981530009e+00 1.022120854327914152e+01 1.347768491744105113e+01
1.884703426638368429e+00 1.016492847094857233e+01 1.253049954027813584e+01
1.887336681958438955e+00 1.010797503376376660e+01 1.165880863454895255e+01
1.888528614943579598e+00 1.005035097584686987e+01 1.096306977085030709e+01
1.888297332693497310e+00 9.992101467562475747e+00 1.030965432252508762e+01
1.886637360234848071e+00 9.933775480476324304e+00 9.757007659113108744e+00
1.883586846616431831e+00 9.875862966364108431e+00 9.290424009092550506e+00
1.879158295279558022e+00 9.818341354960752554e+00 8.914709867824718970e+00
1.873409645959266623e+00 9.762199658347572750e+00 8.566224960450115944e+00
1.866427826971546189e+00 9.705340630946770020e+00 8.281666433695182405e+00
1.858394939859735917e+00 9.647043602412766816e+00 8.053930194798819997e+00
1.849446237938921822e+00 9.587329541555870804e+00 7.821465959705112603e+00
1.839763832872624683e+00 9.526368578157681455e+00 7.592824797818724214e+00
1.829462436403058279e+00 9.463336845951705101e+00 7.403251403799476549e+00
1.818648665189806612e+00 9.399065674237045087e+00 7.192570549584460515e+00
1.807413613245557604e+00 9.332963943668255880e+00 7.016577155512788266e+00
