1.550982551689759603e+01 2.191799393479931801e-01 3.683552447462830693e+06
1.519760530266635534e+01 2.278455241189291935e-01 3.068411642078890000e+06
1.488256941154676660e+01 2.369073389572584620e-01 2.532664597406300250e+06
1.461645631242391730e+01 2.463752070282206330e-01 2.097986745576290414e+06
1.436442192421301911e+01 2.562553529653483486e-01 1.739081940930163488e+06
1.413390633719812506e+01 2.665649221899007437e-01 1.441721949299861444e+06
1.391907167971603343e+01 2.773129369623766327e-01 1.192954652974856086e+06
1.372963551584646069e+01 2.885107942125929026e-01 9.886574050063898321e+05
1.355484631928278105e+01 3.001634617863102039e-01 8.226394721718056826e+05
1.339903846389208297e+01 3.122736547411648078e-01 6.822201865784170805e+05
1.325398361469603259e+01 3.248730527873959217e-01 5.663044181912045460e+05
1.311325209340061271e+01 3.379454751943161694e-01 4.690647965147162322e+05
1.298542146823520227e+01 3.515383276621225073e-01 3.898818396227793419e+05
1.287284374113813712e+01 3.655914986112323573e-01 3.239949655847274116e+05
1.276770241931061278e+01 3.801647170591453406e-01 2.695675958102527075e+05
1.267358162296507196e+01 3.952626348094882558e-01 2.241470650128451525e+05
1.258929088254596351e+01 4.108870235769672141e-01 1.864897817647842749e+05
1.250433468960557448e+01 4.269995799743761533e-01 1.553682931243568601e+05
1.243250803419310380e+01 4.436547036226584639e-01 1.296498468177773466e+05
1.236151242454813293e+01 4.608500450319108488e-01 1.079341889374346938e+05
1.230140898034809460e+01 4.785475780788725486e-01 9.012258052567952836e+04
1.224285393276762335e+01 4.967661908723032260e-01 7.447627274831521208e+04
1.219192521689630127e+01 5.155231589654213353e-01 6.240735839057793055e+04
1.214110945086951077e+01 5.347894323431254815e-01 5.270098249901016243e+04
1.209769563653155977e+01 5.545854711222528710e-01 4.407834024614111695e+04
1.205724456341733486e+01 5.748683951418214200e-01 3.664665714628261048e+04
1.201665212330300214e+01 5.956609748153051109e-01 3.071978573057453468e+04
1.197974644107672582e+01 6.169326418257848887e-01 2.590791129651923620e+04
1.194815716253419602e+01 6.387418283148909026e-01 2.189531514789624271e+04
1.191309992581670052e+01 6.610668303571587412e-01 1.843202525491288543e+04
1.188766865581697374e+01 6.839242177423211499e-01 1.549767217014207017e+04
1.185873687196903958e+01 7.072986219634187499e-01 1.291786167043745991e+04
1.183378056461327255e+01 7.312183567867602818e-01 1.098276842226587723e+04
1.180998974283852299e+01 7.556349033438127805e-01 9.265117158350654790e+03
1.178583046983591132e+01 7.805906538680327245e-01 7.805694744818491927e+03
1.176464450122966987e+01 8.060359416757109097e-01 6.604524731418257943e+03
1.174313229079976395e+01 8.319586084320352848e-01 5.572492291539190774e+03
1.172099812749323178e+01 8.583503730338091220e-01 4.707230783012037136e+03
1.170347510827147808e+01 8.851953738408400163e-01 3.986016554231249302e+03
1.168503145162104140e+01 9.124678691296205235e-01 3.373931188092683442e+03
1.166517602656442776e+01 9.401203752493854093e-01 2.861253031523695881e+03
1.164716852026957561e+01 9.681374195542319372e-01 2.428331621781006106e+03
1.162857689811381157e+01 9.964651351846879335e-01 2.064251425871030733e+03
1.161010410389146585e+01 1.025102481033513424e+00 1.754247363981862918e+03
1.159149861750030652e+01 1.053965934089466705e+00 1.493846674700475660e+03
1.157495736320032620e+01 1.083055433634744436e+00 1.264684809809677290e+03
1.155401928298432601e+01 1.112330101982264008e+00 1.087186034399014261e+03
1.153527372329099876e+01 1.141696747123056577e+00 9.297528210567212454e+02
1.151355073385128591e+01 1.171148907376533987e+00 7.961131815740316142e+02
1.149180262743458059e+01 1.200638971641454944e+00 6.829941074977160724e+02
1.147012590398160370e+01 1.230101649869435043e+00 5.854223355903425272e+02
1.144797902234424569e+01 1.259512428647967086e+00 5.029472732905425119e+02
1.142521934336548206e+01 1.288778668022273477e+00 4.333963782290547329e+02
1.139867451449907954e+01 1.317889918721419695e+00 3.738994545749178542e+02
1.137459752773008681e+01 1.346795365495509822e+00 3.227025265068409112e+02
1.134875626245154656e+01 1.375421902954738762e+00 2.777907658093929513e+02
1.131935660642305841e+01 1.403715717662913587e+00 2.409682318498882978e+02
1.128969814405933647e+01 1.431656902202780079e+00 2.101901602359290848e+02
1.125859684264615801e+01 1.459188618068383958e+00 1.829712408923206226e+02
1.122720402330262246e+01 1.486252191643592013e+00 1.585914766296030507e+02
1.119374366608943738e+01 1.512811339551780376e+00 1.390622880906820740e+02
1.115862226940921609e+01 1.538822221794392542e+00 1.210816936574893958e+02
1.112305685211428674e+01 1.564234240262348585e+00 1.065476213671798007e+02
1.108608019311158976e+01 1.589020432709782327e+00 9.347744127909099632e+01
1.104695863213593299e+01 1.613133726800105583e+00 8.225387044513006174e+01
1.100745801304663019e+01 1.636535826335685062e+00 7.208822070356200129e+01
1.096557451848122611e+01 1.659212691693134456e+00 6.363949511551768268e+01
1.092320760415920233e+01 1.681111979296054715e+00 5.628245117235188388e+01
1.087881884036552549e+01 1.702217565573261648e+00 5.007009281043943361e+01
1.083373133619446449e+01 1.722501766240133847e+00 4.445109679862863317e+01
1.078725032150678231e+01 1.741942498407580642e+00 3.955220712701285635e+01
1.073929472741411217e+01 1.760523470827373149e+00 3.523725946634239392e+01
1.068986527962189115e+01 1.778221793150921881e+00 3.145436737268533989e+01
1.063900545826260569e+01 1.795027896759743724e+00 2.815752115681833700e+01
1.058853960316420917e+01 1.810931015290195845e+00 2.523625076999346817e+01
1.053588368256713892e+01 1.825914294486079559e+00 2.267162582332731091e+01
1.048225692874962434e+01 1.839994579763878813e+00 2.040088716100616750e+01
1.042730728246641903e+01 1.853147243438228564e+00 1.840214921600741249e+01
1.037162450954822113e+01 1.865373961233080191e+00 1.662613695818289372e+01
1.031517410897866149e+01 1.876693286457931764e+00 1.505765993453136353e+01
1.025818370927697920e+01 1.887095803423536999e+00 1.362326162479597258e+01
1.020001639992009856e+01 1.896590721751244768e+00 1.242023880301712424e+01
1.014186326659840987e+01 1.905186583417020074e+00 1.131610565524397671e+01
1.008204375174514844e+01 1.912896276588239575e+00 1.030148247488153856e+01
1.002198157572241755e+01 1.919731847763185062e+00 9.418343502677272383e+00
9.961873428225972660e+00 1.925715415604879244e+00 8.655630957210467713e+00
9.900249735157132136e+00 1.930858622746689068e+00 7.929757994948187338e+00
9.839957554703431697e+00 1.935166300505346992e+00 7.315071171843595899e+00
9.777803837339883231e+00 1.938679458147499979e+00 6.723952386745645882e+00
9.715129669625040876e+00 1.941397672908459437e+00 6.231445106136884959e+00
9.653871951197588785e+00 1.943267728456413934e+00 5.758819881083153902e+00
9.592943112205428946e+00 1.944013698213641339e+00 5.361236458373580760e+00
9.536445389261590577e+00 1.942968791330856426e+00 5.062197672699636719e+00
9.481734923433249307e+00 1.939881231728918021e+00 4.803959221019459491e+00
9.427689455088222203e+00 1.935022378291157530e+00 4.614818551614933817e+00
9.374006032289415202e+00 1.928641341936458087e+00 4.438991369797141040e+00
9.319537113612291535e+00 1.920979803546449372e+00 4.306362294589890283e+00
9.264452365375595022e+00 1.912237128286916610e+00 4.177645097955053011e+00
9.208796795384792233e+00 1.902559424888984330e+00 4.068840068746081506e+00
9.152381534181822431e+00 1.892088162705532151e+00 3.981397857573711896e+00
