2.191799393479931801e-01 1.550982551689759603e+01 3.683552447462830693e+06
2.277607153619425617e-01 1.519716181612335859e+01 3.079199583828082774e+06
2.367370428902975665e-01 1.489460817947315618e+01 2.546191074899527244e+06
2.461000380080184957e-01 1.462036391054870066e+01 2.110295300878307316e+06
2.558717139541620833e-01 1.437413470233896717e+01 1.749871444056680426e+06
2.660644297809098280e-01 1.413828134872862918e+01 1.451384657965138787e+06
2.766872525866609922e-01 1.393436608249284347e+01 1.204960723277974175e+06
2.877517348478297876e-01 1.374272118083375993e+01 1.000118324106169282e+06
2.992577778823953816e-01 1.357014072782768821e+01 8.338590040947016096e+05
3.112233447732928315e-01 1.340515243352080432e+01 6.922879885589487385e+05
3.236574356202027158e-01 1.325924289379233301e+01 5.750147525428606896e+05
3.365541610811317308e-01 1.312598357368383972e+01 4.793205538823112147e+05
3.499416571700556533e-01 1.300312165662193209e+01 3.985500552429576055e+05
3.638476133221217323e-01 1.288605948972551651e+01 3.313511070329696522e+05
3.781931587484153034e-01 1.278325874180891653e+01 2.761663062368468964e+05
3.930717898340805871e-01 1.268697522638882624e+01 2.300752518362434639e+05
4.084592903258923435e-01 1.259894084438726125e+01 1.920030482986200077e+05
4.243766333508330879e-01 1.251251719344088542e+01 1.601171392528709839e+05
4.407530563667643175e-01 1.244208545470927341e+01 1.336316020262900856e+05
4.576917848850091675e-01 1.237517350965360308e+01 1.104604141996695107e+05
4.751375822294092721e-01 1.231116301270502866e+01 9.338356440942965855e+04
4.930851077943834704e-01 1.225328473345734714e+01 7.825597582997728023e+04
5.115460906149975617e-01 1.220051514905802392e+01 6.546612728783092462e+04
5.305273689610290333e-01 1.215169969660312077e+01 5.475186704022065533e+04
5.500189096013190504e-01 1.210558508866211724e+01 4.602176907820778433e+04
5.700248635184550494e-01 1.206237045479898029e+01 3.854165678421136545e+04
5.904941067207898353e-01 1.202629500344674973e+01 3.244397734663178926e+04
6.114292077968643824e-01 1.199032872117004800e+01 2.724086744642165286e+04
6.329117416671750096e-01 1.195547701375777194e+01 2.292381648865786701e+04
6.549324924331465514e-01 1.192506846347886196e+01 1.929716294809840474e+04
6.775112228945225912e-01 1.189692565203650432e+01 1.624561306617352238e+04
7.006434555330949276e-01 1.186673285996978500e+01 1.369231834358444576e+04
7.243530847314156862e-01 1.184252554541859226e+01 1.154103597732590970e+04
7.486338309840648853e-01 1.181605262127228784e+01 9.729035340020147487e+03
7.734684558851853131e-01 1.179614453407387309e+01 8.152093482272930487e+03
7.988830240985186348e-01 1.177457169068197196e+01 6.924521339560529668e+03
8.248313217195208935e-01 1.175287226724685041e+01 5.849659441225785486e+03
8.513269208641234265e-01 1.173398916580377005e+01 4.914600176994726098e+03
8.783589879151828539e-01 1.171339853578917634e+01 4.177859084265437559e+03
9.058656086885400471e-01 1.169837138479787519e+01 3.537256971409837661e+03
9.338393063734374833e-01 1.167933778514466958e+01 2.992400163613724999e+03
9.622684754825143738e-01 1.166289056284779413e+01 2.516013838731448686e+03
9.911014815155653190e-01 1.164843699828941936e+01 2.150611120100365042e+03
1.020297808310881571e+00 1.163175793398598756e+01 1.826468066656353130e+03
1.049843046849064931e+00 1.161436989100308459e+01 1.552033910613445414e+03
1.079666485226146388e+00 1.160092763380709258e+01 1.321434094853083707e+03
1.109696078864203406e+00 1.158322321149809930e+01 1.124130064588594678e+03
1.139894469401197652e+00 1.156676277157420074e+01 9.599246202393999283e+02
1.170174221051103247e+00 1.154911153997828066e+01 8.207699463524887733e+02
1.200484591723470773e+00 1.153336082395274786e+01 7.021581194709158353e+02
1.230775815906708370e+00 1.151645960321080331e+01 6.021480953611194309e+02
1.260971075455842083e+00 1.149714299698101350e+01 5.174442901547236033e+02
1.291017652516315728e+00 1.147386657804170618e+01 4.450205861594676549e+02
1.320838157821620173e+00 1.145171266659308174e+01 3.839345719942352275e+02
1.350392921215178843e+00 1.142813893803419312e+01 3.313244052029784257e+02
1.379605786816938684e+00 1.140573508493377730e+01 2.868101107759878801e+02
1.408445422373997280e+00 1.138055186466618807e+01 2.478572481610661100e+02
1.436845030935586243e+00 1.135476261462972225e+01 2.160589867389644212e+02
1.464745101116217807e+00 1.132715867853621816e+01 1.880675044937591736e+02
1.492137146626651756e+00 1.129740867792138559e+01 1.636825384256105735e+02
1.518913430135748310e+00 1.126616207185904450e+01 1.433667380867472332e+02
1.545083063872460638e+00 1.123453350236380643e+01 1.249332115505734606e+02
1.570588829557097776e+00 1.120026608356441500e+01 1.101814925190091401e+02
1.595371772018618239e+00 1.116447311823387345e+01 9.799545945157338167e+01
1.619421275249102177e+00 1.112839750734920052e+01 8.536420497020901621e+01
1.642688047726394984e+00 1.108896528743090926e+01 7.538218126802530605e+01
1.665164652368848364e+00 1.104928548530083887e+01 6.676079545419392502e+01
1.686802384665875065e+00 1.100789086497235125e+01 5.912931232384692493e+01
1.707588349715108977e+00 1.096467492537556865e+01 5.232290159350434777e+01
1.727501281784646903e+00 1.092143096997352281e+01 4.673509908271734048e+01
1.746520389470080703e+00 1.087493345133101030e+01 4.168720567810197508e+01
1.764637465586222254e+00 1.082763481417650198e+01 3.726991674917398711e+01
1.781831391774360451e+00 1.077839247955087210e+01 3.324613827362761498e+01
1.798100389880226357e+00 1.072901590338584477e+01 2.992356737368947250e+01
1.813436187016169265e+00 1.067678353226478372e+01 2.691678641099313651e+01
1.827836178826539593e+00 1.062550743579237711e+01 2.425291930638789850e+01
1.841289538315314056e+00 1.057118378014301463e+01 2.188702922829189035e+01
1.853818474326933030e+00 1.051668757634454821e+01 1.973912666828753970e+01
1.865411603232216331e+00 1.046139803692886794e+01 1.793727538989393366e+01
1.876076187985894927e+00 1.040412129082112536e+01 1.629530268096585388e+01
1.885815984589292782e+00 1.034639015044545118e+01 1.482503638145062830e+01
1.894652792302822686e+00 1.028787783008625389e+01 1.347791221255435801e+01
1.902594802591025758e+00 1.022828409318444898e+01 1.231670114348315614e+01
1.909651756706573611e+00 1.016872008807053795e+01 1.126874172358146886e+01
1.915851388276700762e+00 1.010782004129698031e+01 1.036324442885597996e+01
1.921190153342009488e+00 1.004628565194269285e+01 9.525781773679655728e+00
1.925701321840094238e+00 9.984606395113809540e+00 8.743139801991612003e+00
1.929399979494821116e+00 9.922548911547737660e+00 8.087222237433637773e+00
1.932315947187152938e+00 9.859865774361482593e+00 7.456102661297436818e+00
1.934438821042961498e+00 9.796244181714468979e+00 6.922265999910114154e+00
1.935757953824124522e+00 9.733306519739743479e+00 6.409870973579555375e+00
1.936229948172685233e+00 9.670045120771822766e+00 5.980970272083607320e+00
1.935823648409658482e+00 9.607328411673279334e+00 5.587793771233914519e+00
1.934500857940337104e+00 9.545025463799756693e+00 5.222069495339213496e+00
1.932223537997424634e+00 9.483462307777001499e+00 4.911795204262508818e+00
1.928928521445306021e+00 9.422486983086919565e+00 4.649315675933037184e+00
1.924628632995055710e+00 9.362642662436472918e+00 4.408839448683268714e+00
1.919239409626815052e+00 9.304382945911154223e+00 4.220028227004600119e+00
1.912771185476651814e+00 9.247762509345720972e+00 4.060227423508330880e+00
1.905316010241894231e+00 9.196842132491148902e+00 3.930007219298040866e+00
