1.550982551689759603e+01 2.191799393479931801e-01 3.683552447462830693e+06
1.521280215952952197e+01 2.271768776121391442e-01 3.112291674035560805e+06
1.492589740414777211e+01 2.355094873763222407e-01 2.600852575165480375e+06
1.466857974513120766e+01 2.441991075679801615e-01 2.186449650327410083e+06
1.443178213920680619e+01 2.532291448106865350e-01 1.836218363835609751e+06
1.421810020478963210e+01 2.626247383592593132e-01 1.549491273462903220e+06
1.401833610498892568e+01 2.723919634363297093e-01 1.300383946445741225e+06
1.382843856034322094e+01 2.825405298977972657e-01 1.092636565623319475e+06
1.365998610181002171e+01 2.930862833744874996e-01 9.174956661092160502e+05
1.350070497496461819e+01 3.039944831436859340e-01 7.739679466030956246e+05
1.335335363926695251e+01 3.153218256821087584e-01 6.518202083995542489e+05
1.321875701631373445e+01 3.270647686314188674e-01 5.478572495576883666e+05
1.310165927403887132e+01 3.392083601496401757e-01 4.610695813819775358e+05
1.298615533331876293e+01 3.517802485744063734e-01 3.889923312717794906e+05
1.288201605971423902e+01 3.647942815925850901e-01 3.272359351378949941e+05
1.278416681265171384e+01 3.782185447199779560e-01 2.730723343748916523e+05
1.269317726354448261e+01 3.920887673788843175e-01 2.314200321783436229e+05
1.260756600816296036e+01 4.064025841451265331e-01 1.964916068216003769e+05
1.253119245088013045e+01 4.211642514360268708e-01 1.659708880086856661e+05
1.246132754941420906e+01 4.363703394170495575e-01 1.403050822926698020e+05
1.239777058623177020e+01 4.520208605446111028e-01 1.184785436097425845e+05
1.233580872584685828e+01 4.681376668396046159e-01 1.002743641150654439e+05
1.228036593987626368e+01 4.846742384019581684e-01 8.488699004440256977e+04
1.223049645649264860e+01 5.016759382041090509e-01 7.184992464132173336e+04
1.218337231545753774e+01 5.191213955541675862e-01 6.090142975043165643e+04
1.213676900307768669e+01 5.370163104319067848e-01 5.170784683247300563e+04
1.209554094623002740e+01 5.553553379564689640e-01 4.378269689329737594e+04
1.205632116099839024e+01 5.741051346107742814e-01 3.721773248896328732e+04
1.202076313124153906e+01 5.932971072505496268e-01 3.164561066365805891e+04
1.198465483195074022e+01 6.129044270574983688e-01 2.691607563436100099e+04
1.195451543876413503e+01 6.329724666344315187e-01 2.294973753332513661e+04
1.192753243426940024e+01 6.535056939471740600e-01 1.950617213990562959e+04
1.189848177131247020e+01 6.745152195365267112e-01 1.661533465683549730e+04
1.187249525161119657e+01 6.960122086827379428e-01 1.415101664019748750e+04
1.184754387456482227e+01 7.179960051427153322e-01 1.208395717687897013e+04
1.182442769334749144e+01 7.404826501641832426e-01 1.028866830370512071e+04
1.180213120563536222e+01 7.634345142382863436e-01 8.786754708201222456e+03
1.178306734803835454e+01 7.869032193347365034e-01 7.503683544952129523e+03
1.176453759428061296e+01 8.108134079916421433e-01 6.357467530163867195e+03
1.174513536941637604e+01 8.352139793761386155e-01 5.474728437979227238e+03
1.172878078602082574e+01 8.600633009203952906e-01 4.674336834456002180e+03
1.170978931874113549e+01 8.853350862679443267e-01 4.004626405575513672e+03
1.169153119696604115e+01 9.110486346593626994e-01 3.422709840911156334e+03
1.167711746558390296e+01 9.371468064921112395e-01 2.932272027303386039e+03
1.166127376244878810e+01 9.636239322743895830e-01 2.513016812373987705e+03
1.165020601388517996e+01 9.904480825762830287e-01 2.155610887706643553e+03
1.162989469208410220e+01 1.017568469325214275e+00 1.852268817784565499e+03
1.161758157978039208e+01 1.044997623074425341e+00 1.590138013235690096e+03
1.160322861435929909e+01 1.072676902258220100e+00 1.367670977432350810e+03
1.158436992072584459e+01 1.100577907155522173e+00 1.178012067595383087e+03
1.156942902123319250e+01 1.128642096665443351e+00 1.015723229257268599e+03
1.155266764651544520e+01 1.156880546102427632e+00 8.766605406630999369e+02
1.153613262194525291e+01 1.185209260288667021e+00 7.573911236086340750e+02
1.152061636810267942e+01 1.213594728093620789e+00 6.548292138239609130e+02
1.150409544153719210e+01 1.242035647545066457e+00 5.670618437109610568e+02
1.148307712544419168e+01 1.270425561631166600e+00 4.919484386865786973e+02
1.146789163677834189e+01 1.298774829765472649e+00 4.273100204704959992e+02
1.144527729348844858e+01 1.327020877537241406e+00 3.714895608812454952e+02
1.142390897948738449e+01 1.355122357207523942e+00 3.235794161062922853e+02
1.140398446986660552e+01 1.383019965028873477e+00 2.821517137330839091e+02
1.138295634625806763e+01 1.410687838265847871e+00 2.449650810883036058e+02
1.135605577046571391e+01 1.438078234003498102e+00 2.143330026799649772e+02
1.133199796375594914e+01 1.465172355707486940e+00 1.888192371282424915e+02
1.130587904045673220e+01 1.491882777324892828e+00 1.657455455288595374e+02
1.127927550892004049e+01 1.518204705911747610e+00 1.454775131396319523e+02
1.125146833423040071e+01 1.544080001197256635e+00 1.280641892874251369e+02
1.122349780744424841e+01 1.569484408692046973e+00 1.128394679593361332e+02
1.119173078883744843e+01 1.594368762243939974e+00 9.964645096085217801e+01
1.116025786212945370e+01 1.618693003894753568e+00 8.816780468328367704e+01
1.112762089110352903e+01 1.642352112719144719e+00 7.807474300166290959e+01
1.109337464980780119e+01 1.665200527094109484e+00 6.908397301012358582e+01
1.105836052085003729e+01 1.687123706260745815e+00 6.177311316601196012e+01
1.102216496171015336e+01 1.707948876728416110e+00 5.520006488592150617e+01
1.098395174088935100e+01 1.727566439428315004e+00 4.949496777877963893e+01
1.094488092354927389e+01 1.745823286817502540e+00 4.450061721352594191e+01
1.090426016989602154e+01 1.762600104317653349e+00 4.022443797211298744e+01
1.086199456921111839e+01 1.777723695794509062e+00 3.653163698462434184e+01
1.081742159067016118e+01 1.791090019087607788e+00 3.333878785770588848e+01
1.077269738968711899e+01 1.802512732689384167e+00 3.059651944899029274e+01
1.072504191459647238e+01 1.811843658653827793e+00 2.826480495430431006e+01
1.067762919075886607e+01 1.818853685295392486e+00 2.622349855467949808e+01
1.062942540161926352e+01 1.823220689681874340e+00 2.471820145946085034e+01
1.058555226888249834e+01 1.824311025773643014e+00 2.357882240157054099e+01
1.054428429275244028e+01 1.821303321238848749e+00 2.293477633543448491e+01
1.050097919494405119e+01 1.815795491471204670e+00 2.244339816830719414e+01
1.045235339135365571e+01 1.808662893886345602e+00 2.193678444766356961e+01
1.039982793998318833e+01 1.800323900717119452e+00 2.158671287731483801e+01
1.034443276477915497e+01 1.791034346085274676e+00 2.117673695618381657e+01
1.028382417702264462e+01 1.781021345533042144e+00 2.076399662699927973e+01
1.022039758508726415e+01 1.770433926033509131e+00 2.028815446512055232e+01
1.015436401604561212e+01 1.759426018262999269e+00 1.990658587586172956e+01
1.008515358114297555e+01 1.748101654273438221e+00 1.937937511469009877e+01
1.001328357443881067e+01 1.736557045922292764e+00 1.894993615572593981e+01
9.938808743006196877e+00 1.724876414895374799e+00 1.843939211155851510e+01
9.863091995564065684e+00 1.713139310897937140e+00 1.790008830605222556e+01
9.783953773822123168e+00 1.701386991479152400e+00 1.736403141108101877e+01
9.703283981714356798e+00 1.689703386312563449e+00 1.671997540269457971e+01
9.620512201301602673e+00 1.678136669994754637e+00 1.612099393266148439e+01
9.537104729514352286e+00 1.666721511499955177e+00 1.556733518047279219e+01
9.452299285276607677e+00 1.655509041778880475e+00 1.490694178648250201e+01
