2.191799393479931801e-01 1.550982551689759603e+01 3.683552447462830693e+06
2.274169041823036752e-01 1.521108004698023208e+01 3.091223610629943199e+06
2.360160217688488382e-01 1.490902483628685182e+01 2.579935940935229883e+06
2.449796850784746738e-01 1.465764627645038942e+01 2.156446815355339553e+06
2.543138922195428142e-01 1.440608341065593656e+01 1.797623737776160473e+06
2.640355391611344249e-01 1.418311065701915652e+01 1.508159062743750401e+06
2.741528530164720201e-01 1.398180143786141549e+01 1.259402873289654264e+06
2.846754792185678395e-01 1.378792593136330957e+01 1.054347803446237696e+06
2.956028936010784425e-01 1.362121610305824504e+01 8.814391916546688881e+05
3.069487337870673294e-01 1.346507631254120163e+01 7.380779765719900606e+05
3.187315727545912969e-01 1.331437055173211270e+01 6.182127162360128714e+05
3.309402328634724610e-01 1.318027086711073004e+01 5.182685987751029897e+05
3.435947532909859325e-01 1.306065031550889799e+01 4.332535989695976023e+05
3.567039407440406595e-01 1.294870018542508561e+01 3.638384580912932288e+05
3.702533416141612910e-01 1.283699152920012487e+01 3.053694276158474968e+05
3.842808409606459086e-01 1.274215313953390094e+01 2.562824129061936983e+05
3.987570011849143059e-01 1.265025785021185811e+01 2.152842878679613350e+05
4.137110331952764120e-01 1.257104236859224855e+01 1.804962900589555211e+05
4.291439223988167129e-01 1.249389973678077936e+01 1.520408489258601912e+05
4.450627273724147015e-01 1.242524597391087759e+01 1.276124311200177763e+05
4.614479865812008419e-01 1.236043619490336098e+01 1.072259426675587893e+05
4.782954128036683850e-01 1.230102452010981651e+01 9.051703686990999267e+04
4.956155829488813058e-01 1.224591330432962799e+01 7.623649182126294181e+04
5.134147612677318895e-01 1.219516519393958021e+01 6.425937786525183765e+04
5.316917881541183277e-01 1.214798188346686203e+01 5.421432470241490955e+04
5.504409566690789957e-01 1.210542435907978387e+01 4.583944622779235215e+04
5.696643425477877498e-01 1.206514212558292876e+01 3.871175002659739403e+04
5.892866781492996919e-01 1.202694135128684039e+01 3.245027160105820803e+04
6.093954698190217067e-01 1.199483323094652931e+01 2.770492054632641157e+04
6.299771615027955907e-01 1.196106027927087290e+01 2.345873042668320340e+04
6.510607277139147664e-01 1.193039577664623252e+01 1.990040095979731996e+04
6.726654686995577892e-01 1.190124397349667973e+01 1.686201475690280131e+04
6.947918148207944400e-01 1.187364359465803609e+01 1.430571667581831571e+04
7.174233237470769575e-01 1.184903697574684500e+01 1.213179928593468139e+04
7.406040604843749930e-01 1.182494159109169196e+01 1.028637463236556323e+04
7.643134909399776911e-01 1.180259056634963954e+01 8.672804794748582935e+03
7.885561573630119891e-01 1.178203193277916938e+01 7.415809793215400532e+03
8.132932849316695245e-01 1.176249598518972306e+01 6.302856803702995421e+03
8.385628167199833394e-01 1.174343667612449416e+01 5.361493096237516511e+03
8.643123581543441514e-01 1.172721318934534018e+01 4.558847154568568840e+03
8.905494312950771318e-01 1.171229565441290177e+01 3.882505121791447436e+03
9.172485070972514754e-01 1.169251339274403634e+01 3.300156367136769859e+03
9.443719396727351389e-01 1.167529330462915738e+01 2.818652514151819560e+03
9.719047415810023738e-01 1.165996231326917076e+01 2.401316259934244499e+03
9.997974838372549744e-01 1.164790500278000529e+01 2.050243570747510603e+03
1.028042888267569621e+00 1.162840300667399696e+01 1.750578986875128976e+03
1.056599441417941376e+00 1.161336262798483965e+01 1.498504617043479129e+03
1.085431927630136961e+00 1.159926110695752044e+01 1.273713685016827640e+03
1.114491013873456504e+00 1.158294750299980258e+01 1.099222763510485493e+03
1.143730696995324925e+00 1.156725030700023638e+01 9.438307674202413864e+02
1.173128237178243216e+00 1.155047587579140789e+01 8.108853902500765116e+02
1.202636462860237732e+00 1.153742669201138504e+01 6.972322987058734043e+02
1.232196444801172852e+00 1.151799233679821199e+01 6.002444382294502248e+02
1.261771401895691147e+00 1.150158804676022584e+01 5.181175616546173615e+02
1.291327366547978972e+00 1.148206091283543095e+01 4.473267350062862988e+02
1.320792826416798516e+00 1.146200491497742568e+01 3.844314126211505140e+02
1.350128643301159670e+00 1.144282605321724056e+01 3.351306796321660499e+02
1.379274187922520989e+00 1.142176899549399849e+01 2.907178560500760227e+02
1.408203645324044517e+00 1.139808219922140609e+01 2.523195358881505683e+02
1.436861166286921287e+00 1.137653459363046515e+01 2.197545470975355499e+02
1.465193342433723345e+00 1.135156787537320966e+01 1.916093951500928938e+02
1.493159302322346393e+00 1.132724337903836798e+01 1.673472575484816218e+02
1.520706376977063012e+00 1.129927263619004840e+01 1.462718749680445569e+02
1.547792112524353891e+00 1.127212523180477177e+01 1.281089791050280837e+02
1.574370526067905285e+00 1.124288197073797946e+01 1.124366285022621099e+02
1.600342048026028863e+00 1.121258086371621232e+01 9.889129395847626824e+01
1.625608068466144251e+00 1.118098862987000253e+01 8.715227444968844850e+01
1.650073823265316486e+00 1.114842370096124924e+01 7.696090715347719424e+01
1.673661202337842990e+00 1.111310820396316146e+01 6.815491137982122893e+01
1.696295884081937544e+00 1.107765147156284868e+01 6.049935728716108230e+01
1.717888121457077144e+00 1.104004781973254090e+01 5.387041189796526908e+01
1.738394387907861383e+00 1.100124468244932174e+01 4.790688582512111537e+01
1.757750350478181067e+00 1.096129780749180860e+01 4.306113997676384741e+01
1.775913342415218921e+00 1.091933116059072084e+01 3.866472075589467039e+01
1.792844503403408174e+00 1.087539502236867506e+01 3.482774982447054413e+01
1.808507905312634056e+00 1.083033906958145565e+01 3.149326931954220754e+01
1.822892971667104511e+00 1.078424128546356897e+01 2.845499451563707183e+01
1.835979190430917507e+00 1.073536464211017716e+01 2.587328053756586854e+01
1.847751909563617678e+00 1.068595712940751419e+01 2.369181847927783835e+01
1.858225341970156208e+00 1.063422461253541762e+01 2.167330603667548417e+01
1.867402232554969510e+00 1.058226959155056690e+01 1.990531143851562845e+01
1.875307659735538701e+00 1.052803734824734150e+01 1.833008970268405236e+01
1.881921375716533618e+00 1.047258406357366844e+01 1.687884136046458750e+01
1.887315843120014103e+00 1.041720184267354377e+01 1.564176823201333555e+01
1.891470144697303013e+00 1.035962516325465366e+01 1.459177694056484675e+01
1.894448511430367743e+00 1.030181338566895199e+01 1.360234328908934742e+01
1.896276071346756575e+00 1.024214931673926365e+01 1.272161113125401677e+01
1.896984289120732248e+00 1.018187064583958268e+01 1.189766913630806044e+01
1.896617390919844937e+00 1.012071042183436198e+01 1.118834002326739707e+01
1.895222685240767646e+00 1.005917212901250934e+01 1.056393289678487690e+01
1.892818707133310907e+00 9.997894072477167882e+00 9.993649425604557379e+00
1.889482028071960196e+00 9.934577989893728756e+00 9.505408152574089442e+00
1.885227483396936465e+00 9.872672597810691286e+00 9.023853839248758391e+00
1.880151862196562496e+00 9.808520396483679349e+00 8.631661132889524524e+00
1.874251157875324703e+00 9.745320732865931035e+00 8.239394561275805273e+00
1.867582019960147388e+00 9.682106177628064358e+00 7.906328221326113237e+00
1.860190268060385899e+00 9.618834064400067163e+00 7.602835996301823940e+00
1.852155936637631450e+00 9.555953363955580926e+00 7.330963817950422623e+00
1.843522087766164219e+00 9.493573672051711654e+00 7.091469378594162265e+00
1.834485826571017775e+00 9.434202272978614801e+00 6.905705990227014368e+00
