1.550982551689759603e+01 2.191799393479931801e-01 3.683552447462830693e+06
1.522546181703229529e+01 2.265105008238582351e-01 3.144335140802326147e+06
1.499071493860472160e+01 2.341162214543625053e-01 2.695903433627964463e+06
1.473399369672570103e+01 2.420276833317834830e-01 2.285744215951853432e+06
1.450586215424117498e+01 2.502142435051635250e-01 1.943496116504863836e+06
1.430374260716104828e+01 2.587146272384244217e-01 1.647171669994132593e+06
1.410733728828432376e+01 2.675177167523732913e-01 1.415878339270245284e+06
1.393609025205711127e+01 2.766446664165578273e-01 1.207547219826858724e+06
1.376870963630478073e+01 2.860930928412008800e-01 1.029350592299071839e+06
1.360695157517967502e+01 2.958624356137132261e-01 8.791982450403387193e+05
1.347322229290742790e+01 3.059681707808765139e-01 7.504895325894284761e+05
1.334618549769855633e+01 3.164176249326252077e-01 6.396721970888881478e+05
1.321796648132155028e+01 3.272091015337217912e-01 5.475627137967962772e+05
1.311213949934596812e+01 3.383399777501715500e-01 4.666644031405936694e+05
1.300269036768814246e+01 3.498335229225378873e-01 4.000587771006872063e+05
1.290075959496213009e+01 3.616908981380139165e-01 3.412445826402003295e+05
1.281097648888810525e+01 3.739040311406593431e-01 2.915274940486886189e+05
1.272575882020612603e+01 3.864920326747317558e-01 2.495094335664882383e+05
1.264788062634058896e+01 3.994422965244611157e-01 2.132721392151796608e+05
1.256972179038330673e+01 4.127979169275401428e-01 1.826027311367543007e+05
1.250649889477784882e+01 4.264869989414162288e-01 1.566118028182123962e+05
1.244429776698894230e+01 4.405547819884524929e-01 1.339335068648202578e+05
1.238462979828392463e+01 4.550224715999359182e-01 1.146817393488508969e+05
1.233090690951548396e+01 4.698744289192112733e-01 9.844363734191816184e+04
1.227905918367388693e+01 4.850776307364096374e-01 8.445070972718234407e+04
1.223193638456833376e+01 5.006717214201218402e-01 7.262613200449750002e+04
1.218737931884129644e+01 5.166396631856006172e-01 6.234968560089527455e+04
1.214581439783845163e+01 5.329861634716220875e-01 5.360679178467009478e+04
1.210732261263940579e+01 5.497067609065040550e-01 4.613925584815735783e+04
1.206994816093354572e+01 5.668046972408243844e-01 3.965978069291915745e+04
1.203717054305518985e+01 5.842153368365300414e-01 3.412728319917476620e+04
1.200597889089191384e+01 6.020241059457197563e-01 2.943384382671422281e+04
1.197615037126931803e+01 6.201835352989084615e-01 2.535363128031650922e+04
1.194822659322244895e+01 6.387426543782316335e-01 2.186673744144252123e+04
1.192036533087537364e+01 6.576975563278480985e-01 1.890901612261716582e+04
1.189333330761266616e+01 6.770672248253919445e-01 1.631016061567182260e+04
1.187160518688266286e+01 6.968457181837691694e-01 1.408078931685463067e+04
1.184992879545685085e+01 7.170484991986053602e-01 1.204822085350377347e+04
1.182860467452226594e+01 7.376667323339415328e-01 1.050457726942147019e+04
1.180920991231373840e+01 7.586947960766476928e-01 9.073679502412525835e+03
1.178908754968125194e+01 7.801648556733302708e-01 7.842515871453703767e+03
1.177126106615289736e+01 8.020194991297080467e-01 6.788114273521609903e+03
1.175367526524478201e+01 8.242882271185536514e-01 5.878386290806209217e+03
1.173552940360697505e+01 8.469576918074063210e-01 5.081313232830309062e+03
1.172235943920095913e+01 8.700138140220051719e-01 4.400785039957720073e+03
1.170812010486357124e+01 8.934471854626970799e-01 3.810603659868806517e+03
1.168839861204678598e+01 9.172331099542406774e-01 3.292803047522977522e+03
1.167670246068991702e+01 9.413626382071802468e-01 2.843206753825797023e+03
1.166041725861497902e+01 9.658065819385829309e-01 2.486160281169834434e+03
1.165387844817278307e+01 9.905546256322680376e-01 2.158530662373351788e+03
1.163458458150617680e+01 1.015572265795954499e+00 1.873877534190486358e+03
1.162089882640633576e+01 1.040855877155360432e+00 1.631210937059456910e+03
1.160617763079212317e+01 1.066357240299401044e+00 1.420292695222085058e+03
1.159639291438846875e+01 1.092069632996924833e+00 1.237680774653182198e+03
1.157880842492313178e+01 1.117940240513950245e+00 1.078017564060165341e+03
1.156481640859462523e+01 1.143973968765096716e+00 9.411457220541415154e+02
1.155153899403825868e+01 1.170115174633672428e+00 8.164904171912169204e+02
1.153617391324879371e+01 1.196340392220531790e+00 7.182057982469315220e+02
1.152041171592293800e+01 1.222611755108276244e+00 6.288879131864841838e+02
1.150473107949249396e+01 1.248924929623216107e+00 5.475654481463753882e+02
1.149193659047625538e+01 1.275195317201274658e+00 4.806317054737314152e+02
1.147511035782313549e+01 1.301436003636648131e+00 4.251233290275505396e+02
1.145408752467386648e+01 1.327599980470420826e+00 3.733435580109987200e+02
1.143669053835036742e+01 1.353642990130087487e+00 3.285047659448594572e+02
1.141702536048300409e+01 1.379521156255160808e+00 2.895390884060059307e+02
1.139773957674604787e+01 1.405235324527800200e+00 2.552955713101803781e+02
1.137689062466117207e+01 1.430725846757395558e+00 2.255627802418135275e+02
1.135553755156313294e+01 1.455965874627316525e+00 1.998415208698915251e+02
1.133252788885822326e+01 1.480932034697030497e+00 1.767709452857247925e+02
1.130965786476583723e+01 1.505565164106787979e+00 1.568415643615985857e+02
1.128449231907324624e+01 1.529861888549451931e+00 1.392572954977129598e+02
1.125915958101777825e+01 1.553777136172356244e+00 1.238465959236202849e+02
1.123308096899988051e+01 1.577288493796004998e+00 1.103061529553726814e+02
1.120583900508268194e+01 1.600357447422786850e+00 9.838933292091252270e+01
1.117781495839270001e+01 1.622961284226807965e+00 8.779493312101496372e+01
1.114796334417153467e+01 1.645068850201205635e+00 7.824881177574096114e+01
1.111772618489411357e+01 1.666669972584086779e+00 7.029499908437375666e+01
1.108598486546577888e+01 1.687725243751067916e+00 6.278350514932689919e+01
1.105333552556535359e+01 1.708232932592240294e+00 5.662328032823838697e+01
1.102029304850907998e+01 1.728141820192927058e+00 5.086135356681306519e+01
1.098589117189737152e+01 1.747436938928738304e+00 4.582597459093430103e+01
1.095023192807949286e+01 1.766042525792498319e+00 4.134481790215917130e+01
1.091405540870140101e+01 1.783875350161319373e+00 3.724218958005548785e+01
1.087680324271522281e+01 1.800837845083478106e+00 3.374888919318706826e+01
1.083955058899787183e+01 1.816863900653217012e+00 3.076707894480885486e+01
1.079891035798420695e+01 1.831844407798556063e+00 2.804287036931643939e+01
1.075826968155281094e+01 1.845725877409513771e+00 2.560342138849074445e+01
1.071750322205342876e+01 1.858425267672042969e+00 2.347570857600849692e+01
1.067502898044887161e+01 1.869869994043162897e+00 2.158244269424292838e+01
1.063161121234569784e+01 1.879981562626360736e+00 1.992454193485511382e+01
1.058735069289173047e+01 1.888688381254238546e+00 1.846667808842056502e+01
1.054231419282934468e+01 1.895919276817632726e+00 1.719516821056058475e+01
1.049546834342151591e+01 1.901577773830323004e+00 1.608170776407175850e+01
1.044918411006184655e+01 1.905623134818887010e+00 1.511255642824477086e+01
1.040269547028719721e+01 1.907893990735542555e+00 1.431397798694122514e+01
1.035743425938814966e+01 1.908278118916235000e+00 1.363045956984354845e+01
1.031146780829786636e+01 1.906643222471847920e+00 1.306836132110941051e+01
1.026843993999261428e+01 1.903066228225477774e+00 1.271539987878805178e+01
1.022813899064223619e+01 1.897727605398891848e+00 1.245438279279237470e+01
1.019393220259641097e+01 1.891163420740505252e+00 1.232962904231470702e+01
