1.550982551689759603e+01 2.191799393479931801e-01 3.683552447462830693e+06
1.516719591634819686e+01 2.280711026335189850e-01 3.031562044444021303e+06
1.486717780071056616e+01 2.373799411052833486e-01 2.504861191288783681e+06
1.458797896107306613e+01 2.471054629621838861e-01 2.062752411749243038e+06
1.433472565810098587e+01 2.572728983696024874e-01 1.701620025624235626e+06
1.410021553120702720e+01 2.678908882770935640e-01 1.406250009733420564e+06
1.389784988802834853e+01 2.789731057925047830e-01 1.162377350919147953e+06
1.369863811236480444e+01 2.905303305882308007e-01 9.575565074661393883e+05
1.352562389366944018e+01 3.025554418112345045e-01 7.916101236940495437e+05
1.336010820557585177e+01 3.150815451652121957e-01 6.527244733776618959e+05
1.321612635976261707e+01 3.281199844722043624e-01 5.349793798712105490e+05
1.308568227868943090e+01 3.416584283192422022e-01 4.454819580682894448e+05
1.295434655969508597e+01 3.557296613198479562e-01 3.684841556571615511e+05
1.284008734727573220e+01 3.702947791050760218e-01 3.051894644727305858e+05
1.273309637755715684e+01 3.854229682518682809e-01 2.525510024750604061e+05
1.263821914917799738e+01 4.011086168100639893e-01 2.105021259396245587e+05
1.255073664330268990e+01 4.172967209819162249e-01 1.733819544523314107e+05
1.247188944322940607e+01 4.340523329579333844e-01 1.439828644313058176e+05
1.239994240598962527e+01 4.513656363390128323e-01 1.194512195155431691e+05
1.233518296202582043e+01 4.692353345432757616e-01 9.906075359727136674e+04
1.226947814727657793e+01 4.876560831017985875e-01 8.237816544169504778e+04
1.221411476744471614e+01 5.065989593982891392e-01 6.854926696399657521e+04
1.216390480450800560e+01 5.261126802308161432e-01 5.706250972962060041e+04
1.211529887588205590e+01 5.461742352497345188e-01 4.756346994731849554e+04
1.207311240600167856e+01 5.667848663911581042e-01 3.964738935739281442e+04
1.202993966953833471e+01 5.878748324330237418e-01 3.310548994404535188e+04
1.199275831816736115e+01 6.095278891494428919e-01 2.765213518771775125e+04
1.195590008745677224e+01 6.317524297791369259e-01 2.315152423830830958e+04
1.192568462291299092e+01 6.546011118142508467e-01 1.935472834815769602e+04
1.189488868360128038e+01 6.781032036580989519e-01 1.617265908122973997e+04
1.186694718942071347e+01 7.022668946922437927e-01 1.356007986409264049e+04
1.184051032145569415e+01 7.271402934777762006e-01 1.133481988931310298e+04
1.181670549036997997e+01 7.526855707807539320e-01 9.478087909411293367e+03
1.179251926507678760e+01 7.789359437605883896e-01 7.940134231369544977e+03
1.177219367865653510e+01 8.059049205342901923e-01 6.652696774699252273e+03
1.175375554463628092e+01 8.335634250277247359e-01 5.553316485393487710e+03
1.173266386713133258e+01 8.618883162181828483e-01 4.653920355246384133e+03
1.171941053892328810e+01 8.908885849759525799e-01 3.875392621565803893e+03
1.170040930225674636e+01 9.204480195296604883e-01 3.269047703702325634e+03
1.168652599812193316e+01 9.505173083064372141e-01 2.747165163060239593e+03
1.167133059088905789e+01 9.809837182303602354e-01 2.310257379049363863e+03
1.165753179677516371e+01 1.011830447956845180e+00 1.930162543713400737e+03
1.164371497538024158e+01 1.042915149196663060e+00 1.638460211419289408e+03
1.163097729586208473e+01 1.074194955379579319e+00 1.386072656642253833e+03
1.161403858642118081e+01 1.105558599710412926e+00 1.165824276126572840e+03
1.159864784717221475e+01 1.136939860020541371e+00 9.962516767714729440e+02
1.158678795330161471e+01 1.168264677591438261e+00 8.472260496090631250e+02
1.156738350792357117e+01 1.199456020227340769e+00 7.231285229076796668e+02
1.154706689753400894e+01 1.230421727873570736e+00 6.178084721317720778e+02
1.152957273833101937e+01 1.261114669016316858e+00 5.292083429002726689e+02
1.150512297493316893e+01 1.291458319375282437e+00 4.550166954146018270e+02
1.148420829759242423e+01 1.321374891786375461e+00 3.914606675535732165e+02
1.146052379335986160e+01 1.350813381611436492e+00 3.375759337326161358e+02
1.143430441544194665e+01 1.379712991194294913e+00 2.922109307953100483e+02
1.140949548302802086e+01 1.408002006360104863e+00 2.532638837790567550e+02
1.137867249624154731e+01 1.435655289055301376e+00 2.203577502490527991e+02
1.134593889694407487e+01 1.462613406841396291e+00 1.920173155253023651e+02
1.131240255413583640e+01 1.488819681349638602e+00 1.678039724548193021e+02
1.127746028521167077e+01 1.514244376341841170e+00 1.468055949907775073e+02
1.124038449099004566e+01 1.538862217070259275e+00 1.289070858308081711e+02
1.120132608755983306e+01 1.562621111549815867e+00 1.128479224950155810e+02
1.116088893974039564e+01 1.585494593931611407e+00 9.991012418738792178e+01
1.111812981843071135e+01 1.607456461130666314e+00 8.832217161055326926e+01
1.107336593558272142e+01 1.628498862836162742e+00 7.829616592359171534e+01
1.102671373197919991e+01 1.648584614005934146e+00 6.944597952238123639e+01
1.097871719729312012e+01 1.667714072360753086e+00 6.181907810441867213e+01
1.092867001509305247e+01 1.685858552034210867e+00 5.510769392892834873e+01
1.087781228863856420e+01 1.703023403866031460e+00 4.923348798208475330e+01
1.082447427275936924e+01 1.719205996334367326e+00 4.410922135591646764e+01
1.077005379961932618e+01 1.734386627643026424e+00 3.955700828392222945e+01
1.071346913265448642e+01 1.748576011601029823e+00 3.559239980048104712e+01
1.065625129302092944e+01 1.761777595885051673e+00 3.195668070558653540e+01
1.059741590814484269e+01 1.773999086971157713e+00 2.885965683296560158e+01
1.053674066303492118e+01 1.785240652966635588e+00 2.612219479287411161e+01
1.047528122046198185e+01 1.795504575385509227e+00 2.377819324440649496e+01
1.041327365876471234e+01 1.804827143809442980e+00 2.159723809476630407e+01
1.034963444323706661e+01 1.813193798618946362e+00 1.960180831813444513e+01
1.028422550622477338e+01 1.820637168481009871e+00 1.789330908626149252e+01
1.021909586987077567e+01 1.827167558666888736e+00 1.640889058844037152e+01
1.015246189496333429e+01 1.832806859587103654e+00 1.502077942379580833e+01
1.008580169716688246e+01 1.837581365046951465e+00 1.378785785348878434e+01
1.001827019312875677e+01 1.841488011033237671e+00 1.264497611197019289e+01
9.950071565111905159e+00 1.844587511884137054e+00 1.164390713053514048e+01
9.880959210103180013e+00 1.846864436970063084e+00 1.074893360738139414e+01
9.811792296373601729e+00 1.848356266143781568e+00 9.970860554550757371e+00
9.742155521525006634e+00 1.849090650580892836e+00 9.210761188548378442e+00
9.672942010453771999e+00 1.849097870736562399e+00 8.552409983416424666e+00
9.602317208846358199e+00 1.848388491128345468e+00 7.958329694214484995e+00
9.532022219140596775e+00 1.846995574480931213e+00 7.412752814453113182e+00
9.461638711335419671e+00 1.844942507547162158e+00 6.919601961193685646e+00
9.391392514330611618e+00 1.842259249320189696e+00 6.482048504243270060e+00
9.321834829182996884e+00 1.838940869242988940e+00 6.084819003542655480e+00
9.252157427827974345e+00 1.834991258773974732e+00 5.715226742863470655e+00
9.182917812222958887e+00 1.830432953944129970e+00 5.368508193556771779e+00
9.114200175373435187e+00 1.825284879977826513e+00 5.086917036888298327e+00
9.045766549339171902e+00 1.819545216561975209e+00 4.801895211348394810e+00
8.977973373057041684e+00 1.813240981313903877e+00 4.556038922290944093e+00
8.911464898341163732e+00 1.806400301968950073e+00 4.342097421771634380e+00
8.845461897775926730e+00 1.799042440862114622e+00 4.132735840610180844e+00
8.780469747877091891e+00 1.791179043849868702e+00 3.952610342770341401e+00
