1.550982551689759603e+01 2.191799393479931801e-01 3.683552447462830693e+06
1.516903536698039723e+01 2.280545362695871603e-01 3.042051410292726010e+06
1.487047353422403440e+01 2.373509887380860772e-01 2.507262621350124478e+06
1.459279581864413444e+01 2.470559191818552380e-01 2.063420178381543607e+06
1.433670271409141961e+01 2.572030572459783615e-01 1.708285774817538448e+06
1.410251549576059027e+01 2.678006205262593031e-01 1.406585257894500159e+06
1.389685704227427543e+01 2.788593998766141779e-01 1.160141862601191737e+06
1.370111077146088974e+01 2.903912143178961069e-01 9.600432396677335491e+05
1.352582140171064573e+01 3.023904293329637838e-01 7.939693952326675644e+05
1.335833217891654456e+01 3.148888705959430045e-01 6.549579069158978527e+05
1.321358835984611702e+01 3.278974723364548316e-01 5.377347722380812047e+05
1.307921919038624203e+01 3.414178699787667748e-01 4.473930547402468510e+05
1.295780325220147411e+01 3.554343190884208803e-01 3.704944311766861356e+05
1.283969538799748022e+01 3.699713669155672569e-01 3.067034027788246167e+05
1.273623947785882748e+01 3.850618744802095650e-01 2.537439120292822481e+05
1.264114132177314076e+01 4.006823392503353065e-01 2.100878079212234879e+05
1.255397362774944270e+01 4.168666367426028252e-01 1.742888813440916128e+05
1.247596300310742023e+01 4.335647377613499054e-01 1.445213839277368097e+05
1.239630893923352417e+01 4.508401574145145529e-01 1.188031152085037611e+05
1.233561337035867567e+01 4.686580599659512236e-01 9.969522292635252234e+04
1.227315735099901239e+01 4.870317806744706157e-01 8.278222095722403901e+04
1.221657545736736061e+01 5.059211064856321549e-01 6.896282036904724373e+04
1.216414635600593286e+01 5.253817434533161190e-01 5.752216862736296753e+04
1.211829445375298953e+01 5.453899537221934546e-01 4.786027201435797906e+04
1.207117978721822915e+01 5.659438104153199367e-01 3.996183287585332437e+04
1.203260449952325395e+01 5.869769893449983122e-01 3.336971253922652249e+04
1.199315369461169567e+01 6.085703867298191128e-01 2.790100895977149412e+04
1.195922997732408533e+01 6.307162671123445197e-01 2.335203650528362050e+04
1.192696661471328490e+01 6.534683495829100019e-01 1.952001399119392227e+04
1.189611160379372556e+01 6.768468184796437859e-01 1.634578132539977742e+04
1.186671686396744718e+01 7.008520832880198448e-01 1.362522528597926066e+04
1.184185964543324765e+01 7.255409466372296778e-01 1.146151910844788290e+04
1.181664323355452773e+01 7.508751014239137822e-01 9.594756225540060768e+03
1.179362318956748901e+01 7.768670273257243242e-01 8.035582934463367565e+03
1.177371669550891120e+01 8.035372609450480708e-01 6.735886858333095006e+03
1.175315336940493260e+01 8.308442580571078206e-01 5.645500728006258214e+03
1.173370892022956724e+01 8.587941485810579589e-01 4.738205173906236269e+03
1.171663254548560928e+01 8.873748278616696572e-01 3.954545201197838196e+03
1.169781634378998447e+01 9.165442786212184556e-01 3.335819101840930671e+03
1.168182216434687959e+01 9.462742843754878841e-01 2.803819849378378422e+03
1.166635450489739334e+01 9.765306244434062144e-01 2.355739639605350476e+03
1.165333486646287398e+01 1.007289753406916510e+00 1.985101929324998537e+03
1.163772300058283271e+01 1.038505155042348971e+00 1.673203361364014654e+03
1.162391163972858443e+01 1.070125358018140016e+00 1.409143287085598558e+03
1.161181137037095290e+01 1.102109432195650163e+00 1.190674216612832879e+03
1.159385742794013119e+01 1.134400712571480119e+00 1.007638988580548926e+03
1.157986671782190413e+01 1.166936606829757528e+00 8.528560432587879632e+02
1.156474061563620026e+01 1.199682908782253810e+00 7.228316817718550737e+02
1.155177669840297128e+01 1.232576664879008632e+00 6.096235944772907942e+02
1.153351558690982159e+01 1.265541770687543366e+00 5.220361020404185410e+02
1.151518625854591527e+01 1.298509466820813252e+00 4.449373271942221777e+02
1.149675220235552153e+01 1.331449578491746388e+00 3.792287162246219054e+02
1.147990761595013787e+01 1.364271762984375691e+00 3.223655636059955896e+02
1.145933350847127308e+01 1.396916448310535630e+00 2.758682628548828575e+02
1.143937113173951658e+01 1.429309532635563595e+00 2.367260174401889401e+02
1.141732444568577343e+01 1.461412255679679140e+00 2.045978783461948183e+02
1.139358738360569134e+01 1.493142910607551554e+00 1.752526379284235816e+02
1.136853104818619364e+01 1.524448019790133557e+00 1.518595542056766874e+02
1.134227722100663271e+01 1.555248863199973686e+00 1.306869598450482215e+02
1.131448127374808621e+01 1.585502396362499455e+00 1.138441678834543183e+02
1.128574070876034874e+01 1.615147212695098311e+00 9.873062277492101657e+01
1.125543254538156290e+01 1.644135276001193136e+00 8.587915810672227224e+01
1.122297766354495785e+01 1.672399062209066312e+00 7.485642887636562648e+01
1.118885141168319386e+01 1.699903622914445522e+00 6.545524102982959391e+01
1.115403651540998986e+01 1.726601555359400297e+00 5.725842933824078074e+01
1.111763208333388775e+01 1.752445002030848187e+00 5.019569327189527286e+01
1.107919875574690671e+01 1.777394555299402823e+00 4.400785385540021366e+01
1.103989835564575372e+01 1.801422242031795129e+00 3.885157129449201818e+01
1.099902012865045720e+01 1.824491989543917780e+00 3.431558788312971586e+01
1.095606428237750585e+01 1.846574398420943952e+00 3.036919209234493522e+01
1.091171309695072189e+01 1.867647633648042538e+00 2.692379869257414882e+01
1.086738231353811379e+01 1.887686671015184725e+00 2.393279278401825039e+01
1.081994890319104208e+01 1.906685638935682547e+00 2.132269829249581861e+01
1.077167013235241910e+01 1.924629781339371348e+00 1.897663601640300257e+01
1.072220129652179210e+01 1.941500948297921525e+00 1.698313232165383724e+01
1.067151799651128563e+01 1.957307822135618158e+00 1.523179290609618519e+01
1.061915650418973911e+01 1.972041599507757148e+00 1.373665789626624267e+01
1.056657648728685750e+01 1.985702057765093009e+00 1.237515395207086222e+01
1.051284899905432013e+01 1.998289098054725432e+00 1.117952719942788420e+01
1.045787705537290968e+01 2.009821194050414928e+00 1.011783025173988015e+01
1.040235088168531696e+01 2.020260000574122916e+00 9.181456545876331532e+00
1.034603011244825410e+01 2.029573179956960072e+00 8.353162273236103275e+00
1.028853991415855518e+01 2.037701172433644459e+00 7.606145181517233844e+00
1.023061037737185863e+01 2.044621321492030575e+00 6.982951429943947907e+00
1.017215185623999218e+01 2.050285704124843011e+00 6.397082572002011247e+00
1.011337440506201446e+01 2.054676451960286254e+00 5.918362901363352080e+00
1.005461198687393853e+01 2.057782978932857887e+00 5.458059126505592218e+00
9.994504726481553192e+00 2.059582944013359729e+00 5.073853199963878069e+00
9.934657746222313790e+00 2.060082483110472040e+00 4.743767767857741902e+00
9.875002528577081051e+00 2.059271095075285274e+00 4.445743497947323597e+00
9.814653078214515602e+00 2.057184101890295214e+00 4.176595229858049763e+00
9.754595503399022149e+00 2.053822370708344724e+00 3.949272494935613942e+00
9.694716440076991404e+00 2.049198557742123228e+00 3.748896269990457331e+00
9.635479006025114757e+00 2.043388426911727063e+00 3.591595864157972162e+00
9.576323017568091345e+00 2.036380593078634949e+00 3.447658355802399655e+00
9.518993285647448843e+00 2.028263133808660079e+00 3.326749275125437499e+00
9.463126876647100616e+00 2.019118480469097143e+00 3.234871153934942622e+00
9.409194560530137252e+00 2.008998109775756546e+00 3.150788806088715699e+00
9.355774577024515537e+00 1.997838161008647306e+00 3.096666034886593089e+00
9.301727207943978115e+00 1.985658191536035400e+00 3.053158769587413168e+00
