1.550982551689759603e+01 2.191799393479931801e-01 3.683552447462830693e+06
1.521052822684144701e+01 2.272284085153790101e-01 3.094454804497848265e+06
1.492338750582029938e+01 2.356159469037708010e-01 2.602869091348777059e+06
1.466617261858704779e+01 2.443643466236680717e-01 2.181154144137736410e+06
1.442202969215365727e+01 2.534583543239695147e-01 1.830193577510067029e+06
1.420629690768652331e+01 2.629234231474577022e-01 1.539372570242669201e+06
1.404001846331512482e+01 2.727648102963756149e-01 1.288008291237632744e+06
1.382309745891175190e+01 2.829920161119282573e-01 1.083207852469896432e+06
1.364959796194254515e+01 2.936265283780461477e-01 9.108512404437853256e+05
1.349411058229935811e+01 3.046213899515660128e-01 7.638921984335202724e+05
1.334607831046673532e+01 3.160453959247553346e-01 6.438160998688004911e+05
1.321257203303302674e+01 3.278871095563079541e-01 5.373847133954049787e+05
1.308840542229110149e+01 3.401353546859244292e-01 4.556799088082517846e+05
1.297634395340721447e+01 3.528181688167468244e-01 3.833349873906879802e+05
1.287145111935335784e+01 3.659403356551230169e-01 3.225134800627666991e+05
1.277539448770595421e+01 3.795204963342680426e-01 2.716674779371728073e+05
1.268339864630484470e+01 3.934950409452065978e-01 2.292648146925869805e+05
1.260203781541322421e+01 4.079461147471264426e-01 1.932906471922676719e+05
1.252228030838209172e+01 4.228368166461377586e-01 1.628975536709496519e+05
1.245410430996235540e+01 4.381893833209897227e-01 1.375623613245014567e+05
1.238984969336048891e+01 4.540003593760281175e-01 1.161867392219540343e+05
1.233081650808480845e+01 4.702877765745477889e-01 9.700792277643148554e+04
1.227415900180396235e+01 4.870030043921693697e-01 8.285381949996924959e+04
1.222353262232652149e+01 5.041482457047117283e-01 7.014801109544941573e+04
1.217320980068970648e+01 5.217697966861550851e-01 5.938423458483222203e+04
1.212830589506979528e+01 5.398427949507763612e-01 5.049612869276051060e+04
1.208865824552555956e+01 5.583684080593024346e-01 4.269471785793619347e+04
1.205005023885204629e+01 5.773017303222887087e-01 3.618436272391007515e+04
1.201516408524129531e+01 5.966833383920807643e-01 3.075010475753328865e+04
1.198303302874587750e+01 6.165072920196807971e-01 2.612621553751136162e+04
1.194890118015872460e+01 6.368154614062200292e-01 2.224623687537554360e+04
1.191967457191424096e+01 6.576240726411942683e-01 1.893284358250200967e+04
1.189308600687415662e+01 6.789601570262958630e-01 1.607873174993484281e+04
1.186632009985983949e+01 7.008190143996534394e-01 1.367931052419833941e+04
1.184467172612982111e+01 7.232277039681652697e-01 1.164956960074587187e+04
1.182110389466492961e+01 7.462002771015957547e-01 9.897769176771984348e+03
1.180070651796099845e+01 7.696870520576115648e-01 8.433562636878044941e+03
1.178024714824772623e+01 7.937753226613302182e-01 7.177786500833830360e+03
1.176173781764016191e+01 8.183610828343803600e-01 6.118609090716689025e+03
1.174584755943034686e+01 8.434947745547367592e-01 5.214271079330038447e+03
1.172771463419125659e+01 8.691617664157961221e-01 4.441898425427830261e+03
1.170955538753210590e+01 8.953388210799945179e-01 3.788486921004252963e+03
1.169645950564176040e+01 9.220030439115575183e-01 3.227112443811788125e+03
1.168558791738424674e+01 9.491307911965742861e-01 2.758197271046764854e+03
1.166846458149998433e+01 9.766931181705869047e-01 2.338342409158798091e+03
1.165510946844306517e+01 1.004667138010967964e+00 2.014656076518542022e+03
1.164133323813140919e+01 1.033025423581098723e+00 1.724067512909278094e+03
1.162862508144602458e+01 1.061740591346758356e+00 1.464226859760166235e+03
1.161637781385996604e+01 1.090761714964723073e+00 1.264298935562344468e+03
1.160374862152550612e+01 1.120055467132619276e+00 1.085302462616822822e+03
1.158893803265758393e+01 1.149573277077480915e+00 9.337267927747926706e+02
1.157998641256407346e+01 1.179294077487935022e+00 8.016606891167267577e+02
1.156221187314877419e+01 1.209158789846804360e+00 6.878881635814682340e+02
1.154720553394316340e+01 1.239151592546896108e+00 5.947262162763169044e+02
1.153312573775856009e+01 1.269186146394851722e+00 5.136746359297939080e+02
1.151940191040962880e+01 1.299217868098450523e+00 4.438378687398302986e+02
1.150178300894888750e+01 1.329224273088237540e+00 3.842732613157675701e+02
1.148571968798190390e+01 1.359152799843934112e+00 3.309624786253805837e+02
1.146802281244992372e+01 1.388941015659229228e+00 2.888827328109732662e+02
1.145194196192306890e+01 1.418545395256843866e+00 2.496775325732488682e+02
1.142950799381008054e+01 1.447905460674555167e+00 2.187022754539328560e+02
1.140871135750314913e+01 1.477001013552085684e+00 1.900117929737388636e+02
1.138804096827639256e+01 1.505771248015348007e+00 1.656016302593504292e+02
1.136527879834596355e+01 1.534155802349034481e+00 1.456368255116144894e+02
1.134108062883532320e+01 1.562118117081252811e+00 1.275270208818232049e+02
1.131560181374341845e+01 1.589623624925795564e+00 1.120137516559102551e+02
1.128912977151264307e+01 1.616627908356918830e+00 9.843727637701319111e+01
1.126251571084238456e+01 1.643073985456427133e+00 8.672808409153901721e+01
1.123360117736465824e+01 1.668932332846989830e+00 7.649286170151198405e+01
1.120262127571811206e+01 1.694166292515168371e+00 6.763144019720903088e+01
1.117166380082520938e+01 1.718744398511097726e+00 5.984151863321407916e+01
1.113849170902143904e+01 1.742634693247425925e+00 5.308948494882641000e+01
1.110506329433485817e+01 1.765791809223386855e+00 4.712965603816982707e+01
1.106941133809577948e+01 1.788196129057595174e+00 4.198506790160615054e+01
1.103382500204427608e+01 1.809833027625069146e+00 3.740207178692291023e+01
1.099591519127542405e+01 1.830668218968912297e+00 3.342276963540461310e+01
1.095720842497930470e+01 1.850677377386661604e+00 2.990992633246223065e+01
1.091733552450154221e+01 1.869817170504278758e+00 2.682615782571346941e+01
1.087575749641649914e+01 1.887986849059664518e+00 2.411850365999272583e+01
1.083378707962295806e+01 1.905105502622827629e+00 2.173089346622154139e+01
1.079120886981931982e+01 1.921079956047839543e+00 1.963281745549280899e+01
1.074581005102769460e+01 1.935827942491930687e+00 1.779701268853776597e+01
1.070059070197546802e+01 1.949266551808349179e+00 1.618927545751640196e+01
1.065338560163663395e+01 1.961316755058841288e+00 1.478212833048755215e+01
1.060605490594431544e+01 1.971925902285802001e+00 1.350220776623858754e+01
1.055768640171118555e+01 1.981020881286085222e+00 1.242571940468860170e+01
1.050700832182693212e+01 1.988524703273245819e+00 1.152203855994929782e+01
1.045631718515457642e+01 1.994408661307977004e+00 1.070040814725335565e+01
1.040504549631168807e+01 1.998606199728768962e+00 9.982814340749069260e+00
1.035286142096475359e+01 2.001070079307615490e+00 9.343052913757512457e+00
1.030026458652938715e+01 2.001700031383879974e+00 8.849454277948858305e+00
1.024817420556560599e+01 2.000471004048286261e+00 8.398925396988417447e+00
1.019814596014480834e+01 1.997259451714026968e+00 8.076414255652800023e+00
1.015289620586254671e+01 1.991998157094339916e+00 7.859468359236428725e+00
1.011138348724934666e+01 1.984408508477484956e+00 7.716622654562418582e+00
1.006586952080619568e+01 1.974976298783297501e+00 7.631777779209738988e+00
1.001881873833255021e+01 1.964146273072110871e+00 7.586478678349076965e+00
9.968763180182989458e+00 1.952180034066792746e+00 7.509711684559198908e+00
9.915757929983369579e+00 1.939304237206070924e+00 7.482034708919885091e+00
9.859977729074119068e+00 1.925661708355882684e+00 7.418229335488765841e+00
