1.550982551689759603e+01 2.191799393479931801e-01 3.683552447462830693e+06
1.516335925346869296e+01 2.282183468015910599e-01 3.021335439509364776e+06
1.486805401243923086e+01 2.376761242819681597e-01 2.489245084663143381e+06
1.458360726112995742e+01 2.475850053783502369e-01 2.051737912363294279e+06
1.433151959390265873e+01 2.579411982094007016e-01 1.690082803152152337e+06
1.408117080825707923e+01 2.687642387728945703e-01 1.381345934652401134e+06
1.387734949792642247e+01 2.800651005788429848e-01 1.141690529818119947e+06
1.367986948658819735e+01 2.918617356241903771e-01 9.368737741703374777e+05
1.349858361662479211e+01 3.041371748956329668e-01 7.713923179623461328e+05
1.333590162953472102e+01 3.169413465743921021e-01 6.344584868861752329e+05
1.319331722523060080e+01 3.302537018357033505e-01 5.234327156418402446e+05
1.305652147264532559e+01 3.440938796750472872e-01 4.312987393601121148e+05
1.293101890913688834e+01 3.584809466302636971e-01 3.556087591752076987e+05
1.281443799143458229e+01 3.734060964823831541e-01 2.936647467479013139e+05
1.271036749642457053e+01 3.888911705340147296e-01 2.423688920240710722e+05
1.261754694214713624e+01 4.049421270425203057e-01 2.001307811535477231e+05
1.253214468342972054e+01 4.215368454420117539e-01 1.656103254416058189e+05
1.245128754104396229e+01 4.387116443832381751e-01 1.367960165342726395e+05
1.238044031527195621e+01 4.564647567588761001e-01 1.131468924900589918e+05
1.231213382975271564e+01 4.747920881667489490e-01 9.372706317754382326e+04
1.225056535196566720e+01 4.936693949961151739e-01 7.770283767812601582e+04
1.219613710871741041e+01 5.131141325336000536e-01 6.454647998506968725e+04
1.214540864957496069e+01 5.331342978023920764e-01 5.355520106353648589e+04
1.209906850046213656e+01 5.537192447345404833e-01 4.445430115894715709e+04
1.205554937182822783e+01 5.748326682793032383e-01 3.702331100654386682e+04
1.201324148111312340e+01 5.964990761715285306e-01 3.082228035254229690e+04
1.197847278356921130e+01 6.187225965774456604e-01 2.567834653286144385e+04
1.194340869725180454e+01 6.415617243767383071e-01 2.140190004108164430e+04
1.191181369453177474e+01 6.650416892168534710e-01 1.786978059320839020e+04
1.188113058086327278e+01 6.891832564116249227e-01 1.489300044851702660e+04
1.185352291083628629e+01 7.140076075999907124e-01 1.241565420428751895e+04
1.182831000457321657e+01 7.395569256289840077e-01 1.029182697584003654e+04
1.180376082661608628e+01 7.657604242483800894e-01 8.670110735928106806e+03
1.178148902221719041e+01 7.927075401618912665e-01 7.232086969501931890e+03
1.176107559897722865e+01 8.203245987600071842e-01 6.037276141839054617e+03
1.174172748629831098e+01 8.486422272093246955e-01 5.044816764692449397e+03
1.172338829861054954e+01 8.776247703529339583e-01 4.221472656171395101e+03
1.170801488692063508e+01 9.072246595224424670e-01 3.527678692442123065e+03
1.168921196058912493e+01 9.374634563909816087e-01 2.951015207147710953e+03
1.167398320171289328e+01 9.682698209835037817e-01 2.475941809118288802e+03
1.166046062565267860e+01 9.996212710391524370e-01 2.074854679073733223e+03
1.164534446514925747e+01 1.031477905158274311e+00 1.742711354708196041e+03
1.163036919052365192e+01 1.063790861536216603e+00 1.462956112106356841e+03
1.161631463708749479e+01 1.096500596080630219e+00 1.230166616910361427e+03
1.160282982078986080e+01 1.129558140397248112e+00 1.037210106660652627e+03
1.158777580591007528e+01 1.162898744431499320e+00 8.739550257542296094e+02
1.157272876315615484e+01 1.196484690795351913e+00 7.385549517979942493e+02
1.156040066360234775e+01 1.230240780585158955e+00 6.237478023913475909e+02
1.154554595756506252e+01 1.264096672075857963e+00 5.290300076388371053e+02
1.152709495823874519e+01 1.297978828694813735e+00 4.489304959070723271e+02
1.151216478040689317e+01 1.331837438706477750e+00 3.820963862433852114e+02
1.149027337144148220e+01 1.365602710829107114e+00 3.252079397006917816e+02
1.147472497717811457e+01 1.399196875701975484e+00 2.772681087940525799e+02
1.145176328770693530e+01 1.432539292847489820e+00 2.371126864334582365e+02
1.142873856759523399e+01 1.465593648096607193e+00 2.029793027808746615e+02
1.140633674237910711e+01 1.498250656234207945e+00 1.743263535600126204e+02
1.138263736980626284e+01 1.530487503595685306e+00 1.491127489906651249e+02
1.135579813127150217e+01 1.562199905695154767e+00 1.291097309744431527e+02
1.132889114898194727e+01 1.593339179663597616e+00 1.114821068869576095e+02
1.130046938964105330e+01 1.623854217813004430e+00 9.640693112897295691e+01
1.126982156021344572e+01 1.653666407177066811e+00 8.368104821510185332e+01
1.123781639594136372e+01 1.682728962143949847e+00 7.272865580957142129e+01
1.120342752296218336e+01 1.710994983577807993e+00 6.330989098655076219e+01
1.116867409832263291e+01 1.738413493937818632e+00 5.530203837017086954e+01
1.113175416163779552e+01 1.764941002064088771e+00 4.837876260497679937e+01
1.109387623871688611e+01 1.790521444786973504e+00 4.244097031963418232e+01
1.105348172722613320e+01 1.815132475646502375e+00 3.713071909096418466e+01
1.101220502475269214e+01 1.838739139423336111e+00 3.284379952331480013e+01
1.096944809928152864e+01 1.861301644068121819e+00 2.901006298236310954e+01
1.092435487705890296e+01 1.882812730360123421e+00 2.567227871334942435e+01
1.087918889937658840e+01 1.903234081819506152e+00 2.278053301162969646e+01
1.083095657771838560e+01 1.922561713634091562e+00 2.019661718596353239e+01
1.078261765079468937e+01 1.940782880618686423e+00 1.806283710943225529e+01
1.073233096487133587e+01 1.957877351046750203e+00 1.613827012749911205e+01
1.068110048533655387e+01 1.973856995426824135e+00 1.445048922875701614e+01
1.062854342593794321e+01 1.988710012493901225e+00 1.296721944471447507e+01
1.057452567394300935e+01 2.002440589587448194e+00 1.167343988253826659e+01
1.051975179386543324e+01 2.015040863753303046e+00 1.053224295617632045e+01
1.046419301808137092e+01 2.026478306253108652e+00 9.524506268882012350e+00
1.040840629774521275e+01 2.036708735635465395e+00 8.638998848451398871e+00
1.035047022690202034e+01 2.045717788064281173e+00 7.861975302516548858e+00
1.029248125735249353e+01 2.053457193757662225e+00 7.158880549946641025e+00
1.023416481415909907e+01 2.059929723653253220e+00 6.555555473362757013e+00
1.017420587408326149e+01 2.065124434503939455e+00 6.021865569811942542e+00
1.011377295370472496e+01 2.069035082996002028e+00 5.553888903133163524e+00
1.005340260595475677e+01 2.071663691418162756e+00 5.158749245231367908e+00
9.992433359319020880e+00 2.073048204255002691e+00 4.789902174021686498e+00
9.930958533055685322e+00 2.073178700178939682e+00 4.455624696075282998e+00
9.869388544200162983e+00 2.072118692645810611e+00 4.177033885684502401e+00
9.807690231887896459e+00 2.069865662897249159e+00 3.925699548983741405e+00
9.745701697054569124e+00 2.066482507006883740e+00 3.690674999671203604e+00
9.683878301619122553e+00 2.062005681051324313e+00 3.496066559604170010e+00
9.622096276138744742e+00 2.056472026330535385e+00 3.322909950102547416e+00
9.560169477556666351e+00 2.049948897248707436e+00 3.169839332512880414e+00
9.498619164043953234e+00 2.042478013395670811e+00 3.038532732339103593e+00
9.437583002705322244e+00 2.034124484375462227e+00 2.922287771766229891e+00
9.377205148085778319e+00 2.024933933070347525e+00 2.820970459939262209e+00
9.317119876595768346e+00 2.014975718862612730e+00 2.730669152587782644e+00
9.258195664768756217e+00 2.004308764221368389e+00 2.661217948452715198e+00
9.201731411212609402e+00 1.993240556760612403e+00 2.599108227757420675e+00
