1.550982551689759603e+01 2.191799393479931801e-01 3.683552447462830693e+06
1.522418778827155883e+01 2.266340950387099595e-01 3.135354992182300426e+06
1.496518907784248675e+01 2.343849780127621463e-01 2.646419932008621283e+06
1.471654678533415606e+01 2.424314001858202394e-01 2.263286646124653518e+06
1.449326199764132816e+01 2.507747962901968330e-01 1.922159570429978427e+06
1.428583049035121277e+01 2.594394366786791362e-01 1.640096452322539873e+06
1.409843170534339230e+01 2.684245616954160085e-01 1.397652438572455198e+06
1.391667582599508179e+01 2.777374370788912583e-01 1.183746073682098649e+06
1.374874003320066151e+01 2.873864862447889079e-01 1.007081090742449393e+06
1.359511019011500998e+01 2.973650156667652644e-01 8.580758798729709815e+05
1.345124607766527980e+01 3.077015103657060879e-01 7.322184870134500088e+05
1.331903661791062987e+01 3.183845379110019636e-01 6.218162082192191156e+05
1.319716877512882824e+01 3.294200156155945303e-01 5.293578960924708517e+05
1.308216272057921969e+01 3.408339606994427173e-01 4.504856531276435708e+05
1.298163668770033219e+01 3.525866652214300623e-01 3.843622288887314498e+05
1.287968482328299302e+01 3.647424490726413615e-01 3.277111427700267523e+05
1.278904669355947910e+01 3.772500300168206699e-01 2.793932087500570924e+05
1.270304205180604562e+01 3.901483339540097184e-01 2.384570218930363772e+05
1.262798152929385154e+01 4.034350139780215616e-01 2.035104114055862010e+05
1.254467202259733760e+01 4.171137334899556182e-01 1.736123057357845828e+05
1.248513462244027217e+01 4.311630031671023766e-01 1.487086844250156719e+05
1.242333895927539977e+01 4.456234370441684578e-01 1.267296725598731427e+05
1.236232325489364037e+01 4.604796346158768761e-01 1.088042355825028935e+05
1.230862189186134970e+01 4.757029407069955362e-01 9.311161959472746821e+04
1.225867523949508708e+01 4.913231530452387696e-01 7.943199448343561380e+04
1.221254152123348469e+01 5.073252725426879994e-01 6.799602840621380892e+04
1.216853796617582262e+01 5.237269190983895317e-01 5.831156975823967514e+04
1.212919630905369139e+01 5.405164283384975565e-01 5.010164519781537820e+04
1.209038784855039061e+01 5.576950655110399779e-01 4.293956699847721757e+04
1.205321980308460894e+01 5.752237141365561524e-01 3.684680076371827454e+04
1.202066867597039490e+01 5.931405837766542399e-01 3.169027714604078210e+04
1.198972029166655950e+01 6.114300514957431432e-01 2.723751114949455950e+04
1.196034084602878700e+01 6.301367417381290581e-01 2.342739833483358598e+04
1.193328533326507035e+01 6.492829744591962493e-01 2.016885379003059279e+04
1.190979273032004748e+01 6.688837860980738625e-01 1.735789961247027168e+04
1.188123714041522483e+01 6.889450159212724412e-01 1.484432130702231916e+04
1.185902018429757554e+01 7.094933577537484437e-01 1.277186603388729600e+04
1.183797199043947224e+01 7.305331099886429591e-01 1.106607736604298589e+04
1.181637949131183341e+01 7.520641965878813728e-01 9.520471105989878197e+03
1.179698710310951526e+01 7.740802628001264285e-01 8.189150363016980918e+03
1.177959991242634530e+01 7.966229006336159602e-01 7.053347571466625595e+03
1.176268706143232379e+01 8.196210418716083357e-01 6.067516717717271604e+03
1.174713888748935275e+01 8.431244441249053923e-01 5.233719098064933860e+03
1.173282702809071587e+01 8.670821854951437091e-01 4.500873246623637897e+03
1.171709357342151492e+01 8.915298983337711647e-01 3.885695387651807323e+03
1.170222096041510262e+01 9.164042371226228667e-01 3.348141381744986120e+03
1.169002986208242767e+01 9.417276870117227139e-01 2.887311495905122229e+03
1.167845160733385335e+01 9.674455082638890868e-01 2.494540634232183038e+03
1.166725988555275784e+01 9.935605231408586313e-01 2.152962937362425691e+03
1.165509807931279163e+01 1.020044927925420675e+00 1.860782309021875562e+03
1.164236675067514248e+01 1.046865885050962230e+00 1.607855842530361997e+03
1.163420155239410114e+01 1.074002316248521272e+00 1.391320888893280880e+03
1.162151481170585576e+01 1.101419671946756829e+00 1.204769096722420727e+03
1.161280220965719323e+01 1.129086534132965003e+00 1.044552751944818738e+03
1.160302698196536753e+01 1.156972619036329641e+00 9.063966008313577731e+02
1.158863861254127414e+01 1.185035476636833618e+00 7.814571518674395065e+02
1.158026496288685792e+01 1.213249204173547646e+00 6.844404114649545363e+02
1.156455507617983081e+01 1.241579516691831309e+00 5.954505477160561213e+02
1.155285300113375335e+01 1.269980161623690762e+00 5.187344522924099692e+02
1.154004655101524612e+01 1.298404724199850646e+00 4.522959766187590276e+02
1.152946275256947928e+01 1.326833947693266458e+00 3.951336687076788508e+02
1.151477794207408145e+01 1.355215284539762699e+00 3.455229135151786295e+02
1.149778739904399849e+01 1.383502637042007821e+00 3.025248668911536356e+02
1.148243716877932918e+01 1.411674322929790781e+00 2.637843341785799112e+02
1.146905543527463855e+01 1.439673530883227803e+00 2.325704970975661752e+02
1.144942526513849934e+01 1.467463042251682781e+00 2.037309109892222239e+02
1.143068482011653053e+01 1.495006935721796770e+00 1.800314722944435175e+02
1.141221690370573683e+01 1.522268191786493752e+00 1.586358760233278531e+02
1.139224555695601637e+01 1.549196154245021662e+00 1.401305098411313566e+02
1.137137922343024066e+01 1.575759285433101509e+00 1.237968037269665302e+02
1.134998979141372288e+01 1.601930248525803790e+00 1.095565038046497648e+02
1.132722573017121448e+01 1.627665884272125663e+00 9.705854821404845723e+01
1.130326366354573686e+01 1.652925603489606932e+00 8.619982869312886464e+01
1.127790494128529453e+01 1.677680709376288215e+00 7.662296646894716901e+01
1.125188632168837621e+01 1.701898562181008767e+00 6.789184134073322241e+01
1.122408810154220582e+01 1.725555516007693857e+00 6.080748035534137586e+01
1.119612485665540724e+01 1.748618060847128453e+00 5.433284381531197482e+01
1.116650926595767146e+01 1.771069776833683385e+00 4.859982745643361568e+01
1.113617906695438720e+01 1.792871340109413181e+00 4.339518912184612986e+01
1.110431465755667091e+01 1.814002657755763970e+00 3.909240748004219768e+01
1.107178860489119465e+01 1.834455380598128516e+00 3.500027957127917233e+01
1.103822350212728942e+01 1.854200677890686100e+00 3.164027227110564056e+01
1.100357686352162645e+01 1.873220198935592107e+00 2.843093837538318525e+01
1.096667838444698617e+01 1.891504064355862713e+00 2.577509327468663614e+01
1.093020546848058672e+01 1.909027598016371563e+00 2.331695264666865341e+01
1.089162323409209421e+01 1.925715872893962954e+00 2.113877502233338390e+01
1.085300210204697180e+01 1.941453557750395964e+00 1.921111254353209219e+01
1.081393090491998876e+01 1.956114283088021599e+00 1.749961755621406567e+01
1.077224162699514665e+01 1.969528922740040766e+00 1.599559553187868666e+01
1.073142640536358350e+01 1.981565612781142294e+00 1.468694808411812325e+01
1.068872722389920682e+01 1.992013972062580462e+00 1.354231725855945712e+01
1.064571845681428464e+01 2.000551073672800051e+00 1.255901352761149603e+01
1.060280924848224160e+01 2.006789743062255216e+00 1.171670665935283040e+01
1.056334813085059920e+01 2.009267260535279487e+00 1.117909143440886766e+01
1.052607498960496102e+01 2.007658830131556105e+00 1.083084939495699217e+01
1.048981678277344542e+01 2.003075030639867471e+00 1.061963632313043249e+01
1.045411392685395313e+01 1.996255343308983798e+00 1.046596961574468665e+01
1.041795179949283856e+01 1.987827938142379125e+00 1.044868547324804808e+01
1.038218047670917166e+01 1.978148869726707559e+00 1.043955174514917417e+01
1.034654075703277520e+01 1.967489237076163633e+00 1.047665392920213279e+01
