2.191799393479931801e-01 1.550982551689759603e+01 3.683552447462830693e+06
2.269682833349719042e-01 1.520675638376836503e+01 3.109652940011394210e+06
2.350759670112928523e-01 1.494104751255574826e+01 2.624499550487260334e+06
2.435213445612813277e-01 1.469883280312029683e+01 2.226442498430215288e+06
2.522877275876172498e-01 1.444696905583610480e+01 1.868030036172318039e+06
2.614017936217415405e-01 1.424102850806287890e+01 1.579412479714166373e+06
2.708681645748513001e-01 1.404508921842149860e+01 1.333180560530968010e+06
2.806942400105015278e-01 1.385897619039872808e+01 1.125342308874700684e+06
2.908898212205067169e-01 1.369195514081925147e+01 9.520996594611385372e+05
3.014585086266088343e-01 1.354077595529122924e+01 8.042290454272833886e+05
3.123845346833128422e-01 1.339057909268737312e+01 6.803304498482397757e+05
3.237164751408327934e-01 1.326721393501341950e+01 5.744015127566930605e+05
3.354340595892483790e-01 1.313969463401752691e+01 4.868333084692223929e+05
3.475522378748555075e-01 1.302611471317650604e+01 4.112519207598689245e+05
3.600903425449910045e-01 1.291872633147304761e+01 3.482055176404583035e+05
3.730080710300524571e-01 1.281889750846033849e+01 2.951783174373626825e+05
3.863589806478304745e-01 1.272824772779948788e+01 2.496940898824302712e+05
4.001236844114323121e-01 1.264596120386900324e+01 2.120289986092457548e+05
4.143045182458356401e-01 1.256665986836554261e+01 1.784418516567546176e+05
4.289179018522025211e-01 1.249537393812654962e+01 1.521974992276085250e+05
4.439692294491220936e-01 1.242877097351066951e+01 1.291419730008131737e+05
4.594395017263686043e-01 1.236757930673249106e+01 1.095411897302765283e+05
4.753161613207850800e-01 1.231155089393198487e+01 9.322100639039049565e+04
4.916276909276315332e-01 1.225817280259374265e+01 7.919372517621362931e+04
5.083571527892862818e-01 1.220937593648248409e+01 6.742034866021641938e+04
5.255207650034102729e-01 1.216446470843470706e+01 5.719037016044222401e+04
5.431076579626620271e-01 1.212315248270753365e+01 4.884864289786345762e+04
5.611177175881560952e-01 1.208139894407098680e+01 4.165610439972281893e+04
5.795025693998917538e-01 1.204667942486050158e+01 3.553389575284555031e+04
5.983116195229896128e-01 1.201251607861249582e+01 3.037958548489604800e+04
6.175520494565417406e-01 1.197906689427191296e+01 2.578861906483965140e+04
6.372813967946936442e-01 1.194941292346202744e+01 2.216111991118808874e+04
6.575086281776518771e-01 1.192214098852341486e+01 1.894253687294709016e+04
6.782718991016852828e-01 1.189455109384690168e+01 1.604398354397368894e+04
6.996009417428705746e-01 1.186985497721087768e+01 1.383398540878924541e+04
7.214670717160674984e-01 1.184711197601906285e+01 1.180167737095777193e+04
7.439148440481885283e-01 1.182509710230216804e+01 1.007205070363982304e+04
7.669773397323484954e-01 1.180370124416212896e+01 8.544271165309646676e+03
7.906060450444672982e-01 1.178706550269961539e+01 7.355231457964882793e+03
8.148202429717950057e-01 1.177011763103207187e+01 6.275351159572332108e+03
8.396251360336510761e-01 1.175378836263937465e+01 5.362137244083808582e+03
8.649865275571196888e-01 1.173691574086611311e+01 4.582515812131096027e+03
8.909245642946932442e-01 1.172449708749805630e+01 3.882375151258791902e+03
9.173989780808258221e-01 1.171267295658122798e+01 3.344353361342994049e+03
9.444135542693956609e-01 1.169889679763812396e+01 2.861756335456762827e+03
9.719092207616712997e-01 1.168902540908810828e+01 2.450190067086524778e+03
9.998918625592659870e-01 1.167627164491113589e+01 2.085128500656705000e+03
1.028329223009203153e+00 1.166565169858615292e+01 1.796943247021467414e+03
1.057179868153716340e+00 1.165635073865750115e+01 1.539214390974990920e+03
1.086425118339172435e+00 1.164681154627810322e+01 1.312066250764602728e+03
1.116014444452935628e+00 1.163714993173217849e+01 1.135864530349162351e+03
1.145918771135675085e+00 1.162804056783924977e+01 9.758018637512267333e+02
1.176096884834155087e+00 1.161770888187999340e+01 8.395105856829970890e+02
1.206493645049405927e+00 1.160951797728548129e+01 7.231930029053344242e+02
1.237090596318180857e+00 1.159964031765134784e+01 6.238612869484720704e+02
1.267828532012546416e+00 1.159288119944999451e+01 5.384764054338016876e+02
1.298652469665735332e+00 1.158072889304306230e+01 4.625978172528709820e+02
1.329518393417955746e+00 1.156759731860032758e+01 4.030134469992134996e+02
1.360395715145969353e+00 1.155872008459932410e+01 3.496541314250569599e+02
1.391219824250885750e+00 1.154384355841472676e+01 3.029448660020229909e+02
1.421927892280288486e+00 1.153128357900176226e+01 2.621046222505100900e+02
1.452510794594256804e+00 1.151907543398378841e+01 2.293196157395902333e+02
1.482872658585855374e+00 1.150212478663362248e+01 1.999337628102875328e+02
1.512997227972544101e+00 1.148823652217764391e+01 1.735733183775484463e+02
1.542827809220982838e+00 1.147146082574426273e+01 1.517022505544688045e+02
1.572299903986312364e+00 1.145258603849837087e+01 1.337336244807971752e+02
1.601380732656765060e+00 1.143376438736033407e+01 1.170130646662323528e+02
1.630036856847382420e+00 1.141366565914698228e+01 1.029779315647697189e+02
1.658205000687867470e+00 1.139318691666031569e+01 9.063745308743577311e+01
1.685849414743459507e+00 1.137131964602385992e+01 7.991850012464067277e+01
1.712917228212824439e+00 1.134703159564638142e+01 7.054014461585536822e+01
1.739388725835454119e+00 1.132219435293625942e+01 6.243414043005417113e+01
1.765232678323457760e+00 1.129601971211106282e+01 5.530688998484516361e+01
1.790392247675972603e+00 1.126910295767814496e+01 4.910319009431797355e+01
1.814843228368873129e+00 1.124085966417147553e+01 4.366121178147552939e+01
1.838559095799465304e+00 1.121145071652830438e+01 3.875539343285242921e+01
1.861515610435193757e+00 1.117939693222680830e+01 3.472201422484155131e+01
1.883681170576311237e+00 1.114786376811291113e+01 3.091362114073426426e+01
1.905034872102517873e+00 1.111398966009423006e+01 2.780668635921135845e+01
1.925448857973790728e+00 1.107955909775491499e+01 2.494811444605533879e+01
1.944658344719143228e+00 1.104377059850920340e+01 2.247510455244519179e+01
1.962293514857520904e+00 1.100647513689740897e+01 2.033674315405987443e+01
1.977651131197271983e+00 1.096891059892411846e+01 1.853241160965301404e+01
1.988718953836047687e+00 1.093164213162012466e+01 1.715099539661591876e+01
1.994960212484302442e+00 1.089271483060506185e+01 1.608390767181713699e+01
1.997417982313186346e+00 1.085237985177692721e+01 1.531664507807925801e+01
1.996887975244948210e+00 1.080949598071588547e+01 1.476064146929506649e+01
1.993984927983559086e+00 1.076517532902187035e+01 1.426971776916721169e+01
1.989129111794502691e+00 1.071804747665017210e+01 1.386657341720342629e+01
1.982683082507408434e+00 1.066958747795440132e+01 1.352942953226907363e+01
1.974858762277577506e+00 1.061879568927603756e+01 1.319923646658581973e+01
1.965967813509374329e+00 1.056718695563355759e+01 1.299353677185276901e+01
1.956073020537216767e+00 1.051378192488632202e+01 1.278521954262280858e+01
1.945317331359924129e+00 1.045892398992475769e+01 1.260174120069487280e+01
1.933826179447472704e+00 1.040273840083708912e+01 1.244135427860992493e+01
1.921715379021171399e+00 1.034535240524521527e+01 1.229055910226325743e+01
1.909038794550722340e+00 1.028765893211622640e+01 1.215845769124138087e+01
1.895917100568193181e+00 1.022772728276165921e+01 1.201183134476489123e+01
1.882332380226894086e+00 1.016681096839560006e+01 1.190512229266181876e+01
1.868386218127442211e+00 1.010657361139129939e+01 1.184745765196529632e+01
