2.191799393479931801e-01 1.550982551689759603e+01 3.683552447462830693e+06
2.276091203760299275e-01 1.518343458971468429e+01 3.071616291415470187e+06
2.364151560329725288e-01 1.490091411489753703e+01 2.554543213102485053e+06
2.456063182894804020e-01 1.463282705661839067e+01 2.127566262491079513e+06
2.551847846342188419e-01 1.439189599351035476e+01 1.768456167535860324e+06
2.651688429439186256e-01 1.416613854369433056e+01 1.477830125098597957e+06
2.755684399036962828e-01 1.395236170873985593e+01 1.227919039317744551e+06
2.863933154908285816e-01 1.376468784327708761e+01 1.025397695596642443e+06
2.976421665043089693e-01 1.359112734935085598e+01 8.544692870383632835e+05
3.093321016818776359e-01 1.343408802478001363e+01 7.135677670828367118e+05
3.214784818270522426e-01 1.329136840943438713e+01 5.884859448402255075e+05
3.340841058922077722e-01 1.314852650174201010e+01 4.901612926306448062e+05
3.471329182189537010e-01 1.302762252645863938e+01 4.135479948745590518e+05
3.606737475904123746e-01 1.291135612419208201e+01 3.461814362728787819e+05
3.746778892722633092e-01 1.280705316943903149e+01 2.884464429473784403e+05
3.891758834186407889e-01 1.271010233719847449e+01 2.411313895061161020e+05
4.041588293952361743e-01 1.262191367812314269e+01 2.017676007913982903e+05
4.196341557125234378e-01 1.254124107119937648e+01 1.689142835112643079e+05
4.356334202371175968e-01 1.246552473292168450e+01 1.416828116104612709e+05
4.520867456269225260e-01 1.239724243601882314e+01 1.184475892575379548e+05
4.690691263744514727e-01 1.233369342285950587e+01 9.927296095526573481e+04
4.865466239228383172e-01 1.227344435370188336e+01 8.323285223971822415e+04
5.044832690932785635e-01 1.221894692119962933e+01 6.992433014915982494e+04
5.229410801601505066e-01 1.217146273834499048e+01 5.873941716061185434e+04
5.418944063155657354e-01 1.212404623472257548e+01 4.941100037235332275e+04
5.613414087003805175e-01 1.208236340053401392e+01 4.157397402230461012e+04
5.812301078763681961e-01 1.204325478289735507e+01 3.499735827162570786e+04
6.016218186214921104e-01 1.200297704463047488e+01 2.955366277657008686e+04
6.225192637217055180e-01 1.197216691588913662e+01 2.492228166883121594e+04
6.439972618357724388e-01 1.193885791377694083e+01 2.082173003301597055e+04
6.660717995067952923e-01 1.191182453858968948e+01 1.771926107419331311e+04
6.887964715543656302e-01 1.188280580102638595e+01 1.481013984918079223e+04
7.121640919153169325e-01 1.185635694146169783e+01 1.253267700794712982e+04
7.362414391984044570e-01 1.183252642201777860e+01 1.063185400519735413e+04
7.609902057479565052e-01 1.181039476903588792e+01 8.982103127815651533e+03
7.864251116123022189e-01 1.178983855718037255e+01 7.562611437964333163e+03
8.125664298511748873e-01 1.177184698139699393e+01 6.379570520285763450e+03
8.394014545898049739e-01 1.175454408428620390e+01 5.372533993935130638e+03
8.668984586046263319e-01 1.173947172687442908e+01 4.530705985245615011e+03
8.950771253113380954e-01 1.172398963685708928e+01 3.821826082971874712e+03
9.238834696803366331e-01 1.170862327278100423e+01 3.227745934065404072e+03
9.533228679325228550e-01 1.169617714145408804e+01 2.711421347536404028e+03
9.833391755681948343e-01 1.168517977050009371e+01 2.303375276482479876e+03
1.013920658734257962e+00 1.167372286206769871e+01 1.932335408336761475e+03
1.045022859348291311e+00 1.166287654264664475e+01 1.646677752320524405e+03
1.076603633801021420e+00 1.165296941722973756e+01 1.394101522478151765e+03
1.108615221346560542e+00 1.164339935278653293e+01 1.182051226002096200e+03
1.141007864583792664e+00 1.163308876995478514e+01 1.002884612268330216e+03
1.173744506035242052e+00 1.162436015925337784e+01 8.519546402570085775e+02
1.206772325191508566e+00 1.161351949427717933e+01 7.249125124476985320e+02
1.240001589527229831e+00 1.160455174986327975e+01 6.172787148151321617e+02
1.273434649702294141e+00 1.159666064614541092e+01 5.265733778353710477e+02
1.306958068446721022e+00 1.158419450147953000e+01 4.495753071643437124e+02
1.340540944904897946e+00 1.157426136304981945e+01 3.847241445075428601e+02
1.374108162261453714e+00 1.155970481992713239e+01 3.296369996856743114e+02
1.407595827247989373e+00 1.154627578190651249e+01 2.830119993932276543e+02
1.440929727124535376e+00 1.153173046466980978e+01 2.434108309770516030e+02
1.473995961255883946e+00 1.151607677117053008e+01 2.094871743839761393e+02
1.506648219430918756e+00 1.150154274657314701e+01 1.808969025156639248e+02
1.538744217512662216e+00 1.148390752075036225e+01 1.565979529294422434e+02
1.570167920026620978e+00 1.146550403394179263e+01 1.359248956588522219e+02
1.600773358730413154e+00 1.144413798400941040e+01 1.183691629707736297e+02
1.630469397829294342e+00 1.142177021400179093e+01 1.034077670591130982e+02
1.659110864299959021e+00 1.139733690428672652e+01 9.057224960951455728e+01
1.686651895854273109e+00 1.137158011760864618e+01 7.958644417790041814e+01
1.712945146759059512e+00 1.134313269731936202e+01 7.019288520725353919e+01
1.737935444963299547e+00 1.131251708710352055e+01 6.212721612343728594e+01
1.761558682782546015e+00 1.128014661987324807e+01 5.499198982767196497e+01
1.783755625921964239e+00 1.124492261260840209e+01 4.920494904843775430e+01
1.804459406073415817e+00 1.120801649226991614e+01 4.384482003259710581e+01
1.823646804455349990e+00 1.116912850124234602e+01 3.952763323168333187e+01
1.841273449145990782e+00 1.112796503754389654e+01 3.563709470895203424e+01
1.857317624675694390e+00 1.108395796127379640e+01 3.222600425039324534e+01
1.871790195270236934e+00 1.103874797968956400e+01 2.914625525776080650e+01
1.884677376156569162e+00 1.099095760607148620e+01 2.668852427551174600e+01
1.895983747686545984e+00 1.094026579943429134e+01 2.441139480101341874e+01
1.905706402612033612e+00 1.088917610265155389e+01 2.237378995524152714e+01
1.913888472913682692e+00 1.083485229637613045e+01 2.064700018986953722e+01
1.920539341782899534e+00 1.077970468175533014e+01 1.910727925476736999e+01
1.925703572825509857e+00 1.072375161554919032e+01 1.768095318632952484e+01
1.929412102974284116e+00 1.066529406130719870e+01 1.652405396338622268e+01
1.931701718513072707e+00 1.060635329208618849e+01 1.544819976504826720e+01
1.932630465765584615e+00 1.054473290233334914e+01 1.449971855157461320e+01
1.932240771836219784e+00 1.048320703480617233e+01 1.365548670838325052e+01
1.930572045620267962e+00 1.042056908373768742e+01 1.290809555072788584e+01
1.927711398609074589e+00 1.035741718904791142e+01 1.224124590474999330e+01
1.923692185545792022e+00 1.029310225321726335e+01 1.165291230236241837e+01
1.918571253409170341e+00 1.022866500533025658e+01 1.109668922524172352e+01
1.912447871088925000e+00 1.016457261188139682e+01 1.066438274568464450e+01
1.905353333852811470e+00 1.009887143769093676e+01 1.021391515594091182e+01
1.897426098498073310e+00 1.003237641444770212e+01 9.835164210394690798e+00
1.888747659349949704e+00 9.964479796809525780e+00 9.512473750332775424e+00
1.879425776388762959e+00 9.897046284257772442e+00 9.182201947821017285e+00
1.869539103960363935e+00 9.826793567682051034e+00 8.848345202227655193e+00
1.859188876705124782e+00 9.756267744283743326e+00 8.562152217527044584e+00
1.848409501103536190e+00 9.684869405199078685e+00 8.299489250299032506e+00
1.837284759950786883e+00 9.612643276437985662e+00 8.039126754872713221e+00
1.825867481815605986e+00 9.539730033217697525e+00 7.765864822219763042e+00
1.814212995789358684e+00 9.466673509446847490e+00 7.517874350065157252e+00
1.802358218667916123e+00 9.392538259462105188e+00 7.278969424041518366e+00
