2.191799393479931801e-01 1.550982551689759603e+01 3.683552447462830693e+06
2.270882568060587081e-01 1.525273764231085671e+01 3.155260785448570736e+06
2.353239446941215451e-01 1.493247084496681865e+01 2.613510861809884198e+06
2.439093361831249918e-01 1.466981324668865305e+01 2.200159407980534714e+06
2.528259619875316555e-01 1.444433686409285400e+01 1.857300468478226801e+06
2.621007675650239843e-01 1.422611098128375851e+01 1.559908196017710492e+06
2.717397262417090009e-01 1.401970793280595728e+01 1.312221055798146175e+06
2.817492286695710280e-01 1.384437295982275451e+01 1.106324702163427602e+06
2.921439853630899974e-01 1.367071713693951196e+01 9.336490351595592219e+05
3.029058152763104972e-01 1.351414981626378520e+01 7.867579266390264966e+05
3.140689199208887006e-01 1.336783222666306692e+01 6.629502959130763775e+05
3.256478648788347363e-01 1.324892436226756054e+01 5.592447964838618645e+05
3.375892568505886038e-01 1.311332112848164044e+01 4.716987007995293243e+05
3.499668382223750651e-01 1.300064567309383001e+01 3.986790308984543080e+05
3.627718570036110868e-01 1.289363072197718907e+01 3.360900637137804297e+05
3.759792613720354670e-01 1.279898417708549019e+01 2.838606534652734408e+05
3.896269733162013860e-01 1.270589516613344827e+01 2.406047292554136075e+05
4.037030998513586044e-01 1.262319421380871631e+01 2.030988978523034893e+05
4.182139700672340976e-01 1.254854428792799226e+01 1.717496175851153093e+05
4.331668380328050905e-01 1.247572361300676569e+01 1.456305275468110049e+05
4.485694535765873403e-01 1.241017434116295703e+01 1.229877660443122586e+05
4.644011557625695175e-01 1.234916164340612355e+01 1.041924511924455874e+05
4.806499124672428680e-01 1.229164188287811044e+01 8.834153615435563552e+04
4.973581875145708375e-01 1.224049206749943863e+01 7.489539299120310170e+04
5.144980261138322186e-01 1.219341854050254348e+01 6.361684664398185851e+04
5.320775561359083472e-01 1.214696159434677192e+01 5.402291832796305971e+04
5.500926507508390184e-01 1.210708494428697968e+01 4.597175612603574700e+04
5.685459486679884655e-01 1.206738611691296192e+01 3.899218687164956646e+04
5.873654336548076449e-01 1.203151258812025759e+01 3.325552404740225757e+04
6.066577000855374324e-01 1.199773564549382066e+01 2.834137309746474057e+04
6.264016190113431692e-01 1.196676756478811576e+01 2.413681508087822294e+04
6.466819667927133919e-01 1.193626285956830912e+01 2.038220241490290573e+04
6.675029415183332260e-01 1.190880163825477567e+01 1.753421577478746985e+04
6.889179038025448065e-01 1.188247169328103503e+01 1.494663638977544906e+04
7.109312015143709473e-01 1.185957626990176372e+01 1.271913845095690886e+04
7.335464523704376960e-01 1.183640225666627543e+01 1.084100081404286357e+04
7.568186443183193557e-01 1.181325454671313580e+01 9.235089235213796201e+03
7.807041518865609486e-01 1.179445383214817156e+01 7.861221361598331896e+03
8.052285882357209656e-01 1.177949606914953939e+01 6.686975815234238326e+03
8.303967868297086330e-01 1.176240020624402405e+01 5.697247531866805730e+03
8.561861709722148328e-01 1.174459468717430966e+01 4.809753603093888159e+03
8.825978638176270596e-01 1.173304147896330463e+01 4.128079339712836372e+03
9.096115948102062587e-01 1.171892988323840612e+01 3.516520308584742907e+03
9.371960133035911467e-01 1.171121820165424410e+01 2.996537786059537666e+03
9.653553602835804881e-01 1.170281560155107670e+01 2.554577033918532834e+03
9.940424895875208389e-01 1.168657887216814650e+01 2.179153251072931653e+03
1.023243175714500630e+00 1.167732143912701304e+01 1.857203633510854388e+03
1.052922073285857740e+00 1.166804255558704106e+01 1.589102800778919573e+03
1.083029021039470630e+00 1.165871242733526358e+01 1.346631136713999695e+03
1.113555951035436253e+00 1.165219713676810542e+01 1.160379722525409534e+03
1.144425156383752862e+00 1.164316280826940009e+01 9.929632989531852445e+02
1.175622518894956059e+00 1.163435805112300159e+01 8.520503333195894129e+02
1.207099777766219795e+00 1.162823169793827027e+01 7.306966197360278557e+02
1.238799979190699396e+00 1.161916035031060623e+01 6.274987814271298703e+02
1.270671504823400300e+00 1.161391251075355591e+01 5.398874744797174117e+02
1.302682933026567680e+00 1.160378190340336246e+01 4.648794603101637222e+02
1.334768839957376718e+00 1.159205715474763210e+01 4.010392751655707002e+02
1.366878819179757620e+00 1.158113483585106351e+01 3.441647180259290622e+02
1.398966594146831444e+00 1.157412768975054895e+01 2.992214193968375753e+02
1.430947924429172513e+00 1.156057787347594434e+01 2.592846853889537897e+02
1.462808047110758514e+00 1.154858594852520781e+01 2.248070131330696313e+02
1.494477829687668846e+00 1.153593043505728666e+01 1.951939807549385080e+02
1.525893566706094218e+00 1.152144528044214944e+01 1.700119058082325125e+02
1.557016172081476579e+00 1.150675974032057169e+01 1.481125607065409611e+02
1.587770603131632097e+00 1.149065102108445302e+01 1.292470911550633730e+02
1.618147247619293960e+00 1.147338362798799061e+01 1.130684661333726098e+02
1.648058450100418293e+00 1.145434667726615174e+01 9.899722620745045276e+01
1.677467559380962703e+00 1.143517324994738971e+01 8.663646265627369303e+01
1.706315218932435762e+00 1.141406042055557535e+01 7.606254076177147283e+01
1.734493015709358099e+00 1.139246423839015421e+01 6.726534769087312782e+01
1.761899533703225718e+00 1.136881473412301169e+01 5.924141756946152526e+01
1.788409158869494142e+00 1.134325563380977542e+01 5.255940535608223030e+01
1.813915024857043035e+00 1.131687765027544401e+01 4.664061377664633312e+01
1.838320650318226335e+00 1.128857096416156836e+01 4.150746916966846811e+01
1.861538551443399525e+00 1.125867100954735633e+01 3.693720168468309595e+01
1.883478849068530581e+00 1.122772293313997061e+01 3.321550719577169275e+01
1.904068208434684717e+00 1.119446363498894748e+01 2.985931108305907600e+01
1.923239041935788540e+00 1.115979875251156628e+01 2.692554178733703907e+01
1.940910912177945757e+00 1.112248856469025249e+01 2.435910492466197041e+01
1.957032186926094930e+00 1.108393908393827765e+01 2.211897378310995776e+01
1.971581703995973545e+00 1.104307655489087026e+01 2.019079523247505037e+01
1.984512931347894416e+00 1.100125998556134732e+01 1.847484042421760364e+01
1.995800626324292892e+00 1.095657472851050507e+01 1.692850729209446570e+01
2.005387083355644418e+00 1.091166299377889182e+01 1.567940875306564763e+01
2.013291822148099097e+00 1.086437933448549487e+01 1.453742330393044213e+01
2.019500370217616414e+00 1.081563819444670038e+01 1.349431105053798241e+01
2.023993299255732570e+00 1.076529090206489592e+01 1.266246959008725881e+01
2.026818361136724977e+00 1.071393117510881154e+01 1.186401170297171070e+01
2.028031293391552747e+00 1.066110058218628609e+01 1.119962571579644006e+01
2.027697595372759398e+00 1.060730610104624461e+01 1.064948633868094952e+01
2.025871017454712764e+00 1.055335774375683933e+01 1.013873781625336967e+01
2.022632730942081736e+00 1.049759210137511367e+01 9.701289183456266230e+00
2.018048270874701178e+00 1.044181669460653339e+01 9.318421488531393848e+00
2.012234349909135744e+00 1.038606154090160594e+01 8.967567349539407928e+00
2.005243579445354918e+00 1.033053859613023562e+01 8.691790983091403078e+00
1.997178269537521311e+00 1.027474210238343133e+01 8.481250074945029027e+00
1.988147504588954284e+00 1.022057608664197481e+01 8.268797124132801102e+00
1.978275790155178626e+00 1.016718791859839932e+01 8.126686364086539882e+00
1.967695848966533712e+00 1.011620372199475781e+01 8.042223180683443218e+00
1.956625415823275871e+00 1.006832550089382039e+01 7.958682691967042366e+00
