2.191799393479931801e-01 1.550982551689759603e+01 3.683552447462830693e+06
2.264673756998447363e-01 1.523386386863327147e+01 3.144368971280188765e+06
2.340259566205351582e-01 1.497001530024753357e+01 2.684742821792560164e+06
2.418872099153197841e-01 1.473507401206421896e+01 2.284279857846147846e+06
2.500196790869120833e-01 1.451986142547664826e+01 1.957586503903312609e+06
2.584597489687187055e-01 1.430534205950597837e+01 1.664758478953453014e+06
2.672057401035318747e-01 1.411672712212585878e+01 1.421819257603128441e+06
2.762643670883124791e-01 1.397004646728971444e+01 1.213634955289461184e+06
2.856447479153459978e-01 1.377756895906348333e+01 1.038181041083049262e+06
2.953403223373298192e-01 1.362719555469213617e+01 8.763540089455305133e+05
3.053685787209842184e-01 1.348413248104841244e+01 7.574384685527620604e+05
3.157314067911611843e-01 1.335893131856000693e+01 6.466687534381827572e+05
3.264331387368971660e-01 1.323567529137820387e+01 5.522186580566138728e+05
3.374811521100471445e-01 1.311644781343432520e+01 4.728693154181879945e+05
3.488796567297550166e-01 1.300875193884298220e+01 4.048352121832394623e+05
3.606378479017769978e-01 1.291407880942086450e+01 3.459404223544833367e+05
3.727455048753597899e-01 1.282003795287239001e+01 2.961780414028176456e+05
3.852276704304945509e-01 1.273441597629144795e+01 2.532070289429398836e+05
3.980706216715973467e-01 1.265683483615936389e+01 2.169697475996968278e+05
4.112806286457199589e-01 1.258228776811161254e+01 1.857034791856789088e+05
4.248781368847175943e-01 1.251515550571702917e+01 1.591789030541330576e+05
4.388069247821291818e-01 1.245132617623106164e+01 1.367260887136501842e+05
4.531393263509748137e-01 1.238581275820265937e+01 1.171206025079080573e+05
4.678594759197876596e-01 1.233695325309204094e+01 1.007226569688218005e+05
4.829133441427379547e-01 1.228587541405874184e+01 8.641440526449619210e+04
4.983705119383334825e-01 1.223907062565312387e+01 7.411188010580853734e+04
5.141872073857475245e-01 1.219404700119040896e+01 6.379171990138685214e+04
5.303813537313947224e-01 1.215033474777587763e+01 5.489257174372148438e+04
5.469447798530348015e-01 1.211406388276056134e+01 4.721902134513860074e+04
5.638799745087086368e-01 1.207352369282212301e+01 4.067718575477148988e+04
5.811328722455941787e-01 1.204179271903415405e+01 3.504051693404566322e+04
5.987663245297882852e-01 1.200992244730972480e+01 3.024880754135718598e+04
6.167890291327504659e-01 1.198126335836112055e+01 2.608623588028579616e+04
6.352398335339423108e-01 1.195179214770183407e+01 2.251549170399754439e+04
6.541482590761549254e-01 1.192637414513349370e+01 1.942438767436858689e+04
6.735363712433550809e-01 1.190061740608725138e+01 1.676744425357173895e+04
6.934446373723026635e-01 1.187777270841594124e+01 1.443766634439455083e+04
7.138378732239202273e-01 1.185484914043403570e+01 1.248026978995036734e+04
7.347885180951717610e-01 1.183533244816328178e+01 1.074708383520368989e+04
7.562770053677664306e-01 1.181603089102337911e+01 9.266191727291065035e+03
7.782930744975081749e-01 1.179900722010056491e+01 7.932944776880325662e+03
8.008796080669554618e-01 1.178144591534229058e+01 6.883226283052968029e+03
8.239959515843620075e-01 1.176594445481511109e+01 5.937670220276226246e+03
8.476663535155692930e-01 1.175124382734761852e+01 5.114534206457235996e+03
8.718465735111656789e-01 1.173689180026450174e+01 4.406345587688564592e+03
8.965635415379469286e-01 1.172606060339148115e+01 3.800496017588611721e+03
9.217911459766633397e-01 1.171355708453958222e+01 3.276819935637588515e+03
9.475229451130069425e-01 1.170291567321954318e+01 2.826589075080105886e+03
9.737104507524921848e-01 1.169502041041848805e+01 2.439548507037609397e+03
1.000359183856634360e+00 1.168520390300870027e+01 2.105231728729433144e+03
1.027447871380392064e+00 1.167693228271824246e+01 1.806680715716156783e+03
1.054939983921384661e+00 1.166888039922529430e+01 1.574004325215223844e+03
1.082798634963145545e+00 1.166111747115765773e+01 1.359967133563511879e+03
1.111030223880506318e+00 1.165389457374888593e+01 1.177156998312288806e+03
1.139548540113656916e+00 1.164636193041203960e+01 1.020005249505914207e+03
1.168362984798502868e+00 1.164032344797130136e+01 8.840698599796337476e+02
1.197429281831436487e+00 1.163292751207944065e+01 7.673555715644497468e+02
1.226715362622905259e+00 1.162499746580401627e+01 6.664784851261085805e+02
1.256148331678868857e+00 1.162041399118081308e+01 5.794909907725158291e+02
1.285749773785600292e+00 1.161361725290099045e+01 5.044089347850922422e+02
1.315411680814957407e+00 1.160332520195745865e+01 4.393956634852339675e+02
1.345153967979557219e+00 1.159425089099064543e+01 3.837222017406848522e+02
1.374879871389903085e+00 1.158564304787558008e+01 3.350152639863556487e+02
1.404551588351526714e+00 1.157587736502811637e+01 2.919803278199975125e+02
1.434018691166200066e+00 1.156611597691648541e+01 2.566307919748539916e+02
1.463223148366772364e+00 1.155377609267886285e+01 2.252142707638105037e+02
1.492035606881814802e+00 1.154174337678446882e+01 1.981477355639912901e+02
1.520340209964365474e+00 1.152916200261866919e+01 1.747968701784267580e+02
1.548072120019508446e+00 1.151492005014661046e+01 1.542394883910957901e+02
1.575128782678642647e+00 1.149843499976306660e+01 1.368268387085187499e+02
1.601401010344009501e+00 1.148148123719837876e+01 1.214747844070256519e+02
1.626817554250867603e+00 1.146344694581793355e+01 1.082640016586717593e+02
1.651287381156515410e+00 1.144265358126739862e+01 9.663528958653469658e+01
1.674753596248068854e+00 1.142006140943159131e+01 8.657284581148198299e+01
1.697075439380772988e+00 1.139654465196159627e+01 7.784527712788582221e+01
1.718256019516164246e+00 1.136987091459759824e+01 7.016895198524809985e+01
1.738215378798148691e+00 1.134267711920756128e+01 6.345973226674427536e+01
1.756906419537697994e+00 1.131274530690348357e+01 5.755089329865986514e+01
1.774246258704189838e+00 1.128151815004168768e+01 5.220801633646303941e+01
1.790209473628063375e+00 1.124759238588217514e+01 4.792634107028278123e+01
1.804771982772686467e+00 1.121221993019608121e+01 4.392097734945527776e+01
1.817888869105681149e+00 1.117545353148020482e+01 4.026738373185042974e+01
1.829521386620841072e+00 1.113644608483123122e+01 3.735137235909707698e+01
1.839652166306603220e+00 1.109601432857123804e+01 3.463722552333016580e+01
1.848276602134524049e+00 1.105331713393902859e+01 3.222827855577077827e+01
1.855378210321282140e+00 1.100835064212936132e+01 3.012727261122871880e+01
1.860934568379175147e+00 1.096285783365314614e+01 2.828354000608853269e+01
1.864960875206410629e+00 1.091656138401737230e+01 2.667132656627600440e+01
1.867437438868681188e+00 1.086815905421505057e+01 2.525897530861546514e+01
1.868367099008052090e+00 1.081943917356014317e+01 2.394073587825367255e+01
1.867772757145634621e+00 1.077034130821339453e+01 2.299254433495234906e+01
1.865662055274722730e+00 1.072189246996679479e+01 2.203717200769873941e+01
1.862060185881073471e+00 1.067395482318014110e+01 2.139223289391222238e+01
1.857028153346238719e+00 1.062640526221593795e+01 2.085643683962974038e+01
1.850608367274405586e+00 1.058219531004064251e+01 2.046525449246748352e+01
1.843021113443484404e+00 1.053898801331687096e+01 2.019213068029794655e+01
1.834354714517941964e+00 1.049435212731823519e+01 1.998933269755766062e+01
1.824796259691903844e+00 1.045013922376032589e+01 1.986323490696888072e+01
1.814485461072206984e+00 1.040493560870427636e+01 1.978385066463598108e+01
1.803504717761335918e+00 1.035863696173715454e+01 1.973122361286505821e+01
