2.191799393479931801e-01 1.550982551689759603e+01 3.683552447462830693e+06
2.277972904326342474e-01 1.518495469577603707e+01 3.057451745350678917e+06
2.368185692963661326e-01 1.488574970364735073e+01 2.527475709953823593e+06
2.462179010860479356e-01 1.460694372555468590e+01 2.100892859812934883e+06
2.560351754200410057e-01 1.437767434457101423e+01 1.752125976621122798e+06
2.662780461021057588e-01 1.413708277663419288e+01 1.445461378993310034e+06
2.769538720071523796e-01 1.394052499071746354e+01 1.204655895775496261e+06
2.880758767667384590e-01 1.373687942746045643e+01 9.972049548302437179e+05
2.996451366404732641e-01 1.356683727004928031e+01 8.263462188651548931e+05
3.116706794274275993e-01 1.341219025724481106e+01 6.864689003328674007e+05
3.241698820835437478e-01 1.325206040254870388e+01 5.716729020269209286e+05
3.371500942342234297e-01 1.311999279896793702e+01 4.746756994823040441e+05
3.506158560515752476e-01 1.300017725543160019e+01 3.943964121897720615e+05
3.645905150557365304e-01 1.288041166050246922e+01 3.288090605882474920e+05
3.790584852074672662e-01 1.277715299238606406e+01 2.730793202664185083e+05
3.940065752900956952e-01 1.267926849257720967e+01 2.273054279983095475e+05
4.094933510215014727e-01 1.259636743232976386e+01 1.896303518278014089e+05
4.254943376414777600e-01 1.251129725240562252e+01 1.580539252505225886e+05
4.419881818697763975e-01 1.243764306548429133e+01 1.319373134752422338e+05
4.590523601895369343e-01 1.237074291000512005e+01 1.100440052420105931e+05
4.765944885951345911e-01 1.230687062571201551e+01 9.196937566942784179e+04
4.946576510221010192e-01 1.225026053713745355e+01 7.697666194117377745e+04
5.132419342604989110e-01 1.219570141969406407e+01 6.437784473392600921e+04
5.323480074764316283e-01 1.214624704092957153e+01 5.389102602257350372e+04
5.519700328192396199e-01 1.210332283785279373e+01 4.514546748716052389e+04
5.720776167117016531e-01 1.206137367589855991e+01 3.783972286551185243e+04
5.926845941620876301e-01 1.202212914013520617e+01 3.180930114823405893e+04
6.138130685288607502e-01 1.198539250478255980e+01 2.673905261897559831e+04
6.355314093450573631e-01 1.195225684730369764e+01 2.246280464950739406e+04
6.578861412954492005e-01 1.192115142193535959e+01 1.885633561219554031e+04
6.809323007691254759e-01 1.189185297850569611e+01 1.587009817636209118e+04
7.046643812129843587e-01 1.186438857699722149e+01 1.333056396908532770e+04
7.291375754611361115e-01 1.184081403110781494e+01 1.118053778660687567e+04
7.543726237775413290e-01 1.181812068731386667e+01 9.388240518804735984e+03
7.803554101479983629e-01 1.179794507816797022e+01 7.811561082409344635e+03
8.071035847413106090e-01 1.177772051716360657e+01 6.609819650845400247e+03
8.345991249581131699e-01 1.175944469848313645e+01 5.548441575636521520e+03
8.628566260943674182e-01 1.174411581345046685e+01 4.655824292510472333e+03
8.918456456313925695e-01 1.173047136709072014e+01 3.907709504464717611e+03
9.215477605583241028e-01 1.171624277602039221e+01 3.282410870760484613e+03
9.519554734835283805e-01 1.170385661138637801e+01 2.759506988860573074e+03
9.829953694499254935e-01 1.168969811462910968e+01 2.317524107290545999e+03
1.014668904655812387e+00 1.168265773388132445e+01 1.947479528655317608e+03
1.046932498906951947e+00 1.167651893770045746e+01 1.640516955304190788e+03
1.079727586679474216e+00 1.166284477892268434e+01 1.382704243972786799e+03
1.113035077977970300e+00 1.165428186573454106e+01 1.165512572697724636e+03
1.146748553457373365e+00 1.164555244926546962e+01 9.843792100768781665e+02
1.180862199082064468e+00 1.163668320827789948e+01 8.325180122822488329e+02
1.215306812416094617e+00 1.162972942766116091e+01 7.044908418152009517e+02
1.250018583915539550e+00 1.162373982161253494e+01 5.968043860996976946e+02
1.284925310267094112e+00 1.161464696453014334e+01 5.064702737946367961e+02
1.319945914599575554e+00 1.160372124914429826e+01 4.309329957483059843e+02
1.355062961689257328e+00 1.159194630175235829e+01 3.669545268073204056e+02
1.390166988239440515e+00 1.158104400874321271e+01 3.128424741498162120e+02
1.425191977077925776e+00 1.156982549896051715e+01 2.673954824903722169e+02
1.460069091566690069e+00 1.155673457472165211e+01 2.288671894786259600e+02
1.494675465920314750e+00 1.154366376265498495e+01 1.964027748143576844e+02
1.528866806774505704e+00 1.152991701294167548e+01 1.688594212742425782e+02
1.562511906029991682e+00 1.151398812116692305e+01 1.455030144085613983e+02
1.595475960271009574e+00 1.149529842811533520e+01 1.258608311548412502e+02
1.627642442316775684e+00 1.147565323125983028e+01 1.090288647738868804e+02
1.658916303809032211e+00 1.145431037258198792e+01 9.485129791639077723e+01
1.689162012036207861e+00 1.143187824621625381e+01 8.268037240654417985e+01
1.718318601945674207e+00 1.140654212269844159e+01 7.233278318313712418e+01
1.746260850200697545e+00 1.137979502174095536e+01 6.351933626303939207e+01
1.772944103203239585e+00 1.134925105673315038e+01 5.592681503537895082e+01
1.798292132848156699e+00 1.131763174024696283e+01 4.946677724961604383e+01
1.822270203632502916e+00 1.128437083727322232e+01 4.386973760421580693e+01
1.844814207490262925e+00 1.124839621098801423e+01 3.900920775254178352e+01
1.865887644775502396e+00 1.120998387846871580e+01 3.483587764393955410e+01
1.885477725060370480e+00 1.116953002007239348e+01 3.122759286659242406e+01
1.903557198181604848e+00 1.112733238853544826e+01 2.807555127824401708e+01
1.920110986367170813e+00 1.108238669374482832e+01 2.531761704783459521e+01
1.935178341507100219e+00 1.103508248804508618e+01 2.291160460455130732e+01
1.948730407009087173e+00 1.098603711666402027e+01 2.073961775673297581e+01
1.960787590840614047e+00 1.093551709433600294e+01 1.887996524431255452e+01
1.971387547262307915e+00 1.088315319225757349e+01 1.731066428192114159e+01
1.980531455469019431e+00 1.082907540998697193e+01 1.582445015634958629e+01
1.988274202105278388e+00 1.077275840904185955e+01 1.460743840219418743e+01
1.994633159289864732e+00 1.071514286772951152e+01 1.346469338674054228e+01
1.999659328958742543e+00 1.065626270490459504e+01 1.246523610525719761e+01
2.003388902641267233e+00 1.059647219524547879e+01 1.156958712200779615e+01
2.005865372639781263e+00 1.053484539069364523e+01 1.073687218091371243e+01
2.007140666890008696e+00 1.047225297185264914e+01 1.005616023348792609e+01
2.007255580623034330e+00 1.040871339305986254e+01 9.412818343369675489e+00
2.006271539021767136e+00 1.034389657016038200e+01 8.834565254148284197e+00
2.004230314895747433e+00 1.027850218933483184e+01 8.299453007347825206e+00
2.001184245138591944e+00 1.021283961142493979e+01 7.829849528079114052e+00
1.997179251473869321e+00 1.014665613389963461e+01 7.429222437648825839e+00
1.992289316769733309e+00 1.007863982513770296e+01 7.029842061921900864e+00
1.986543436740792146e+00 1.001197954213578534e+01 6.710560114270801790e+00
1.979998016422940266e+00 9.943556587938426006e+00 6.398455948002064630e+00
1.972691322879563280e+00 9.875956661333374242e+00 6.097116062810227888e+00
1.964698936353755254e+00 9.808277345749347731e+00 5.856711277283678463e+00
1.956046655432245984e+00 9.740389407784851628e+00 5.624628693374410737e+00
1.946779671980826132e+00 9.672817494996195364e+00 5.403914182150382217e+00
1.936954826309412070e+00 9.605072132253679840e+00 5.208136367350792995e+00
1.926625351413007836e+00 9.537664123184313780e+00 5.035080512214425319e+00
1.915825100756867183e+00 9.471235444583150809e+00 4.881599540237819390e+00
1.904792725412822740e+00 9.406251929078123908e+00 4.749517476059797794e+00
