2.191799393479931801e-01 1.550982551689759603e+01 3.683552447462830693e+06
2.272475252348544472e-01 1.522031676144847090e+01 3.100980152268338017e+06
2.356560759708642427e-01 1.491395268383261552e+01 2.589442336616050918e+06
2.444263439897449708e-01 1.465800447334294176e+01 2.174882323418006767e+06
2.535447310851468572e-01 1.442457027103110612e+01 1.828080925331937149e+06
2.630354991453567881e-01 1.420099471611835718e+01 1.531360707782430807e+06
2.729052414022110629e-01 1.400069878714339566e+01 1.287788699256038293e+06
2.831622165830109950e-01 1.382041783162775062e+01 1.080096711555841612e+06
2.938141198845633517e-01 1.364677874738662489e+01 9.079596258266166551e+05
3.048565678043801963e-01 1.348724873318838924e+01 7.642434271862911992e+05
3.163201068539606697e-01 1.334622661110202557e+01 6.355798173765459796e+05
3.281934436931044918e-01 1.321262845092411276e+01 5.391186804517651908e+05
3.404875002365674863e-01 1.309012838686639668e+01 4.536034719355446869e+05
3.532092262812969174e-01 1.297334813205469040e+01 3.811253456348205218e+05
3.663710868311951252e-01 1.287004110486965480e+01 3.211685125128039508e+05
3.799766214485597593e-01 1.277226285482122492e+01 2.701871265655374154e+05
3.940274297717896168e-01 1.268256878893367201e+01 2.279009833787454118e+05
4.085294067479705582e-01 1.259857142304724675e+01 1.917107084660437831e+05
4.234760608948553440e-01 1.252029015315240734e+01 1.619646157885829161e+05
4.388785650886983247e-01 1.245086199767928115e+01 1.363239815596207918e+05
4.547508746921098410e-01 1.238841163481366969e+01 1.138735729707563587e+05
4.710953734807438176e-01 1.232622390167074222e+01 9.645361840047768783e+04
4.878686870232848971e-01 1.227132446139956734e+01 8.210357380277122138e+04
5.050850605566653551e-01 1.221781974634454571e+01 6.885714675614646694e+04
5.227689251084051136e-01 1.217112220853655735e+01 5.881185820491750201e+04
5.409105048583039421e-01 1.212617278139602917e+01 4.988321066485373012e+04
5.595052496278467569e-01 1.208576647498981949e+01 4.225142683749310527e+04
5.785161889093409782e-01 1.204824876871978390e+01 3.548739299112474691e+04
5.973421720104472588e-01 1.201270177569019815e+01 3.057073759278726357e+04
6.153172115150433719e-01 1.197995606920606626e+01 2.627929192875853551e+04
6.327144763860595988e-01 1.194667985770462870e+01 2.284284659477688911e+04
6.498930582199322625e-01 1.191487068097507063e+01 1.984090929431440236e+04
6.670104580582680853e-01 1.188154599401391742e+01 1.727317828863865725e+04
6.843249057967248916e-01 1.184399781004508512e+01 1.493784312240362669e+04
7.023034345817232849e-01 1.181327683918462412e+01 1.303886460926342443e+04
7.210480118132082117e-01 1.177893145907277805e+01 1.127516593750059837e+04
7.406398179572553087e-01 1.174795818669439917e+01 9.730551728260918026e+03
7.611314595929417059e-01 1.171454031505548699e+01 8.365010513209444980e+03
7.825727929530351679e-01 1.168009346334122789e+01 7.174979065798156626e+03
8.050094309049941055e-01 1.165131945465784291e+01 6.134821367808447576e+03
8.284920200897514242e-01 1.162147839002668803e+01 5.230424278900281934e+03
8.530061515638351910e-01 1.159672703012433814e+01 4.444820533723504923e+03
8.784805433842651778e-01 1.156913663002264414e+01 3.779622123120728247e+03
9.045159538652302045e-01 1.154545532006834740e+01 3.210765524810361057e+03
9.310869247924111747e-01 1.152418989413301986e+01 2.733843747718800387e+03
9.582147258978082061e-01 1.150346322128649845e+01 2.326182496689135405e+03
9.859062251054773185e-01 1.148328545624533881e+01 1.981008552462127454e+03
1.014158908447131191e+00 1.146506365321076970e+01 1.686712123256732639e+03
1.042991470907950857e+00 1.144768399108057899e+01 1.436956028737257839e+03
1.072373610016479129e+00 1.143132550779146328e+01 1.224715702674161321e+03
1.102303366366401027e+00 1.141393983171022342e+01 1.044869932638925775e+03
1.132793757338139473e+00 1.139851660437306435e+01 8.901485475486832684e+02
1.163808430165524710e+00 1.138528115901424442e+01 7.596898126881250164e+02
1.195271738280417217e+00 1.137116610872853961e+01 6.489005299049686073e+02
1.227238826378983738e+00 1.135553656278610113e+01 5.542257612117273311e+02
1.259633414261545292e+00 1.134484671697844327e+01 4.735307631062498217e+02
1.292430637507741453e+00 1.132962613864494372e+01 4.047164033831789425e+02
1.325577273657153388e+00 1.131694220313654853e+01 3.463315969630309041e+02
1.359071514555411753e+00 1.130406194572874234e+01 2.963268271407810062e+02
1.392759052841958445e+00 1.129169931439687424e+01 2.544369804603055059e+02
1.426694970498005643e+00 1.127814082792013295e+01 2.180156943796015980e+02
1.460790621698779379e+00 1.126632521166508205e+01 1.865911884291184890e+02
1.495049852602289953e+00 1.125398616926408835e+01 1.613305270275679391e+02
1.529093478785179316e+00 1.124112624377697145e+01 1.381824048943597063e+02
1.562811075854361631e+00 1.122756299239821765e+01 1.197100576607147815e+02
1.595840382345851127e+00 1.121224304948039041e+01 1.037499644249692921e+02
1.628412836191540425e+00 1.119828604360905189e+01 9.006486432038065004e+01
1.660350362166833849e+00 1.118110609870618788e+01 7.842482662525361548e+01
1.691686751048478987e+00 1.116392328317768445e+01 6.836076906670993480e+01
1.722213754045676337e+00 1.114577672513154027e+01 5.982608488227731414e+01
1.752237886396936783e+00 1.112542162957152847e+01 5.211810695304949093e+01
1.781463199909741446e+00 1.110416353302470327e+01 4.590960661386184682e+01
1.809859984747259620e+00 1.108176748478004292e+01 4.044190161761223834e+01
1.837571818285569591e+00 1.105830113328503472e+01 3.567838067402274760e+01
1.864476440114214872e+00 1.103331033771536163e+01 3.148071205555442376e+01
1.890645567050738718e+00 1.100695523090107031e+01 2.786565844957552329e+01
1.915867178954688832e+00 1.097970112738172155e+01 2.466905165431321478e+01
1.940217123750549666e+00 1.095119875327733894e+01 2.195841919028403311e+01
1.963808406957938901e+00 1.092129366727555428e+01 1.952326890354269651e+01
1.986327682648206361e+00 1.089030337496785883e+01 1.742922518527866771e+01
