2.191799393479931801e-01 1.550982551689759603e+01 3.683552447462830693e+06
2.263037988122235944e-01 1.527405256810094336e+01 3.146135036612177268e+06
2.336798750225202725e-01 1.499746142316884878e+01 2.713398316777832806e+06
2.413516477309171349e-01 1.474961727452076410e+01 2.317067873085972387e+06
2.492769614428600455e-01 1.453001662486441603e+01 1.980173142190593993e+06
2.574977304758316876e-01 1.433008877597836772e+01 1.697289440393123077e+06
2.660100724781762627e-01 1.414455959965846610e+01 1.455010713558313670e+06
2.748204252057515062e-01 1.396818553434923516e+01 1.246577759057730902e+06
2.839362547757157684e-01 1.380848090275462070e+01 1.067044820104783867e+06
2.933732752420089573e-01 1.365274702986010347e+01 9.144298655936173163e+05
3.030868216411830574e-01 1.351258907971472389e+01 7.843550118809192209e+05
3.131407237967974155e-01 1.338127467704859086e+01 6.711973644410783891e+05
3.235300765749928309e-01 1.326711414834289293e+01 5.771952190346335992e+05
3.342298673776045725e-01 1.315024514097782671e+01 4.950428385404840810e+05
3.452607292834078412e-01 1.303740669984354739e+01 4.247015111790340161e+05
3.566457877622296602e-01 1.294476936618933038e+01 3.645250165255805477e+05
3.683567928102846056e-01 1.285788248880979090e+01 3.130085267958824988e+05
3.804197209200972374e-01 1.276658648241699012e+01 2.688066639996156446e+05
3.928344787730689291e-01 1.269010473866754296e+01 2.306985764682184090e+05
4.056025087126795547e-01 1.261382306888607019e+01 1.985015675953479076e+05
4.187123972997924271e-01 1.254366880896429315e+01 1.706379981717726623e+05
4.321896523134186041e-01 1.248247609437656713e+01 1.468309286976702861e+05
4.460285954261463681e-01 1.241959100627047796e+01 1.264422732774993638e+05
4.602326206620201421e-01 1.237032248214706875e+01 1.086988962976515759e+05
4.747685938617482448e-01 1.231252183990016213e+01 9.391055882383209246e+04
4.896706378535967130e-01 1.226369152507540505e+01 8.078933003596507479e+04
5.049144844600783610e-01 1.221852639014648112e+01 6.968228806017522584e+04
5.205273440707235411e-01 1.217770563349344570e+01 6.010012876220406906e+04
5.364958743636010219e-01 1.213734078422422868e+01 5.194787732757398044e+04
5.528179086659188446e-01 1.210067738567511064e+01 4.484686147410725971e+04
5.694965031503672614e-01 1.206764617100197512e+01 3.873706921546714875e+04
5.862770135539179250e-01 1.203278075057432339e+01 3.353223917190320208e+04
6.018828820321254769e-01 1.200359510091920079e+01 2.944283057482140794e+04
6.172270612564261238e-01 1.197423509374410955e+01 2.588771740493005927e+04
6.325477142318169932e-01 1.194391167753315131e+01 2.278346498978132877e+04
6.479391886070302586e-01 1.191443159866804891e+01 2.010288736654509557e+04
6.635359082450302814e-01 1.188418214691484742e+01 1.771468357656715307e+04
6.794180846606955315e-01 1.185217528756732186e+01 1.560321934436550328e+04
6.956573705976889510e-01 1.182359266198244008e+01 1.366258970085466899e+04
7.123232865634325783e-01 1.179541500967240353e+01 1.208360477131237167e+04
7.294593980389715293e-01 1.176630985755300252e+01 1.061015964794068168e+04
7.471188452950197068e-01 1.173764978955475513e+01 9.293399048035798842e+03
7.653326646162629254e-01 1.170934583898408832e+01 8.136985912513395306e+03
7.841425385684041016e-01 1.168223756535337898e+01 7.121100185275584408e+03
8.035861614777735085e-01 1.165273595344266333e+01 6.208105524510056966e+03
8.236843871741081902e-01 1.162957555377335161e+01 5.410011133163734485e+03
8.444520253004479393e-01 1.160597007990516261e+01 4.707542910890800158e+03
8.659256287779870664e-01 1.158123484792569080e+01 4.095932003249018180e+03
8.881062647940747290e-01 1.155682212924219421e+01 3.551288584698730574e+03
9.110095265960580502e-01 1.153692840052706892e+01 3.078357827772658766e+03
9.346467430081101257e-01 1.151704264519594290e+01 2.665663811856318262e+03
9.590057878219837573e-01 1.149735044106130566e+01 2.308040341893124605e+03
9.841004392429790748e-01 1.148004456237008952e+01 1.995331626630015990e+03
1.009934440829392877e+00 1.146379378573561603e+01 1.723164155866551482e+03
1.036480183804473487e+00 1.144928402803481937e+01 1.487676200754375941e+03
1.063737063530257654e+00 1.143596545744983750e+01 1.283671451731278694e+03
1.091691871477560305e+00 1.142504599770070861e+01 1.099637479081520723e+03
1.120319106816581423e+00 1.141214413575752040e+01 9.553013647793757173e+02
1.149611446469159581e+00 1.140388011984937755e+01 8.236717126151872890e+02
1.179531785963766399e+00 1.139059542821493309e+01 7.106356709189677758e+02
1.210061250824654433e+00 1.138722558392755424e+01 6.134816874611227604e+02
1.241160571793520573e+00 1.137793285751902772e+01 5.288623801328278660e+02
1.272803570301724863e+00 1.137020324429181528e+01 4.568117410582536877e+02
1.304947980404487451e+00 1.136608044707769771e+01 3.941568124592138247e+02
1.337566921710413581e+00 1.135924177875796914e+01 3.404330345103356876e+02
1.370599028606715786e+00 1.135501614497639444e+01 2.943681230216781728e+02
1.404011513917527987e+00 1.135370159744189067e+01 2.545848766683048723e+02
1.437759831980835346e+00 1.134960601970121274e+01 2.202787855019569179e+02
1.471796437494616860e+00 1.134463544209083530e+01 1.900031200708367862e+02
1.506054601839888374e+00 1.134437329960439911e+01 1.655602728407474160e+02
1.540503973310869856e+00 1.134116650980541330e+01 1.438763887428463306e+02
1.575048394888448389e+00 1.133846015734090784e+01 1.243541404684877278e+02
1.609418728666456522e+00 1.133524595899045373e+01 1.087343553735497892e+02
1.643539709362999757e+00 1.133241504334803551e+01 9.494004697754165534e+01
1.677333600999238339e+00 1.132921938864271283e+01 8.298607328229041968e+01
1.710799845300601252e+00 1.132474535750237621e+01 7.272068118032979100e+01
1.743893619954449470e+00 1.132024201613976544e+01 6.380210263079871424e+01
1.776590107722685330e+00 1.131524511804612487e+01 5.584364136252133193e+01
1.808803346861615591e+00 1.130907227501655576e+01 4.917486233643814586e+01
1.840524960009847000e+00 1.130227219839981245e+01 4.358981856610366634e+01
