2.191799393479931801e-01 1.550982551689759603e+01 3.683552447462830693e+06
2.280239531812656151e-01 1.517921358702120926e+01 3.042680183399624191e+06
2.372813689058516085e-01 1.487233332923153561e+01 2.513405319652544335e+06
2.469563153108690345e-01 1.459179748180680924e+01 2.069936152069093427e+06
2.570648925088148129e-01 1.434555340069687368e+01 1.710792948617682792e+06
2.676177287867657628e-01 1.410829166904402143e+01 1.411338210929028923e+06
2.786409579002677162e-01 1.389682756807990671e+01 1.157415881076947786e+06
2.901164674059059090e-01 1.370588997776172846e+01 9.647984944091343787e+05
3.020671700917535452e-01 1.353057527473592003e+01 7.989913873929732945e+05
3.145261255722948679e-01 1.337401761439694603e+01 6.579030792636625702e+05
3.274546358342016461e-01 1.321980877737290960e+01 5.455058915412364295e+05
3.409160285620161934e-01 1.308264954145363035e+01 4.501627642596462392e+05
3.548550524571360554e-01 1.296000024618362545e+01 3.735425079084847239e+05
3.693302157177925094e-01 1.284670917472567631e+01 3.090331489874664694e+05
3.843470278285967545e-01 1.274196450974938166e+01 2.558363362217991089e+05
3.998866630502545538e-01 1.264447578868219146e+01 2.122774381480587472e+05
4.159743007116195601e-01 1.255715894222083762e+01 1.758646502518162888e+05
4.325994164047192725e-01 1.247736516699448117e+01 1.463573666471040924e+05
4.497903093361524385e-01 1.240640507304403783e+01 1.214773481353773532e+05
4.675124010399084873e-01 1.233896729880062182e+01 1.010259714808516583e+05
4.857677880517005664e-01 1.227729890078715336e+01 8.392598110012807592e+04
5.045778959016774534e-01 1.222071790004879688e+01 6.989502926121243217e+04
5.239344762027561275e-01 1.216930178474380320e+01 5.827780655289671267e+04
5.438344791857685490e-01 1.211935604010219691e+01 4.858512144676880416e+04
5.642775204220695784e-01 1.207635286247300677e+01 4.047388124923768919e+04
5.851770741229584960e-01 1.203559310459126408e+01 3.388134596517580940e+04
6.060684693176020543e-01 1.199708316636764671e+01 2.841873644465470352e+04
6.268928354165604899e-01 1.196259174135176018e+01 2.401913270024299345e+04
6.479642240241471063e-01 1.192839465210812477e+01 2.029272022472535537e+04
6.694936374997465522e-01 1.189557446501053306e+01 1.715348165259545931e+04
6.916600142792433958e-01 1.186365453647177581e+01 1.446465861381937611e+04
7.146010925330222863e-01 1.183293997088347282e+01 1.222141981466244761e+04
7.382937321513585172e-01 1.180238005214587105e+01 1.029534454049122178e+04
7.629934430539289103e-01 1.177496949020823713e+01 8.568104272475224207e+03
7.887057020020350473e-01 1.174892685503063028e+01 7.245968436105832552e+03
8.155062740042626768e-01 1.172462792464711612e+01 6.065059844572048860e+03
8.434555129984948607e-01 1.170435624444873390e+01 5.065565705130843526e+03
8.725872916720467387e-01 1.168390495589148870e+01 4.224454365043827238e+03
9.029139676623852973e-01 1.166538773917480221e+01 3.518876367610994293e+03
9.344949566042372036e-01 1.164935296823618138e+01 2.921632381521636489e+03
9.673145249321429828e-01 1.163606293382638590e+01 2.425882738501420135e+03
1.001384999185540137e+00 1.162563260784894581e+01 2.011056750302898308e+03
1.036047578629073707e+00 1.161620843568923966e+01 1.673391325176516830e+03
1.069922771208356993e+00 1.160946150689467693e+01 1.401303668819758059e+03
1.103069456195616249e+00 1.159931853333695884e+01 1.181721212375232426e+03
1.135561517585298219e+00 1.158846659340616903e+01 1.001539152112652687e+03
1.167501648241963563e+00 1.157729956317755615e+01 8.522663964814298652e+02
1.198945075247442649e+00 1.156416328450789877e+01 7.286785591170167891e+02
1.229945306150201034e+00 1.154906527757044010e+01 6.236427072052672429e+02
1.260516100242814685e+00 1.153371026323479320e+01 5.355724736290748069e+02
1.290687604461168148e+00 1.151218162818346968e+01 4.613463618227782490e+02
1.320497743414932312e+00 1.149216290798867846e+01 3.974696489328553071e+02
1.349952756973351820e+00 1.146976546418295584e+01 3.434862752290821390e+02
1.379066431975846552e+00 1.144944404028291629e+01 2.961591407213480238e+02
1.407838155789322254e+00 1.142343399746579813e+01 2.575706248704111090e+02
1.436248787589206710e+00 1.139276693184472755e+01 2.236551485104784263e+02
1.464297139821886695e+00 1.136460298534696456e+01 1.941338765465300753e+02
1.491964749906030008e+00 1.133322794034577363e+01 1.689574176722900347e+02
1.519236929521359025e+00 1.130164604614582124e+01 1.472577579607128939e+02
1.546085416317792172e+00 1.126753305041255082e+01 1.278841994904154262e+02
1.572487621264276658e+00 1.123282792044811451e+01 1.121832715706664487e+02
1.598420789439372935e+00 1.119567481708328138e+01 9.811350824260030379e+01
1.623850273988547865e+00 1.115728758044514812e+01 8.586126553512198711e+01
1.648890459241684647e+00 1.111873997458974728e+01 7.527811549630435195e+01
1.673081714165480571e+00 1.107751827898429653e+01 6.607807204525677491e+01
1.696823756857354981e+00 1.103488970048769069e+01 5.813520575718382588e+01
1.719937037317381234e+00 1.099171669924465355e+01 5.116150474338911636e+01
1.742529153194814384e+00 1.094821500178259832e+01 4.504753404965212127e+01
1.764306586616769090e+00 1.090251162568986487e+01 3.973959121336200440e+01
1.785227913969331892e+00 1.085627802618692783e+01 3.508903108972799600e+01
1.805542813947851988e+00 1.080730441082905990e+01 3.120708291411706270e+01
1.825097311564667368e+00 1.075886920704986061e+01 2.767661156496641439e+01
1.843838508746117766e+00 1.070931624060915333e+01 2.452168333179809778e+01
1.861771166004287714e+00 1.065774438694095139e+01 2.191129455914293089e+01
1.878873869036356670e+00 1.060614906543309388e+01 1.954445902092916398e+01
1.895112737575236794e+00 1.055337479248975363e+01 1.747202111917896517e+01
1.910484802524627934e+00 1.050031168608347443e+01 1.559240934204720652e+01
1.924974391611237401e+00 1.044654194719067952e+01 1.399037192438764521e+01
1.938564159664140751e+00 1.039169450204698641e+01 1.261541675211565838e+01
1.951264625701842892e+00 1.033679213435081223e+01 1.136083933998412832e+01
