2.191799393479931801e-01 1.550982551689759603e+01 3.683552447462830693e+06
2.290100695733291725e-01 1.513538482893584636e+01 2.977142231278809253e+06
2.393526426437461441e-01 1.481911321671157822e+01 2.419545066714471672e+06
2.502142295180505016e-01 1.450325225540968965e+01 1.943418450207933784e+06
2.616132583322703375e-01 1.424115005966926972e+01 1.577294462916893885e+06
2.735673483857350430e-01 1.399354077278573349e+01 1.273916008002043236e+06
2.860931337522195639e-01 1.376808835861901237e+01 1.030888220291782171e+06
2.992072195231387788e-01 1.357310190524104065e+01 8.322758283185726032e+05
3.128909177894479421e-01 1.338336182413151576e+01 6.750303305809649173e+05
3.272094151518383232e-01 1.322838926103532131e+01 5.465403784746469464e+05
3.421425577748997138e-01 1.307045077985789483e+01 4.427420875281641493e+05
3.576963462940491723e-01 1.293842519050359208e+01 3.589412339371902635e+05
3.739036424096219280e-01 1.281141110103291858e+01 2.923323228532234789e+05
3.907685136070567222e-01 1.269891075728639152e+01 2.350318425957428699e+05
4.082943413267549060e-01 1.259982595706686936e+01 1.923949930424496706e+05
4.264871573589447129e-01 1.251031796803830964e+01 1.563196648660102801e+05
4.453506853126626974e-01 1.242509427279209433e+01 1.269638395069648686e+05
4.648903064289607867e-01 1.234823781677012278e+01 1.035449810587672982e+05
4.850778192863023919e-01 1.228052567583758581e+01 8.441305624579585856e+04
5.059523716467120291e-01 1.221452520876145265e+01 6.893340341928170528e+04
5.274959969779704494e-01 1.215741245607946297e+01 5.641148660225754429e+04
5.497070151348563138e-01 1.210787611848635947e+01 4.614042091341929336e+04
5.725551577837307837e-01 1.205912100558483324e+01 3.769854415910146781e+04
5.957722925239972156e-01 1.201579354330494276e+01 3.098971403668116909e+04
6.186765778350059586e-01 1.197573072204730771e+01 2.539748502675191048e+04
6.415863107389095932e-01 1.193784363465651310e+01 2.132629527219024385e+04
6.649054552255159178e-01 1.189952966118500832e+01 1.774768657071042253e+04
6.888102229652123265e-01 1.186407558018659714e+01 1.475237705171175003e+04
7.136008695394562285e-01 1.182837422843133801e+01 1.224541718947961635e+04
7.392090846784835634e-01 1.179501187758780212e+01 1.016570238098100162e+04
7.659698236340046762e-01 1.176105343521141400e+01 8.399099664243656662e+03
7.939278469757449219e-01 1.173111127978531698e+01 6.938545442329623256e+03
8.232018278453976379e-01 1.170321368276728435e+01 5.707813303524377261e+03
8.537262338952942287e-01 1.167611940731008602e+01 4.686924758677240789e+03
8.856943002859047898e-01 1.165197103695621017e+01 3.843553884186536379e+03
9.191008977151912118e-01 1.162993994363927719e+01 3.143035627582046800e+03
9.539664793762901995e-01 1.161022303485696838e+01 2.564520864101741608e+03
9.902845221909037932e-01 1.159631435701486524e+01 2.090675557080379804e+03
1.028077580394256563e+00 1.158311592447696370e+01 1.702113048506746964e+03
1.067312693916196542e+00 1.157188878198774695e+01 1.383531876419790024e+03
1.107973929537088509e+00 1.156282252161967250e+01 1.125375011926800653e+03
1.149993050563772323e+00 1.155739893776014249e+01 9.144408731900518887e+02
1.193333821253874882e+00 1.155364968475143250e+01 7.436162211008082750e+02
1.237914440798366211e+00 1.154987032172142492e+01 6.007711604097121381e+02
1.283663613739195242e+00 1.155247281179566343e+01 4.920134774061256735e+02
1.330483511108173866e+00 1.155146144248702988e+01 4.007666358488056630e+02
1.378267506517089958e+00 1.155556030300802917e+01 3.267110436598521233e+02
1.426903383260899272e+00 1.155551072379375910e+01 2.667436147716537107e+02
1.476271950878942807e+00 1.155990939792748051e+01 2.180829176629177653e+02
1.524233892262762069e+00 1.156352821021788735e+01 1.795440533547852340e+02
1.572315210846451317e+00 1.156637111555401809e+01 1.485327654697950948e+02
1.619256853147630126e+00 1.156683339851730707e+01 1.234316330673783995e+02
1.662853266125338125e+00 1.156512021156418513e+01 1.038554463401346197e+02
1.703815362522594024e+00 1.155623060629659982e+01 8.807501091057223164e+01
1.742078677596059277e+00 1.154480436568645452e+01 7.537617710057708109e+01
1.777865385532243048e+00 1.152860493660906016e+01 6.484809017986803781e+01
1.811806934239653666e+00 1.150873643946142622e+01 5.587747643241754503e+01
1.842579880148393245e+00 1.148233674042102770e+01 4.861438220807526989e+01
1.871732655671395129e+00 1.145267023629544312e+01 4.263274417824975160e+01
1.898909764918577991e+00 1.141915596480509976e+01 3.739279930173125877e+01
1.924164518898342502e+00 1.138256528377554844e+01 3.291539020635246260e+01
1.947570095348455155e+00 1.134181798291971965e+01 2.907145736803814273e+01
1.969240370626785808e+00 1.129778106243862368e+01 2.567788077715573181e+01
1.989216152988776187e+00 1.125051133607869147e+01 2.290337718624785879e+01
2.007558932404403862e+00 1.120083312394806185e+01 2.041776648903442037e+01
2.024327332649972000e+00 1.114749102739552988e+01 1.825213646016051428e+01
2.039555770591539030e+00 1.109234124912191710e+01 1.635258506718017557e+01
2.053299496317637640e+00 1.103433311164480024e+01 1.470470630957405511e+01
2.065618625374342709e+00 1.097449866225897530e+01 1.323663987834671296e+01
2.076765910234010359e+00 1.091329572693309657e+01 1.195209543397162300e+01
2.086111318138288429e+00 1.084867075638385714e+01 1.082017439786517166e+01
2.094373138140512403e+00 1.078293248841429453e+01 9.824524096185410116e+00
2.101459270831556481e+00 1.071629625038193545e+01 8.881627267185843166e+00
2.107132596941637459e+00 1.064752335345628609e+01 8.114802031956102724e+00
2.111706292233327176e+00 1.057802354434505077e+01 7.443286520032560638e+00
2.115140371462066682e+00 1.050761865022094987e+01 6.819295366768767686e+00
2.117461007404988216e+00 1.043648291533300032e+01 6.262863973014565211e+00
2.118753054703018890e+00 1.036375878550529528e+01 5.753594345935063359e+00
2.119137352879586711e+00 1.029160230985073454e+01 5.310803902043621960e+00
2.118193722478665109e+00 1.021737404041399166e+01 4.908228480811263061e+00
