2.191799393479931801e-01 1.550982551689759603e+01 3.683552447462830693e+06
2.269248059666144901e-01 1.522282548045000361e+01 3.114767247816594318e+06
2.349847653842619399e-01 1.495557321944708740e+01 2.632762497287084348e+06
2.433803043101197827e-01 1.470920473407164231e+01 2.230186479234887753e+06
2.520912437529747585e-01 1.445849060459643631e+01 1.877782048714415170e+06
2.611464210974104860e-01 1.425079605733019328e+01 1.588932275981335901e+06
2.705499788544507012e-01 1.405292226787613785e+01 1.342052970520752482e+06
2.803089914627793222e-01 1.386772987322731332e+01 1.137777302658571629e+06
2.904324196036501271e-01 1.369724974015823449e+01 9.573453567030715058e+05
3.009221254467907558e-01 1.354408183159204526e+01 8.100536115377079695e+05
3.117753528441397637e-01 1.340061494007612986e+01 6.863891958066285588e+05
3.230147656858186611e-01 1.327119454944822863e+01 5.822896513507894706e+05
3.346569836002233900e-01 1.315076039506186234e+01 4.914303461549787316e+05
3.466713591708451281e-01 1.304106675474965904e+01 4.162307160923831980e+05
3.590967804585437073e-01 1.291723224186653951e+01 3.527648037029958796e+05
3.719239259710315770e-01 1.282902925295253027e+01 2.988423142646378838e+05
3.851681819475249458e-01 1.273586004733984467e+01 2.533344190733303840e+05
3.988138664104231013e-01 1.265180312131985652e+01 2.148154895577294519e+05
4.128783158252876118e-01 1.257482513015019876e+01 1.826650993182832899e+05
4.273730538335884233e-01 1.250153741991007372e+01 1.551284903471414291e+05
4.422716694635570045e-01 1.243522396382957851e+01 1.314182045973550412e+05
4.576091385765852504e-01 1.237476961009507370e+01 1.117796836489573616e+05
4.733699469268904947e-01 1.231864725170687436e+01 9.496820777188279317e+04
4.895429858947973889e-01 1.226440115979549361e+01 8.085481947921516257e+04
5.061201552931215986e-01 1.221571137711528365e+01 6.890630709461150400e+04
5.231326176022433883e-01 1.216895427933142670e+01 5.871860235163183097e+04
5.405627746458040450e-01 1.212775426058739292e+01 5.010347448279054515e+04
5.584131222136002881e-01 1.208850227702075841e+01 4.268747016699320375e+04
5.766479532058884638e-01 1.205243450367493985e+01 3.609650737605678296e+04
5.950440741804203792e-01 1.201376871460915297e+01 3.117848503037958653e+04
6.132191721015749497e-01 1.198449458423920788e+01 2.688900687098764320e+04
6.313724260938619048e-01 1.195430348083897165e+01 2.316166068592886950e+04
6.496779847187010848e-01 1.192607412852885318e+01 1.999882489683911990e+04
6.683101173995786848e-01 1.189520900964025785e+01 1.727864807493500120e+04
6.873539575193919893e-01 1.186558706584991718e+01 1.478736692289715029e+04
7.069373708799087108e-01 1.183874266667319297e+01 1.287772460629426860e+04
7.270663878320691165e-01 1.181257412917119076e+01 1.110448212103047626e+04
7.478551945803110224e-01 1.178371461391766140e+01 9.559174471138056106e+03
7.693640767988043638e-01 1.176001825227678843e+01 8.220935811822968390e+03
7.916385511274355302e-01 1.173643728056665836e+01 7.053664940844516423e+03
8.147197686622038582e-01 1.171413868075177867e+01 6.050461918965214863e+03
8.386353361775745752e-01 1.169232157780303538e+01 5.171095278948067971e+03
8.634236058199692421e-01 1.167351866321058473e+01 4.422453544903621150e+03
8.891113044743963467e-01 1.165436731576164675e+01 3.772163720466037375e+03
9.157054236163358896e-01 1.163588667012559874e+01 3.214906391834878377e+03
9.432211983827513135e-01 1.162319813602339380e+01 2.737904686956559999e+03
9.716652399791501082e-01 1.160991707540070550e+01 2.328332957918540615e+03
1.001036447938520757e+00 1.159870446971642366e+01 1.967304489963889409e+03
1.031336381942870473e+00 1.158899874945663555e+01 1.669439283650620609e+03
1.062550422352390278e+00 1.158183170564602982e+01 1.415597175824706255e+03
1.094665472723867605e+00 1.157383085000829581e+01 1.208663458024450847e+03
1.127645822861201186e+00 1.156864387234721114e+01 1.027760359290249198e+03
1.161493687186116786e+00 1.156665188707304104e+01 8.710983500016600374e+02
1.196160119435052627e+00 1.156213249107687169e+01 7.391197016844471364e+02
1.231609700846949540e+00 1.156131859042484500e+01 6.274433632993909669e+02
1.267815253641286999e+00 1.156092685256637687e+01 5.324461315051021302e+02
1.304718118172891295e+00 1.156083863621328867e+01 4.519783547552015648e+02
1.342271813945173919e+00 1.156298315687002720e+01 3.842020209391214962e+02
1.380427546443703024e+00 1.156514589620826783e+01 3.268362216368597615e+02
1.419114055231777138e+00 1.156858436831636183e+01 2.779388497109371770e+02
1.458293590656666305e+00 1.157309709974538414e+01 2.356551260077263237e+02
1.497389365074972778e+00 1.157722954793749537e+01 2.023349584178573934e+02
1.535885433994503613e+00 1.158049775353246957e+01 1.735015894293911174e+02
1.573745460048240563e+00 1.158180007351930207e+01 1.495330987402769836e+02
1.610950752637021699e+00 1.158478554032683761e+01 1.290607261371085883e+02
1.647507798850132321e+00 1.158407440984631975e+01 1.117811710186422118e+02
1.683376906684030061e+00 1.158171784888452827e+01 9.688896668954382108e+01
1.718550590374775311e+00 1.157823168279944959e+01 8.465115269975683532e+01
1.753012939346544119e+00 1.157299056845387497e+01 7.394211812739138168e+01
1.786760076418354215e+00 1.156641639581069825e+01 6.449919264340817904e+01
1.819745465768102477e+00 1.155922462826962338e+01 5.675373237584342689e+01
1.852006821710722173e+00 1.154868017802090385e+01 4.993375802190201540e+01
1.883402413745462578e+00 1.153717016851774879e+01 4.389549790219719227e+01
1.914013428107737891e+00 1.152423151985674821e+01 3.880426349593116697e+01
1.943841691611023270e+00 1.150970357079375717e+01 3.429215140002020235e+01
1.972754238591160947e+00 1.149313859728645326e+01 3.040407017806722578e+01
2.000823440910461049e+00 1.147529497119306185e+01 2.701019139947216985e+01
2.028020131717825247e+00 1.145589946314595586e+01 2.403918986208379849e+01
2.054308826046083336e+00 1.143465869913088362e+01 2.140411213150430214e+01
2.079700115631629931e+00 1.141258309712086749e+01 1.910307913044244188e+01
