2.191799393479931801e-01 1.550982551689759603e+01 3.683552447462830693e+06
2.271875853757032160e-01 1.520698843814630408e+01 3.107314304472772870e+06
2.355319137754775249e-01 1.493485679118163567e+01 2.610884630271420348e+06
2.442334858249207430e-01 1.466745981860863246e+01 2.186131320917470846e+06
2.532761238726792818e-01 1.443273478473567017e+01 1.837610123917771038e+06
2.626865051995744826e-01 1.421175883651908833e+01 1.544391978053316940e+06
2.724693027657699163e-01 1.401161843068086021e+01 1.295810654629601864e+06
2.826337928118877185e-01 1.382764896852216907e+01 1.090077132550806971e+06
2.931984542599327948e-01 1.366024692373197524e+01 9.155886448327999096e+05
3.041237717258221118e-01 1.349646876813575602e+01 7.732548040639201645e+05
3.154714091006587950e-01 1.335534963906317607e+01 6.494516710969787091e+05
3.272356387820110624e-01 1.322172232379728918e+01 5.469439152836916037e+05
3.393996085329630819e-01 1.309789787231115277e+01 4.599588197201056755e+05
3.519955472923691486e-01 1.298436409828500260e+01 3.884784788469856139e+05
3.650286242341305165e-01 1.287976802430146073e+01 3.270720333208225202e+05
3.784780043353566659e-01 1.278144615426056596e+01 2.751704159296104335e+05
3.923796295832865932e-01 1.268966700026719607e+01 2.303474716438351898e+05
4.067219816845974445e-01 1.260952224041242609e+01 1.960705305001337838e+05
4.215029174647617061e-01 1.253124002256092062e+01 1.652497027967108297e+05
4.367441388843612549e-01 1.245714475103572205e+01 1.399514597081968095e+05
4.524251142091361699e-01 1.239378916149772536e+01 1.182816068987996405e+05
4.685787752383854254e-01 1.233376080591729895e+01 9.984092853875565925e+04
4.851519582022921773e-01 1.228122306085778170e+01 8.458471221017626522e+04
5.021867027510981130e-01 1.222615809974943168e+01 7.150473142087046290e+04
5.196687471665022429e-01 1.217877612449722591e+01 6.054072712551129371e+04
5.376004771773297275e-01 1.213440515829681310e+01 5.137316747761654551e+04
5.559776288475505313e-01 1.209358664799590066e+01 4.358133430197520647e+04
5.747657939426046303e-01 1.205575349508445626e+01 3.698060424045834952e+04
5.938101384505756197e-01 1.201965210261988837e+01 3.149657654984115652e+04
6.126991886419834721e-01 1.198420596618475997e+01 2.693808506025419774e+04
6.316314520175185798e-01 1.195475988764702358e+01 2.307834564095947280e+04
6.507685900285927749e-01 1.192407191949733480e+01 1.984130253135470048e+04
6.703234976854807181e-01 1.189404963777629476e+01 1.704168308988545323e+04
6.903661712911208781e-01 1.186427288015248216e+01 1.460683956016651064e+04
7.110751486642636898e-01 1.183699751551707813e+01 1.251882023342775392e+04
7.323602752644856606e-01 1.180887749962733047e+01 1.072777162062997741e+04
7.544570811752849826e-01 1.178346791074221045e+01 9.170978839405179315e+03
7.773684356696284325e-01 1.175944252869609308e+01 7.753597483340577128e+03
8.011494492962666358e-01 1.173469862977482947e+01 6.659504040920992338e+03
8.258420790703220327e-01 1.171499016215271816e+01 5.613713318458492722e+03
8.514871502336240905e-01 1.169522636855234410e+01 4.810390480657778426e+03
8.780978222127471255e-01 1.167745790934279349e+01 4.077799232396704610e+03
9.057125502404316242e-01 1.166049382630358799e+01 3.457166286937909717e+03
9.343450167751506941e-01 1.164637587844704214e+01 2.919313718761601194e+03
9.639981721593656738e-01 1.163382514844879800e+01 2.468259760262726559e+03
9.946737885586166561e-01 1.162404857006298720e+01 2.082608494601756320e+03
1.026377435329517862e+00 1.161500376874685792e+01 1.758439897707163027e+03
1.059091865879613792e+00 1.160802985317423541e+01 1.480005141272440142e+03
1.092809305745129578e+00 1.160415734612298344e+01 1.246985419359969228e+03
1.127489271931314985e+00 1.160236466867502081e+01 1.051631758904326716e+03
1.163129435868838213e+00 1.159849300814213358e+01 8.853442243470994981e+02
1.199672727200000955e+00 1.159834988886635543e+01 7.454407427587364054e+02
1.237089350187563941e+00 1.159934976404612250e+01 6.280330606361305854e+02
1.275328850944842829e+00 1.160097963349389794e+01 5.296865369773377097e+02
1.314347690183748751e+00 1.160494728040867507e+01 4.466962331068374965e+02
1.353956221899641932e+00 1.160735072044231764e+01 3.772929829005142324e+02
1.393129835167370656e+00 1.161431107501599946e+01 3.201574426485290701e+02
1.431645711675329835e+00 1.161657734902387418e+01 2.731864844769079923e+02
1.469497511928706368e+00 1.161936103743404836e+01 2.337440892564513604e+02
1.506698398072982892e+00 1.162035998929662206e+01 2.008647250065701826e+02
1.543257820421495063e+00 1.162029430900434335e+01 1.731046285757415433e+02
1.579177186368035057e+00 1.161759314990233882e+01 1.496731712730004062e+02
1.614447447186815987e+00 1.161425246744532380e+01 1.296766326728088075e+02
1.649059759409129633e+00 1.160835808195103702e+01 1.126650606634924543e+02
1.682987780523665711e+00 1.160053888351460749e+01 9.815673606250743433e+01
1.716265277641752629e+00 1.159186450670994084e+01 8.567630360373880194e+01
1.748769691521277814e+00 1.158010236507599089e+01 7.499225393203158774e+01
1.780585540165624758e+00 1.156784798885450982e+01 6.578189218518991765e+01
1.811671139135185848e+00 1.155276628070614997e+01 5.777709132377429313e+01
1.841993185232573493e+00 1.153653834997700223e+01 5.082994547820882758e+01
1.871532065181515936e+00 1.151811766441068130e+01 4.481604265458853575e+01
1.900280206129358440e+00 1.149892730450783418e+01 3.959851569770902557e+01
1.928197171589509207e+00 1.147759221236322880e+01 3.503414886093287350e+01
1.955281071840746954e+00 1.145397065968609773e+01 3.105060124850488634e+01
1.981689220747405278e+00 1.143026210792771202e+01 2.747123194116653622e+01
2.006863536642720547e+00 1.140403403978519137e+01 2.447413785469852954e+01
2.031301087302769037e+00 1.137582479237980593e+01 2.190374093490670759e+01
2.054843259627011864e+00 1.134686277352764883e+01 1.954470663582997858e+01
2.077465094698892845e+00 1.131605874444373327e+01 1.748223133878845204e+01
2.099142091489024420e+00 1.128418372158854233e+01 1.567873333040893868e+01
