2.191799393479931801e-01 1.550982551689759603e+01 3.683552447462830693e+06
2.283009177223296049e-01 1.517701273449792509e+01 3.033209935415677726e+06
2.378463761024136036e-01 1.485247302744208042e+01 2.476865940327734221e+06
2.478534019303938463e-01 1.456581651986382653e+01 2.038807932512337109e+06
2.583151235335498508e-01 1.431487000993284653e+01 1.671940121335859178e+06
2.692513428234577511e-01 1.407507580253024848e+01 1.377891667423400795e+06
2.806765326158439655e-01 1.386103611614788456e+01 1.125457140597379068e+06
2.926091812618791810e-01 1.366703029851172246e+01 9.245384256510946434e+05
3.050250544273341857e-01 1.348760236488781494e+01 7.605501393269990804e+05
3.179803304382470830e-01 1.333366024162421581e+01 6.252049546847982565e+05
3.314504263645762228e-01 1.318057250446180362e+01 5.150038727543086279e+05
3.454652438938018433e-01 1.304013395280119880e+01 4.237230594111365499e+05
3.600365635175863943e-01 1.291590463600824634e+01 3.487050259849434951e+05
3.751530516825842820e-01 1.280171229058054116e+01 2.878440942281068419e+05
3.908427189528761447e-01 1.269847648131263362e+01 2.348957307251946477e+05
4.071013904318186438e-01 1.260445699632709626e+01 1.950482146216260735e+05
4.239245493271561194e-01 1.251894127952339986e+01 1.601266254770187661e+05
4.413356864079185371e-01 1.244333948904423970e+01 1.328219553194442415e+05
4.593567770455780352e-01 1.236703721546437862e+01 1.099024344361582189e+05
4.779173084404430005e-01 1.230296903539260533e+01 9.078115163918171311e+04
4.970552356059389498e-01 1.224330896788343104e+01 7.512204127437299758e+04
5.167796403069453426e-01 1.218616281893487496e+01 6.221945340478235448e+04
5.370839422239488403e-01 1.213583875006496449e+01 5.160110604564535606e+04
5.579634483432127645e-01 1.209044670944246391e+01 4.285483767935073411e+04
5.793716321695437932e-01 1.204615539822572323e+01 3.558860386524591740e+04
6.002372789787052687e-01 1.200843906047538567e+01 2.962247527377476945e+04
6.195451812617688292e-01 1.197116150729129203e+01 2.539981820913290358e+04
6.379083216178944582e-01 1.193437420786523617e+01 2.178005088932523722e+04
6.557561018537961806e-01 1.189470110290452354e+01 1.881327247245447506e+04
6.733648719088788370e-01 1.185336968502829791e+01 1.628326036734765876e+04
6.909283884042661805e-01 1.181491026681256251e+01 1.404991271512735148e+04
7.086307281867214591e-01 1.177169154410639784e+01 1.216145247533648762e+04
7.266127432897174776e-01 1.173206703168959386e+01 1.050357924039389763e+04
7.449532892961310271e-01 1.168313142021438900e+01 9.071438262175046475e+03
7.637764208959714196e-01 1.163678868904150931e+01 7.819721461224849918e+03
7.831610407127658213e-01 1.159291713899479426e+01 6.720673664771925360e+03
8.031645287013466916e-01 1.154829695276937329e+01 5.771738933202067528e+03
8.238462847029821567e-01 1.149827369522069809e+01 4.937533217381926079e+03
8.452521157916695893e-01 1.145542272479522339e+01 4.219644213626200326e+03
8.674215665825401045e-01 1.141305242389844388e+01 3.595985075157050687e+03
8.903767821005835748e-01 1.136562436971975742e+01 3.038087004527703357e+03
9.141370140324249771e-01 1.132063827590005189e+01 2.601114063417840498e+03
9.387291051938826403e-01 1.127808259872033503e+01 2.202385598902987113e+03
9.641327690038337117e-01 1.123699425392238815e+01 1.866461078706223816e+03
9.903639953949606722e-01 1.119992869922368151e+01 1.575378151962705715e+03
1.017404454925234791e+00 1.115744288969646369e+01 1.329885413511534125e+03
1.045232915069613133e+00 1.111631097895501874e+01 1.122345674549463411e+03
1.073831927003124909e+00 1.108102859447267896e+01 9.455596565742323492e+02
1.103166318809594371e+00 1.104660415954713670e+01 7.917177316818164172e+02
1.133191378391573023e+00 1.100695317805069884e+01 6.710266887730806502e+02
1.163870826931849844e+00 1.097287386605791326e+01 5.648851493421493615e+02
1.195147838174721588e+00 1.093992118218972998e+01 4.763621590876784353e+02
1.226973233302120381e+00 1.090635300234546534e+01 4.009384871401014721e+02
1.259276959815588404e+00 1.087525883264999926e+01 3.381131339680198948e+02
1.291995293374145870e+00 1.084458341929222414e+01 2.851863127228765507e+02
1.325057354071904170e+00 1.081434685834265963e+01 2.405507031794919897e+02
1.358233012915601501e+00 1.078438988233370921e+01 2.032849500689775368e+02
1.391170469331367565e+00 1.075524469738997269e+01 1.726315671963418197e+02
1.423814226741370037e+00 1.072548453651502953e+01 1.467671563903482479e+02
1.456109631270337212e+00 1.069569347764762846e+01 1.249421978255119399e+02
1.488005304707632703e+00 1.066555731275121133e+01 1.069100487132823787e+02
1.519444385954923149e+00 1.063483052307288901e+01 9.143761460893591675e+01
1.550292143823670088e+00 1.060349438645171638e+01 7.848957507399106248e+01
1.580718200940915530e+00 1.057188755644966349e+01 6.749630361285996116e+01
1.610316636298910087e+00 1.053876175333553356e+01 5.824897237430060670e+01
1.639363858338095614e+00 1.050564074306650042e+01 5.032134388088242360e+01
1.667653368258820157e+00 1.047144059927392057e+01 4.359678643753955640e+01
1.695193497914572189e+00 1.043547222556336784e+01 3.770530556760539298e+01
1.721930985129785929e+00 1.039980462609586098e+01 3.292614983143536023e+01
1.747807812274502437e+00 1.036178103105724269e+01 2.871762923279207413e+01
1.772670999753007903e+00 1.032332294389749983e+01 2.512960684353368990e+01
1.795493780268717421e+00 1.028491735162916143e+01 2.212940987248047975e+01
1.816034317090019501e+00 1.024410740627955363e+01 1.956343348206554467e+01
1.834406202341413161e+00 1.020207981517276785e+01 1.752736115064096722e+01
1.850758337148637800e+00 1.015823426846540656e+01 1.566985173882851257e+01
1.865023446090858572e+00 1.011224007255412793e+01 1.412893833711792624e+01
1.877485585402771440e+00 1.006450557937473711e+01 1.283816504853001028e+01
1.888286093462696824e+00 1.001423379800230506e+01 1.166856351990438512e+01
1.897368865565645768e+00 9.962314670210695056e+00 1.066474383803043047e+01
1.904926390999746477e+00 9.908812789641473273e+00 9.744606252851493622e+00
