2.191799393479931801e-01 1.550982551689759603e+01 3.683552447462830693e+06
2.285766613828966176e-01 1.517827472295733671e+01 3.023424796190229710e+06
2.384124328358890599e-01 1.485137862333867531e+01 2.471598132630470674e+06
2.487422649583082568e-01 1.454661521291511228e+01 1.996213839457162423e+06
2.595549643765812098e-01 1.428269629241423289e+01 1.638210047285716748e+06
2.708724411327565473e-01 1.404732951476347402e+01 1.336071334423617925e+06
2.827090040702609497e-01 1.383182826497293938e+01 1.092445211319617694e+06
2.950675251823505207e-01 1.363409672649606286e+01 8.905609986934475601e+05
3.079741603628969315e-01 1.344782344375197525e+01 7.274066487100244267e+05
3.214304813752744683e-01 1.328421563249603743e+01 5.947013279248077888e+05
3.354446398210265134e-01 1.313461195706563345e+01 4.866111716611553566e+05
3.500365970572985597e-01 1.299828756957809439e+01 3.987898537465775153e+05
3.652185955232293280e-01 1.287631759224907846e+01 3.260164527434082702e+05
3.810009798986595531e-01 1.276174533969613378e+01 2.668732148932190030e+05
3.973686764003602212e-01 1.266522141672130530e+01 2.187620380572121358e+05
4.143212315794459477e-01 1.256889702732572189e+01 1.793925218817543064e+05
4.319097139549694098e-01 1.248346470981897305e+01 1.473661089103852573e+05
4.501230034645570255e-01 1.240654168501643717e+01 1.207552032719458221e+05
4.689368686736860581e-01 1.233103617931395490e+01 9.942058098327352491e+04
4.883664495170287889e-01 1.227095760334442964e+01 8.176567307874650578e+04
5.083860745403555592e-01 1.220951510306862886e+01 6.734208097666790127e+04
5.290355001534731150e-01 1.215463311176835148e+01 5.565097297139080911e+04
5.502936651384318090e-01 1.210484589841118108e+01 4.591870236880121229e+04
5.721322287970952436e-01 1.206170350515375667e+01 3.783260251766588044e+04
5.940289123375802616e-01 1.201778621635027378e+01 3.144348460202157730e+04
6.143979089525201109e-01 1.198019746230330007e+01 2.654148177719006344e+04
6.336175973242496040e-01 1.194122036753562277e+01 2.261965272038376497e+04
6.522489041173928914e-01 1.190313939535968757e+01 1.938350080981595966e+04
6.705981426682655622e-01 1.186142749703840948e+01 1.665234055731317858e+04
6.889082831070116875e-01 1.182024724937050308e+01 1.429269801578574334e+04
7.073452247224416567e-01 1.177742459963209676e+01 1.232281659606606081e+04
7.260894240644721886e-01 1.173400253232780699e+01 1.048993997726575435e+04
7.452350831163142564e-01 1.168915401112420760e+01 9.079082871011843963e+03
7.649110605016770092e-01 1.164250352297434965e+01 7.785682775500553362e+03
7.852000863893225935e-01 1.159711900544309771e+01 6.658568963849541433e+03
8.061647456474656526e-01 1.155151296325168708e+01 5.679461623234858052e+03
8.278728689374875716e-01 1.150503401278450788e+01 4.833826907518224289e+03
8.503767460077655826e-01 1.145874504678454464e+01 4.111278662526030530e+03
8.736936759110821571e-01 1.141466280351123608e+01 3.481160600720339517e+03
8.978782865023456905e-01 1.136920694822502043e+01 2.944210016126681694e+03
9.229370507433238835e-01 1.132658258228548753e+01 2.481076831396297621e+03
9.488846341303127652e-01 1.128253894318712724e+01 2.090633570670728659e+03
9.757235512676438738e-01 1.124121060308252140e+01 1.745365756311456380e+03
1.003442282830870891e+00 1.120031620088324331e+01 1.476898090248505923e+03
1.032031622774318258e+00 1.116025077658206044e+01 1.239150191591568273e+03
1.061457947195868723e+00 1.112390772045033493e+01 1.037653825879640635e+03
1.091704069643428587e+00 1.108610927053875805e+01 8.700456457478514949e+02
1.122720507634628273e+00 1.105238740552315946e+01 7.243078528743166089e+02
1.154463278304709073e+00 1.101535516256551261e+01 6.063410070780417982e+02
1.186883130836450917e+00 1.098475550737033579e+01 5.101724419446275078e+02
1.219920400106784264e+00 1.095097729516948171e+01 4.278690292931977410e+02
1.253502359352501205e+00 1.092209095836754074e+01 3.585908797010630451e+02
1.287562999948683951e+00 1.089103852759703450e+01 2.987358451174869174e+02
1.322025141190003028e+00 1.085913175904868488e+01 2.507844906699955914e+02
1.356805957268196083e+00 1.083034496903667865e+01 2.117371843604616117e+02
1.391827158036608614e+00 1.080066983186478602e+01 1.780603779077282525e+02
1.426995301184622145e+00 1.077160633537133982e+01 1.499809784190697997e+02
1.462224912808081756e+00 1.074410011138074061e+01 1.264719491242446310e+02
1.497421203665297407e+00 1.071578932303209442e+01 1.063704017761089489e+02
1.532497861691861640e+00 1.068761022949125561e+01 9.037804997015705055e+01
1.567356610133580075e+00 1.065940782774026374e+01 7.656615032460673831e+01
1.601583920870211841e+00 1.063101387725658320e+01 6.490640497956626120e+01
1.634120283740697177e+00 1.060232763129137190e+01 5.556166742226805155e+01
1.664860718018400298e+00 1.057192665178782498e+01 4.809235719824259547e+01
1.693834002275265593e+00 1.054047201793667021e+01 4.164817159156979187e+01
1.720831844194577576e+00 1.050624259339607747e+01 3.632163393246609218e+01
1.744831240753658586e+00 1.047032261858176305e+01 3.197478489490159248e+01
1.765800362270503410e+00 1.043152807249610348e+01 2.824098452218949262e+01
1.784043634647741960e+00 1.038956683271537074e+01 2.541079622386806491e+01
1.799720110372138526e+00 1.034525024528679360e+01 2.286583116320904097e+01
1.813083416756520849e+00 1.029787922937690503e+01 2.070909544912798594e+01
1.824293363421660485e+00 1.024669601116110584e+01 1.882616835560563473e+01
1.832310731512978075e+00 1.019684947909015094e+01 1.734328815467828022e+01
1.835412591136665883e+00 1.014662106707131706e+01 1.627828545961662599e+01
1.834562594287187709e+00 1.009566794461080441e+01 1.549754085303294637e+01
1.830505043003451071e+00 1.004375775877542409e+01 1.492260222321976393e+01
1.823821604393527362e+00 9.991458904995628387e+00 1.450396906189494395e+01
1.815235908378480589e+00 9.938517309784122844e+00 1.419109078339499597e+01
1.804639955177372412e+00 9.884322831211997951e+00 1.398914428986179637e+01
1.792819276989181976e+00 9.829744067689329512e+00 1.380859396880197387e+01
