2.191799393479931801e-01 1.550982551689759603e+01 3.683552447462830693e+06
2.275044657184930319e-01 1.519673405393499266e+01 3.084862819559424650e+06
2.361995391893711160e-01 1.490856603093597421e+01 2.574528797275557648e+06
2.452649104708107264e-01 1.464111027612543481e+01 2.138709593875800259e+06
2.547097427230771149e-01 1.439656903415457201e+01 1.787811984910201747e+06
2.645512768871326470e-01 1.417094830411806150e+01 1.490230996770444559e+06
2.747961908094929129e-01 1.397514936851417389e+01 1.248820398893695790e+06
2.854568209033976345e-01 1.377902148260991311e+01 1.039827091345732682e+06
2.965275098833783929e-01 1.361146857100369445e+01 8.687733329315980664e+05
3.080316574169698618e-01 1.344521858038249462e+01 7.259188894596466562e+05
3.199798505528975712e-01 1.330088071894993718e+01 6.059046459859077586e+05
3.323636941223322427e-01 1.316949041270570753e+01 5.081329848856476019e+05
3.451993785747863863e-01 1.304257094938197525e+01 4.252370759597742581e+05
3.585024808058092649e-01 1.292937749748370102e+01 3.549392425874325563e+05
3.722616756087972489e-01 1.282470955629020359e+01 2.978500713723341469e+05
3.865010402551083413e-01 1.272769350971909041e+01 2.492197651845770306e+05
4.012314633467226610e-01 1.263790927144731846e+01 2.088104817040010821e+05
4.164006764232719981e-01 1.255553982766982912e+01 1.754249850170756399e+05
4.320776995089543604e-01 1.248386863331444907e+01 1.469143741199700453e+05
4.482527355859026730e-01 1.241143989762905520e+01 1.236637949077085359e+05
4.649040953605091397e-01 1.234692785352107514e+01 1.037582552370391204e+05
4.820134151573603476e-01 1.228795448988538475e+01 8.730429786107818654e+04
4.996385098940463454e-01 1.223467986745154512e+01 7.248892744081356796e+04
5.177352375993072853e-01 1.218553305188003222e+01 6.169080545036934927e+04
5.363188843654679294e-01 1.213705580371883919e+01 5.203141578950177791e+04
5.553842776494984923e-01 1.210018378870770839e+01 4.376631326223185897e+04
5.748949266165206406e-01 1.205581383175187860e+01 3.700654599065498769e+04
5.945124150385865391e-01 1.201887515447589827e+01 3.132234947866198127e+04
6.134407498152640859e-01 1.198312517479418737e+01 2.675564245365756869e+04
6.319770215316095063e-01 1.195072640569842903e+01 2.297720839424163569e+04
6.503674633909328762e-01 1.191736078434180790e+01 1.980633290967516223e+04
6.688566093256926859e-01 1.188308656088550208e+01 1.708083492347048741e+04
6.875610054345736577e-01 1.185069596094837330e+01 1.476014552103545066e+04
7.066331812859525385e-01 1.181776017010343516e+01 1.272019491659983760e+04
7.261498121719465182e-01 1.178227889652635341e+01 1.096755929321272197e+04
7.462464431004953713e-01 1.175152254586146405e+01 9.351813767980793273e+03
7.662633937007053975e-01 1.171870947801850882e+01 8.143549958072742811e+03
7.862869815738406931e-01 1.168741894241541424e+01 7.046203082617314976e+03
8.063342556728423371e-01 1.165421338217230840e+01 6.097177546588938640e+03
8.264866443623185566e-01 1.162145894786523748e+01 5.280962533914062078e+03
8.468140585388037600e-01 1.158803301286810594e+01 4.580314112263006791e+03
8.673657740397962002e-01 1.155370957399359710e+01 3.973430655622475115e+03
8.881938648301974659e-01 1.152097882500227399e+01 3.443301938587872883e+03
9.093820044167536532e-01 1.148662717297470159e+01 2.986055527134954446e+03
9.308406978757876038e-01 1.145109157621909901e+01 2.590219585445466237e+03
9.526849258455284408e-01 1.141602122803517361e+01 2.244962227394592446e+03
9.749402582352523217e-01 1.138072424329305576e+01 1.944155892587130893e+03
9.976310578648851513e-01 1.134587637015632211e+01 1.668758603218792814e+03
1.020670723258136015e+00 1.131282026905684468e+01 1.452284515166246138e+03
1.044216793255090314e+00 1.127495106618746590e+01 1.257071105825756831e+03
1.068052389466605190e+00 1.124168187773587846e+01 1.085572282675758288e+03
1.092345141058679303e+00 1.120620485260315746e+01 9.393421993330122177e+02
1.117040460577166661e+00 1.117092439037626406e+01 8.100597406873616819e+02
1.142107467928209497e+00 1.113749739158986785e+01 6.990140978802153313e+02
1.167535101623356164e+00 1.110267810785822107e+01 6.037361144260315768e+02
1.193338101887508884e+00 1.106842820891027479e+01 5.202840045492207537e+02
1.219390048118841996e+00 1.103729164986496336e+01 4.493706523228758556e+02
1.245653613627114353e+00 1.100110682472523393e+01 3.888295956235691051e+02
1.272268514786982774e+00 1.096593033818879093e+01 3.358186183590207747e+02
1.298977804129776814e+00 1.093121069790990951e+01 2.901720919181043428e+02
1.325902520928684991e+00 1.089749499266066479e+01 2.509136818437372085e+02
1.352910229015101606e+00 1.086474851460620528e+01 2.171726357477438683e+02
1.380048385101958708e+00 1.082956583293026576e+01 1.877664521942682825e+02
1.407109741011457249e+00 1.079575197538512832e+01 1.622464462200877335e+02
1.434181396311114520e+00 1.076066779102692550e+01 1.407695193398187428e+02
1.461181155022965861e+00 1.072682311501658248e+01 1.227194041454672799e+02
1.488048370919786034e+00 1.069227230826221131e+01 1.066495378407053494e+02
1.514734053756346288e+00 1.065719052667265743e+01 9.285411822148967076e+01
1.541188001721765843e+00 1.062190471254299773e+01 8.089011287353886814e+01
1.567376802518712253e+00 1.058692332807606995e+01 7.045840942477016711e+01
1.593188461974484049e+00 1.055143533120394217e+01 6.157720630598086586e+01
1.618657789051491269e+00 1.051555725582208112e+01 5.373887413983442229e+01
1.643650777725536916e+00 1.047889712106900717e+01 4.727510663742026509e+01
1.668193240173703407e+00 1.044202815003520435e+01 4.150211610028839004e+01
1.692205150645920586e+00 1.040525445095033774e+01 3.629717730839471557e+01
1.715672554562008845e+00 1.036761673288272334e+01 3.212708402600043200e+01
1.738493913050951134e+00 1.032907784049671385e+01 2.830861903597830320e+01
1.760690409643390408e+00 1.029020421345958880e+01 2.492629143468136022e+01
1.782201612786671996e+00 1.025113196240714508e+01 2.212158379556007759e+01
1.803015991493768677e+00 1.021113848170395855e+01 1.962853517282679761e+01
