2.191799393479931801e-01 1.550982551689759603e+01 3.683552447462830693e+06
2.275141669006723877e-01 1.520728929616431557e+01 3.087804737851373386e+06
2.362189854526058619e-01 1.491304707399122442e+01 2.575117360920738894e+06
2.452957441983708853e-01 1.464646504636906243e+01 2.143505736438335851e+06
2.547529785880008890e-01 1.439646500751831404e+01 1.786144661894291174e+06
2.646066662388670276e-01 1.416271760240073618e+01 1.493009481134201866e+06
2.748656554170572641e-01 1.397013433498584156e+01 1.244063948162227869e+06
2.855413785947051863e-01 1.376917149356035708e+01 1.037759760548228282e+06
2.966270239164561229e-01 1.360685894777278193e+01 8.687395637781672413e+05
3.081730709118059575e-01 1.344748341237369260e+01 7.240627602681582794e+05
3.201168328265485141e-01 1.329754006005789613e+01 6.061940125564647606e+05
3.325178295954317464e-01 1.316733507351812449e+01 5.069259795338753029e+05
3.453737448427490198e-01 1.304184679435138428e+01 4.234336030953673180e+05
3.586942129315031647e-01 1.292834918800007138e+01 3.545386011252695462e+05
3.724788792182802677e-01 1.282067232055251438e+01 2.969553527494912851e+05
3.867436974011799755e-01 1.272458201510494114e+01 2.468524842663150339e+05
4.014889941443252064e-01 1.263843976388549528e+01 2.080352478849204199e+05
4.167213774418224159e-01 1.255281807157663287e+01 1.747177627952952462e+05
4.323956720634065110e-01 1.248038210932728731e+01 1.465363721445949923e+05
4.486001168427070640e-01 1.241308805808215787e+01 1.229110261681538395e+05
4.652784840482414586e-01 1.234926317590434053e+01 1.031872444899085531e+05
4.824176522580465587e-01 1.228576602195135870e+01 8.695440258172624453e+04
5.000728528187500244e-01 1.223231230182582152e+01 7.296822749415459111e+04
5.182040006669736965e-01 1.218350722322792912e+01 6.144286420938692027e+04
5.368208076590721411e-01 1.213762106023362897e+01 5.169940481171181455e+04
5.559202732987182927e-01 1.209322000329593472e+01 4.360905379979883583e+04
5.754655244270429071e-01 1.205257270780755086e+01 3.678833752270697005e+04
5.950471964538261993e-01 1.201753566548456931e+01 3.119338769383290855e+04
6.137788418256316936e-01 1.198165003661853945e+01 2.670244427887946586e+04
6.319937891008297060e-01 1.194986498844477829e+01 2.296326227221055888e+04
6.499862144815885534e-01 1.191606330200989561e+01 1.986584930935144803e+04
6.679692966480298422e-01 1.188185534101499741e+01 1.717552212668442007e+04
6.861000657385859514e-01 1.184721788623858174e+01 1.488678069893109932e+04
7.045012572287702168e-01 1.181296134471015868e+01 1.284859655769100391e+04
7.233718735140028944e-01 1.177839773413534985e+01 1.111264820584196241e+04
7.425592324717008585e-01 1.174405926826438673e+01 9.563973168152628205e+03
7.623733719011613896e-01 1.170941566962833669e+01 8.286772584790551264e+03
7.828027217312105712e-01 1.167395294067563327e+01 7.145491777014552099e+03
8.038849381755991397e-01 1.164125536144917028e+01 6.128676691131337066e+03
8.252288272310720485e-01 1.160754430343553700e+01 5.274409373998665615e+03
8.467062691178116607e-01 1.157682135932661005e+01 4.547477269541907845e+03
8.683459120574309464e-01 1.153981899423356516e+01 3.923238399872833725e+03
8.902059360176617364e-01 1.150969936290211493e+01 3.386147038310972221e+03
9.123527178303975083e-01 1.147688285284524490e+01 2.902718138108901712e+03
9.347892822274328495e-01 1.144447363998677858e+01 2.525726567120888831e+03
9.575237005221131081e-01 1.141120072056593848e+01 2.181917945182492986e+03
9.806165829938713330e-01 1.137884895139579911e+01 1.884327910555914741e+03
1.004057166157435788e+00 1.134610954414191397e+01 1.627163549820127173e+03
1.027875704488427466e+00 1.131342551078419767e+01 1.404771726990942625e+03
1.052047388810198214e+00 1.127978261811658101e+01 1.213511772542032986e+03
1.076596030246411484e+00 1.124694975368020344e+01 1.042220162607751945e+03
1.101501812649419820e+00 1.121393615309267666e+01 9.030752695080205967e+02
1.126831910079496568e+00 1.118079035796995768e+01 7.798652121947628757e+02
1.152361036319102361e+00 1.114759753251033914e+01 6.728458938337755626e+02
1.178252686639907232e+00 1.111579319052695070e+01 5.806232438511688088e+02
1.204453281512192886e+00 1.108307408216520429e+01 5.011428660064195810e+02
1.230913802032562065e+00 1.104944443358382777e+01 4.326985206305228644e+02
1.257601110006746126e+00 1.101996004728174050e+01 3.736454276031483346e+02
1.284530745222828507e+00 1.098682621345686705e+01 3.228519594102529027e+02
1.311612190163010450e+00 1.095147067919559625e+01 2.788386472392238034e+02
1.338713285019619725e+00 1.091863827969701184e+01 2.414481166366357172e+02
1.365962215548179648e+00 1.088589137048258237e+01 2.091056710978588455e+02
1.393288533209857682e+00 1.085479259520760564e+01 1.809560340971763424e+02
1.420511706711377053e+00 1.082008962618195191e+01 1.570515205036719806e+02
1.447713157180119392e+00 1.078584616958876374e+01 1.362588434829536936e+02
1.474803719163955584e+00 1.075272525668667356e+01 1.178901617672524083e+02
1.501734795421978408e+00 1.071898484474856517e+01 1.025195151757811658e+02
1.528507905767315211e+00 1.068476043915638840e+01 8.918279552411632949e+01
1.554930986989350172e+00 1.065004551983550307e+01 7.814398837837048006e+01
1.581121047133018598e+00 1.061510156032659857e+01 6.826875402073130772e+01
1.606912745542069088e+00 1.057941011832046740e+01 5.961088999858045412e+01
1.632295265946605234e+00 1.054381537626680831e+01 5.218652443385894202e+01
1.657198999327014644e+00 1.050701865392833589e+01 4.578520582711227860e+01
1.681630226447894616e+00 1.047060294563872596e+01 4.012592212785413892e+01
1.705519098250827481e+00 1.043308212572054039e+01 3.539092848178158590e+01
1.728822474833291212e+00 1.039553367126914907e+01 3.119265634224627348e+01
1.751525551011350101e+00 1.035738372398132512e+01 2.749743221681400129e+01
1.773537700621627300e+00 1.031903414073127578e+01 2.432120776180985544e+01
1.794837213796044884e+00 1.027889897279326625e+01 2.156807441843978168e+01
1.815422302420284906e+00 1.023911712105678973e+01 1.913449261180230465e+01
