2.191799393479931801e-01 1.550982551689759603e+01 3.683552447462830693e+06
2.303478802547833937e-01 1.509736928408365664e+01 2.893121407949143089e+06
2.421839429448169045e-01 1.472772849767826919e+01 2.276790121864133980e+06
2.546719401364851421e-01 1.440394724863759102e+01 1.789452315262340708e+06
2.678681096073876611e-01 1.410638310001407270e+01 1.407612628293329617e+06
2.817864520505079517e-01 1.384365487874597811e+01 1.107321523389616515e+06
2.964405219977537809e-01 1.360889185756060016e+01 8.688454944701683708e+05
3.118662224078742051e-01 1.340189647022207886e+01 6.847784435877958313e+05
3.280634032335318362e-01 1.321384566700334773e+01 5.362980257383462740e+05
3.450482815513247203e-01 1.304413831122144707e+01 4.255224009382836521e+05
3.628872976296544928e-01 1.289624195158899234e+01 3.356305896054810146e+05
3.815155952888932278e-01 1.275890005147162753e+01 2.650040569322712836e+05
4.009853485763000824e-01 1.263841582630104554e+01 2.093147422114560031e+05
4.213075223803157687e-01 1.253356453307518770e+01 1.659571197655020515e+05
4.425015540500867872e-01 1.243350413766593832e+01 1.312826113819464226e+05
4.645781830386465083e-01 1.234846706959420359e+01 1.038884292205444508e+05
4.874971612519600206e-01 1.227158872835660830e+01 8.246581422096374445e+04
5.112539658854924340e-01 1.220203253166477175e+01 6.494342891035685170e+04
5.358820947685439817e-01 1.214046863404459131e+01 5.211288541238886683e+04
5.613701128757158099e-01 1.208192996082911286e+01 4.159821414973608626e+04
5.875318691081270472e-01 1.203183940777397964e+01 3.318341316758444009e+04
6.124054934820778451e-01 1.198409317539461227e+01 2.696705390935658215e+04
6.359516107478068170e-01 1.193953526807910315e+01 2.219473502646061752e+04
6.589657233238060963e-01 1.189534035037721083e+01 1.837493036765865327e+04
6.819309400506858854e-01 1.184727002526884121e+01 1.527798800599235074e+04
7.051460538236151709e-01 1.179959500440941511e+01 1.269900123608522517e+04
7.288672556647272094e-01 1.174932457091028404e+01 1.043849676411875043e+04
7.532267870809836730e-01 1.170126444016490019e+01 8.713913021569329430e+03
7.784114849568546379e-01 1.165088917827657333e+01 7.210406245076858795e+03
8.045544682428680261e-01 1.160155160776610117e+01 5.937436001304725323e+03
8.317602628866973546e-01 1.155203412803528273e+01 4.861020916545176988e+03
8.601376553883689491e-01 1.150249503240324422e+01 3.999689808578455541e+03
8.897359933596160619e-01 1.145560668086739575e+01 3.267801105878390899e+03
9.204918894288299791e-01 1.140841651064808104e+01 2.666274856145278136e+03
9.523260273370756090e-01 1.136327406482409863e+01 2.174061843995545132e+03
9.852410788918920526e-01 1.132105240919071321e+01 1.766968480397330268e+03
1.019222544835234334e+00 1.127708756682431002e+01 1.437893970198009583e+03
1.054338453201510983e+00 1.123683875822206346e+01 1.166786403147535793e+03
1.090415860777142809e+00 1.119764597019995200e+01 9.469935913132720771e+02
1.127512207843619940e+00 1.116097311964611905e+01 7.681316387706319802e+02
1.165553581778555836e+00 1.112461536015396568e+01 6.234414197945245633e+02
1.204425312892052569e+00 1.108884742328538842e+01 5.057096212989004584e+02
1.244061500721974634e+00 1.105376806023222258e+01 4.084417352431923973e+02
1.284343676215305985e+00 1.101560497940556616e+01 3.334713601972667902e+02
1.325160108662076341e+00 1.098246328071279443e+01 2.717007402343872400e+02
1.366452861298480981e+00 1.094954670997995905e+01 2.212715447129021697e+02
1.407975829239425547e+00 1.091883584085834080e+01 1.805790329257370388e+02
1.449662385765176698e+00 1.088425102368105435e+01 1.476572952878448746e+02
1.491376262466217240e+00 1.085178587873520328e+01 1.209734111563849979e+02
1.532966126908111182e+00 1.081958618941985151e+01 9.931055139522430864e+01
1.573618323300529198e+00 1.078673382943878956e+01 8.195872920830065311e+01
1.610794975509393323e+00 1.075210362134619047e+01 6.852995711293397108e+01
1.644346336528983210e+00 1.071420189613793639e+01 5.810149833673131070e+01
1.674558571819378061e+00 1.067349085461597724e+01 4.963901843397215430e+01
1.701644161651034937e+00 1.062782132416342407e+01 4.279682432522130142e+01
1.725851315071287528e+00 1.057793680958149096e+01 3.725039477207455718e+01
1.747386993535421817e+00 1.052445467612144192e+01 3.253298701786798119e+01
1.766453732365914631e+00 1.046705483017475657e+01 2.860845181764941003e+01
1.783189184169107655e+00 1.040701702256917471e+01 2.527129678076407160e+01
1.797757200448360626e+00 1.034272716541976322e+01 2.236262704172886373e+01
1.810287810800692121e+00 1.027515227053930502e+01 1.998427154598756772e+01
1.820906745403640503e+00 1.020594067798167259e+01 1.787495850358239480e+01
1.829716821719263642e+00 1.013389524493489446e+01 1.605029706092661712e+01
1.836818271613700038e+00 1.005917841727202067e+01 1.442397653136264779e+01
1.842323030240221593e+00 9.981898943800905144e+00 1.307083607753461685e+01
1.846313214329864838e+00 9.903405469650987669e+00 1.185684472124647293e+01
1.848833512495635212e+00 9.823178710476350162e+00 1.076225392570231243e+01
1.850020575238308318e+00 9.741440964337845898e+00 9.848573078201292574e+00
1.849908056824472125e+00 9.659140732390362416e+00 8.982628794217657031e+00
1.848601442851022014e+00 9.575064073457060232e+00 8.261444332668339996e+00
1.846109552555433186e+00 9.490666659924578141e+00 7.582601634718316497e+00
1.842702448741197596e+00 9.406318545501759942e+00 6.995682121816082066e+00
1.837980498869976165e+00 9.320561859704325158e+00 6.489249292845419959e+00
1.832457259431609087e+00 9.235234309331730174e+00 6.011470536118414643e+00
1.826244617455317520e+00 9.150255925975546489e+00 5.602925271711868049e+00
1.818836241458937408e+00 9.063981129195848752e+00 5.223377711244752142e+00
1.810985830317862533e+00 8.979461763649496220e+00 4.884237762751979517e+00
1.802304089948399968e+00 8.894882637269212466e+00 4.582534157292150745e+00
1.792812327548390039e+00 8.809756870736242362e+00 4.310465862535751924e+00
1.782846189870261444e+00 8.726244512463235736e+00 4.068855301623175436e+00
