2.191799393479931801e-01 1.550982551689759603e+01 3.683552447462830693e+06
2.269826305308452197e-01 1.521393418260284669e+01 3.107533290143980645e+06
2.351038617442513523e-01 1.493859919018472482e+01 2.625125356732001528e+06
2.435657034758881567e-01 1.468353302446952924e+01 2.214219860862560105e+06
2.523560953977086463e-01 1.445313943756179853e+01 1.848568162982173730e+06
2.614809339925248666e-01 1.423851166301056281e+01 1.575385754402187420e+06
2.709667092432637703e-01 1.404737436869367784e+01 1.330855941592337564e+06
2.808133633558642650e-01 1.385884133105590443e+01 1.123881129726270679e+06
2.910307735921376371e-01 1.369505440833852994e+01 9.486270026362689678e+05
3.016241119469857956e-01 1.353289337473981213e+01 8.017752979563267436e+05
3.125731245383528423e-01 1.339026180539574362e+01 6.777613121725873789e+05
3.239334990045681373e-01 1.325289280168616379e+01 5.742494549284656532e+05
3.356769197123948278e-01 1.313852438771543163e+01 4.867639742893195362e+05
3.478242038015140203e-01 1.302599447489386009e+01 4.097065375494162436e+05
3.603985156014540836e-01 1.291422508977423966e+01 3.466979709847376216e+05
3.733424659422853176e-01 1.281752165360760110e+01 2.932899733793194755e+05
3.867259591757607473e-01 1.272472052207906046e+01 2.482931041761287779e+05
4.005244854133357957e-01 1.264231278496220767e+01 2.112163752051385236e+05
4.147436308504861002e-01 1.255677094155240070e+01 1.791135517828797165e+05
4.293947417778440356e-01 1.249483849667453583e+01 1.513484970132498129e+05
4.444888939245133508e-01 1.242599336556766687e+01 1.285488560187032417e+05
4.599960312232436177e-01 1.236430505606737817e+01 1.092488943438185815e+05
4.759180396643590272e-01 1.231070336841594504e+01 9.263600385383046523e+04
4.922709688254728877e-01 1.225283634088757090e+01 7.876771852247888455e+04
5.090465497504075287e-01 1.220835415572232030e+01 6.700971918998355977e+04
5.262568501506508234e-01 1.216297322858123664e+01 5.694306093847026932e+04
5.438917170918834421e-01 1.211896493575205902e+01 4.856815584305545053e+04
5.619510355944999924e-01 1.208167704059616909e+01 4.138926574914974481e+04
5.803853297530057187e-01 1.204525680182079661e+01 3.524036257467050018e+04
5.988331820524601667e-01 1.200923893716980295e+01 3.024706893554254930e+04
6.170332837551146810e-01 1.197815831379002738e+01 2.572654228272385080e+04
6.351896479051576394e-01 1.194864633187262370e+01 2.244624503807658766e+04
6.535300797628089686e-01 1.191777938392467995e+01 1.939013583080155149e+04
6.721464820980539434e-01 1.188701816526689470e+01 1.673339581641962286e+04
6.911831350832324805e-01 1.185582819171785296e+01 1.449002843372187090e+04
7.103345168294789014e-01 1.183050983824328206e+01 1.254149763841565073e+04
7.293258861864909681e-01 1.180288915085408341e+01 1.086800684636663573e+04
7.483244974254579240e-01 1.177426731473893895e+01 9.463518301736461581e+03
7.672672479060685946e-01 1.174667694422944386e+01 8.251194309319032982e+03
7.863812058377877001e-01 1.171837617230584172e+01 7.187995532009042108e+03
8.057255418703735961e-01 1.169055725917091593e+01 6.272573933346799095e+03
8.253124914958052116e-01 1.166060944065281824e+01 5.472930271420262216e+03
8.451945353164528330e-01 1.163156586117063718e+01 4.771037047325366075e+03
8.654441426219958711e-01 1.160306993119383634e+01 4.153592072135083981e+03
8.860630889165138635e-01 1.157324266071158192e+01 3.619885462951835052e+03
9.071110563193356402e-01 1.154288634661701352e+01 3.149436964336714482e+03
9.286091851614319825e-01 1.151551511120365667e+01 2.742828082570711558e+03
9.505498757090846684e-01 1.148606716958871310e+01 2.383801609948195164e+03
9.729589355543903917e-01 1.145709245064864668e+01 2.072173004872710408e+03
9.959127883922068714e-01 1.142931443852196693e+01 1.784126215091745735e+03
1.019253919149036181e+00 1.140225722976703082e+01 1.558935690474071635e+03
1.043109746024171169e+00 1.137366409024686753e+01 1.342669210282216682e+03
1.067468667020495365e+00 1.134464368123895639e+01 1.172740301718277806e+03
1.092281971857803846e+00 1.131792336505564123e+01 1.015970638669433015e+03
1.117560519498342675e+00 1.129430169285138419e+01 8.792537284578320396e+02
1.143279565255053143e+00 1.126630337974455109e+01 7.620028540979127456e+02
1.169429278949083439e+00 1.123756551527674219e+01 6.594349604394492417e+02
1.195970067107418044e+00 1.121435560401455866e+01 5.715077646500229775e+02
1.222941521584554270e+00 1.118598983448549333e+01 4.908740746408046789e+02
1.250158438489511914e+00 1.116114263873895140e+01 4.284912390364247585e+02
1.277765015137347859e+00 1.113520351303866995e+01 3.712312918967282371e+02
1.305569253084534420e+00 1.111079113446463040e+01 3.218615126732734097e+02
1.333667760289377391e+00 1.108785263988561454e+01 2.790523728470144533e+02
1.361946743922379799e+00 1.106021183178859602e+01 2.421859484242270355e+02
1.390392468979486873e+00 1.103597506690500119e+01 2.101335353974986333e+02
1.418929721667375299e+00 1.101020757597076383e+01 1.826882199513902378e+02
1.447537385237215313e+00 1.098611447234911154e+01 1.588130433254728473e+02
1.476162487328137374e+00 1.096102386538385787e+01 1.383579954820758076e+02
1.504753740701034737e+00 1.093623330766097546e+01 1.198980677858689887e+02
1.533262393395941725e+00 1.091139157274190907e+01 1.051104748980570776e+02
1.561643434697590482e+00 1.088609488156025584e+01 9.174555312893913595e+01
1.589845281509233876e+00 1.086009337813325715e+01 8.014551456689439135e+01
1.617833212443870572e+00 1.083467380545612002e+01 6.991850664800418258e+01
1.645510175685744425e+00 1.080866692683895991e+01 6.122668896018538476e+01
1.672874782375951552e+00 1.078210656664955636e+01 5.397743219154519068e+01
1.699865586321400279e+00 1.075519442837537021e+01 4.742844307204052257e+01
1.726438514953911207e+00 1.072810731800268158e+01 4.160466060309134662e+01
1.752547112789466288e+00 1.070102235067490781e+01 3.666706236241363115e+01
1.778146557515961845e+00 1.067257051091167064e+01 3.249768027902855749e+01
1.803201974270963959e+00 1.064374750943711234e+01 2.873635012556050938e+01
