2.191799393479931801e-01 1.550982551689759603e+01 3.683552447462830693e+06
2.291927026592104621e-01 1.513043985167181837e+01 2.965440328849592712e+06
2.397430081699068460e-01 1.479457981756488749e+01 2.388057603002358228e+06
2.508283969539036318e-01 1.448861468735685420e+01 1.924592640612314222e+06
2.624728593518171893e-01 1.422039613839093342e+01 1.547217626515816431e+06
2.746937929778112686e-01 1.397113297385140562e+01 1.247387923589885468e+06
2.875093247915080918e-01 1.374156414557804773e+01 1.004785488213497796e+06
3.009311215468919998e-01 1.354620071795374869e+01 8.089222901395370718e+05
3.149558275978386890e-01 1.336104413972652694e+01 6.549578033989233663e+05
3.296310730232686614e-01 1.319638630320931405e+01 5.278416041141864844e+05
3.449434952878216443e-01 1.304357154548987729e+01 4.268555199454146787e+05
3.609257142953780639e-01 1.290795124563276275e+01 3.440480532246947405e+05
3.775742177438448643e-01 1.278543016254007902e+01 2.784108260932219564e+05
3.948980041609868596e-01 1.267648131341650775e+01 2.253792920715429645e+05
4.129135247652210294e-01 1.257329495600007085e+01 1.823150549905444495e+05
4.316093189786796569e-01 1.248544347963347612e+01 1.477316444407796080e+05
4.510217404263685004e-01 1.240293523351245675e+01 1.197639827869256114e+05
4.711365223008428527e-01 1.232567745753869382e+01 9.625072722080175299e+04
4.919159537614490874e-01 1.225707923893650531e+01 7.907945946780421946e+04
5.133970973058628040e-01 1.219627638552421089e+01 6.430228628334264795e+04
5.355810386203472273e-01 1.214035020119238339e+01 5.232557277382080065e+04
5.584569815440978413e-01 1.208820640954800751e+01 4.261429674269368115e+04
5.819677904204811902e-01 1.204141327180290766e+01 3.476979280217793712e+04
6.053576348827592879e-01 1.199842107796455792e+01 2.858691775418530233e+04
6.283237839816208092e-01 1.195905693681094206e+01 2.372054751613926055e+04
6.513627169153133334e-01 1.191927407379616177e+01 1.970528622629634629e+04
6.747657226752332704e-01 1.188204716467461530e+01 1.638409000689470849e+04
6.987868655780925531e-01 1.184257813125038616e+01 1.365546224736436670e+04
7.236172513272357554e-01 1.180733590699145630e+01 1.132096156667368996e+04
7.493936356909794982e-01 1.177158325924176019e+01 9.373367283686939118e+03
7.762493231850100539e-01 1.173815199620902483e+01 7.752637148823124335e+03
8.042804142583012128e-01 1.170436941690547350e+01 6.392080721275844553e+03
8.328562148692794098e-01 1.167160552329213452e+01 5.246188509820407489e+03
8.612948871881233037e-01 1.164363481395240818e+01 4.382198147754627826e+03
8.897142866902190139e-01 1.161413001693665947e+01 3.650921675888791015e+03
9.182531551650990886e-01 1.158368523778834280e+01 3.047907621660697714e+03
9.469872128974677894e-01 1.155383201440080221e+01 2.550467941721604348e+03
9.759745443508474061e-01 1.152222536503393790e+01 2.135037433483852965e+03
1.005284654251093812e+00 1.148965994178602301e+01 1.788252718996137673e+03
1.034956886682203647e+00 1.145899829536490699e+01 1.499260256846535867e+03
1.064993701906753687e+00 1.142889649872974189e+01 1.258445602508479396e+03
1.095440158306591361e+00 1.139391240818346773e+01 1.055846185923477833e+03
1.126279693824694617e+00 1.135999061247724207e+01 8.854349226242636632e+02
1.157513292030026619e+00 1.132957898309548739e+01 7.435041443459209631e+02
1.189104268475833504e+00 1.129478701319224321e+01 6.205073947908581431e+02
1.221061609716999952e+00 1.126043652971818787e+01 5.239682520206023355e+02
1.253395009512275005e+00 1.122603129829905022e+01 4.400556648747777899e+02
1.285832989002345217e+00 1.118689332756550492e+01 3.699720460883069677e+02
1.318639656738499033e+00 1.115450535341741656e+01 3.112881597646700698e+02
1.351445185969037288e+00 1.111394335292340863e+01 2.622779536636725766e+02
1.384419365499379717e+00 1.107922391224720116e+01 2.208745774893759233e+02
1.417491582592552479e+00 1.104037129149529228e+01 1.864453927581430719e+02
1.450368096303124021e+00 1.100228635096808283e+01 1.575987769074800440e+02
1.483183942819092938e+00 1.096380514860881839e+01 1.332093690404693689e+02
1.515793953477949429e+00 1.092572251661720983e+01 1.126592764824919470e+02
1.548109161340042839e+00 1.088450102118259366e+01 9.569493164243115757e+01
1.580066001142362175e+00 1.084391333662175150e+01 8.123230811281337083e+01
1.611538970126829673e+00 1.080236317954252456e+01 6.894669853590508524e+01
1.642502906418810582e+00 1.076067722522911119e+01 5.903342266380146697e+01
1.672844931188155249e+00 1.071744010426359850e+01 5.026598445179079988e+01
1.702492785264203334e+00 1.067416305524447395e+01 4.320667018201972809e+01
1.731371455553988969e+00 1.062918689755533208e+01 3.704730644719335686e+01
1.759407294790840792e+00 1.058421806047625857e+01 3.178893922550103923e+01
1.786546894491930271e+00 1.053800677375004824e+01 2.746251361045126416e+01
1.812708489518091381e+00 1.049076379892828825e+01 2.370863410589435816e+01
1.837464370695909732e+00 1.044303671501002739e+01 2.065131951983088143e+01
1.859000237547905110e+00 1.039404429952464071e+01 1.815167615328833151e+01
1.877084288070869578e+00 1.034445484626549927e+01 1.613705481278068632e+01
1.890084277782967170e+00 1.029488414819933162e+01 1.456159920961472132e+01
1.898294776685133689e+00 1.024213428163471029e+01 1.338196921611907442e+01
1.902496233081863330e+00 1.018671167447084791e+01 1.244457596875479766e+01
1.903247494596262523e+00 1.012910130686816501e+01 1.164340313692696682e+01
1.901133802644390913e+00 1.006888849369317818e+01 1.105753750754590392e+01
1.896433628304570851e+00 1.000642944419507074e+01 1.050959514381756321e+01
1.889667875223558058e+00 9.942522112689772484e+00 1.011905370377999347e+01
1.881080965963352503e+00 9.877046735155650126e+00 9.754799410856341169e+00
1.870942104288979335e+00 9.810744916766191537e+00 9.448207146109592003e+00
1.859604357859094836e+00 9.742139489384147311e+00 9.184280585989775147e+00
1.846910029951764676e+00 9.673879338758265334e+00 8.982681741320885038e+00
1.833336064240468799e+00 9.604410188157823214e+00 8.798713306328290074e+00
