2.191799393479931801e-01 1.550982551689759603e+01 3.683552447462830693e+06
2.269821263524649524e-01 1.521451781837913941e+01 3.104161710695607588e+06
2.351028107045718685e-01 1.493708963057902039e+01 2.620458730645178352e+06
2.435635735655174161e-01 1.468192229627967649e+01 2.215035565854282584e+06
2.523533718781301727e-01 1.445523738144087034e+01 1.852607096548175905e+06
2.614778059839577007e-01 1.423844498050955210e+01 1.578597689775947714e+06
2.709627486828043996e-01 1.404242070948584420e+01 1.333011634292896371e+06
2.808085806350867353e-01 1.386003584444142867e+01 1.123583915474841138e+06
2.910254241355202942e-01 1.369723442005380676e+01 9.520891788701207843e+05
3.016171011011580250e-01 1.353410357798986396e+01 8.013885790508071659e+05
3.125653225908678889e-01 1.339010177811104718e+01 6.785917294861444971e+05
3.239248764030523420e-01 1.326233812480886698e+01 5.738555054795102915e+05
3.356668507333954166e-01 1.313287546364345282e+01 4.847708944873371511e+05
3.478133124869707271e-01 1.301980928958665018e+01 4.102310163787672645e+05
3.603693385306780406e-01 1.291743063371936273e+01 3.466542975623231614e+05
3.733284557329262787e-01 1.281614450916824133e+01 2.936553807122336002e+05
3.867107147918741883e-01 1.272417096355749422e+01 2.487169048884575604e+05
4.005078039716181149e-01 1.264578584666735672e+01 2.106861456268387265e+05
4.147259722826363015e-01 1.256635986052191889e+01 1.786930257517703867e+05
4.293753525922104353e-01 1.249394563526873903e+01 1.512703846411119448e+05
4.444675502657866040e-01 1.242407385431183897e+01 1.289208216232700797e+05
4.599740997137770071e-01 1.236762308416648892e+01 1.090381308954117703e+05
4.758934356412881095e-01 1.230772048707485489e+01 9.264205878511691117e+04
4.922448735173904355e-01 1.225628867813892597e+01 7.866277099491025729e+04
5.090187040040884403e-01 1.220815020644393911e+01 6.703771629947921610e+04
5.262266003576654416e-01 1.216027294719906671e+01 5.711598449532384257e+04
5.438600084836300308e-01 1.211936734298908469e+01 4.857288160592129861e+04
5.619173575028739709e-01 1.208146774199443918e+01 4.139301940789060609e+04
5.803499033234459370e-01 1.204455710062986107e+01 3.524590146324701345e+04
5.987699899490886990e-01 1.200875361360796845e+01 3.023398102981271950e+04
6.167925162000621464e-01 1.197751076007758009e+01 2.605034146896493985e+04
6.347431092481959913e-01 1.194620755213087016e+01 2.249976268907897247e+04
6.527599055475606926e-01 1.191761200162370038e+01 1.950363396322549306e+04
6.710175626874016475e-01 1.188675107333765801e+01 1.687294576307608077e+04
6.896315187641629540e-01 1.185652008981606009e+01 1.460978093902577166e+04
7.086850098440803380e-01 1.182885529246985890e+01 1.253058578601319459e+04
7.282598084868205923e-01 1.179929877010142469e+01 1.092702400039722124e+04
7.483920301475140979e-01 1.177137993804656801e+01 9.435004098516279555e+03
7.687322184718715645e-01 1.174415424744016612e+01 8.177591930789775688e+03
7.890595483025687473e-01 1.171814723020445292e+01 7.069123645630348619e+03
8.095610442787034566e-01 1.169049711688948356e+01 6.081930405016956684e+03
8.302687601594571642e-01 1.166718593652054992e+01 5.324447658836488699e+03
8.512392725278611350e-01 1.163787276382301705e+01 4.623347569400961220e+03
8.725148782405600656e-01 1.161009487463441303e+01 4.017095596459299486e+03
8.941383578319718195e-01 1.158295388390052594e+01 3.460135118312840859e+03
9.161289389807213412e-01 1.155812189385443745e+01 3.029651269488796515e+03
9.385063535393847189e-01 1.153630702645129524e+01 2.630647308526088636e+03
9.613101493136548825e-01 1.150620440469102235e+01 2.283170391380327146e+03
9.845392749915039543e-01 1.148054326828959049e+01 1.980263328126135320e+03
1.008217631119324720e+00 1.145335361368805138e+01 1.716317272652899192e+03
1.032328548480113017e+00 1.142978051590946542e+01 1.489045084789856674e+03
1.056898459474701513e+00 1.140534153187473088e+01 1.290357098051069897e+03
1.081903493913675796e+00 1.138017367953582770e+01 1.111827475386438209e+03
1.107417124024823174e+00 1.135346339274116012e+01 9.679610948013728375e+02
1.133236997058845841e+00 1.132945211839730959e+01 8.379977430677946586e+02
1.159579772184975210e+00 1.130696895686438808e+01 7.261225969637624758e+02
1.186183609425376595e+00 1.127989489614490992e+01 6.288016362860398658e+02
1.213222850475011327e+00 1.125814860085973734e+01 5.441161625695807516e+02
1.240649006413287569e+00 1.123137348760562837e+01 4.715975399217271615e+02
1.268301462365585719e+00 1.120809195325588092e+01 4.088075954526019018e+02
1.296266459611802091e+00 1.118442106163396055e+01 3.543674853691263706e+02
1.324478444325885906e+00 1.115981167085612213e+01 3.070525574627248488e+02
1.352897174508860934e+00 1.113707107487006986e+01 2.667340477206259948e+02
1.381481047927491490e+00 1.111315346657612046e+01 2.318158559843262765e+02
1.410188187435276186e+00 1.109035237604365598e+01 2.009413930016299901e+02
1.438971626006701365e+00 1.106636435849283018e+01 1.747646606619485112e+02
1.467839206987543887e+00 1.104303773133078970e+01 1.514181477767937736e+02
1.496618209260625054e+00 1.101888751603967265e+01 1.324945521108024025e+02
1.525368759440120847e+00 1.099503740141665631e+01 1.155115964770557326e+02
1.554008936941920771e+00 1.097018809853184251e+01 1.009227332848183920e+02
1.582530428295025215e+00 1.094609239021894176e+01 8.805299026689722552e+01
1.610785360716559866e+00 1.092058879201010413e+01 7.701276882321963058e+01
1.638817994948583046e+00 1.089530965831757747e+01 6.753510441144864274e+01
1.666567282396992145e+00 1.086963981001975199e+01 5.918445642368848780e+01
1.693923131156048312e+00 1.084379334928642180e+01 5.202692092036493676e+01
1.720899322923502783e+00 1.081663650531519849e+01 4.558941038851019556e+01
1.747474037864208185e+00 1.078996878628396772e+01 4.027233451124815389e+01
1.773514201383026734e+00 1.076225451172210157e+01 3.551510958101847137e+01
1.799044441825873752e+00 1.073412453493254759e+01 3.141650028081372170e+01
1.824014027753211975e+00 1.070534418453837588e+01 2.780033417239480897e+01
