2.191799393479931801e-01 1.550982551689759603e+01 3.683552447462830693e+06
2.272635427531484176e-01 1.520674933794842687e+01 3.086738775581543334e+06
2.356977791932049759e-01 1.492083962019150967e+01 2.569016393512335140e+06
2.444766604974209223e-01 1.465909100274447674e+01 2.172051255886822939e+06
2.536151561486702510e-01 1.442176455681837588e+01 1.825009030678629410e+06
2.631270733659347161e-01 1.419987369925651066e+01 1.527432981392538873e+06
2.730178801130325184e-01 1.399916983756469158e+01 1.284765595530330203e+06
2.832995332758320717e-01 1.381664030322888692e+01 1.081575404877892695e+06
2.939764796712844297e-01 1.364799145071478215e+01 9.044534975464000599e+05
3.050469258751792867e-01 1.348585821937531293e+01 7.608390518647348508e+05
3.165388839320663616e-01 1.333860872691081312e+01 6.390265102040566271e+05
3.284429900014472770e-01 1.321185711985722833e+01 5.364245023483573459e+05
3.407780650935671729e-01 1.308069945691462443e+01 4.515883805357033852e+05
3.535259801283049952e-01 1.297211321658614480e+01 3.794285895982087241e+05
3.667232263541007620e-01 1.286740528169727327e+01 3.198028632855186006e+05
3.803637943981181824e-01 1.276918651866650123e+01 2.690472156336049084e+05
3.944603570256061675e-01 1.267981079163133451e+01 2.239832675486782100e+05
4.090012184317030064e-01 1.259468755504670767e+01 1.910051458564711793e+05
4.239936776470463187e-01 1.252031782626966105e+01 1.606715170418045309e+05
4.394361411701250275e-01 1.244835248382826975e+01 1.355818978845481179e+05
4.553548172215166612e-01 1.238493633736459287e+01 1.144244751931876235e+05
4.717483825032055544e-01 1.232377178252104777e+01 9.575595628426135227e+04
4.885719994916416509e-01 1.226874950066047809e+01 8.085459459086148127e+04
5.058356541552989638e-01 1.221648109233211699e+01 6.900722724749922054e+04
5.235770019951976328e-01 1.216945625840940615e+01 5.831127608248046454e+04
5.417734569432807179e-01 1.212431672718181197e+01 4.946511483542457427e+04
5.604246342346941301e-01 1.208039593339400319e+01 4.191742730795714306e+04
5.794839795997192011e-01 1.204529024391303338e+01 3.556141814754627558e+04
5.983359654206155120e-01 1.200949245328950710e+01 3.034259576298103275e+04
6.164124450836959701e-01 1.197689160304899403e+01 2.615678105373569269e+04
6.340487792802543821e-01 1.194421228569071758e+01 2.259671582297475106e+04
6.515037996029551248e-01 1.191269389671713519e+01 1.957107171555543391e+04
6.689567635330088136e-01 1.188030136007810533e+01 1.702507092854898292e+04
6.865689197719547776e-01 1.184695709192487101e+01 1.480947092987655196e+04
7.044164688368280691e-01 1.181301843090578174e+01 1.287294757410493003e+04
7.226418984316815841e-01 1.177984975494780784e+01 1.117776464573095654e+04
7.413206325083148140e-01 1.174625398294270617e+01 9.608394204654403438e+03
7.604968467073525140e-01 1.171207121613343105e+01 8.402940313159857396e+03
7.802516750056810446e-01 1.167781397249630615e+01 7.266025721269508722e+03
8.006365430577726539e-01 1.164636802925455861e+01 6.276635922013511845e+03
8.216813698096624430e-01 1.161315343319064297e+01 5.416827006225525110e+03
8.434378143113566706e-01 1.158230636403487601e+01 4.654781635472432754e+03
8.659272672603995913e-01 1.155644489832573640e+01 4.000634908083657592e+03
8.891736581291367347e-01 1.152029360004323877e+01 3.433289623263345220e+03
9.131981708193992464e-01 1.149195953763750211e+01 2.940582551128294199e+03
9.380111845506190482e-01 1.146334667959740017e+01 2.517094137330598187e+03
9.636184411949223483e-01 1.143692403930875834e+01 2.151915414758463157e+03
9.900183941899839413e-01 1.141148202853444715e+01 1.837842701325562757e+03
1.017213578566833698e+00 1.138583738943792234e+01 1.567225444585392552e+03
1.045185864436870338e+00 1.136284307449465381e+01 1.336265013776520618e+03
1.073917633535251381e+00 1.134163307587545155e+01 1.138343472900632150e+03
1.103398327493311459e+00 1.132352924468707300e+01 9.701040357890281030e+02
1.133597144772920062e+00 1.130064512917731356e+01 8.261190817414241110e+02
1.164485474184180358e+00 1.128453249999824060e+01 7.031775981079634903e+02
1.196026175141288617e+00 1.126368348897256055e+01 5.952352445170093915e+02
1.228183947497599293e+00 1.124946773965143443e+01 5.096676456672288964e+02
1.260903654850113575e+00 1.123123595309263401e+01 4.344122575448923840e+02
1.294145370750342305e+00 1.121592456537233673e+01 3.701653852419425448e+02
1.327860026861647613e+00 1.120185406020479313e+01 3.155882631156089815e+02
1.361987358542456894e+00 1.118813497517970035e+01 2.676867511978211382e+02
1.396464844361046564e+00 1.117459202430377196e+01 2.300776950047906837e+02
1.431241890399929328e+00 1.116178833921054370e+01 1.967183630752218448e+02
1.466242745317122509e+00 1.114754966373031486e+01 1.682919677692503342e+02
1.501416168739110990e+00 1.113551807860167919e+01 1.442626063035916388e+02
1.536678884547144630e+00 1.112374110050596876e+01 1.236537343662827624e+02
1.571968593405322467e+00 1.111037584765255026e+01 1.062176698158504706e+02
1.607217025972452307e+00 1.109774511196217617e+01 9.139026962104863117e+01
1.642353544325120263e+00 1.108521116794932482e+01 7.870311745706808892e+01
1.677305782833798498e+00 1.107230374416226937e+01 6.792943277029465321e+01
1.711221157204924737e+00 1.105832891991843603e+01 5.894003884016550643e+01
1.743332827480959413e+00 1.104321180354293830e+01 5.120572521799292787e+01
1.773660278615902586e+00 1.102652218323398614e+01 4.488279401692687998e+01
1.802275116618178963e+00 1.100746165345611516e+01 3.971351812554094352e+01
1.829220083799607544e+00 1.098675904279403603e+01 3.516717918935142251e+01
1.854575883091997834e+00 1.096329666430437122e+01 3.125690843193344293e+01
1.878392250467542768e+00 1.093787111183124772e+01 2.790120016091999133e+01
1.900717228209935827e+00 1.090959405840612817e+01 2.499086418215494731e+01
1.921620411574685328e+00 1.087992002538176450e+01 2.243097946086760430e+01
1.941142858050708409e+00 1.084715184100245722e+01 2.021704606632468781e+01
1.959311242137832032e+00 1.081332194599364627e+01 1.825902038866512456e+01
