2.191799393479931801e-01 1.550982551689759603e+01 3.683552447462830693e+06
2.295826259603521158e-01 1.513430613106380740e+01 2.957038231390031986e+06
2.405810755293956715e-01 1.477125413055958525e+01 2.345944049333030824e+06
2.521248306550799012e-01 1.445370657787108648e+01 1.877107719552528812e+06
2.642891638388821796e-01 1.417815149613648096e+01 1.497622975234369049e+06
2.770779002581776340e-01 1.395993328017051027e+01 1.196678782817533473e+06
2.905108498148613605e-01 1.369890524638479157e+01 9.584104910070229089e+05
3.045868334697581226e-01 1.349443580896068795e+01 7.652447032397267176e+05
3.193386988877023325e-01 1.330781601543329984e+01 6.118869724604472285e+05
3.347922640222858459e-01 1.313945747077195136e+01 4.912968256903541624e+05
3.509264348494646746e-01 1.299316937946293393e+01 3.929041312833685079e+05
3.677810100347603250e-01 1.285909987577759317e+01 3.151282241103496053e+05
3.853712832180109515e-01 1.273708808967940165e+01 2.525718651307981345e+05
4.036853562305127707e-01 1.262345489753303873e+01 2.033033272922476172e+05
4.227448964997745917e-01 1.252379848869717982e+01 1.633169939642436220e+05
4.425576593259773484e-01 1.243413463727814516e+01 1.310281890606646775e+05
4.631443760447924718e-01 1.235381078282237333e+01 1.055880479570301977e+05
4.844475618987058030e-01 1.228110817408032496e+01 8.424468654922653513e+04
5.065018952564671606e-01 1.221276046184482489e+01 6.871839406333220541e+04
5.293119103390367952e-01 1.215503135669025703e+01 5.546226355192701158e+04
5.528680573760226258e-01 1.210041606175961348e+01 4.479314718003985035e+04
5.771277283297205907e-01 1.205103250560361872e+01 3.626984909507520933e+04
6.015018799544126216e-01 1.200398238278827812e+01 2.954022057328832670e+04
6.251824112437486258e-01 1.196444859996482890e+01 2.433038280273420605e+04
6.483409383638620849e-01 1.192321411859948554e+01 2.015899245563166551e+04
6.714231443550916500e-01 1.188285087005965046e+01 1.678167299090978486e+04
6.947589929650676011e-01 1.184302132786481820e+01 1.396173692752627721e+04
7.185749641429955981e-01 1.179907243970864350e+01 1.165534485379147372e+04
7.430796388650459106e-01 1.175743518685055200e+01 9.681158098774454629e+03
7.683930498643686269e-01 1.171657501767235843e+01 8.038525481786341516e+03
7.946851283921035902e-01 1.167862891016730131e+01 6.652019728980811124e+03
8.220391735468687289e-01 1.164049015564918577e+01 5.495572254957050973e+03
8.505452919829038505e-01 1.160206859817485281e+01 4.529776130814328098e+03
8.802682569506341537e-01 1.156428035275031263e+01 3.721245247810120873e+03
9.112939415310480351e-01 1.152801331067699131e+01 3.052530308044658341e+03
9.435144666166661587e-01 1.149707588078580045e+01 2.480252250760120205e+03
9.770969911674750596e-01 1.146429017487944435e+01 2.041586577200835336e+03
1.011973061696292975e+00 1.143781813309022333e+01 1.665937365174817160e+03
1.048153888573961190e+00 1.140906616281815111e+01 1.357528089262558069e+03
1.085597711596126169e+00 1.138190075015376124e+01 1.104596620604607779e+03
1.124272623057941400e+00 1.135667338880983657e+01 8.988862807492445199e+02
1.164100796887402200e+00 1.133866765904761209e+01 7.309166255795356619e+02
1.205029249215256781e+00 1.131481404866105933e+01 5.948606254875501236e+02
1.246970798281470394e+00 1.129543282746799804e+01 4.838164737975980074e+02
1.289830358478412320e+00 1.127797250109466987e+01 3.938915545778421006e+02
1.333501466092539056e+00 1.126296324781455205e+01 3.209476085416700357e+02
1.377871742966689794e+00 1.124506537743033263e+01 2.619253092620452321e+02
1.422823630208547074e+00 1.123111754887670166e+01 2.128514667192216905e+02
1.468210287055998320e+00 1.121555627225053797e+01 1.751986686656883307e+02
1.513902238338502793e+00 1.120074106743634879e+01 1.435869091950393113e+02
1.559761776987867776e+00 1.118692389745607230e+01 1.179445439559375046e+02
1.605628089462401764e+00 1.117321961352427095e+01 9.712242809472981264e+01
1.651362432163388405e+00 1.115835674869340011e+01 8.017169476453852894e+01
1.695156475356404790e+00 1.114299232391056371e+01 6.670385953928889933e+01
1.735433471826465679e+00 1.112370903255773236e+01 5.598165839356893514e+01
1.772369010738612305e+00 1.110146060824333070e+01 4.786663964113562031e+01
1.806190915125984731e+00 1.107452612972672412e+01 4.105664906750695309e+01
1.837078388316872868e+00 1.104315720227316611e+01 3.549225081406153492e+01
1.865240422744941950e+00 1.100827269813224696e+01 3.092513573296152884e+01
1.890882167319675622e+00 1.096909100293520112e+01 2.701627105709263432e+01
1.914000447953220219e+00 1.092540254775209796e+01 2.375352434575982841e+01
1.934893709022582620e+00 1.087806481149338644e+01 2.100717344973701728e+01
1.953632953613279932e+00 1.082693407841094491e+01 1.856411860633946276e+01
1.970318449564668839e+00 1.077302596294557624e+01 1.652315004635718054e+01
1.985082020559798321e+00 1.071644926900928141e+01 1.483145183223092012e+01
1.998045456645136664e+00 1.065675323196604296e+01 1.330726142355367436e+01
2.009115992676860696e+00 1.059398447896812812e+01 1.193936692319584836e+01
2.018587379527426062e+00 1.052921301171796742e+01 1.080177577340348449e+01
2.026471260563222909e+00 1.046267971687107234e+01 9.763936946070467471e+00
2.032828552707275804e+00 1.039400981588815753e+01 8.872032670269478061e+00
2.037716865199290961e+00 1.032385659259264976e+01 8.078258417079819509e+00
2.041239790026136092e+00 1.025204472463448901e+01 7.396258267816020471e+00
2.043442584489993941e+00 1.017871521474395458e+01 6.775582542589613233e+00
2.044386172460555429e+00 1.010542051845700229e+01 6.222833751975922922e+00
2.044151946935256259e+00 1.002914816054811631e+01 5.735582840426634910e+00
2.042776185940653466e+00 9.953552857358332062e+00 5.295576179325718336e+00
2.040336979962983133e+00 9.876733459820728811e+00 4.896330929363614359e+00
2.036871523664042005e+00 9.800053867835728738e+00 4.556747822865864883e+00
2.032439964162869206e+00 9.722613498342379756e+00 4.241133099420884456e+00
2.027113300997223089e+00 9.645368394214889562e+00 3.953709196409870952e+00
