1.550982551689759603e+01 2.191799393479931801e-01 3.683552447462830693e+06
1.519369719928291751e+01 2.278733382889966130e-01 3.065938152906075586e+06
1.487742359372564671e+01 2.369623618829748979e-01 2.531320173249366693e+06
1.460192106787604160e+01 2.464675508889917488e-01 2.093030198726024479e+06
1.436765228751442258e+01 2.563841183955146708e-01 1.734888988435044419e+06
1.412673667046785297e+01 2.667324284175027205e-01 1.436117512770780129e+06
1.394692703331630668e+01 2.775227433644557040e-01 1.188495535696006613e+06
1.373203768212512621e+01 2.887659936775680003e-01 9.845483877034144243e+05
1.355303877406748647e+01 3.004679689658318886e-01 8.167648827681567054e+05
1.338966947295395826e+01 3.126279640094086765e-01 6.772801643326699268e+05
1.324092320088295516e+01 3.252817738719100404e-01 5.621523576873413986e+05
1.311067091915503369e+01 3.384128759870769776e-01 4.659588801077347598e+05
1.298459767129959097e+01 3.520550598984300006e-01 3.868331935806963011e+05
1.286907571119411386e+01 3.661859340502775506e-01 3.221654376296268310e+05
1.276264053335787985e+01 3.808475681182873496e-01 2.670987690835222020e+05
1.266733129621758458e+01 3.959983414925190015e-01 2.220696184316563304e+05
1.258163357119847170e+01 4.116744364390595989e-01 1.847804957210062130e+05
1.250409050561282598e+01 4.278866375901211327e-01 1.539197057055057667e+05
1.242727921240044076e+01 4.446397424823105848e-01 1.283083186767790176e+05
1.235863073830418735e+01 4.619069463208077542e-01 1.068333203803154465e+05
1.229571638433544933e+01 4.796951099345935776e-01 8.930740393647219753e+04
1.223472557939036776e+01 4.980043389979847968e-01 7.454971715696842875e+04
1.218784215365994861e+01 5.168496872220411653e-01 6.222206492627508851e+04
1.213727090092032057e+01 5.362238365884850477e-01 5.207144506378261576e+04
1.209255706373870254e+01 5.561223011956509810e-01 4.347382207838645991e+04
1.205133197096714959e+01 5.765131122021046606e-01 3.613998306581155339e+04
1.201214865281660238e+01 5.973954807790176069e-01 3.057876650553524087e+04
1.197642981280349872e+01 6.187769750451304063e-01 2.569080385406930145e+04
1.194428406314801272e+01 6.406438431511610743e-01 2.155513798784951359e+04
1.191333198380556446e+01 6.630093307762922050e-01 1.796457399593043374e+04
1.188372580167847303e+01 6.857808952013829673e-01 1.525437822096984928e+04
1.185558338986496096e+01 7.090601458453477113e-01 1.286390735227452569e+04
1.183023685647745182e+01 7.327494834079786301e-01 1.084341241856871784e+04
1.180521387239924636e+01 7.568311855295968282e-01 9.174527829382050186e+03
1.178253762528733439e+01 7.813510738771852759e-01 7.745932110334259050e+03
1.175973984030379427e+01 8.062276492251860827e-01 6.553273318935160205e+03
1.173558351991819393e+01 8.314864744940079211e-01 5.552451657792209517e+03
1.171357209848214787e+01 8.570478255855772387e-01 4.713642566662521858e+03
1.169223366537340247e+01 8.829445505357907953e-01 4.002929058597880157e+03
1.166756205505828170e+01 9.090944631209159077e-01 3.403895050871933108e+03
1.164787813869561717e+01 9.354952845112731730e-01 2.897763063916569990e+03
1.162615590707755331e+01 9.620871442064677925e-01 2.471718624520728099e+03
1.160834787846247274e+01 9.888760135914791416e-01 2.109598044319322526e+03
1.158164982124451114e+01 1.015806523132577022e+00 1.803656149657017295e+03
1.156424814937159873e+01 1.042845053678372214e+00 1.543436292188510606e+03
1.153693139063398476e+01 1.069955772976332709e+00 1.323678124720670212e+03
1.151079845053752315e+01 1.097085790767969637e+00 1.136432864849421776e+03
1.148711495743065392e+01 1.124221577373101466e+00 9.768018101696959548e+02
1.146408862022848574e+01 1.151291914804506655e+00 8.411038884831658606e+02
1.143408358047795303e+01 1.178268696248408576e+00 7.253207361008285261e+02
1.140902101493456833e+01 1.205119324785193680e+00 6.266973170616786319e+02
1.138010549933691173e+01 1.231798903460259886e+00 5.420005240237530870e+02
1.135037756014959953e+01 1.258260264080293789e+00 4.695834254908436378e+02
1.131692342328116396e+01 1.284477265465539420e+00 4.073348592837959927e+02
1.128567096192079866e+01 1.310381709159361474e+00 3.539820368569371567e+02
1.125365659671577845e+01 1.335956918985463204e+00 3.081930700543193211e+02
1.121791172188972219e+01 1.361153622016789688e+00 2.675453405477167621e+02
1.118016348666665927e+01 1.385938943290403458e+00 2.348010101765512161e+02
1.114169111366154397e+01 1.410270465506568982e+00 2.053635116574088784e+02
1.110253880838833673e+01 1.434113598499497266e+00 1.798787479048224611e+02
1.106254737654232123e+01 1.457435979911355428e+00 1.572445800387487793e+02
1.102116012112460020e+01 1.480203981775036315e+00 1.389354538856700003e+02
1.097857842620812718e+01 1.502379034525633816e+00 1.223807096754591157e+02
1.093453541523552985e+01 1.523930174896604095e+00 1.079487917434204292e+02
1.088821746877868790e+01 1.544842520932756758e+00 9.542297711728537024e+01
1.084181336091273629e+01 1.565080018977492493e+00 8.447356232771592488e+01
1.079337831971266937e+01 1.584618437306055005e+00 7.498546376625395737e+01
1.074407675305215726e+01 1.603436533554195353e+00 6.658683672883809379e+01
1.069419722274704121e+01 1.621514140203884402e+00 5.922925739435579118e+01
1.064280946881876133e+01 1.638834617131973870e+00 5.281069299816537921e+01
1.058969834610627991e+01 1.655381295191027835e+00 4.716942516160163734e+01
1.053465059176208385e+01 1.671140177118355830e+00 4.207048972268415099e+01
1.048000289748717861e+01 1.686100835402830400e+00 3.772905157616193605e+01
1.042406670717325312e+01 1.700251565646207608e+00 3.402725720588103542e+01
1.036677279277711250e+01 1.713590089255289772e+00 3.048321136063352199e+01
1.030863721921916110e+01 1.726106759097398635e+00 2.748014337359294856e+01
1.024996992944896590e+01 1.737803357024796824e+00 2.481352163649214049e+01
1.018966713865558837e+01 1.748675008348715254e+00 2.244859497190889641e+01
1.012958388015020361e+01 1.758726383548443239e+00 2.035396027042925127e+01
1.006810217098758287e+01 1.767961939617606282e+00 1.853910846803012547e+01
1.000618016729988113e+01 1.776381216914644678e+00 1.686042287982859378e+01
9.943348082602035731e+00 1.783996037389761424e+00 1.537262739285758251e+01
9.880370903965685514e+00 1.790814138503952657e+00 1.402884317703880335e+01
9.816461800507378044e+00 1.796846954480101344e+00 1.283526847577447860e+01
9.752513074044012242e+00 1.802101440489145112e+00 1.176350708900534059e+01
9.688660887608307348e+00 1.806590485364434118e+00 1.079889071158149072e+01
9.624057805624293138e+00 1.810297422297254100e+00 9.935888025019377068e+00
9.558133976462951154e+00 1.813225008257236981e+00 9.163708293657784054e+00
9.493318965491809536e+00 1.815369894775629600e+00 8.447399869850510612e+00
9.428057178968385799e+00 1.816734386778961374e+00 7.824078146505482501e+00
9.363161658915519325e+00 1.817324457683987537e+00 7.262355076407761345e+00
9.297902924852181172e+00 1.817146743594785896e+00 6.764518765638687370e+00
9.233220614268121906e+00 1.816222019662361076e+00 6.314449472848428613e+00
9.168255871196256734e+00 1.814550409451271218e+00 5.900702654386130952e+00
9.104392624912666321e+00 1.812174861347935373e+00 5.536792331989015992e+00
9.040065659982653656e+00 1.809085525125901039e+00 5.205209202687123948e+00
8.976045481986998809e+00 1.805319275463330264e+00 4.911751256780243935e+00
8.913422791572504167e+00 1.800855021736252448e+00 4.660301709927102465e+00
8.852101012573131200e+00 1.795626371435630642e+00 4.413924294825187999e+00
8.793570511357863495e+00 1.789583469893607282e+00 4.224286752815109125e+00
