1.550982551689759603e+01 2.191799393479931801e-01 3.683552447462830693e+06
1.519354916467888472e+01 2.275868249566705692e-01 3.071192851685378700e+06
1.489966134195579350e+01 2.363698492846350030e-01 2.553919063335943501e+06
1.463894950488058910e+01 2.455344876574920565e-01 2.133704759845986962e+06
1.438283912095396389e+01 2.550857590721319346e-01 1.773218474048258737e+06
1.416277450568009932e+01 2.650393874271143591e-01 1.478464787236023229e+06
1.395648642788886917e+01 2.754073426221472221e-01 1.234644600997963687e+06
1.377283503077437032e+01 2.861978945861849977e-01 1.028539923705502879e+06
1.359237460248516882e+01 2.974067155185776135e-01 8.564834433031952940e+05
1.343350338792812693e+01 3.090625958724628197e-01 7.153292142483227653e+05
1.328819804308409225e+01 3.211684459277266979e-01 5.965036891340888105e+05
1.315040762255859974e+01 3.337253394117049021e-01 4.930820051601588493e+05
1.302811914499870838e+01 3.467282447781719346e-01 4.164906719347150647e+05
1.291329341584556722e+01 3.602357841053037690e-01 3.472656275374257821e+05
1.280906219597949836e+01 3.741731439450691199e-01 2.904219832867893856e+05
1.271278640046926789e+01 3.886168390722988253e-01 2.430232304100357869e+05
1.262087647254078604e+01 4.035458088901411333e-01 2.033593235573615239e+05
1.254567096179084729e+01 4.189586294514407450e-01 1.700216854946118547e+05
1.247063715863554734e+01 4.348858116267431129e-01 1.424358334127941343e+05
1.240153091330951796e+01 4.512881913251511334e-01 1.194213065126155416e+05
1.233707976769655446e+01 4.681982011697863877e-01 1.001999725498569605e+05
1.227794702881810096e+01 4.855822370040253078e-01 8.412807307294433122e+04
1.222203041199836271e+01 5.034701821356639684e-01 7.069584404702785832e+04
1.217372998292923825e+01 5.218531009944658017e-01 5.940932219949118735e+04
1.212780354377970049e+01 5.407288824420161122e-01 4.990952038805986376e+04
1.208655694435382699e+01 5.600960984350621397e-01 4.201161447950029105e+04
1.204537001122932516e+01 5.799055686254975805e-01 3.539349766120230197e+04
1.200693349707325019e+01 6.001898049198827190e-01 2.987250891980066081e+04
1.197335941102905288e+01 6.208161578468548436e-01 2.525527986868356311e+04
1.194806131386212478e+01 6.416526655322045691e-01 2.137579794994043914e+04
1.190994137748931614e+01 6.625467880108794061e-01 1.816592763781466056e+04
1.188130286825313497e+01 6.832876186954669473e-01 1.552585004830103935e+04
1.185499833866549402e+01 7.037475793537928404e-01 1.327086399385221193e+04
1.182656530583944843e+01 7.236067742390368540e-01 1.145589540595780818e+04
1.179627701095792602e+01 7.426525570782211982e-01 9.952050993188655411e+03
1.176595174765697038e+01 7.605261477234460665e-01 8.715139218941303625e+03
1.173509955535879357e+01 7.768029103067590757e-01 7.716680949412016162e+03
1.170016603294712532e+01 7.907763330097898891e-01 6.906251854727494901e+03
1.166807039450012518e+01 8.007834753077482937e-01 6.349991487784493984e+03
1.162970203315476780e+01 8.070506525213954063e-01 5.952869235221476629e+03
1.158599716918406308e+01 8.130001118373590963e-01 5.565266817632353195e+03
1.153372275431672378e+01 8.192577395168042509e-01 5.171707463561204349e+03
1.148060407593537491e+01 8.260460167350613947e-01 4.767902107806694403e+03
1.141996731530931086e+01 8.336535898941853651e-01 4.364070914841226113e+03
1.135464210132476559e+01 8.422454430545204263e-01 3.961747331071846475e+03
1.128849974889828012e+01 8.518935791735896546e-01 3.567054749949788857e+03
1.122080852556939767e+01 8.627228960733106522e-01 3.185614950090657658e+03
1.114747768858295274e+01 8.748139210172375391e-01 2.824021709286954319e+03
1.107577488059570570e+01 8.882150630545709857e-01 2.484642661356283952e+03
1.100378399718917422e+01 9.029728826950297327e-01 2.157318182304222319e+03
1.093745557951983116e+01 9.191164330158942963e-01 1.885388698950503112e+03
1.086252564584654756e+01 9.366633989752988221e-01 1.628754575119255605e+03
1.079466072182083813e+01 9.556096178957868004e-01 1.397130278485278723e+03
1.072664275447099236e+01 9.759450052637902440e-01 1.186737523710226696e+03
1.066221459192950149e+01 9.976377739639694653e-01 1.016706318868725816e+03
1.060170201555900249e+01 1.020657754158688979e+00 8.619473259381979915e+02
1.054262321813017067e+01 1.044953070943077655e+00 7.291169525156066129e+02
1.048913250622875282e+01 1.070463550299131317e+00 6.154945914470342814e+02
1.043432889286294341e+01 1.097122644906205924e+00 5.185121844872472820e+02
1.038304202035979351e+01 1.124853376183909015e+00 4.366411980455437742e+02
1.033650914093538198e+01 1.153576670674659965e+00 3.672702552169572527e+02
1.029206753103225225e+01 1.183205944586792846e+00 3.091816967025333156e+02
1.025059732843812199e+01 1.213641266061120438e+00 2.601066146118820370e+02
1.021254382761015123e+01 1.244792803299681561e+00 2.188149641156295218e+02
1.017600089981156231e+01 1.276550309081186052e+00 1.836276850251894075e+02
1.014238472018823956e+01 1.308823032114084128e+00 1.554707225005435305e+02
1.011010700628274606e+01 1.341494980542343951e+00 1.313657269691474312e+02
1.007962861278781830e+01 1.374428872527028389e+00 1.111128971215017600e+02
1.005119502802201303e+01 1.407455870999105629e+00 9.418668502035654910e+01
1.002410316818250280e+01 1.440423506622615424e+00 8.001772279291262180e+01
9.998245517325308640e+00 1.473167749076048860e+00 6.794798268587213386e+01
9.973048226812899486e+00 1.505546663889999248e+00 5.831453903416514351e+01
9.947962894464884798e+00 1.537422918351446510e+00 4.997766905201017806e+01
9.923945850501155519e+00 1.568626649892113090e+00 4.286075325053310792e+01
9.898329108062322135e+00 1.599061210721150594e+00 3.699974543298500151e+01
9.874117769242992892e+00 1.628585118071894877e+00 3.207036923222427305e+01
9.849027198931423754e+00 1.657072851033803529e+00 2.790379560326415742e+01
9.823187981230018906e+00 1.684416844807683722e+00 2.443617470102287470e+01
9.797116132108330433e+00 1.710559296719923239e+00 2.140827617852082909e+01
9.770304144884976338e+00 1.735356972331501435e+00 1.885788723732731853e+01
9.741717126534140903e+00 1.758754521939607685e+00 1.665815023943745743e+01
9.711937045932634405e+00 1.780704645199254088e+00 1.478082361576516846e+01
9.681625651093897389e+00 1.801143160490424444e+00 1.317305069929648020e+01
9.649759127508943379e+00 1.820000766280365223e+00 1.175880748494679651e+01
9.616263278195223307e+00 1.837250351127244441e+00 1.060130696789050830e+01
9.581345210016808167e+00 1.852843156182113260e+00 9.546849599577448942e+00
9.545130110309260729e+00 1.866798863919081564e+00 8.680103309194690198e+00
9.507490139113459193e+00 1.879071078838736142e+00 7.914418830098613356e+00
9.468430283602824460e+00 1.889643911808213783e+00 7.237064453176582646e+00
9.428735256121475672e+00 1.898533845208759452e+00 6.652501194219948566e+00
9.386148810106996976e+00 1.905731342533059536e+00 6.144204538161433859e+00
9.342986869921466209e+00 1.911264251208921294e+00 5.695229724968611684e+00
9.298682850255381993e+00 1.915123588589873638e+00 5.311014206248350966e+00
9.253342500612369292e+00 1.917334473822861929e+00 4.990344656761365627e+00
9.207542602950189448e+00 1.917916019433682173e+00 4.705746621484044212e+00
9.160490397001032292e+00 1.916880461713082129e+00 4.452414537367634928e+00
9.113324088219506791e+00 1.914282362423091133e+00 4.244027929155833156e+00
9.066109205631169843e+00 1.910130102980849953e+00 4.072419576952845510e+00
9.020020951433902923e+00 1.904479032694673446e+00 3.936726815862088724e+00
8.975727872323068013e+00 1.897448562280440232e+00 3.835424835540030664e+00
