1.550982551689759603e+01 2.191799393479931801e-01 3.683552447462830693e+06
1.517241327080205338e+01 2.278656172121125700e-01 3.044763079396646004e+06
1.490302024246601675e+01 2.369462068499309515e-01 2.546893157674524002e+06
1.461421816809564156e+01 2.464414001602807658e-01 2.095747120510559063e+06
1.435711860669201378e+01 2.563476677195833386e-01 1.730901600463380804e+06
1.413233743069998560e+01 2.666840227554062581e-01 1.440082507918951334e+06
1.392435779709115451e+01 2.774612974797192044e-01 1.193062972049519420e+06
1.373124896813281381e+01 2.886923522433665901e-01 9.882915610878027510e+05
1.355360584671239366e+01 3.003801216127864326e-01 8.175035732481551822e+05
1.339112887756284387e+01 3.125257801306516869e-01 6.778537758410698734e+05
1.324587559170932138e+01 3.251585284019756772e-01 5.632026574304102687e+05
1.310577107909598915e+01 3.382779936143540112e-01 4.672346585466192919e+05
1.298490861304063060e+01 3.519033989085078029e-01 3.876092127342371386e+05
1.287048977401873096e+01 3.660141593211953537e-01 3.226909395032543689e+05
1.276459820281783131e+01 3.806559345478826573e-01 2.676437878703259630e+05
1.267426971452521123e+01 3.957855404617018347e-01 2.229164191380334960e+05
1.258054801956293822e+01 4.114433775252963055e-01 1.857332373817627667e+05
1.250105129069835996e+01 4.276305943957118827e-01 1.544407950645626115e+05
1.242787326175751161e+01 4.443586871024882701e-01 1.285746623957274132e+05
1.235943129976978838e+01 4.616020478113287417e-01 1.072172771641541185e+05
1.229796968381545774e+01 4.793641574599471489e-01 8.940678600694601482e+04
1.223963690436405649e+01 4.976471388041346922e-01 7.472062400863697985e+04
1.218852120206913092e+01 5.164640551487119646e-01 6.243691933131752739e+04
1.213938560695924984e+01 5.358099890879193250e-01 5.219161517115023162e+04
1.209488500092111529e+01 5.556784390590949751e-01 4.366424145984343340e+04
1.205285222757085783e+01 5.760403435680685469e-01 3.623234516854908725e+04
1.201455961896452251e+01 5.968938329695113731e-01 3.069902521321592212e+04
1.197708273951419855e+01 6.182652917290257788e-01 2.553580345726167798e+04
1.194556115583322864e+01 6.401634676996889040e-01 2.165134676052904615e+04
1.191439075455557628e+01 6.626036452509301844e-01 1.820265501370815036e+04
1.188521628660767782e+01 6.855836185476197331e-01 1.528516033144181711e+04
1.185853648882897637e+01 7.091159793583492466e-01 1.285750626720940818e+04
1.183231083727549304e+01 7.332209871955447378e-01 1.083044539556634300e+04
1.180919688025119463e+01 7.578486221071756290e-01 9.118265405182000904e+03
1.178521088318575671e+01 7.830448228234202501e-01 7.691004850120977608e+03
1.176354709998478398e+01 8.087567802248440962e-01 6.476274183518915379e+03
1.174424297546827489e+01 8.349917788478672387e-01 5.470668804850819470e+03
1.172405123913595482e+01 8.617249862761028334e-01 4.617522698513684190e+03
1.171023907850194590e+01 8.889410889698264873e-01 3.904326919974543671e+03
1.168430702063374937e+01 9.166202727369204828e-01 3.301035472765956001e+03
1.167428620362657554e+01 9.447169477871493193e-01 2.794793857535872121e+03
1.164995535224053214e+01 9.732106968412783665e-01 2.367510069866920276e+03
1.163252319818168345e+01 1.002054897609167883e+00 2.009328191723073587e+03
1.161519409322267649e+01 1.031214142188119798e+00 1.706487366941701339e+03
1.159911665209071785e+01 1.060679775125052071e+00 1.449907320702472362e+03
1.157958694967707558e+01 1.090362126870377146e+00 1.226232076737348734e+03
1.156263486200569623e+01 1.120250377023817023e+00 1.052128967190204094e+03
1.154335718083442153e+01 1.150287973933554531e+00 8.975840457620035977e+02
1.152501615292715087e+01 1.180415880112069660e+00 7.673068913374554540e+02
1.150312092677694231e+01 1.210606422166329965e+00 6.525339608766461197e+02
1.148559799991802066e+01 1.240795407847125942e+00 5.625870205718166517e+02
1.146199702024628664e+01 1.270941533350014918e+00 4.831399498551696752e+02
1.143842268364521431e+01 1.300973193326776745e+00 4.153268755144608804e+02
1.141693305440959705e+01 1.330847908291003190e+00 3.574715765002613921e+02
1.139303001994001896e+01 1.360510723878191053e+00 3.084389092978721010e+02
1.136831810184095026e+01 1.389917842918069857e+00 2.664147840709924253e+02
1.133913852034992154e+01 1.418990900682495671e+00 2.306801434473352970e+02
1.131272675820810925e+01 1.447723391976418528e+00 1.992008982268702084e+02
1.128345164883991103e+01 1.476023310044610071e+00 1.736692450294267189e+02
1.125272196635849831e+01 1.503866320381195276e+00 1.511610649147535526e+02
1.122057414030860834e+01 1.531178669008459003e+00 1.317572703453557494e+02
1.118696817166351387e+01 1.557949683009118402e+00 1.150582559510366707e+02
1.115248296630396219e+01 1.584103336100318726e+00 1.006503921167741424e+02
1.111654905692002515e+01 1.609585889557435978e+00 8.823887250866283694e+01
1.107939104040894840e+01 1.634342872107959810e+00 7.715936404048387942e+01
1.104057190515451659e+01 1.658301581216733656e+00 6.820826834451055731e+01
1.100004014555055498e+01 1.681412501156466455e+00 6.015489646153912418e+01
1.095829045745161245e+01 1.703610242300008348e+00 5.323051264941664584e+01
1.091515856407229101e+01 1.724874006420436201e+00 4.717305604059831126e+01
1.087097020350902277e+01 1.745145222508551530e+00 4.178557858516833079e+01
1.082490479506068226e+01 1.764382144776886596e+00 3.735252214738730459e+01
1.077758623693171280e+01 1.782602562343219343e+00 3.323925714993853120e+01
1.072864757598905072e+01 1.799736803034716726e+00 2.986399969477144722e+01
1.067824609048958528e+01 1.815797514711474658e+00 2.683774425870259961e+01
1.062663477794217570e+01 1.830772041845577736e+00 2.412103183871699130e+01
1.057392191052497843e+01 1.844651835428836373e+00 2.176395448417839518e+01
1.052024968852652087e+01 1.857437530663795133e+00 1.966415692445807650e+01
1.046459917269162965e+01 1.869129988707088019e+00 1.777621759347132269e+01
1.040879576847165033e+01 1.879753286631497211e+00 1.619728630150844850e+01
1.035091911763766959e+01 1.889298721114123447e+00 1.475072731892082345e+01
1.029253694868176261e+01 1.897789875896651823e+00 1.346545933972176279e+01
1.023337562022373426e+01 1.905249442878562016e+00 1.232535454483743997e+01
1.017335500465589249e+01 1.911689683264206963e+00 1.127006643015052845e+01
1.011221420877983235e+01 1.917146076221652562e+00 1.038781757900310687e+01
1.005025809226386713e+01 1.921627171468217599e+00 9.575908738122979713e+00
9.987853106933084035e+00 1.925172491182463919e+00 8.841320129698793551e+00
9.924915662364025337e+00 1.927771828840859181e+00 8.185640086235201451e+00
9.862354646412276438e+00 1.929416928771041206e+00 7.578598906077528063e+00
9.797631904153512039e+00 1.930106692213699127e+00 7.072571855883119873e+00
9.734476306342914498e+00 1.929816646226597099e+00 6.585251817782038053e+00
9.670733995524077642e+00 1.928555616361777636e+00 6.184557929901447260e+00
9.606864650503551317e+00 1.926307454473584757e+00 5.803108961635202512e+00
9.544175149311238116e+00 1.923112912848734091e+00 5.486844266057933517e+00
9.480828982501389390e+00 1.918946779488236665e+00 5.182512473181478008e+00
9.418506618864952884e+00 1.913835509327215023e+00 4.927635503354649060e+00
9.356651306333818141e+00 1.907820156604524309e+00 4.702114537948723694e+00
9.295705547883143183e+00 1.900898247755822057e+00 4.522571295738069708e+00
9.235555275535007880e+00 1.893129218044231621e+00 4.342925458879053124e+00
9.176627677474762379e+00 1.884551233284274874e+00 4.208474791411907390e+00
9.119188090358383292e+00 1.875227054586114273e+00 4.080481306818512621e+00
