1.550982551689759603e+01 2.191799393479931801e-01 3.683552447462830693e+06
1.517749648566748277e+01 2.280945399955671971e-01 3.030107644768182188e+06
1.486840013810938466e+01 2.374254768448191277e-01 2.500167150339545682e+06
1.460706317911487062e+01 2.471847119463931874e-01 2.078407430077274563e+06
1.433226531309406049e+01 2.573836399163269006e-01 1.700658822778490139e+06
1.411159391154173726e+01 2.680358257864779992e-01 1.399891025978956837e+06
1.388915541404401388e+01 2.791531682960158856e-01 1.155533545671138447e+06
1.369618219689542826e+01 2.907502541666104334e-01 9.543529681495745899e+05
1.351803520148562043e+01 3.028360356223107064e-01 7.875774503248658730e+05
1.335283757723953002e+01 3.153876102820669103e-01 6.503937581235786201e+05
1.320783653727147389e+01 3.284700255158392035e-01 5.368697751509367954e+05
1.307143508763745210e+01 3.420522605776478153e-01 4.440677957856296562e+05
1.295176267024068117e+01 3.561754918868935693e-01 3.665460258114533499e+05
1.283352935981467979e+01 3.708133273882502912e-01 3.002654631786853424e+05
1.272940657492890182e+01 3.859940895189680199e-01 2.509628401672512991e+05
1.263664095311328062e+01 4.017254227376075848e-01 2.077863275747862062e+05
1.254707938917883325e+01 4.179889652512436271e-01 1.721823537120225956e+05
1.246915386904327505e+01 4.348278324913056880e-01 1.427262830458419921e+05
1.239658093552577967e+01 4.522013169091509410e-01 1.182114810303994891e+05
1.232881948042622078e+01 4.701508858331381324e-01 9.806678843937789497e+04
1.226682561144309780e+01 4.886450295420005641e-01 8.169923687211576907e+04
1.221001961934839386e+01 5.076720456336565324e-01 6.777797327129775658e+04
1.215788540490310332e+01 5.272686201478081758e-01 5.653298075550482463e+04
1.211154742710646737e+01 5.474168001992829602e-01 4.703646623111588269e+04
1.206906018429371485e+01 5.681161220740555962e-01 3.920134357220225502e+04
1.202850121331462319e+01 5.892970248552164003e-01 3.271442903996747918e+04
1.199089959938421224e+01 6.110296181174170727e-01 2.728021576055397600e+04
1.195624926056795623e+01 6.333194011895386666e-01 2.263302266268583116e+04
1.192257910421760592e+01 6.561812433448901416e-01 1.912004973066032835e+04
1.189107326899803319e+01 6.796336894782364357e-01 1.599622780064219842e+04
1.186261981599755266e+01 7.036820972556954157e-01 1.341504235124938896e+04
1.183955723503218849e+01 7.283459627206950726e-01 1.121509101841531265e+04
1.181329532354267187e+01 7.536090736788974009e-01 9.404787620064300427e+03
1.178765175128297038e+01 7.794697186416086332e-01 7.883802899795748090e+03
1.176508793925553853e+01 8.058993098122347876e-01 6.612089181453237870e+03
1.174693457629826554e+01 8.329269576121743901e-01 5.547063834808854153e+03
1.172621934956844747e+01 8.605016111985204219e-01 4.667687894680814679e+03
1.171159265147240980e+01 8.886202430958743959e-01 3.923543534212368286e+03
1.168851254464625633e+01 9.172551209012335116e-01 3.300010572998632142e+03
1.167075906012245312e+01 9.463630147053262442e-01 2.778596956672731721e+03
1.165431444592351085e+01 9.759135668201158742e-01 2.343017624698783038e+03
1.163587058276126918e+01 1.005866050247637977e+00 1.974999244539481197e+03
1.161962429956357923e+01 1.036206140582615731e+00 1.668468933178102816e+03
1.160196960332969063e+01 1.066850734856379823e+00 1.410401318489862888e+03
1.158448888251453646e+01 1.097780489782078872e+00 1.194564667034470403e+03
1.157152635081908443e+01 1.128918916940452100e+00 1.006092275763782027e+03
1.154911745663586409e+01 1.160249302588991505e+00 8.606708089211539345e+02
1.152986460513183964e+01 1.191704378470541670e+00 7.314213593529809714e+02
1.151080395752032715e+01 1.223206487994070946e+00 6.229812776597175343e+02
1.149478359879246980e+01 1.254734045832996747e+00 5.313217907405789902e+02
1.147033888315398897e+01 1.286218488288957351e+00 4.543263216119222534e+02
1.145209991250948178e+01 1.317585789601928070e+00 3.883009188179594275e+02
1.142631792388762868e+01 1.348791471674883446e+00 3.328428396345866531e+02
1.140448707384785543e+01 1.379756511558840382e+00 2.859063025872090975e+02
1.137706265351900115e+01 1.410448626879149181e+00 2.460020232627898622e+02
1.135088396035856384e+01 1.440792259018231602e+00 2.120544157750940997e+02
1.132362227152250078e+01 1.470743099241775376e+00 1.831009848785194833e+02
1.129383502486004787e+01 1.500228030584309646e+00 1.583734200261515639e+02
1.126325532788810868e+01 1.529197415249203607e+00 1.365969291693783987e+02
1.123110634914456618e+01 1.557604127775032987e+00 1.192285537616567410e+02
1.119780357508761170e+01 1.585393236601675859e+00 1.037299238919608086e+02
1.116312382242426793e+01 1.612514640810591482e+00 9.045902660770883585e+01
1.112567535755046855e+01 1.638923647813707030e+00 7.904825194588637771e+01
1.108848255721819065e+01 1.664580232563127149e+00 6.891160574237490266e+01
1.104883899331582242e+01 1.689437282300533916e+00 6.071999794819601703e+01
1.100784247343653277e+01 1.713462124104842665e+00 5.341949167879433702e+01
1.096558429106430665e+01 1.736615820246465658e+00 4.702998608299377281e+01
1.092246970660062289e+01 1.758878981708292377e+00 4.152074264082421706e+01
1.087667020663648643e+01 1.780209821519803670e+00 3.675501973594030147e+01
1.083095431258150398e+01 1.800599544221435755e+00 3.256242066397017965e+01
1.078299412846540761e+01 1.820011263011407143e+00 2.884071570228522319e+01
1.073331146461820396e+01 1.838438083255272248e+00 2.569076401628233342e+01
1.068299222950760452e+01 1.855864141819845159e+00 2.300594570534103767e+01
1.063165327547197236e+01 1.872279814504580253e+00 2.053353018856607903e+01
1.057813010157595279e+01 1.887673414860483900e+00 1.843728113527929580e+01
1.052425242025969787e+01 1.902058385404971963e+00 1.652220614750465444e+01
1.046886574932457137e+01 1.915410605054821414e+00 1.492592315691425853e+01
1.041320887700242537e+01 1.927750933485893103e+00 1.346257252284146233e+01
1.035703525585465279e+01 1.939079335509352742e+00 1.217441700876861610e+01
1.029823484840368586e+01 1.949398863765123391e+00 1.103314443918606713e+01
1.023980524718383478e+01 1.958727224498322261e+00 1.002474511079508446e+01
1.018043866650383933e+01 1.967068750785169851e+00 9.096503080210727177e+00
1.012017419307968602e+01 1.974459893335408278e+00 8.299846236986256898e+00
1.005939635095518270e+01 1.980892838916055387e+00 7.592922348025713752e+00
9.998184708966983081e+00 1.986343189073327187e+00 6.979721167065958021e+00
9.938166149263931715e+00 1.990670755538236580e+00 6.415567302061625732e+00
9.876320361951718141e+00 1.993719262449977547e+00 5.929127166087948098e+00
9.816649783019370190e+00 1.995208698875763575e+00 5.504217067726180801e+00
9.758631842930435951e+00 1.994713178666613240e+00 5.167628081483195857e+00
9.702073888317819694e+00 1.992161489075312764e+00 4.904467816700347704e+00
9.644823818721084407e+00 1.987767120243757013e+00 4.668646348211773045e+00
9.587258273989183621e+00 1.981873305908188110e+00 4.486559413876875624e+00
9.528628030249583603e+00 1.974662690941786369e+00 4.314479852641220248e+00
9.469231397808927753e+00 1.966336145289569570e+00 4.163273028643890150e+00
9.408400226528332411e+00 1.957106627822773781e+00 4.026262984994423810e+00
9.346542729573217301e+00 1.947072167928189934e+00 3.895949961791156380e+00
9.284559150854040155e+00 1.936353448152016599e+00 3.784937335481462384e+00
9.221449732029324053e+00 1.925053130265715895e+00 3.686503996714474596e+00
9.157793262053340655e+00 1.913283306335637812e+00 3.580780602209113095e+00
9.093209025110812860e+00 1.901073059676429811e+00 3.499204165466340388e+00
