1.550982551689759603e+01 2.191799393479931801e-01 3.683552447462830693e+06
1.518563357382085144e+01 2.279519926642266381e-01 3.053517831641794182e+06
1.487431408979902514e+01 2.371269868221191346e-01 2.515256106312883552e+06
1.459505607300544838e+01 2.467249605983748151e-01 2.084155431221622741e+06
1.435199765921118420e+01 2.567418169916974025e-01 1.720373450217008824e+06
1.411930418847460267e+01 2.671988414992744754e-01 1.421542888667856809e+06
1.390995651503589770e+01 2.781056834815424650e-01 1.175793602221520152e+06
1.370256629999273734e+01 2.894753878000477232e-01 9.733205546305229655e+05
1.354660531616739405e+01 3.013164101735788525e-01 8.069865188642897410e+05
1.337941219099548817e+01 3.136306281842117794e-01 6.662996818338563899e+05
1.323248547819160947e+01 3.264169623183718616e-01 5.515767988200964173e+05
1.309731323658297519e+01 3.397130631499561404e-01 4.577144622106821625e+05
1.297409192578331094e+01 3.535163779674118656e-01 3.798922098665016820e+05
1.286140051305148546e+01 3.678327951685461672e-01 3.152992078845951473e+05
1.275369505403697623e+01 3.826845848482710033e-01 2.610697763586286164e+05
1.265859909698494512e+01 3.980411428236451665e-01 2.171878043780237203e+05
1.256922870217578314e+01 4.139247434712026164e-01 1.803743705515670008e+05
1.248972492404605994e+01 4.303572518448042783e-01 1.496889839404430822e+05
1.241372742989885936e+01 4.473343471618990153e-01 1.246442885962515720e+05
1.234842585587241715e+01 4.648472243252881886e-01 1.036896718571210658e+05
1.228530889164958673e+01 4.828661495210077037e-01 8.664426610513226478e+04
1.222810336552771560e+01 5.014523923985662046e-01 7.198963520304093254e+04
1.217642870172476677e+01 5.205662016260852454e-01 6.010569587729205523e+04
1.212929352095148694e+01 5.402152346100023150e-01 5.027273473856456985e+04
1.208439345986566771e+01 5.603997093234311944e-01 4.193700030843745481e+04
1.204355100690163205e+01 5.810730898933142985e-01 3.475451626453621429e+04
1.200455111027092947e+01 6.022521551194380818e-01 2.941877232734015706e+04
1.196982856176422771e+01 6.236999389793508319e-01 2.465139124066814838e+04
1.193704637619604192e+01 6.452346016265194661e-01 2.078181831464262359e+04
1.190500544912933734e+01 6.665079280177255150e-01 1.760291507757657746e+04
1.187486857622144143e+01 6.871472792450877831e-01 1.502772479424565063e+04
1.184311984061664091e+01 7.064751140769054416e-01 1.296011416373916654e+04
1.181257621005161873e+01 7.233407861644088888e-01 1.137976079209619456e+04
1.178023080849260396e+01 7.349848633457596314e-01 1.033538056066697573e+04
1.174222859835882637e+01 7.448453389653829637e-01 9.458178013592596471e+03
1.169828882752975474e+01 7.544022079273893233e-01 8.622070553045936322e+03
1.165012416471843970e+01 7.641187500684165634e-01 7.837385121689974767e+03
1.159592455829215218e+01 7.741896462437763970e-01 7.089932386989006773e+03
1.154245146966265345e+01 7.848824227025943401e-01 6.383384203449662891e+03
1.147791174437699624e+01 7.962870125769480056e-01 5.708038135403708111e+03
1.141808934960315902e+01 8.084995411838447055e-01 5.073186399667276419e+03
1.135736075805988676e+01 8.215939262432860879e-01 4.486117846695353364e+03
1.128976172680839341e+01 8.356425512868628225e-01 3.944179104488653138e+03
1.122755103112656982e+01 8.506776718809027082e-01 3.449062225587219928e+03
1.115908380782621734e+01 8.667356686593186144e-01 3.000124880372480675e+03
1.109361037500656799e+01 8.838357614031570053e-01 2.598284343840527981e+03
1.102909523236129097e+01 9.019855318361192920e-01 2.240164042225354478e+03
1.096466574326093557e+01 9.211821022451317509e-01 1.925418887051875572e+03
1.090787232521383210e+01 9.414186697559598915e-01 1.647975881586347668e+03
1.084322636200406365e+01 9.626621008883019526e-01 1.405683501982905454e+03
1.078373611997995418e+01 9.848861690071153419e-01 1.197331587092751079e+03
1.072767920811020304e+01 1.008053696456508108e+00 1.017450371932737085e+03
1.067394897068024306e+01 1.032114882826513647e+00 8.632160774185921355e+02
1.061806418225169146e+01 1.057021510561760191e+00 7.318738719671373474e+02
1.056740456920615934e+01 1.082698282615934149e+00 6.195325514216747251e+02
1.051935254250614271e+01 1.109060309253127263e+00 5.243854623131836661e+02
1.046806869825293695e+01 1.135989111442301081e+00 4.444040066169988563e+02
1.042285962197426663e+01 1.163388137644849607e+00 3.768530642005269442e+02
1.037874584846227322e+01 1.191125487982229281e+00 3.192843967106865080e+02
1.033524772169808159e+01 1.219104281429645553e+00 2.700471993717670216e+02
1.029365992369746330e+01 1.247199974214368234e+00 2.310429358426197552e+02
1.025275002597972218e+01 1.275331555401689521e+00 1.969195808161410923e+02
1.021306113212608047e+01 1.303365902972489776e+00 1.681764434147620193e+02
1.017283561155458926e+01 1.331241936506598611e+00 1.440415179599310136e+02
1.013392015525810841e+01 1.358841851014910285e+00 1.236356590181096209e+02
1.009546254319214675e+01 1.386088167318841435e+00 1.059125564282006025e+02
1.005704144066759298e+01 1.412892823989904123e+00 9.163585068549743085e+01
1.001808147679808769e+01 1.439173692431544138e+00 7.923195235195287012e+01
9.979768075602654775e+00 1.464861460353545697e+00 6.867033079913653637e+01
9.940961942245042593e+00 1.489894898336197926e+00 5.945643169763523161e+01
9.901374326474268628e+00 1.514205613259996586e+00 5.183092648873275721e+01
9.861239954591415113e+00 1.537749336272966172e+00 4.544269215438065146e+01
9.819770399259150295e+00 1.560471789078272886e+00 3.982539209784576428e+01
9.779021880709899861e+00 1.582325475514960722e+00 3.497552567162545500e+01
9.736230611377042266e+00 1.603269712426871996e+00 3.081302394749953777e+01
9.693672999869415108e+00 1.623284593356919547e+00 2.713293101651389705e+01
9.650029125885975390e+00 1.642335700440379798e+00 2.403873177997725108e+01
9.605945195960595484e+00 1.660403453106208183e+00 2.140936066607633137e+01
9.560942929392924228e+00 1.677472818037541558e+00 1.899852513264601939e+01
9.515548248656450880e+00 1.693529612814529850e+00 1.696608225918860313e+01
9.468648111769356390e+00 1.708565796983607443e+00 1.522762032761755080e+01
9.421723378813293692e+00 1.722581019304916250e+00 1.367178633186606262e+01
9.373395012356640521e+00 1.735574618061212826e+00 1.229642328312116639e+01
9.324477480648029726e+00 1.747550488255046330e+00 1.110028129318891921e+01
9.274976733222937142e+00 1.758503483337729323e+00 1.003932963818099111e+01
9.224919252073105369e+00 1.768403580456464619e+00 9.088758423195891112e+00
9.174065824218194720e+00 1.777221612394983330e+00 8.288059448058136880e+00
9.123723947809738277e+00 1.784924629487582237e+00 7.546737301432353107e+00
9.071451025862826256e+00 1.791484636691718313e+00 6.918858743160384073e+00
9.019422905816401936e+00 1.796908824966111595e+00 6.355484328917245129e+00
8.967048667156777952e+00 1.801166168039274984e+00 5.877560899830179153e+00
8.914314341598407410e+00 1.804276565265275911e+00 5.433418895314689578e+00
8.861462809494083714e+00 1.806218413219871977e+00 5.047711820362713375e+00
8.808280237635472076e+00 1.807022477077799172e+00 4.716487077721776444e+00
8.755000276687361804e+00 1.806693340032361261e+00 4.416715603484085761e+00
8.701651377594439296e+00 1.805249106743693988e+00 4.157314545321272092e+00
8.648340664630195462e+00 1.802732732431274743e+00 3.934188102365199224e+00
8.595048425968359496e+00 1.799155751169723372e+00 3.724202663866963636e+00
8.541908968569680738e+00 1.794562652481702436e+00 3.550847504620346040e+00
8.489423282875106835e+00 1.789005594600707960e+00 3.403491395279830911e+00
