1.510646317623783297e+01 2.383731302914612049e-01 2.423116349867075216e+06
1.469770860441376570e+01 2.522139162680080982e-01 1.847353416492372518e+06
1.434512153327103867e+01 2.666475174065187637e-01 1.415923007009884110e+06
1.403943650886042072e+01 2.816765662881323129e-01 1.090771266781920567e+06
1.377320677976793739e+01 2.973035616317528662e-01 8.442562567134945421e+05
1.354044281636902625e+01 3.135302323170711669e-01 6.564189641405032016e+05
1.333622102550484279e+01 3.303583685158129057e-01 5.125315691519370885e+05
1.315647968208872065e+01 3.477890799133585009e-01 4.018317414010056527e+05
1.299783529523197600e+01 3.658220096363219431e-01 3.162606993048381410e+05
1.285744195430040016e+01 3.844572373030394341e-01 2.498295188421376515e+05
1.273289656476687526e+01 4.036927339483021293e-01 1.980568376856402028e+05
1.262216024578760099e+01 4.235259592479175828e-01 1.575481442363557580e+05
1.252347712608789720e+01 4.439531038454353484e-01 1.257330028259979299e+05
1.243532497076754595e+01 4.649691639231560147e-01 1.006581345874411345e+05
1.235639780812761224e+01 4.865680031098345570e-01 8.082662896224430006e+04
1.228554621911649036e+01 5.087406573991226644e-01 6.509310272797906509e+04
1.222175650562264337e+01 5.314776769296478687e-01 5.257042619675897731e+04
1.216414239027426625e+01 5.547670879385562248e-01 4.257307872703386238e+04
1.211192353366645236e+01 5.785971990644759311e-01 3.456834513060077734e+04
1.206437881506193932e+01 6.029549298038373584e-01 2.814033735995570532e+04
1.202090252986861962e+01 6.278628292466043037e-01 2.295873794665913374e+04
1.198101676563666551e+01 6.533490965725866628e-01 1.876711195903957196e+04
1.194434571251759714e+01 6.794322204995518755e-01 1.536742854290194737e+04
1.191056840616387724e+01 7.061229356428598836e-01 1.260385197991454152e+04
1.187940085897406028e+01 7.334243236285005185e-01 1.035302394140635261e+04
1.185057860261953344e+01 7.613337050537209993e-01 8.517241129930018360e+03
1.182385582752116804e+01 7.898417609904948566e-01 7.017381110392701885e+03
1.179899822756482131e+01 8.189344846587908178e-01 5.790387250365577529e+03
1.177578110071408268e+01 8.485937625218485936e-01 4.785207696920691887e+03
1.175398375404961726e+01 8.787962541658254079e-01 3.960702554248232900e+03
1.173339225013468479e+01 9.095149063210462570e-01 3.283343882026958454e+03
1.171380486862575054e+01 9.407202739271767200e-01 2.726203834151664978e+03
1.169501562722373578e+01 9.723756801657940096e-01 2.267267721769735999e+03
1.167683371375644441e+01 1.004445059903233295e+00 1.888685499614190121e+03
1.165907253664004273e+01 1.036889136930123190e+00 1.575924038879366435e+03
1.164154706954436413e+01 1.069662456305300324e+00 1.317202335870196748e+03
1.162409028944807865e+01 1.102721151147236567e+00 1.102839065733924826e+03
1.160652899651405257e+01 1.136016289498915199e+00 9.249363900393685753e+02
1.158871135097553129e+01 1.169497860410707579e+00 7.771018102968427002e+02
1.157048163028891530e+01 1.203113938253706827e+00 6.540302742700378076e+02
1.155168713220347776e+01 1.236808947333871256e+00 5.514279642029005117e+02
1.153219978254132805e+01 1.270527857838587016e+00 4.657469052079129028e+02
1.151188719423720919e+01 1.304213786354040616e+00 3.940860767584538280e+02
1.149062529089328777e+01 1.337807615404990491e+00 3.340485013558733840e+02
1.146830243877472988e+01 1.371252041548815859e+00 2.836708482986616673e+02
1.144480609733819776e+01 1.404485575797481678e+00 2.413245908022333595e+02
1.142003933259383608e+01 1.437448518577135514e+00 2.056721829858512365e+02
1.139390868127602019e+01 1.470080151268594149e+00 1.756081535047441378e+02
1.136632810570512575e+01 1.502319587304031812e+00 1.502124638661071856e+02
1.133721786788039054e+01 1.534107092038861087e+00 1.287239385213077867e+02
1.130650723097635080e+01 1.565382202936268730e+00 1.105128556802858526e+02
1.127413223783220531e+01 1.596085817378293692e+00 9.505435640300380840e+01
1.124003553505469455e+01 1.626160259251334228e+00 8.190878151537600615e+01
1.120416413943098455e+01 1.655547126379863565e+00 7.071240031694526351e+01
1.116647616687862055e+01 1.684192041595831357e+00 6.116059037436492929e+01
1.112693436300593142e+01 1.712040151192205428e+00 5.299756936284497755e+01
1.108550677052519795e+01 1.739039614378191656e+00 4.601014743340114421e+01
1.104216962096807819e+01 1.765139864486017007e+00 4.002026865479927409e+01
1.099690671575377365e+01 1.790292835569546659e+00 3.487560196546868951e+01
1.094970205441291533e+01 1.814453687149544692e+00 3.045077164082065835e+01
1.090055394803851208e+01 1.837578523062921132e+00 2.663819242278997734e+01
1.084946204333679987e+01 1.859627129987215799e+00 2.334803224550511658e+01
1.079643209374922108e+01 1.880562453330453021e+00 2.050425363666427359e+01
1.074147692051931458e+01 1.900349858977388173e+00 1.804182486207714931e+01
1.068461452893090780e+01 1.918957836242830561e+00 1.590687840184904545e+01
1.062586861067666000e+01 1.936358489229309532e+00 1.405256989925883637e+01
1.056526867327596619e+01 1.952526871109267592e+00 1.243975975929492428e+01
1.050287313225132557e+01 1.967418122738546327e+00 1.103536517775484960e+01
1.043877806672539954e+01 1.980820619820675033e+00 9.818777069189730256e+00
1.037293800385262799e+01 1.992331533596056969e+00 8.774807070389972097e+00
1.030530823355272751e+01 2.001219323488713009e+00 7.897580026813662890e+00
1.023760636280852054e+01 2.004746909832251678e+00 7.248054740992429856e+00
