1.550982551689759603e+01 2.191799393479931801e-01 3.683552447462830693e+06
1.520978878265274403e+01 2.268264503973835000e-01 3.117024157468579710e+06
1.495779052703223044e+01 2.347798071976517909e-01 2.656033982747700531e+06
1.470148802057018678e+01 2.430593183570149973e-01 2.237975523442925420e+06
1.447430076665330745e+01 2.516457795493639571e-01 1.893619862649258226e+06
1.425980081719572468e+01 2.605694328095779499e-01 1.607428284104146296e+06
1.406390481234134882e+01 2.698310441780833457e-01 1.357795091041941894e+06
1.388392819699176961e+01 2.794388292876707203e-01 1.151171832543957280e+06
1.371373810169258434e+01 2.894010934039728533e-01 9.743120156475118129e+05
1.356662504101847055e+01 2.997168045143524528e-01 8.255055041896132752e+05
1.341786596657755481e+01 3.103930144393332036e-01 7.019401619875950273e+05
1.328605861340386340e+01 3.214493255365289404e-01 5.951924318571377080e+05
1.316621241349503713e+01 3.328780012383975584e-01 5.043619084728985326e+05
1.304740474503369008e+01 3.446869981238357972e-01 4.280364610035494552e+05
1.293994983899298390e+01 3.568965844816606170e-01 3.633614482401737478e+05
1.284821245730361383e+01 3.694840609775463247e-01 3.083843447204711265e+05
1.275358977950287453e+01 3.824914711056895400e-01 2.624275623205685988e+05
1.267212620713232063e+01 3.958805911075520823e-01 2.229758547229844262e+05
1.259281920690524181e+01 4.096741682017815411e-01 1.880492937783800880e+05
1.252146711323085704e+01 4.238858910064702834e-01 1.610142203603220987e+05
1.244999155868138097e+01 4.384970283388674450e-01 1.368965740299182071e+05
1.238980261841235730e+01 4.535312571923660885e-01 1.169000475756862434e+05
1.233417083367875122e+01 4.689896197488986340e-01 9.855950624044130382e+04
1.227929555205097856e+01 4.848270496941168295e-01 8.456702676490883459e+04
1.222943321396071603e+01 5.010903800003565500e-01 7.226338994528599142e+04
1.218248404970772292e+01 5.177609763050278202e-01 6.167405262336423766e+04
1.214206097531370609e+01 5.348419645432247460e-01 5.265712179527356784e+04
1.210312116720223585e+01 5.523301761220956729e-01 4.498953786468462204e+04
1.206256876963258051e+01 5.702279611288327832e-01 3.816510296297314926e+04
1.202913945987190480e+01 5.884719848297804701e-01 3.291567265422167111e+04
1.199733924703025068e+01 6.071471650649070684e-01 2.819602360368289737e+04
1.196575772686755457e+01 6.262829520139305828e-01 2.416655451624791021e+04
1.193506355282221065e+01 6.458935964891930892e-01 2.071476016626544879e+04
1.191083555082763112e+01 6.660403463165502913e-01 1.772870065632684418e+04
1.188544837003473198e+01 6.867751468049823060e-01 1.517651317063900751e+04
1.186022671609855550e+01 7.080627560109989949e-01 1.300299067664392351e+04
1.183980927828203278e+01 7.299686561269752572e-01 1.109352344792525400e+04
1.181954595489105309e+01 7.524722273194982547e-01 9.515302535173079377e+03
1.180270200528579316e+01 7.755885554198683751e-01 8.132770587675235220e+03
1.178430963377704188e+01 7.993311013823872768e-01 6.958458393928266560e+03
1.176958553152330644e+01 8.237089313434412530e-01 5.946732560916463626e+03
1.175213244863225626e+01 8.486872320502271139e-01 5.090019760938446780e+03
1.173838870127393008e+01 8.742799544618291563e-01 4.351910955203116828e+03
1.172843169746939473e+01 9.004706505730004640e-01 3.721791554437812010e+03
1.171665635910160219e+01 9.272420530807978789e-01 3.183477712526550931e+03
1.170596591184435553e+01 9.545921656556075607e-01 2.722759256100698167e+03
1.169674233571873501e+01 9.824545169435644487e-01 2.320759302869850671e+03
1.168858111532901134e+01 1.010847172956005124e+00 1.997264079651329439e+03
1.168013860469323362e+01 1.039731920983520741e+00 1.711687047888296775e+03
1.167253755763418432e+01 1.069067530419577139e+00 1.468985536285605576e+03
1.166533517430910294e+01 1.098824220802977480e+00 1.260158027866228849e+03
1.165804933117228614e+01 1.128981011381046562e+00 1.083065139785428300e+03
1.165175004552345150e+01 1.159469029537150142e+00 9.306551859782659903e+02
1.164973151545433794e+01 1.190284821671269366e+00 7.954817771120419820e+02
1.163930935803616507e+01 1.221363167201019895e+00 6.902701390428647983e+02
1.163164819046578913e+01 1.252646944290313646e+00 5.954563035935332209e+02
1.162618210332188617e+01 1.284125814210569816e+00 5.141179527180380546e+02
1.162091021659012391e+01 1.315724065687247757e+00 4.443181102829043425e+02
1.161082086959503101e+01 1.347413895484172341e+00 3.844824498730052369e+02
1.160375701069557053e+01 1.379121904368551643e+00 3.334996575197873199e+02
1.159313201185311115e+01 1.410822477329447766e+00 2.894398687403741519e+02
1.158511596165912394e+01 1.442435123617371584e+00 2.514557200281165308e+02
1.157531175425971881e+01 1.473938775761650666e+00 2.189621134377043461e+02
1.156381831724399589e+01 1.505268593797776333e+00 1.907483412379102390e+02
1.155150605528902652e+01 1.536373173381180735e+00 1.657814873283864472e+02
1.153943896360557275e+01 1.567202092426599025e+00 1.457468337394070090e+02
1.152469315779628545e+01 1.597714357943019525e+00 1.276162962844223046e+02
1.150943254719028452e+01 1.627850186046843062e+00 1.113879935345529759e+02
1.149367725645007887e+01 1.657565072625595937e+00 9.828162056028516247e+01
1.147629704164936193e+01 1.686826594716190453e+00 8.666878381678898791e+01
1.145867063597831681e+01 1.715573222029905365e+00 7.628635687081035144e+01
1.143840495026178594e+01 1.743766547701405489e+00 6.751640073221133775e+01
1.141721819330199139e+01 1.771372135280817606e+00 5.956243773672374431e+01
1.139528068799262073e+01 1.798357239074913849e+00 5.278919805646172847e+01
1.137191369015725861e+01 1.824668657423807572e+00 4.686039336086849261e+01
1.134740647278580994e+01 1.850281968651862119e+00 4.167075536449088702e+01
1.132167371072393536e+01 1.875158131380469051e+00 3.710977925278398715e+01
1.129485728626418251e+01 1.899217640367847793e+00 3.313473560528542805e+01
1.126615252959725844e+01 1.922369645105086011e+00 2.963650008457388196e+01
1.123631649531626486e+01 1.944519611524232028e+00 2.656699073363556352e+01
1.120577103960821042e+01 1.965587887692106239e+00 2.388326243162506302e+01
1.117270507740394869e+01 1.985485221657775190e+00 2.154036219842197042e+01
1.113914048800434031e+01 2.004154443537982555e+00 1.947648236787352971e+01
1.110274321390204655e+01 2.021518362224721699e+00 1.767534178473770012e+01
1.106675907998959119e+01 2.037510610190156335e+00 1.607874143373446074e+01
1.102832234934695776e+01 2.052078080032568419e+00 1.469083367248599004e+01
1.098861554697544740e+01 2.065161433229805610e+00 1.345651499607988733e+01
1.094717296513061555e+01 2.076739608598841880e+00 1.237968957797334646e+01
1.090388368009821818e+01 2.086766635846152518e+00 1.143491707266498736e+01
1.085974256162347906e+01 2.095190773817420027e+00 1.056748830805530837e+01
1.081441723678087286e+01 2.101991122679048196e+00 9.869495958990622597e+00
1.076823562854328209e+01 2.107146990491403304e+00 9.229577897685338428e+00
1.072009170895106323e+01 2.110615621317156965e+00 8.674407517747969365e+00
1.067126618619530554e+01 2.112391757463099484e+00 8.170480240260289406e+00
1.062196539868594058e+01 2.112425134508102875e+00 7.779303893495607802e+00
1.057249399768210729e+01 2.110717659434645732e+00 7.437000084602298777e+00
1.052342280450190160e+01 2.107192972486615190e+00 7.133672253790768636e+00
1.047820835761893932e+01 2.101893599559747638e+00 6.950481026333848789e+00
1.043922236062134523e+01 2.094931011296308654e+00 6.850842299863116658e+00
1.040792843716941007e+01 2.086829428125933195e+00 6.831848881087687175e+00
