1.550982551689759603e+01 2.191799393479931801e-01 3.683552447462830693e+06
1.523159157288763232e+01 2.265868603878982701e-01 3.137094463865397964e+06
1.496545052847361568e+01 2.342754956600469618e-01 2.672416656677616294e+06
1.472334082527289745e+01 2.422752300173269813e-01 2.270287839079971425e+06
1.450198115623204664e+01 2.505581310521549643e-01 1.938507923857277026e+06
1.429321099047633048e+01 2.591555165772773672e-01 1.646669909778904868e+06
1.410152262054874939e+01 2.680735564156374040e-01 1.403629538101621671e+06
1.394764251532688526e+01 2.773139894138996753e-01 1.191370460605574539e+06
1.375851422300036475e+01 2.868848087405690972e-01 1.015266826972203911e+06
1.360889953542391240e+01 2.967813886320181949e-01 8.650446426153224893e+05
1.350072741864404868e+01 3.070238060226309074e-01 7.369780153329269961e+05
1.332579028769863960e+01 3.176412835999963269e-01 6.283105604817789281e+05
1.321168330658352552e+01 3.285686900719185788e-01 5.311049028511589859e+05
1.310395711739501401e+01 3.398572279413883956e-01 4.561756896277806954e+05
1.298571199061419001e+01 3.515417367747210031e-01 3.898326678399021621e+05
1.288988670643554180e+01 3.635589626151878861e-01 3.332093344900863594e+05
1.279899591659377300e+01 3.759388101916620872e-01 2.823407007916519069e+05
1.271457020215033396e+01 3.887290343470600762e-01 2.429023693479812937e+05
1.263289160693710933e+01 4.018931797033181152e-01 2.074028047137311369e+05
1.256231951139062986e+01 4.154334878180023782e-01 1.771461620293980523e+05
1.249477258648768974e+01 4.293462581573825321e-01 1.513357545951012289e+05
1.242908257351668766e+01 4.436591527151499403e-01 1.296415170641487493e+05
1.237324542344790324e+01 4.583508131214958370e-01 1.110037911700843979e+05
1.231708217247962445e+01 4.734402625070915915e-01 9.510048362507294223e+04
1.226703600625938506e+01 4.889081972147147903e-01 8.133873704419247224e+04
1.221951926489524354e+01 5.047417064748147553e-01 6.968019016536425625e+04
1.217621977869809413e+01 5.209749948846933432e-01 5.987320935535775789e+04
1.213427460208691322e+01 5.375930930934204044e-01 5.133643783911133505e+04
1.209630684676189816e+01 5.545931915286036462e-01 4.411423039874895767e+04
1.205976962915578277e+01 5.719466361751809336e-01 3.789836821623227297e+04
1.202742752478481414e+01 5.896772860165494512e-01 3.266959145461268781e+04
1.199638692651273431e+01 6.077882221213587455e-01 2.807297306069046681e+04
1.196530221408719008e+01 6.263064574054627576e-01 2.413735887391470169e+04
1.193900621643898141e+01 6.452885092335914896e-01 2.080893614646134665e+04
1.191196955130858015e+01 6.647389525812138489e-01 1.791524879966010849e+04
1.188720558325227472e+01 6.847197784555557609e-01 1.540670561090711817e+04
1.186132530043986222e+01 7.051750278410559014e-01 1.327836414787685317e+04
1.184330342313421447e+01 7.261944193630447408e-01 1.130823291346485348e+04
1.182089752843173436e+01 7.477303594696620426e-01 9.854725090580677715e+03
1.180386313915971463e+01 7.698270468887390416e-01 8.442911534084234518e+03
1.178643350673567802e+01 7.924572764921379298e-01 7.267025242123535463e+03
1.176990088709415083e+01 8.156509636022393206e-01 6.250492538310471900e+03
1.175520500347910158e+01 8.393806640303291822e-01 5.381724445751819076e+03
1.174123993545269506e+01 8.636616054593220237e-01 4.626727713066628894e+03
1.173147055950451190e+01 8.884602333492835902e-01 3.947540972989670991e+03
1.171642755592692708e+01 9.137723918249456290e-01 3.426546454323400212e+03
1.170386043439599355e+01 9.395880889335695985e-01 2.951151524726107255e+03
1.169421542855832818e+01 9.658704938548923202e-01 2.541977178181929048e+03
1.168546239234457751e+01 9.926152564873260697e-01 2.190945031753358307e+03
1.167640957285196990e+01 1.019798536659846100e+00 1.888515096239390004e+03
1.166950416820974468e+01 1.047398532773452740e+00 1.629055102945147837e+03
1.165637365215972032e+01 1.075363884821251448e+00 1.407400270955392671e+03
1.164890642961528755e+01 1.103698835723959881e+00 1.216115609842976028e+03
1.164048716053122057e+01 1.132329649716807829e+00 1.051198374713767407e+03
1.163308002493498705e+01 1.161253258246547126e+00 9.101054288984233835e+02
1.162487202945792042e+01 1.190424587991437910e+00 7.884970186282976101e+02
1.161872863008104062e+01 1.219804080726635931e+00 6.836325891409063615e+02
1.160877231859791969e+01 1.249362417904783751e+00 5.932357874520951100e+02
1.160017016395720546e+01 1.279049108002361823e+00 5.158393707865634497e+02
1.159240433707062579e+01 1.308810157446165690e+00 4.486080486672200891e+02
1.158339688536461054e+01 1.338628017227075917e+00 3.911240339525313630e+02
1.157208273512771513e+01 1.368463588061299196e+00 3.406939323735827543e+02
1.156365626539225211e+01 1.398246434907432389e+00 2.976583310083103129e+02
1.154961553649193462e+01 1.427933120160113756e+00 2.603328553620648336e+02
1.153732798684315775e+01 1.457506338236643773e+00 2.279488483975343343e+02
1.152731630627947368e+01 1.486915969516057423e+00 1.997610879924335165e+02
1.151094928340297585e+01 1.516104378855592794e+00 1.754399277532967005e+02
1.149672017344520825e+01 1.545027400774054538e+00 1.533935998237418801e+02
1.148112184561574800e+01 1.573650066063733810e+00 1.357609223507855631e+02
1.146443067628794488e+01 1.601947973991478147e+00 1.197827273169258433e+02
1.144690059152671502e+01 1.629848718283122722e+00 1.051991936738597815e+02
1.142853906958025867e+01 1.657327544056091062e+00 9.350725908472217895e+01
1.140882113006990473e+01 1.684344522754011031e+00 8.282218777782719599e+01
1.138789647510487413e+01 1.710868542904553813e+00 7.350260898660951625e+01
1.136611654648979552e+01 1.736845654463004873e+00 6.530355896096804713e+01
1.134324818449293026e+01 1.762240669101817758e+00 5.812523104858210132e+01
1.131902769499615502e+01 1.786900980230978542e+00 5.182513414460762391e+01
1.129314823259013956e+01 1.810692989687797461e+00 4.632853076489129762e+01
1.126646302438851599e+01 1.833463969562955098e+00 4.155457843704638776e+01
1.123859227350427226e+01 1.855062490158854160e+00 3.737404273933983490e+01
1.120896307550565396e+01 1.875306447475775906e+00 3.373953225760863717e+01
1.117765241443595770e+01 1.894039010220455399e+00 3.047933370128021835e+01
1.114493749903070530e+01 1.911030379749135477e+00 2.788137102930733846e+01
1.111028035656982915e+01 1.926004564775481098e+00 2.550636928920466318e+01
1.107478488393090998e+01 1.938640032836265181e+00 2.352908073987271820e+01
1.103631017024480876e+01 1.948354489926986233e+00 2.190633055028236598e+01
1.099760986601584811e+01 1.954999595590501960e+00 2.051771534228507221e+01
1.095713402346520482e+01 1.958884848768593256e+00 1.952547881817925912e+01
1.091510899743320273e+01 1.960297074551626162e+00 1.863562247100417579e+01
1.087106419760692511e+01 1.959533094793853625e+00 1.791038384332020428e+01
1.082552471916754477e+01 1.956830707753977938e+00 1.730729796656662955e+01
1.077927852736418579e+01 1.952477582724233551e+00 1.676240064198112378e+01
1.073263040955160896e+01 1.946642196236383793e+00 1.642102153999243797e+01
1.068507594112850789e+01 1.939540312780865250e+00 1.607852987690416668e+01
1.063711407247519425e+01 1.931298513034984232e+00 1.577086924498077813e+01
1.058921725250394807e+01 1.922144245043877930e+00 1.562287540058383861e+01
1.054135602175998621e+01 1.912166791809146504e+00 1.547092533289865202e+01
1.049372672791381866e+01 1.901499830812131364e+00 1.532095622981185734e+01
1.044665098496290945e+01 1.890263019957701962e+00 1.531326868744512204e+01
1.040038056723413362e+01 1.878547783913781855e+00 1.529132722925108112e+01
