1.550982551689759603e+01 2.191799393479931801e-01 3.683552447462830693e+06
1.515790656710407980e+01 2.285318675239050301e-01 3.015798862437989097e+06
1.484003527821672996e+01 2.383201256628333653e-01 2.454574022152346093e+06
1.456055886886145423e+01 2.485969070834464223e-01 2.017909129495942267e+06
1.428998879277340350e+01 2.593526520094583399e-01 1.639442247104286682e+06
1.405870912883247570e+01 2.706086807265352667e-01 1.345088195432380075e+06
1.383667463735889314e+01 2.823776173880784279e-01 1.096696357559885131e+06
1.363206316401788598e+01 2.946670580129257533e-01 8.969526324879504973e+05
1.348616235232160321e+01 3.074906535420580678e-01 7.324273915619385662e+05
1.328967572668851460e+01 3.208863117225504991e-01 6.001115673910496989e+05
1.314118779919843938e+01 3.348031369866132922e-01 4.907213764887421275e+05
1.300641179143342718e+01 3.492896192480014483e-01 4.020031721436965163e+05
1.288225874667976534e+01 3.643871862025540032e-01 3.292519656759481877e+05
1.277069992149463395e+01 3.800300755537645570e-01 2.701748122614471940e+05
1.266696104210752516e+01 3.962950062461592093e-01 2.215383640651113237e+05
1.257255902054567542e+01 4.131403335621507966e-01 1.819223968684838037e+05
1.248987774142898033e+01 4.306048730983903505e-01 1.492564800809902372e+05
1.240952480356166632e+01 4.486899287406339587e-01 1.228591182539749425e+05
1.233917296520233364e+01 4.673690871386005363e-01 1.009760025926856761e+05
1.227328166107471574e+01 4.866645382489491745e-01 8.329659084138748585e+04
1.221360059772151629e+01 5.065317510075251217e-01 6.865282176778758003e+04
1.216086642125196704e+01 5.270299344610084313e-01 5.664220623572661862e+04
1.210896273928679889e+01 5.481323895746856856e-01 4.675817314027933753e+04
1.206447828638477127e+01 5.698397167649166262e-01 3.862644759985376004e+04
1.202216650853159052e+01 5.920701231567570000e-01 3.197634190278196547e+04
1.198370689106489628e+01 6.149609666346799175e-01 2.643725100271799602e+04
1.194851295386854417e+01 6.385866525086176804e-01 2.170028550205043575e+04
1.191477071781658026e+01 6.630258900137983025e-01 1.816671494281185369e+04
1.188348766049851690e+01 6.883220866871185839e-01 1.499837289246559885e+04
1.185806387171475507e+01 7.145700653562346849e-01 1.241692541962031100e+04
1.183082901838280954e+01 7.417664131573444841e-01 1.025128171330282385e+04
1.180784593416975170e+01 7.699413574667061111e-01 8.471808241935070328e+03
1.178693691097596385e+01 7.991200821540647148e-01 6.983896415150834400e+03
1.176901408795311532e+01 8.293081657100573878e-01 5.758572812668761799e+03
1.175327735811131369e+01 8.604755451406722599e-01 4.752013906979536841e+03
1.173903210336827208e+01 8.926341205287897651e-01 3.920345078132091203e+03
1.172628802201575837e+01 9.257507240646596358e-01 3.234031960938355496e+03
1.171627763421412460e+01 9.597984460503694581e-01 2.668864801995799098e+03
1.170770017382524308e+01 9.947133250967580276e-01 2.202501160239886303e+03
1.169897635521967239e+01 1.030479875834403369e+00 1.819933481429954782e+03
1.169511826773191032e+01 1.067031695284326398e+00 1.504121924017330912e+03
1.168655981487400908e+01 1.104304231570444106e+00 1.246089636706684587e+03
1.168138789940742051e+01 1.142247581312511917e+00 1.032209439157290035e+03
1.167641695355344922e+01 1.180752556429845557e+00 8.526620951464896052e+02
1.167103040846458661e+01 1.219775851730660055e+00 7.127788794935302121e+02
1.166690419942373502e+01 1.259224987208847901e+00 5.928806973014673076e+02
1.166309608397194353e+01 1.299009040241507318e+00 4.940615955841432765e+02
1.165944902133998262e+01 1.339046688914008021e+00 4.127181736605392075e+02
1.165240519175384826e+01 1.379217256979597739e+00 3.455231681633125049e+02
1.164556799044536994e+01 1.419448993842141071e+00 2.897907943059719855e+02
1.163835329879657721e+01 1.459655525860517722e+00 2.436039796948783760e+02
1.162927260091660919e+01 1.499711184457992896e+00 2.049921286070653537e+02
1.161931344134098509e+01 1.539526170397263360e+00 1.732776088509970407e+02
1.160887309437457127e+01 1.579004673517990343e+00 1.467708385044481929e+02
1.159585219912714571e+01 1.618059825477514924e+00 1.245115316614890162e+02
1.158299982417676510e+01 1.656579949429839882e+00 1.057172806641160605e+02
1.156631073291666922e+01 1.694477791073381479e+00 9.016826753339198319e+01
1.154911252256703591e+01 1.731671341976852352e+00 7.701357316341835713e+01
1.153016658507105241e+01 1.768012103578111782e+00 6.600901658386287352e+01
1.150912227959679335e+01 1.803386055111931618e+00 5.650519016238630599e+01
1.148475771312420335e+01 1.837648108228274069e+00 4.888695705612883557e+01
1.145939943161092422e+01 1.870680344755844660e+00 4.229911812598670906e+01
1.143194665188677739e+01 1.902390518935846764e+00 3.671282043880157886e+01
1.140226639257867092e+01 1.932665540778433444e+00 3.197294563819224322e+01
1.137042423725964824e+01 1.961458168018277215e+00 2.792303348697116760e+01
1.133618876574690404e+01 1.988670134833619985e+00 2.449480664435710153e+01
1.129898844826085202e+01 2.014274523862741084e+00 2.152991809673312673e+01
1.126001998522182390e+01 2.038202328142940889e+00 1.905350973136934556e+01
1.121925028747935116e+01 2.060469788323134210e+00 1.689146731998284778e+01
1.117578851768016257e+01 2.081020329759315501e+00 1.503473817079131436e+01
1.113008216027877317e+01 2.099860031306508557e+00 1.341371263474829689e+01
1.108235579927748482e+01 2.116997968520581530e+00 1.198649495828704481e+01
1.103295760472316189e+01 2.132444360667807626e+00 1.081268053381269212e+01
1.098107800409540324e+01 2.146221302054421187e+00 9.760498084198337310e+00
1.092758325990693713e+01 2.158352818765470360e+00 8.834881570616866853e+00
1.087201482822477772e+01 2.168873539626650082e+00 8.006428563304238466e+00
1.081529934520923497e+01 2.177831755788959267e+00 7.320927387567863320e+00
1.075671256343675353e+01 2.185259488918565918e+00 6.695330505517325115e+00
1.069656272994921054e+01 2.191202298965877038e+00 6.146402462254961563e+00
1.063532744659881324e+01 2.195725154833322090e+00 5.656185174371405999e+00
1.057333613513336346e+01 2.198821163311044380e+00 5.213824343122600347e+00
1.050990879037356507e+01 2.200554078213149634e+00 4.845113120686888486e+00
1.044524712743029227e+01 2.200911022535345651e+00 4.500413374858128535e+00
1.038047603312193345e+01 2.199978562214130573e+00 4.208139798699172651e+00
1.031494407533479674e+01 2.197760741067491086e+00 3.932149762580288144e+00
1.024930762057741696e+01 2.194324711633000469e+00 3.697818979410347318e+00
1.018300159412977379e+01 2.189707163426394931e+00 3.498981888005570529e+00
1.011633073412517270e+01 2.183973196252036342e+00 3.313333537994433087e+00
1.004987572833663201e+01 2.177165107240685238e+00 3.143792556597681198e+00
9.983019555058870509e+00 2.169352294479850229e+00 3.002208432215944356e+00
9.916732769787229174e+00 2.160591563723874398e+00 2.873845869917379225e+00
9.850381470058048095e+00 2.150938876954747947e+00 2.762307980379869132e+00
9.784725332227937500e+00 2.140484558080650412e+00 2.668639836564715040e+00
9.719475119294399335e+00 2.129253582818487978e+00 2.581450322059609448e+00
9.655120762867158035e+00 2.117348242064431840e+00 2.504868372232452511e+00
9.591613412191076549e+00 2.104813845907773651e+00 2.442284156928358652e+00
9.528897152019128569e+00 2.091719113280997799e+00 2.393866142043260758e+00
9.467238434728271201e+00 2.078138495294765242e+00 2.346349111134061527e+00
9.407439623989795052e+00 2.064126297320113324e+00 2.314934266864916435e+00
9.348301946484633973e+00 2.049767356245812966e+00 2.287953081227542373e+00
