1.550982551689759603e+01 2.191799393479931801e-01 3.683552447462830693e+06
1.523530550847935139e+01 2.261764527620651888e-01 3.161147211423463188e+06
1.500412716953727177e+01 2.334148107940825778e-01 2.731400659183049574e+06
1.476476411168987113e+01 2.409343120863667032e-01 2.334472373109482229e+06
1.455384625947123034e+01 2.486967614945286564e-01 2.000830495353048434e+06
1.434554702882950750e+01 2.567473265676128436e-01 1.720215077954994980e+06
1.416139095368445666e+01 2.650784146871817959e-01 1.476196534168082755e+06
1.398855462127350791e+01 2.736969181806880869e-01 1.270198778101530392e+06
1.383485217697344538e+01 2.826078226416545713e-01 1.093724471893820679e+06
1.367730771253721400e+01 2.918204163305241905e-01 9.369849291600272991e+05
1.353705945020215040e+01 3.013290433182183037e-01 8.057208906698268838e+05
1.341182637221494112e+01 3.111279608142699105e-01 6.931886195398375858e+05
1.328524683021263897e+01 3.212601910715766063e-01 5.965113249473877950e+05
1.317355324115545656e+01 3.316957466452329362e-01 5.124356575297799427e+05
1.306704815670060249e+01 3.424626162173458610e-01 4.415874994882388855e+05
1.297179790844625025e+01 3.535396577569910881e-01 3.797755625611240393e+05
1.287931956023408908e+01 3.649638941300227257e-01 3.268744139683558024e+05
1.279254617357580592e+01 3.767003123442580481e-01 2.816892326860345784e+05
1.271203675276941780e+01 3.887833961518224468e-01 2.423137055617316510e+05
1.263823379134925418e+01 4.012238876704175006e-01 2.087786943267037859e+05
1.257083829031517119e+01 4.139598730680451588e-01 1.802846877540835121e+05
1.250549715496985037e+01 4.270725323390680561e-01 1.556355568618938851e+05
1.244533054971589259e+01 4.405076429861073950e-01 1.338847703927553084e+05
1.238783491691146565e+01 4.543051182054350656e-01 1.158165154632679769e+05
1.233475997634002930e+01 4.684566235293583514e-01 9.982032633540417009e+04
1.228650423899524391e+01 4.829157367948221369e-01 8.638696677777980221e+04
1.223841825461439292e+01 4.977481461671720009e-01 7.455632703071819560e+04
1.219553280252262439e+01 5.129121142166698233e-01 6.468210184531156119e+04
1.215727507346544556e+01 5.284214240069635693e-01 5.587249588530742039e+04
1.211970694709021856e+01 5.442729435394200177e-01 4.843964116337509768e+04
1.208434614885051239e+01 5.604662211408508732e-01 4.187972409393498674e+04
1.205023444112582354e+01 5.769594751105092678e-01 3.633151116608722077e+04
1.202125872010436325e+01 5.938236840205893818e-01 3.146532971712166182e+04
1.198901163744273290e+01 6.109892436725593567e-01 2.733972863543673884e+04
1.196255400951646308e+01 6.285748521724399129e-01 2.369689008878833192e+04
1.193703650393478100e+01 6.465954297646505644e-01 2.060976284904173372e+04
1.191273733264389634e+01 6.650589101564347017e-01 1.786256793182831461e+04
1.188838947851459515e+01 6.840179668408674640e-01 1.551535743064695816e+04
1.186298516991923080e+01 7.034834127834742601e-01 1.337532469192910139e+04
1.184337251672283386e+01 7.234409910205599203e-01 1.166423234273482740e+04
1.182876742569031236e+01 7.439453971111933406e-01 1.009034385127351925e+04
1.181059203330059582e+01 7.649661901740810732e-01 8.744142599537492060e+03
1.179431863293966209e+01 7.865336156808135915e-01 7.569367299998746603e+03
1.178045712789075061e+01 8.086428102745031321e-01 6.558693427514767791e+03
1.176487320813446757e+01 8.312911313626915044e-01 5.681633593696237767e+03
1.175260764917531553e+01 8.544803274909885671e-01 4.917416498362037601e+03
1.174056202002855187e+01 8.781779041958286403e-01 4.260695382779854299e+03
1.172857941700406670e+01 9.024066349381554275e-01 3.688151966199531671e+03
1.172021780536179669e+01 9.271498324503060218e-01 3.197066308350347754e+03
1.171252139387448565e+01 9.523805739500499357e-01 2.766486057057391463e+03
1.170461701879756156e+01 9.780772121272742758e-01 2.396942190876207405e+03
1.169662402432293291e+01 1.004238214761872028e+00 2.079384207209111992e+03
1.169358806637998960e+01 1.030843838029340098e+00 1.805505106891704600e+03
1.168282362720566780e+01 1.057856786500174673e+00 1.567499245103821067e+03
1.167667028288735054e+01 1.085261762166074062e+00 1.360852253399728170e+03
1.167228264516896985e+01 1.113019992478560205e+00 1.181631668736661595e+03
1.166670118457724570e+01 1.141122979378684343e+00 1.028254896746669601e+03
1.166358067450189928e+01 1.169516801394441918e+00 8.941171751057893289e+02
1.165675617758434690e+01 1.198184510493942589e+00 7.783485268702959274e+02
1.165201856244491729e+01 1.227089221451529877e+00 6.754217203812103207e+02
1.164779368196454712e+01 1.256199167609428846e+00 5.887903154018080158e+02
1.164223219520307850e+01 1.285466772832626114e+00 5.137023311028357284e+02
1.163926481252599210e+01 1.314863498290372634e+00 4.519520827811277286e+02
1.163224085873724611e+01 1.344334095143669305e+00 3.931734091561864943e+02
1.162543769084645895e+01 1.373816998056304417e+00 3.468133978653640384e+02
1.161966353225711757e+01 1.403218936970741071e+00 3.043297310310468902e+02
1.161102655024139274e+01 1.432431169026331386e+00 2.674359819022204761e+02
1.160305881760684521e+01 1.461351686472685873e+00 2.356748061582937055e+02
1.159620304906131771e+01 1.489910041892249071e+00 2.079342196180034534e+02
1.158628060316623731e+01 1.518007030428047743e+00 1.837986563399610134e+02
1.157197366153252283e+01 1.545559557823305008e+00 1.630347651990007023e+02
1.156033704781371085e+01 1.572421588859723496e+00 1.448738779400873113e+02
1.154613625735671611e+01 1.598581096521006106e+00 1.292037168992707166e+02
1.153002716391049631e+01 1.623911403512418694e+00 1.153069106396304164e+02
1.151318555681132771e+01 1.648381790696975102e+00 1.033170523355254744e+02
1.149451983330337512e+01 1.671857022167691609e+00 9.277092344207274266e+01
1.148179524606840296e+01 1.694285456156018999e+00 8.363818259136050415e+01
1.145143769408306511e+01 1.715608208318423866e+00 7.551956129466948653e+01
1.142723389966219294e+01 1.735799789311507135e+00 6.851495386612467087e+01
1.140114914998064855e+01 1.754741176797720792e+00 6.230669925721628744e+01
1.137294099809675174e+01 1.772413607904413047e+00 5.686841549400290319e+01
1.134278680728650990e+01 1.788755294356089376e+00 5.205555717528538651e+01
1.131065999540757794e+01 1.803757458062815067e+00 4.779147511263794712e+01
1.127723853913922447e+01 1.817335367660527057e+00 4.387639082268762536e+01
1.124113611203152985e+01 1.829486648734751197e+00 4.077313133819452418e+01
1.120403692478042679e+01 1.840187814112881792e+00 3.786533770631380236e+01
1.116504948061770541e+01 1.849399726336018235e+00 3.516262899463683311e+01
1.112451914969436473e+01 1.857084755255247410e+00 3.305591168894457610e+01
1.108201165769949981e+01 1.863230031245752594e+00 3.107955594248786824e+01
1.103878672188331933e+01 1.867831506627259941e+00 2.931572943251847718e+01
1.099362757894505549e+01 1.870849769896257619e+00 2.771026209129315987e+01
1.094917739306905524e+01 1.872300429849548697e+00 2.650465708913179697e+01
1.090290443342154525e+01 1.872149117500336857e+00 2.539600036790869453e+01
1.085740386248363443e+01 1.870371454813304801e+00 2.442102515094367376e+01
1.081279320368081365e+01 1.866990948122928096e+00 2.378417318011822701e+01
1.077046490481679619e+01 1.862120850064223454e+00 2.325624469779411641e+01
1.072839699397687774e+01 1.855919376031885060e+00 2.286144111325502593e+01
1.068708359016639520e+01 1.848667741179738089e+00 2.252769498834267736e+01
1.064939308489858050e+01 1.840550823960541260e+00 2.239316136304951854e+01
1.061311939747224642e+01 1.831939186620209714e+00 2.243358705248674312e+01
