1.550982551689759603e+01 2.191799393479931801e-01 3.683552447462830693e+06
1.517775854211573261e+01 2.277099715691971726e-01 3.061596037150345277e+06
1.489140335047769526e+01 2.366273880619848280e-01 2.548884727261823602e+06
1.461571857220163473e+01 2.459341867930238956e-01 2.112423638568475842e+06
1.437653583194514795e+01 2.556410842133985395e-01 1.753731624551885994e+06
1.414336315824713175e+01 2.657632296956612961e-01 1.465836761327335844e+06
1.394232665576730135e+01 2.763106108411776951e-01 1.216471612312731799e+06
1.375246479466244232e+01 2.872944207606815681e-01 1.009336193948812783e+06
1.357899578008909991e+01 2.987312032282969376e-01 8.384804900292550446e+05
1.341325471120209301e+01 3.105984445116730663e-01 6.982228029819255462e+05
1.327045534054600751e+01 3.229161945926877220e-01 5.814384640387777472e+05
1.312944922371415224e+01 3.357187485444044772e-01 4.856450986671806313e+05
1.300932924229968002e+01 3.489963837514945544e-01 4.037565802282118239e+05
1.289418034805279945e+01 3.627675844301027075e-01 3.362987918940898380e+05
1.279026578170643980e+01 3.770114061489872603e-01 2.804188373943425831e+05
1.269549537451172583e+01 3.917608559435536986e-01 2.320768513592694944e+05
1.260308714079743275e+01 4.070115211740676919e-01 1.953016305107763910e+05
1.252469089464294072e+01 4.227587798022379162e-01 1.631509875932572759e+05
1.244929058593729643e+01 4.390198499949604094e-01 1.363945205376663944e+05
1.238013219490897754e+01 4.557989663657852075e-01 1.141992626526169042e+05
1.232582086326772952e+01 4.730931742396349837e-01 9.513543781215617491e+04
1.226280991970249801e+01 4.908802964960921056e-01 7.975413713000259304e+04
1.220725855431232709e+01 5.091665441812398551e-01 6.698053064401347365e+04
1.215628439747749212e+01 5.279712606278126330e-01 5.616205155109782936e+04
1.211300019406751716e+01 5.472819465143724527e-01 4.712189254064491979e+04
1.207134284958424608e+01 5.671067746142262056e-01 3.916188218857569882e+04
1.202995736055220988e+01 5.873527345547185918e-01 3.300043219255997974e+04
1.199462600212767249e+01 6.081539522821677313e-01 2.798345408529087945e+04
1.196002925204519585e+01 6.295327589434519533e-01 2.356944517688544511e+04
1.193016467701536776e+01 6.515890987665358125e-01 1.980794035086349686e+04
1.189896765062914064e+01 6.743654545052983895e-01 1.666389188302306866e+04
1.187303717524922497e+01 6.979121033228856685e-01 1.400357002293718870e+04
1.184907013207382498e+01 7.222752782105327229e-01 1.176237817337023080e+04
1.182669641392649673e+01 7.474584445759544504e-01 9.869493628263100618e+03
1.180437891118757676e+01 7.734909636248491482e-01 8.271607332162577222e+03
1.179073668068378566e+01 8.003858373162624495e-01 6.930060334849425999e+03
1.177133548458610335e+01 8.281449407144044761e-01 5.814931720242590018e+03
1.175647320375283478e+01 8.567437843789660334e-01 4.869289741939783198e+03
1.174411085694711865e+01 8.862079078935729548e-01 4.078465762198135963e+03
1.173237107019769354e+01 9.164886318533392862e-01 3.415481486579262764e+03
1.172165487989730615e+01 9.475824934642737007e-01 2.863692959911723392e+03
1.171411224512236338e+01 9.794468227399255600e-01 2.400497438570055692e+03
1.171175455933236265e+01 1.011987595629586734e+00 2.013616247762635339e+03
1.170150105321492973e+01 1.045094376295354177e+00 1.692119949279577668e+03
1.169573571247006072e+01 1.078643644476045882e+00 1.422661706241361344e+03
1.168972061842376320e+01 1.112528712648579221e+00 1.200193748447296457e+03
1.168798510214056030e+01 1.146618967012786205e+00 1.013473458012940455e+03
1.168013537952274028e+01 1.180794441500793601e+00 8.587155313404117578e+02
1.167310400966811734e+01 1.214920608648703659e+00 7.251052708367955120e+02
1.167121587777261382e+01 1.248885691049787638e+00 6.166346166332656367e+02
1.166055648535729006e+01 1.282574635900780580e+00 5.299488724095604084e+02
1.165316700436541808e+01 1.315875140759534601e+00 4.539883164769810264e+02
1.164084870440886732e+01 1.348675630709429640e+00 3.899480289710147076e+02
1.162774323691189693e+01 1.380862904773445088e+00 3.341881336005016578e+02
1.161539272208763229e+01 1.412321388455161753e+00 2.906610327866065973e+02
1.159667011252506263e+01 1.443004597913812637e+00 2.523465975703298056e+02
1.157809956963392217e+01 1.472758514939176422e+00 2.197465549681705284e+02
1.155697773012083651e+01 1.501590327907678102e+00 1.911421590260984260e+02
1.153382682847494145e+01 1.529361207900557185e+00 1.680946348569377449e+02
1.150805181729124094e+01 1.556040406641593377e+00 1.478350499422901123e+02
1.147972355930930100e+01 1.581566218302207227e+00 1.303385900191247799e+02
1.145240104677840165e+01 1.605875092776296587e+00 1.152801763979060752e+02
1.141585930049267184e+01 1.628978304325106707e+00 1.024468885205129993e+02
1.138027906235171649e+01 1.650792415420292869e+00 9.123935321184549707e+01
1.134255873644130830e+01 1.671319791628273821e+00 8.154190619780823113e+01
1.130194732841643024e+01 1.690537452617367986e+00 7.308150328431041487e+01
1.125908422724796942e+01 1.708438223069666639e+00 6.569700607491574829e+01
1.121333470444959524e+01 1.725010361244279977e+00 5.930168637481725824e+01
1.116603484056722273e+01 1.740269500080497078e+00 5.360547232181871635e+01
1.111668418440014605e+01 1.754220945544591848e+00 4.861492594305330783e+01
1.106510114712679638e+01 1.766852234957791312e+00 4.429980921579986131e+01
1.101119958376437147e+01 1.778218248839660509e+00 4.022845057355539211e+01
1.095650958091625427e+01 1.788345227080701649e+00 3.694143005187884654e+01
1.089974130172325317e+01 1.797301447222048099e+00 3.375580614551794412e+01
1.083958854211479839e+01 1.805127020642228963e+00 3.116381728046149746e+01
1.077965579266320262e+01 1.811898187230745139e+00 2.869352196027781687e+01
1.071644027001901023e+01 1.817657500211202537e+00 2.638302499469599738e+01
1.065269732412116355e+01 1.822443327113259626e+00 2.439749254268254930e+01
1.058756349665982377e+01 1.826315508872447868e+00 2.269229394885238094e+01
1.052123540904496224e+01 1.829317844281381999e+00 2.098497312709690021e+01
1.045369789079777512e+01 1.831492951263325120e+00 1.954671243986611628e+01
1.038477986560307187e+01 1.832872270038127249e+00 1.814322072150188703e+01
1.031539363475669191e+01 1.833500435896869396e+00 1.696381651441234339e+01
1.024542784725458944e+01 1.833414779408048867e+00 1.578607791316680142e+01
1.017441478065410898e+01 1.832637609598869011e+00 1.481057940082521185e+01
1.010250075647284262e+01 1.831212045801176913e+00 1.384944214917665484e+01
1.002985586660024531e+01 1.829167158419347627e+00 1.298288730930828727e+01
9.957323835229512810e+00 1.826529311850431103e+00 1.217836641797106623e+01
9.884157140418071918e+00 1.823322850482654189e+00 1.141039437951726576e+01
9.811248754467291278e+00 1.819583880598448333e+00 1.074105127303389295e+01
9.736330248033908674e+00 1.815341990713156717e+00 1.014381587664301598e+01
9.663102964165387831e+00 1.810612782802051957e+00 9.565975583763032475e+00
9.588598786504585192e+00 1.805419089275930533e+00 9.013772992331547940e+00
9.514687898479960992e+00 1.799791992605140889e+00 8.526887829066774671e+00
9.441514414249327913e+00 1.793757012606804535e+00 8.058856708123466106e+00
9.368728495511343013e+00 1.787303179425014710e+00 7.655477004804645880e+00
9.297065773948157030e+00 1.780414150729634715e+00 7.283545686503392069e+00
9.226068990655026170e+00 1.773051369632893115e+00 6.943884138901331937e+00
9.155992456751993913e+00 1.765253291413613201e+00 6.648043267537113721e+00
9.087041892108297603e+00 1.756992322690057673e+00 6.360729966362807630e+00
