1.550982551689759603e+01 2.191799393479931801e-01 3.683552447462830693e+06
1.527412354174160747e+01 2.269963059672158168e-01 3.169314663007914554e+06
1.493416047198139118e+01 2.351321966171024958e-01 2.617886579844885971e+06
1.468532184520977957e+01 2.436091091685952115e-01 2.215717369289860595e+06
1.444876536214107254e+01 2.524099475463507103e-01 1.864641626155989245e+06
1.424046891996269082e+01 2.615602851505493542e-01 1.573807695565773174e+06
1.404375449436318668e+01 2.710658833695287484e-01 1.330804993004486663e+06
1.385876134378152358e+01 2.809423809955944873e-01 1.110341654682291904e+06
1.368695937847290622e+01 2.911738958035907654e-01 9.492522681641040836e+05
1.353389079758312086e+01 3.017924631373413713e-01 8.018922738399847876e+05
1.338835353626349267e+01 3.127681343446490070e-01 6.752556487579991808e+05
1.325539694727299711e+01 3.241456826502463473e-01 5.719054698563448619e+05
1.313387773033374373e+01 3.359225600099361442e-01 4.827586736716708401e+05
1.301925151015893611e+01 3.480992369412658216e-01 4.087674536987812025e+05
1.290835519468783588e+01 3.606920165159949176e-01 3.479901332001688424e+05
1.281248436154378467e+01 3.736801239097605754e-01 2.924959837121522869e+05
1.272293386490033384e+01 3.870980722275851882e-01 2.475234555247730750e+05
1.263967848049092169e+01 4.009361676762129290e-01 2.098646239262050076e+05
1.256256287966738583e+01 4.151942890681974974e-01 1.777956677466457768e+05
1.249076092018565909e+01 4.298762402000663174e-01 1.492560005187873612e+05
1.242447347962618309e+01 4.450112133177991924e-01 1.277496391599177587e+05
1.236593710955876801e+01 4.605611130958477406e-01 1.083479713296616392e+05
1.230669513900147294e+01 4.765267788817846850e-01 9.206617174756831082e+04
1.225430947684108496e+01 4.929227955523394211e-01 7.823772441047610482e+04
1.220667712579383668e+01 5.097457524308134369e-01 6.655688986980183108e+04
1.215855618351840484e+01 5.270029630249982722e-01 5.669556068955980300e+04
1.211843178002179044e+01 5.446870341339669075e-01 4.821908922468200763e+04
1.207853179688236800e+01 5.627970139049723874e-01 4.107175690462905914e+04
1.204159569189124390e+01 5.812796319849926618e-01 3.501634116065726266e+04
1.200592782601962938e+01 5.998776752903356435e-01 2.997602382129936086e+04
1.197695879149896570e+01 6.184694307638400890e-01 2.573542744757030232e+04
1.194531978689586538e+01 6.372397899929533871e-01 2.209555939314187344e+04
1.191677392372415412e+01 6.563446900060919686e-01 1.901475695979068041e+04
1.188803064708904067e+01 6.759362525822125711e-01 1.634069554435283499e+04
1.185840404151298877e+01 6.960994185830183811e-01 1.403651768683846058e+04
1.183409861762729953e+01 7.169955532529808107e-01 1.203065800996399048e+04
1.180728423412173278e+01 7.384583375524798043e-01 1.032407681957929344e+04
1.178689943569032650e+01 7.607872851401187297e-01 8.826274282189104269e+03
1.176282642034255410e+01 7.839753271794750455e-01 7.525970058023719503e+03
1.174156803465655230e+01 8.080375251973648254e-01 6.421853802599555820e+03
1.172431602157831421e+01 8.330314462350832949e-01 5.469435148575335006e+03
1.170802789470485372e+01 8.589876477241231711e-01 4.643630831143533214e+03
1.169251298878474543e+01 8.859210340618012269e-01 3.947610409575383528e+03
1.168053642424336580e+01 9.138715135765775877e-01 3.341618619911555015e+03
1.166584828193216516e+01 9.428227754751467016e-01 2.833133386371339384e+03
1.165869861404848784e+01 9.728094703448576519e-01 2.394170051927923396e+03
1.165146146014927631e+01 1.003806153451461292e+00 2.025164386861964658e+03
1.164683383090067004e+01 1.035834455116385389e+00 1.709468367201244973e+03
1.164507344375739883e+01 1.068868387453435043e+00 1.443688190025628046e+03
1.164204240463085149e+01 1.102890331801560819e+00 1.218767714325476163e+03
1.164246436360924086e+01 1.137882931165073996e+00 1.029430794101290530e+03
1.164233776128889453e+01 1.173818831464571888e+00 8.686968596856250997e+02
1.164746845209875126e+01 1.210656906025576296e+00 7.328954494887195779e+02
1.165182964341522620e+01 1.248363701483608867e+00 6.191387460315338558e+02
1.165568890086930409e+01 1.286901422287052510e+00 5.231390129864396386e+02
1.166298744212880045e+01 1.326205694417635250e+00 4.420067761195115850e+02
1.167194608702136982e+01 1.366230987324938750e+00 3.739550447169774543e+02
1.167875114794653690e+01 1.406907858900354080e+00 3.151804767347376810e+02
1.168834226369918561e+01 1.447844111234024789e+00 2.683128662223176661e+02
1.169598390328215487e+01 1.488103945367233560e+00 2.290104337249272817e+02
1.170649370131385858e+01 1.527614045392877262e+00 1.960754096332414633e+02
1.170958999252649946e+01 1.566390084819870854e+00 1.685387627902865972e+02
1.171348995148678362e+01 1.604427137578032792e+00 1.454338979378709951e+02
1.171675121918556428e+01 1.641735555019444348e+00 1.258892764446650858e+02
1.171764304120070044e+01 1.678308653294953157e+00 1.093482755935524580e+02
1.171706093403717119e+01 1.714123340098485215e+00 9.518483703059720824e+01
1.171563743405453550e+01 1.749189126607296974e+00 8.307711868942548961e+01
1.170900767852035607e+01 1.783511314457494557e+00 7.264576115618345398e+01
1.170235117997589214e+01 1.817012510376700529e+00 6.371104514217518755e+01
1.169386103294103130e+01 1.849732184178480843e+00 5.596629623270357001e+01
1.168367693936312968e+01 1.881637022448806817e+00 4.913640439255264880e+01
1.167143677988505601e+01 1.912716970819109408e+00 4.346506813544176140e+01
1.165694265149622844e+01 1.942951514434553273e+00 3.843423252111653454e+01
1.164072182222647456e+01 1.972318199274847528e+00 3.405024585133666193e+01
1.162388634149911937e+01 2.000826315731501381e+00 3.020100657742762351e+01
1.160393877688546560e+01 2.028420676257125077e+00 2.685254479545440631e+01
1.158281048378069933e+01 2.055089704210300905e+00 2.382899506264866218e+01
1.156084255632658753e+01 2.080990443558841108e+00 2.132840257263645611e+01
1.153711656014461440e+01 2.105889895410813839e+00 1.905089166381752008e+01
1.151053683703010044e+01 2.129569551140159778e+00 1.702041622648902219e+01
