1.550982551689759603e+01 2.191799393479931801e-01 3.683552447462830693e+06
1.520870381710207120e+01 2.272536657809220706e-01 3.096431466206176672e+06
1.491646241832773434e+01 2.356691525591191050e-01 2.589409434627302457e+06
1.466303904755015175e+01 2.444473310187452730e-01 2.171991322244740091e+06
1.441933469244305677e+01 2.535731915540703207e-01 1.823169963105088333e+06
1.420078372104157083e+01 2.630724628144474053e-01 1.532062005015281029e+06
1.401432614195453574e+01 2.729507985719962782e-01 1.287441930891671218e+06
1.381803940011327114e+01 2.832171162638348894e-01 1.078959256087558577e+06
1.364531616509562717e+01 2.938803640643672943e-01 9.068501544695816701e+05
1.348658260691391675e+01 3.049336648691349239e-01 7.628672370177762350e+05
1.334477061968943090e+01 3.164069934114785987e-01 6.403367140622198349e+05
1.320796358334930609e+01 3.282946568460474168e-01 5.380407853273272049e+05
1.308832306974753124e+01 3.406035844284889258e-01 4.519594049990262720e+05
1.297367523400123801e+01 3.533375293552031837e-01 3.803251612978455960e+05
1.286715919627747517e+01 3.665137965088556826e-01 3.205331895137840183e+05
1.276851525177450242e+01 3.801331279435793409e-01 2.700854174397119787e+05
1.267753494698543193e+01 3.942014506759670134e-01 2.273717975718274247e+05
1.259675342894286310e+01 4.087199366403673206e-01 1.912964133140434278e+05
1.252046170681317783e+01 4.236853215168980835e-01 1.615241678279060579e+05
1.245036563400958229e+01 4.391039183706902382e-01 1.360754255778888764e+05
1.238380451054838716e+01 4.549940318101380887e-01 1.148321531211913389e+05
1.232513207875570949e+01 4.713485167754710159e-01 9.704649889433162753e+04
1.226773349876842545e+01 4.881518391726587525e-01 8.200164935528268688e+04
1.221936679580204199e+01 5.053865226993322635e-01 6.928779717813886236e+04
1.217132631632941298e+01 5.230955553747448361e-01 5.864276603549180436e+04
1.212612644060198264e+01 5.412595591438252862e-01 4.979980933966620069e+04
1.208410234023437013e+01 5.598774441765179688e-01 4.216334701058637438e+04
1.204620770213968761e+01 5.789029269965548785e-01 3.577599457852468913e+04
1.201042358098611551e+01 5.983837398258539109e-01 3.032171107157053120e+04
1.197907567814582386e+01 6.183683489585941606e-01 2.574458938257260888e+04
1.194589589032561250e+01 6.389338689218578837e-01 2.165426879566247590e+04
1.191902147306700854e+01 6.601309751138222381e-01 1.853980735330952666e+04
1.189094418268957476e+01 6.820050987968592215e-01 1.572342530529536270e+04
1.186674435265938676e+01 7.045914397894474934e-01 1.333271667677966252e+04
1.184432720430528541e+01 7.279131602287519653e-01 1.130609649881820587e+04
1.182290498894293229e+01 7.520126304074702395e-01 9.570666753054620131e+03
1.180559484478008336e+01 7.768878438919346596e-01 8.094901640955759831e+03
1.178797971557380286e+01 8.025591776495960561e-01 6.837494301556667779e+03
1.177281772426905881e+01 8.290317858046696298e-01 5.781962212033472497e+03
1.175857582580808902e+01 8.562675728085727966e-01 4.885217327482050678e+03
1.174634953484334154e+01 8.842980554265338355e-01 4.128950191234036538e+03
1.173588834116049640e+01 9.130844620793345801e-01 3.491319216260182202e+03
1.172460409763758271e+01 9.426288765048362883e-01 2.955368371176068649e+03
1.171976990746271596e+01 9.728922734693196128e-01 2.495160495058390552e+03
1.171349254521816086e+01 1.003836441222412112e+00 2.093939269156173850e+03
1.170848747566261849e+01 1.035454320233968994e+00 1.784537510529253495e+03
1.170351882912842889e+01 1.067696474812927177e+00 1.511700674435080828e+03
1.170177446430924384e+01 1.100525136410202665e+00 1.280065605063986823e+03
1.169616840719510975e+01 1.133903564424444177e+00 1.087929686723953409e+03
1.169425699388917117e+01 1.167770033911709193e+00 9.233758220503932534e+02
1.169172888294506940e+01 1.202076618797229379e+00 7.841446097275605780e+02
1.168921834936582194e+01 1.236775782519040634e+00 6.668409554154075067e+02
1.169056472967894678e+01 1.271808259475353697e+00 5.642002398589551149e+02
1.168865647238143168e+01 1.307117958425149995e+00 4.844650650888792711e+02
1.168500298340259036e+01 1.342639429679492791e+00 4.140103152814796772e+02
1.168098378942143079e+01 1.378300336319221220e+00 3.541136760086588424e+02
1.167674523371182715e+01 1.414038393460337550e+00 3.034969588112279553e+02
1.167470491405105015e+01 1.449820000018443578e+00 2.604397638279107809e+02
1.167025489063746946e+01 1.485524381732182153e+00 2.237812114581611809e+02
1.166476235083527691e+01 1.521123444552445747e+00 1.926817420539296677e+02
1.165567431478888238e+01 1.556534709725022392e+00 1.662597013642726154e+02
1.164859685527638966e+01 1.591698377619318761e+00 1.436530958528766462e+02
1.164127443409406482e+01 1.626550437963611540e+00 1.242996092906510484e+02
1.163025916454053466e+01 1.661029419844600952e+00 1.078191364055887362e+02
1.161914750986943545e+01 1.695060893805383717e+00 9.366760875893679383e+01
1.160678337383008341e+01 1.728580225998473052e+00 8.158952828591935713e+01
1.159367302726084148e+01 1.761540414070909666e+00 7.114035785476615104e+01
1.157822246505068264e+01 1.793872005330241937e+00 6.215497154607509600e+01
1.156244811109782944e+01 1.825536343676439133e+00 5.442884078059817199e+01
1.154364301512874569e+01 1.856469493617862732e+00 4.778330173364522437e+01
1.152397859587400575e+01 1.886628680224447852e+00 4.181980014443736593e+01
1.150317870053280345e+01 1.915967400365744311e+00 3.701380231362996653e+01
1.148098972953815888e+01 1.944440884520241664e+00 3.268865874773569402e+01
1.145703811202269051e+01 1.972025422002663841e+00 2.892141620244289157e+01
1.143139074541189260e+01 1.998627376935369737e+00 2.563458814060117774e+01
1.140479057741618441e+01 2.024134742654886132e+00 2.270477085970549069e+01
1.137666600612826073e+01 2.048425091915610174e+00 2.031924091206716554e+01
1.134596119766467837e+01 2.071374980645042552e+00 1.817671132474331230e+01
1.131461267493741474e+01 2.092867935724071593e+00 1.631234171615773221e+01
1.128035942340291164e+01 2.112804676997952491e+00 1.469393395331899654e+01
1.124563748426938758e+01 2.131061204830100309e+00 1.329290809378750815e+01
1.120865729015826773e+01 2.147503582330984262e+00 1.207363844520529383e+01
1.116911107559348437e+01 2.162096295355286024e+00 1.100805301085888566e+01
1.112857795567147967e+01 2.174635210453783607e+00 1.006489637603467457e+01
1.108529651526536242e+01 2.185072987365078934e+00 9.308522434463446515e+00
1.104123067208646347e+01 2.193239965207004261e+00 8.631996710088888136e+00
1.099520970730350911e+01 2.199064452066976205e+00 8.033743277829495710e+00
1.094761585292038042e+01 2.202563387542214368e+00 7.571649364131480375e+00
1.089866420218577936e+01 2.203702712330697366e+00 7.163208471700628799e+00
1.084939436144969171e+01 2.202457703728807559e+00 6.832181756702922826e+00
1.079994831297760705e+01 2.198831121674175826e+00 6.556365542603360907e+00
1.075486106894303084e+01 2.192872620301068221e+00 6.407035670592738263e+00
1.071274299104982219e+01 2.184467677451101153e+00 6.322294371775405430e+00
1.066889122207847862e+01 2.174062578009646085e+00 6.276330544916435272e+00
1.062376873682206124e+01 2.162025463881464216e+00 6.255573884376917526e+00
1.057560480161538585e+01 2.148704723389904370e+00 6.236085725045631634e+00
1.052638500264500010e+01 2.134314524915432720e+00 6.266031038229372463e+00
1.047443875850069794e+01 2.119023417032941836e+00 6.282725387689375829e+00
1.042120228950268057e+01 2.102961479136926215e+00 6.291499647447824195e+00
1.036596581521984817e+01 2.086240554101114419e+00 6.321577230126489866e+00
