1.550982551689759603e+01 2.191799393479931801e-01 3.683552447462830693e+06
1.511576487213528885e+01 2.299531089447678089e-01 2.923718623988179024e+06
1.475592575202094991e+01 2.413260630978499299e-01 2.320282695564672817e+06
1.444016508137964117e+01 2.533100540332176021e-01 1.836238617198460735e+06
1.413862704504345302e+01 2.659516473653095736e-01 1.453691517671464244e+06
1.388510000137247502e+01 2.792636378573664646e-01 1.155668422887608642e+06
1.365415836641288294e+01 2.932755074910815551e-01 9.156503385205955710e+05
1.344901289866762362e+01 3.079612623909824265e-01 7.269151775094405748e+05
1.326866600905307081e+01 3.233796268371991744e-01 5.782317360276496038e+05
1.309757664753005812e+01 3.395322889928695798e-01 4.590964576861153473e+05
1.294731145334453437e+01 3.564525769172128822e-01 3.654915092194527388e+05
1.281003818032497499e+01 3.741218461786046112e-01 2.909510914150933386e+05
1.269031321330244744e+01 3.925812303369654033e-01 2.317536289820636448e+05
1.257919275424597672e+01 4.118255367981377146e-01 1.845853141639883397e+05
1.248234438172329774e+01 4.318692277439813432e-01 1.473272812278817291e+05
1.239477398060485314e+01 4.527116952431713970e-01 1.177539509100985742e+05
1.231618137745402741e+01 4.743733532008159726e-01 9.412649200544903579e+04
1.224130172780895265e+01 4.968094333327502943e-01 7.533077355459435785e+04
1.217748921769614157e+01 5.200505661107941435e-01 6.045136273227087804e+04
1.211836304923879482e+01 5.440927015980093762e-01 4.844672554302898789e+04
1.206673257429363133e+01 5.689305412688714370e-01 3.890571743107280781e+04
1.201863752772576355e+01 5.945011338214301055e-01 3.135070694410632495e+04
1.197158387751806430e+01 6.209160008813566778e-01 2.523478736315522838e+04
1.193414887604361141e+01 6.483796408525064336e-01 2.030881480074105639e+04
1.189685289270951962e+01 6.769866330385482245e-01 1.630414756527839381e+04
1.186413000815064578e+01 7.068464202243736061e-01 1.305526706581298458e+04
1.183509622529846972e+01 7.380179212125634880e-01 1.053276169239549199e+04
1.180880506077279435e+01 7.705617668372796158e-01 8.376205602553303834e+03
1.178689508290971055e+01 8.044873961478207214e-01 6.761881094877684518e+03
1.176752933889537189e+01 8.398043704306814572e-01 5.407583642217477973e+03
1.175077148422623097e+01 8.765060014246424114e-01 4.326793697433845409e+03
1.173701983598400567e+01 9.145582207051782264e-01 3.462995282947377291e+03
1.172353730823292217e+01 9.539305097992591964e-01 2.770085394008483945e+03
1.171618785783842931e+01 9.945610146066086177e-01 2.219281066439890765e+03
1.170901389684622451e+01 1.036378663436654080e+00 1.777725262252911534e+03
1.170525108776018541e+01 1.079298777653405983e+00 1.426872143360488053e+03
1.169985813942333941e+01 1.123233588817653894e+00 1.138382935026575296e+03
1.169647022770684153e+01 1.168078786427738436e+00 9.229027635584154723e+02
1.169371610204629874e+01 1.213670503267602285e+00 7.439009084647638019e+02
1.169110169923098930e+01 1.259782174590197590e+00 5.983324755133011195e+02
1.168773681834697165e+01 1.306084481539141251e+00 4.883141084527659359e+02
1.168536360881677538e+01 1.352252735210245138e+00 3.973169125148511398e+02
1.167884872793158557e+01 1.397930940924024146e+00 3.249246234724153055e+02
1.166904838278524359e+01 1.442844553476229530e+00 2.674661918632352240e+02
1.165928993506596711e+01 1.486619868837997460e+00 2.198983636707314133e+02
1.164578872907611817e+01 1.528984785668939139e+00 1.839864674843791477e+02
1.162941935981623054e+01 1.569633491099827305e+00 1.540479861218796600e+02
1.160636248520518343e+01 1.608341631333183974e+00 1.291355470783630039e+02
1.158089804106638532e+01 1.644834823053343831e+00 1.101907714752090044e+02
1.155247198364665095e+01 1.678854461032683876e+00 9.404966449207445578e+01
1.151608374398824353e+01 1.710228482551911400e+00 8.090470193176540192e+01
1.147676254023324738e+01 1.738820950642978591e+00 7.008988518483944574e+01
1.143267100061111385e+01 1.764431360032556961e+00 6.122793308055391037e+01
1.138382822486938828e+01 1.786998579571306811e+00 5.380451077933157222e+01
1.133006369029857296e+01 1.806396351606395001e+00 4.759333655960696774e+01
1.127285757563188895e+01 1.822574066740970666e+00 4.261478786586259559e+01
1.121131159039512859e+01 1.835489875200631449e+00 3.842499187565744734e+01
1.114586425416593229e+01 1.845109287281943899e+00 3.489987158298625047e+01
1.107772912604782078e+01 1.851499317898999131e+00 3.198959444158494847e+01
1.100396927485374832e+01 1.855220629409531030e+00 2.949763171973974352e+01
1.092679457694906020e+01 1.856890901873713640e+00 2.716985251131612955e+01
1.084565512704661749e+01 1.856978518537566458e+00 2.526532433545914458e+01
1.076058782970114791e+01 1.855736125969961625e+00 2.343044939818830841e+01
1.067247687009936108e+01 1.853391862956945468e+00 2.173950310107745310e+01
1.058176948951544993e+01 1.850105085527048665e+00 2.017851345963008214e+01
1.048876246823954439e+01 1.846024548700925694e+00 1.867435666026321073e+01
1.039367887818499803e+01 1.841254263774317002e+00 1.734113462343585965e+01
1.029672387874073536e+01 1.835862935999924117e+00 1.614649557538247393e+01
1.019760698072698979e+01 1.829949926218409351e+00 1.497073076463593821e+01
1.009823845546789833e+01 1.823551966302301874e+00 1.391624555289741494e+01
9.997748488005042233e+00 1.816751464850822284e+00 1.288080100242959247e+01
9.896010600280314762e+00 1.809577478567785835e+00 1.199268583828130019e+01
9.794325193090347881e+00 1.802045715996499986e+00 1.113463151183127309e+01
9.692977649794812578e+00 1.794236427008235824e+00 1.033724105145869565e+01
9.591327023120777895e+00 1.786119289941881183e+00 9.577311320313246057e+00
9.490043339499177222e+00 1.777750074388554813e+00 8.903086959831259861e+00
9.388751520425236308e+00 1.769134158207307461e+00 8.307990951227058218e+00
9.288612783170815845e+00 1.760296072871948558e+00 7.721855792803527407e+00
9.189545443851971029e+00 1.751239619401026237e+00 7.177125555196466777e+00
9.094957928985982321e+00 1.742015677080099856e+00 6.731739780638062776e+00
