1.550982551689759603e+01 2.191799393479931801e-01 3.683552447462830693e+06
1.516550332970774129e+01 2.281366562414562094e-01 3.026673012958383188e+06
1.486278879051067392e+01 2.375109724194776895e-01 2.498004898787947837e+06
1.457930605374590094e+01 2.473206082211903412e-01 2.058207702467197087e+06
1.432610046662695602e+01 2.575725456473920150e-01 1.695277809660549508e+06
1.410305113713016389e+01 2.682829699656418265e-01 1.399636132971338928e+06
1.389031200783952791e+01 2.794627452930605882e-01 1.150173645873421570e+06
1.369307511631208563e+01 2.911271594935017637e-01 9.495953580621544970e+05
1.350895396787473324e+01 3.032730256158867599e-01 7.829331402395431651e+05
1.334635777202897877e+01 3.159214750714418596e-01 6.382359356593744596e+05
1.320510189268269308e+01 3.290729342346775388e-01 5.318999281920723151e+05
1.306681816000743979e+01 3.427589837884323365e-01 4.392719985618005740e+05
1.294033239169033322e+01 3.569575331742982915e-01 3.630061925795645802e+05
1.282775261013691370e+01 3.716950680036687493e-01 2.967377438851892366e+05
1.272279702977124138e+01 3.869763004078130009e-01 2.481831464554202103e+05
1.262890428458977787e+01 4.028286461080412550e-01 2.052160319930323458e+05
1.254149267571484572e+01 4.191908824022156921e-01 1.698544091919506027e+05
1.246398476473557260e+01 4.361501040195175372e-01 1.407178395663011761e+05
1.239091208769372621e+01 4.536437976733218580e-01 1.167515532252428093e+05
1.232474170224681664e+01 4.717355291164622155e-01 9.573447499678163149e+04
1.226278340437556658e+01 4.903478326777712115e-01 8.026628087979585689e+04
1.220741093857284909e+01 5.095178857853092103e-01 6.670133424139632552e+04
1.215628424619334602e+01 5.292579218343059777e-01 5.542215879292105092e+04
1.210904649145190071e+01 5.495531426333055691e-01 4.622772243732417701e+04
1.206409318409013132e+01 5.704067868125777263e-01 3.840171362369492999e+04
1.202358231162419067e+01 5.917381374941321770e-01 3.208092941616177268e+04
1.198588281494511598e+01 6.137336722980940573e-01 2.671713471441044749e+04
1.195065849430717186e+01 6.365278836835418508e-01 2.229609782364319835e+04
1.191856553195131774e+01 6.602448060553308684e-01 1.854573611158124186e+04
1.188981344157738107e+01 6.849766597462346729e-01 1.542458829163210248e+04
1.186421772790184725e+01 7.108098617723652701e-01 1.278376802668055643e+04
1.184052542146561038e+01 7.378035437970400512e-01 1.059816710740448434e+04
1.182128095297225734e+01 7.659657583947768744e-01 8.759045927337174362e+03
1.180400163685293968e+01 7.953523091053121830e-01 7.225095043700216593e+03
1.178912405076997416e+01 8.259618844860486808e-01 5.959202158180471088e+03
1.177814821994141425e+01 8.578018836882912446e-01 4.914691178148051222e+03
1.176937055197501891e+01 8.908606907812544051e-01 4.048803924062834994e+03
1.176350327749732116e+01 9.251285659172856501e-01 3.313077813167007662e+03
1.176124352608658974e+01 9.605835293225616356e-01 2.744113765342166516e+03
1.176182301225011884e+01 9.971958338833453173e-01 2.258333145763970151e+03
1.176130745413289702e+01 1.034892305943509561e+00 1.859712210463385645e+03
1.176432991223717117e+01 1.073661634889498950e+00 1.533164947995749571e+03
1.176915134276667629e+01 1.113437884452964655e+00 1.264146477460730466e+03
1.177511449726107529e+01 1.154129880813046016e+00 1.042972706006805765e+03
1.178173206233239512e+01 1.195690915529901366e+00 8.627792433031693236e+02
1.179095388472787853e+01 1.238030003189866557e+00 7.142765631806253168e+02
1.179890350654124731e+01 1.281049964119881368e+00 5.913499189046913216e+02
1.181036282673238880e+01 1.324693090429329478e+00 4.913086245830140228e+02
1.181962862139163128e+01 1.368833560084475431e+00 4.084219816308469149e+02
1.182821233292694174e+01 1.413378076621998103e+00 3.404645386859194787e+02
1.183707334646471487e+01 1.458227156799869029e+00 2.823025514583938502e+02
1.184974838452095547e+01 1.503259522216816579e+00 2.362791351410350558e+02
1.185503730250913890e+01 1.548386242397865153e+00 1.993141265968781397e+02
1.186160454227324124e+01 1.593476697362748107e+00 1.664400362553521688e+02
1.187073228547893322e+01 1.638420266933793723e+00 1.402262207310887447e+02
1.187241312477987520e+01 1.683092690309130113e+00 1.190688617728805383e+02
1.187743617281018338e+01 1.727325045116412383e+00 1.007568851048836507e+02
1.187776131464753782e+01 1.770885133988967741e+00 8.559900481731719424e+01
1.187787812975796875e+01 1.813596184933602862e+00 7.291462433603933846e+01
1.187525234125991780e+01 1.855282751787150630e+00 6.233333373236765595e+01
1.187071783983848405e+01 1.895757951539035702e+00 5.351493566391247469e+01
1.186369068654243542e+01 1.934882242175089750e+00 4.589460973834115265e+01
1.185340760026412887e+01 1.972473452297390573e+00 3.984940572101637457e+01
1.184061690470883121e+01 2.008434077903375137e+00 3.450884107401498113e+01
1.182472350072448286e+01 2.042640203990483183e+00 3.019618500327935351e+01
1.180602300990424958e+01 2.074947803403192736e+00 2.632448193547261894e+01
1.178422565627433016e+01 2.105315197820748718e+00 2.325711867724665183e+01
1.175900202130801375e+01 2.133641747587290194e+00 2.053457565249453864e+01
1.173043301886492706e+01 2.159856787536743816e+00 1.822044398182688951e+01
1.169896310524472582e+01 2.183945266150473241e+00 1.624924509804370842e+01
1.166553397089988131e+01 2.205851979136548735e+00 1.453031290179340118e+01
1.162762218823493754e+01 2.225565904178896659e+00 1.303052743760163956e+01
1.158717251651619584e+01 2.243072219401999412e+00 1.176549560733566757e+01
1.154412353422095450e+01 2.258392530169918810e+00 1.070783722327948517e+01
1.149779630202370484e+01 2.271550286356349257e+00 9.737554202549025817e+00
1.144895334906794204e+01 2.282550383384443382e+00 8.943550871183516549e+00
1.139749125550702047e+01 2.291431142337045035e+00 8.223938006904274900e+00
1.134391425982349944e+01 2.298257852781855348e+00 7.570484085991162182e+00
1.128805545034650493e+01 2.303068778786815152e+00 7.043642927080047578e+00
1.123036353427878531e+01 2.305914964108455756e+00 6.567551239123229578e+00
1.117058115195109202e+01 2.306881159977870244e+00 6.150057246385289389e+00
1.110914855605035534e+01 2.306023514074013736e+00 5.784415979929804941e+00
1.104708240922514761e+01 2.303420049765717348e+00 5.465763310386097196e+00
1.098244870607872237e+01 2.299169866318592437e+00 5.186347604531803768e+00
1.091846254850111997e+01 2.293333161509806484e+00 4.947073773791507811e+00
1.085262657048578561e+01 2.286021235026168164e+00 4.723820949581433837e+00
1.078667138116983359e+01 2.277315914481428116e+00 4.558148050356130909e+00
1.072065732330364085e+01 2.267322476223296857e+00 4.407059592148597105e+00
1.065507919664974601e+01 2.256133021799120009e+00 4.278893596921961695e+00
1.058874084915004410e+01 2.243853786171001286e+00 4.157799589118210903e+00
1.052198823672957673e+01 2.230630418212666388e+00 4.073580828205040305e+00
1.045499906171881221e+01 2.216563640248562006e+00 3.993341321836987756e+00
1.038787539122410131e+01 2.201754090374376194e+00 3.924043543977854931e+00
1.032001515328342300e+01 2.186313092706576366e+00 3.854257128693739709e+00
1.025191670010784151e+01 2.170321846160660595e+00 3.804833617734375117e+00
1.018430907433261012e+01 2.153869252711171356e+00 3.759658253752629964e+00
1.011665260257074195e+01 2.137032611207606791e+00 3.730832292730307476e+00
1.004868431859331146e+01 2.119865106879277761e+00 3.701181861269849271e+00
9.980908999848599805e+00 2.102416177308445100e+00 3.667992308401164525e+00
9.912867100827087441e+00 2.084749697675366775e+00 3.643741420856380753e+00
