1.550982551689759603e+01 2.191799393479931801e-01 3.683552447462830693e+06
1.518866964691492427e+01 2.273445460686601138e-01 3.077938356168519240e+06
1.491777654466476299e+01 2.358588488090636037e-01 2.579302633216893300e+06
1.465426291225773348e+01 2.447418501577350303e-01 2.161354154580210801e+06
1.441977875632525219e+01 2.539913209670359717e-01 1.794550587964532897e+06
1.419100812092682595e+01 2.636058496969947429e-01 1.516588877482105047e+06
1.398745739467794280e+01 2.736161862733223482e-01 1.272041285387230339e+06
1.380405029325270405e+01 2.840240860029048520e-01 1.065076617141981144e+06
1.363250978623267784e+01 2.948294923099466502e-01 8.939742555825710297e+05
1.347326120553268325e+01 3.060493701357028251e-01 7.490648815283218864e+05
1.332410079056037766e+01 3.177137223281822909e-01 6.273942847302654991e+05
1.319959690116995610e+01 3.297574116963563617e-01 5.266290390673049260e+05
1.307131536826698337e+01 3.422526434256407679e-01 4.421814537575456779e+05
1.295636895645463760e+01 3.552039174153217571e-01 3.712333691520525608e+05
1.285192988619333754e+01 3.686110413274951703e-01 3.115185771432989277e+05
1.275228544399991115e+01 3.824410836196476815e-01 2.591442473398415314e+05
1.266738224698248416e+01 3.967296812266571937e-01 2.205302602918664052e+05
1.257401865911304917e+01 4.114795680484221174e-01 1.853101229110269633e+05
1.250664557479133165e+01 4.267066342425427372e-01 1.560990635652697820e+05
1.243580219453324354e+01 4.423855106789889025e-01 1.313045074165373517e+05
1.237337829158500035e+01 4.585726005778837933e-01 1.106261644944637810e+05
1.230981849205729262e+01 4.751850457945782646e-01 9.346646158913070394e+04
1.225774652311722690e+01 4.922719406682903309e-01 7.871453547296156466e+04
1.220668666625002530e+01 5.098207574482026549e-01 6.651585356869462703e+04
1.215811959842664258e+01 5.278433980896169997e-01 5.610088541357364738e+04
1.211448946013140038e+01 5.463304430462586625e-01 4.746562158552261099e+04
1.207270977226417941e+01 5.652818420273930666e-01 4.020783638309371599e+04
1.203041612320011744e+01 5.846689724199429783e-01 3.410268643255058851e+04
1.200031492209358852e+01 6.045192249968749376e-01 2.883984488319629963e+04
1.196838092640385298e+01 6.249438714817192597e-01 2.438588235974540657e+04
1.193830197369716117e+01 6.461168350540305028e-01 2.067192190936155748e+04
1.190966192775714205e+01 6.680163646666318344e-01 1.734906941953958449e+04
1.188466303184676498e+01 6.907775439213127422e-01 1.475182718716822455e+04
1.186012162741010556e+01 7.144282655390045145e-01 1.244384569716457554e+04
1.183844926485810767e+01 7.389783398174487594e-01 1.050160171361074754e+04
1.182003606234643911e+01 7.644926617501088817e-01 8.834321773239265895e+03
1.180303682598539794e+01 7.909739507039675876e-01 7.427759657325043918e+03
1.178888389358468558e+01 8.184311724688324574e-01 6.230159721764277492e+03
1.177477245254613258e+01 8.468750908901359065e-01 5.233091900359112515e+03
1.176796856105084288e+01 8.762817463614152036e-01 4.389450896029083196e+03
1.175959076144892990e+01 9.066561309943026448e-01 3.682813309980512258e+03
1.175518707485382919e+01 9.379863070316123430e-01 3.085165724789986143e+03
1.174930858464445294e+01 9.702474399284848339e-01 2.586622066980713043e+03
1.175481250156893687e+01 1.003393059621959571e+00 2.170108893537928907e+03
1.174941004854538562e+01 1.037413489836296554e+00 1.821848898578507033e+03
1.175204809076996249e+01 1.072260511515230164e+00 1.528671180533888901e+03
1.175359589451598730e+01 1.107897729159959876e+00 1.284690184658314593e+03
1.176109510191079899e+01 1.144266116933241761e+00 1.079483747268114030e+03
1.176129906870930775e+01 1.181318305755665765e+00 9.086238483520386353e+02
1.176745230637923534e+01 1.218982285983900571e+00 7.653827249385916502e+02
1.177451269717194293e+01 1.257203884405664773e+00 6.456995430712398729e+02
1.177990633471630488e+01 1.295931699466550846e+00 5.456067032945070423e+02
1.178911480175731796e+01 1.335074453225168822e+00 4.611467249279896805e+02
1.179078565973259352e+01 1.374571637647851396e+00 3.884117048983150084e+02
1.179822343565454013e+01 1.414344499991501580e+00 3.292516090275540250e+02
1.180673007639397021e+01 1.454301763714967999e+00 2.799192747129179679e+02
1.181002963019439278e+01 1.494379798992613084e+00 2.396908667774361561e+02
1.181425011410949111e+01 1.534507343021105363e+00 2.044599090744743819e+02
1.181804968006075107e+01 1.574586865051738727e+00 1.747533879515499962e+02
1.182190858430040237e+01 1.614537862495882381e+00 1.494406994175084549e+02
1.182254604000923415e+01 1.654253015482944011e+00 1.282398837115714230e+02
1.182454724310526828e+01 1.693600542286735289e+00 1.101660744931481730e+02
1.182443947875219870e+01 1.732391705721495256e+00 9.492984203435591439e+01
1.182151385255438925e+01 1.770487121287154464e+00 8.205166050985710058e+01
1.181725756789502668e+01 1.807733306553765962e+00 7.117276349416187031e+01
1.181177419020776753e+01 1.843989625456984305e+00 6.187834929856990840e+01
1.180345665706628466e+01 1.879115708554259134e+00 5.396249614785622839e+01
1.179370232518798289e+01 1.912994590874518952e+00 4.702109214460137565e+01
1.178072133328949711e+01 1.945500734381242269e+00 4.148763733320063807e+01
1.176627249531399855e+01 1.976515904044771510e+00 3.658835447634976390e+01
1.174821651683650536e+01 2.005924417349776334e+00 3.239044407014886673e+01
1.172862688212688020e+01 2.033672057401338495e+00 2.876862370746953701e+01
1.170532180795268040e+01 2.059667528096510658e+00 2.566802851239753380e+01
1.167951577744163316e+01 2.083831788316521827e+00 2.298901790537680867e+01
1.165127410603842506e+01 2.106092306297594696e+00 2.059769525505717525e+01
1.162067920337906912e+01 2.126422077355556439e+00 1.866860778340740623e+01
1.158666267756486867e+01 2.144758467021083970e+00 1.687634705133761415e+01
1.154982972827969512e+01 2.161078161091881888e+00 1.542353701645694919e+01
1.151029562432402997e+01 2.175364837209891711e+00 1.407521265836648716e+01
1.146877506294470273e+01 2.187601727595709367e+00 1.292901672568252280e+01
1.142456135771504755e+01 2.197775383336110000e+00 1.197241800608500384e+01
1.137856120754002021e+01 2.205877088444745393e+00 1.111355273234839558e+01
1.133012341732514727e+01 2.211904866051712659e+00 1.035941974125573317e+01
1.127951829014789276e+01 2.215888231876195213e+00 9.709200110868742684e+00
1.122729890145316567e+01 2.217831655675747804e+00 9.146168665303367362e+00
1.117356060163285747e+01 2.217741036881707650e+00 8.668429512947200877e+00
1.111913193084052409e+01 2.215659042206945095e+00 8.235907021497187230e+00
1.106392524290638057e+01 2.211622450852625654e+00 7.901738561861202825e+00
1.100970089247556238e+01 2.205657185084073379e+00 7.638660264013277690e+00
1.095762546283638983e+01 2.197936601710113180e+00 7.470421756409704628e+00
1.090937788141798670e+01 2.188462868555853369e+00 7.337335012693245062e+00
1.085971856907310773e+01 2.177285772229098804e+00 7.290051108388224677e+00
1.080955669498217908e+01 2.164630461981232656e+00 7.245491044458802321e+00
1.075548124361300495e+01 2.150785523350339901e+00 7.197851007109821175e+00
1.070080107408856485e+01 2.135907201655407928e+00 7.205673650695433530e+00
1.064283300314607317e+01 2.120169637060462797e+00 7.199859795873318369e+00
1.058343138838342057e+01 2.103691264664070637e+00 7.183104875567631886e+00
1.052134564435063702e+01 2.086579922154680578e+00 7.205767229841642418e+00
1.045811175501766321e+01 2.068949435012194193e+00 7.213878374192485232e+00
1.039325125271306582e+01 2.050859011789153197e+00 7.200064035467726775e+00
