1.510646317623783297e+01 2.383731302914612049e-01 2.423116349867075216e+06
1.469770860441376570e+01 2.522139162680080982e-01 1.847353416492372518e+06
1.434512153327103867e+01 2.666475174065187637e-01 1.415923007009884110e+06
1.403943650886042072e+01 2.816765662881323129e-01 1.090771266781920567e+06
1.377320677976793739e+01 2.973035616317528662e-01 8.442562567134945421e+05
1.354044281636902625e+01 3.135302323170711669e-01 6.564189641405032016e+05
1.333622102550484279e+01 3.303583685158129057e-01 5.125315691519370885e+05
1.315647968208872065e+01 3.477890799133585009e-01 4.018317414010056527e+05
1.299783529523197600e+01 3.658220096363219431e-01 3.162606993048381410e+05
1.285744195430040016e+01 3.844572373030394341e-01 2.498295188421376515e+05
1.273289656476687526e+01 4.036927339483021293e-01 1.980568376856402028e+05
1.262216024578760099e+01 4.235259592479175828e-01 1.575481442363557580e+05
1.252347712608789720e+01 4.439531038454353484e-01 1.257330028259979299e+05
1.243532497076754595e+01 4.649691639231560147e-01 1.006581345874411345e+05
1.235639780812761224e+01 4.865680031098345570e-01 8.082662896224430006e+04
1.228554621911649036e+01 5.087406573991226644e-01 6.509310272797906509e+04
1.222175650562264337e+01 5.314776769296478687e-01 5.257042619675897731e+04
1.216414239027426625e+01 5.547670879385562248e-01 4.257307872703386238e+04
1.211192474411468289e+01 5.785972488112613998e-01 3.456856436306134856e+04
1.206434627707499097e+01 6.030185691326275244e-01 2.812745589203944473e+04
1.202102448716076211e+01 6.283770668242324442e-01 2.287915546089064082e+04
1.198224614667380727e+01 6.548536589134762442e-01 1.859272615932900953e+04
1.194820612633732182e+01 6.824412030661216599e-01 1.510413765093123402e+04
1.191887262184989460e+01 7.111161919312147806e-01 1.227276730796337324e+04
1.189407584631219805e+01 7.408458666579470497e-01 9.978619744440067734e+03
1.187355439130881152e+01 7.715956937969181695e-01 8.121384357271456793e+03
1.185701132571679395e+01 8.033291186469637690e-01 6.618248364873448736e+03
1.184412097538552544e+01 8.360059909938066802e-01 5.401654105538620570e+03
1.183453421974318509e+01 8.695843793909791009e-01 4.416127336652699341e+03
1.182789881962813361e+01 9.040180569564915114e-01 3.616908950950584767e+03
1.182386783057185475e+01 9.392613506754330377e-01 2.968119021212326516e+03
1.182209876374994728e+01 9.752638976425140882e-01 2.440668946161697022e+03
1.182225585213054764e+01 1.011973578957923392e+00 2.011158556374412910e+03
1.182402720210728830e+01 1.049337897376789508e+00 1.660776203558118596e+03
1.182710702394452085e+01 1.087300530974484314e+00 1.374416379282977459e+03
1.183120319717721891e+01 1.125804189351581330e+00 1.139912426349254702e+03
1.183604231044381194e+01 1.164788917956807834e+00 9.475156912751812115e+02
1.184136475200340399e+01 1.204194011763419558e+00 7.893374259585913251e+02
1.184692565983858970e+01 1.243955441661393602e+00 6.590180024003790322e+02
1.185249225915370985e+01 1.284008737406530098e+00 5.514192909768474919e+02
1.185785187108508154e+01 1.324288450286740026e+00 4.624189858318812298e+02
1.186279871995020940e+01 1.364726938151275659e+00 3.886211758860666237e+02
1.186715026564328035e+01 1.405255903382487404e+00 3.273153787533840386e+02
1.187071972802765352e+01 1.445805936713499662e+00 2.762797465576007880e+02
1.187334370095159031e+01 1.486306378485984236e+00 2.336985614911627636e+02
1.187487445075257320e+01 1.526687162052742242e+00 1.980996212137073371e+02
1.187516296303799734e+01 1.566876664403443753e+00 1.682853815330337852e+02
1.187407931488396073e+01 1.606804140952700077e+00 1.432565608787330689e+02
1.187150079469653896e+01 1.646397743467278518e+00 1.222060642342048027e+02
1.186731419701214030e+01 1.685587144647866964e+00 1.044656766868967566e+02
1.186141736009065006e+01 1.724302215505474578e+00 8.948474576515224044e+01
1.185371374683943202e+01 1.762472488551755534e+00 7.681028413863943172e+01
1.184411928461926422e+01 1.800030535543299059e+00 6.606501033527635514e+01
1.183255638674732779e+01 1.836908630657849484e+00 5.693966015275670856e+01
1.181895543223131462e+01 1.873041300086274452e+00 4.917327578319965653e+01
1.180325489159315211e+01 1.908364237719772039e+00 4.255325476339586999e+01
1.178540072957453866e+01 1.942815443953059829e+00 3.689809074306188563e+01
1.176534603489368358e+01 1.976334038413048555e+00 3.205907901395638504e+01
1.174303862996398351e+01 2.008836642120820581e+00 2.791290985601061791e+01
1.171838958637102834e+01 2.040212375041686510e+00 2.435744368135551952e+01
1.169128825725375798e+01 2.070345388047459156e+00 2.130559675287484112e+01
1.166161589857607517e+01 2.099124220819951869e+00 1.868251701415622534e+01
1.162924779426949407e+01 2.126439648195774801e+00 1.642553727261107710e+01
1.159406041242293206e+01 2.152187401287129376e+00 1.448053602499137860e+01
1.155593517078809462e+01 2.176266116959696184e+00 1.280190935134206853e+01
1.151475415139215386e+01 2.198579131162225142e+00 1.135107584931899360e+01
1.147040974208666420e+01 2.219036151368753984e+00 1.009494119740043772e+01
1.142279462074792562e+01 2.237547677067478258e+00 9.006113950239621246e+00
1.137182478651539697e+01 2.254037258910023489e+00 8.060501650467410073e+00
1.131741100648052090e+01 2.268426257397694989e+00 7.238110685474008932e+00
1.125948117900330026e+01 2.280642211762319072e+00 6.522310949340170971e+00
1.119798009225936042e+01 2.290621478357599994e+00 5.898244346134915439e+00
1.113286315235911417e+01 2.298303573155870971e+00 5.353847886433777958e+00
1.106410413678043625e+01 2.303634751945628611e+00 4.878504979260756436e+00
1.099169611675539393e+01 2.306566889009505239e+00 4.463340670652391928e+00
1.091565550043865684e+01 2.307059071226748248e+00 4.100926607373995836e+00
