1.510646317623783297e+01 2.383731302914612049e-01 2.423116349867075216e+06
1.469770860441376570e+01 2.522139162680080982e-01 1.847353416492372518e+06
1.434512153327103867e+01 2.666475174065187637e-01 1.415923007009884110e+06
1.403943650886042072e+01 2.816765662881323129e-01 1.090771266781920567e+06
1.377320677976793739e+01 2.973035616317528662e-01 8.442562567134945421e+05
1.354044281636902625e+01 3.135302323170711669e-01 6.564189641405032016e+05
1.333622102550484279e+01 3.303583685158129057e-01 5.125315691519370885e+05
1.315647968208872065e+01 3.477890799133585009e-01 4.018317414010056527e+05
1.299783529523197600e+01 3.658220096363219431e-01 3.162606993048381410e+05
1.285744195430040016e+01 3.844572373030394341e-01 2.498295188421376515e+05
1.273289656476687526e+01 4.036927339483021293e-01 1.980568376856402028e+05
1.262216024578760099e+01 4.235259592479175828e-01 1.575481442363557580e+05
1.252347712608789720e+01 4.439531038454353484e-01 1.257330028259979299e+05
1.243532497076754595e+01 4.649691639231560147e-01 1.006581345874411345e+05
1.235639780812761224e+01 4.865680031098345570e-01 8.082662896224430006e+04
1.228554621911649036e+01 5.087406573991226644e-01 6.509310272797906509e+04
1.222175650562264337e+01 5.314776769296478687e-01 5.257042619675897731e+04
1.216414239027426625e+01 5.547670879385562248e-01 4.257307872703386238e+04
1.211192345991186947e+01 5.785972011797434478e-01 3.456844746877616126e+04
1.206436704530522164e+01 6.029811221013503530e-01 2.813497141273918896e+04
1.202094963226132585e+01 6.280928520735037379e-01 2.292300382207571965e+04
1.198156040613377726e+01 6.540880765074846837e-01 1.868046749998216910e+04
1.194623706575239375e+01 6.810608492386026613e-01 1.522215866820168958e+04
1.191501549687576755e+01 7.090670042843543186e-01 1.240360964649659763e+04
1.188789147983978189e+01 7.381373204869530191e-01 1.010794604717125367e+04
1.186479704263755153e+01 7.682842978141843915e-01 8.239489117881534185e+03
1.184562808318245075e+01 7.995084501737070859e-01 6.719901181053776781e+03
1.183022710823700585e+01 8.317981561550845671e-01 5.484786255920551412e+03
1.181839716535264806e+01 8.651344888122040055e-01 4.480834937722018367e+03
1.180991399726559798e+01 8.994904234844509627e-01 3.665005096515280002e+03
1.180452727389129741e+01 9.348328123641025389e-01 3.001701566728704165e+03
1.180198084577258477e+01 9.711243665425546290e-01 2.462085143838607110e+03
1.180199664958401051e+01 1.008321086418712653e+00 2.022748812363460502e+03
1.180431034526020895e+01 1.046377053581714511e+00 1.664702667455331948e+03
1.180864072060062497e+01 1.085240042522567894e+00 1.372554055328956792e+03
1.181471886919820236e+01 1.124857074831159265e+00 1.133815517422171979e+03
1.182228052058916212e+01 1.165169895207914808e+00 9.384794311970468925e+02
1.183106419099551765e+01 1.206118659448256691e+00 7.783490998651725477e+02
1.184082162244524206e+01 1.247639335802529947e+00 6.468892186739891486e+02
1.185131301697192541e+01 1.289666450979823020e+00 5.387528659163164093e+02
1.186230721061732218e+01 1.332133078247374369e+00 4.496466270149957722e+02
1.187358512616085982e+01 1.374968083940780517e+00 3.760846980097796859e+02
1.188494010304332882e+01 1.418102092324765140e+00 3.152326463087158572e+02
1.189617242850936307e+01 1.461460702599856276e+00 2.647975675338352630e+02
1.190708364189205781e+01 1.504957170841302538e+00 2.229198357244059991e+02
1.191743082650485164e+01 1.548460377865571669e+00 1.881130989986933173e+02
1.192694001512979085e+01 1.591827433550862425e+00 1.591444275205119254e+02
1.193532502620595892e+01 1.634914007077911346e+00 1.349936692682630905e+02
1.194230073575003459e+01 1.677574161508711192e+00 1.148279074885876696e+02
1.194758208997187232e+01 1.719660100227085264e+00 9.795556198223789579e+01
1.195087873732614625e+01 1.761021425219344572e+00 8.381088747692260199e+01
1.195191429041200593e+01 1.801509375806362057e+00 7.192866475944757099e+01
1.195040702555222722e+01 1.840970163353894629e+00 6.192371115976197871e+01
1.194607728014338655e+01 1.879247511603352905e+00 5.348275878594351695e+01
1.193866257162662059e+01 1.916188091275792926e+00 4.634577604122515737e+01
1.192787052614372278e+01 1.951624616739047413e+00 4.029830601720703243e+01
1.191344078508584658e+01 1.985395128981469748e+00 3.516425990710663996e+01
1.189508656918691365e+01 2.017324292828989840e+00 3.079691346805995877e+01
1.187252626406819900e+01 2.047231673703542310e+00 2.707566357059045359e+01
1.184547578933959144e+01 2.074925595480956897e+00 2.390047711164014288e+01
1.181362980835401011e+01 2.100196402525762007e+00 2.118893590165110297e+01
1.177667545993324438e+01 2.122813598675278968e+00 1.887245155994774493e+01
1.173428369863399645e+01 2.142514167916458323e+00 1.689504771688635998e+01
1.168610843558393064e+01 2.158986934363940069e+00 1.521155407213201372e+01
1.163177426613491861e+01 2.171837740783111315e+00 1.378722815509651234e+01
1.157092857928723184e+01 2.180531872041602259e+00 1.259795051376255870e+01
1.150337060459803418e+01 2.184221510405337519e+00 1.163765017562095672e+01
