1.550982551689759603e+01 2.191799393479931801e-01 3.683552447462830693e+06
1.519627350380704023e+01 2.278067213276197545e-01 3.049025463539833203e+06
1.489586426339555203e+01 2.368407745277804899e-01 2.540508692117529921e+06
1.460826090571890568e+01 2.462493758747408001e-01 2.099523564945240505e+06
1.436729760299390612e+01 2.560796160482046724e-01 1.741791877687150380e+06
1.413794641940823382e+01 2.663350099514119051e-01 1.445621728822463891e+06
1.392961606495653548e+01 2.770259484205027656e-01 1.198399420151299564e+06
1.373995568575014481e+01 2.881622442241755233e-01 9.956125396174042253e+05
1.356278855880891321e+01 2.997481048346846144e-01 8.274960500724568265e+05
1.339988622605472557e+01 3.117927434354649807e-01 6.869633033339710673e+05
1.325941613801467156e+01 3.243118339367871417e-01 5.702811053308732808e+05
1.311657169516437627e+01 3.373077538401101916e-01 4.737054936918992898e+05
1.299275350104972659e+01 3.507945283942829895e-01 3.940030758771266555e+05
1.288056275124847261e+01 3.647881234850949839e-01 3.273875011649047374e+05
1.277434611293275069e+01 3.792683022006128057e-01 2.725300827204487287e+05
1.268201727553050517e+01 3.942555869395769630e-01 2.268339325504548615e+05
1.259093828146436422e+01 4.097688139816340613e-01 1.891865234039501520e+05
1.251138008665609291e+01 4.257922179666427387e-01 1.575909399414007203e+05
1.243499890605974301e+01 4.423164720405198258e-01 1.314300196350633050e+05
1.236916140312074575e+01 4.594088199480539925e-01 1.096790694027642312e+05
1.230433480924638978e+01 4.769818590252647983e-01 9.188923098744268646e+04
1.224774558991367179e+01 4.950757473721866808e-01 7.663883710478442663e+04
1.219493741903387196e+01 5.136931490121308119e-01 6.355848312181876099e+04
1.214566625764561714e+01 5.328321595232462515e-01 5.364089004292115715e+04
1.210051262139542771e+01 5.524890253203748047e-01 4.496847843404999730e+04
1.206016964327962171e+01 5.726307787324798060e-01 3.772396698262079008e+04
1.202045935858206605e+01 5.932806523708712421e-01 3.165807429992363177e+04
1.198467260554314429e+01 6.145321421727342193e-01 2.657469375325676083e+04
1.195148954306759848e+01 6.365600779285491839e-01 2.228747916286236432e+04
1.192026980686009807e+01 6.594688744670498259e-01 1.865835446216691344e+04
1.189279334643952168e+01 6.833560036058875520e-01 1.561088502823630006e+04
1.186550459781952860e+01 7.083132343326782321e-01 1.302742477277987564e+04
1.184436979375895937e+01 7.343436451541196508e-01 1.085604611362579999e+04
1.182347659592314137e+01 7.615226229314404627e-01 9.031836332443963329e+03
1.180826026472899137e+01 7.898735063724825478e-01 7.500722661614830031e+03
1.179386991760219416e+01 8.194011080518375234e-01 6.214840679996977997e+03
1.178377070694737760e+01 8.500997784032630067e-01 5.157967009680197407e+03
1.177330462287224044e+01 8.819979933126611549e-01 4.237751213827810716e+03
1.177121006815379189e+01 9.150522836940502280e-01 3.536833666784027628e+03
1.176839696945969216e+01 9.492636308684345714e-01 2.928144548027915789e+03
1.176695197957725725e+01 9.846159020816283025e-01 2.424302256062712331e+03
1.176811923532572202e+01 1.021030831792378857e+00 2.006853595800097992e+03
1.177143444665790817e+01 1.058513229332250782e+00 1.663163420166614060e+03
1.177764420841929116e+01 1.096972944148670193e+00 1.368145051294336781e+03
1.178354215999999255e+01 1.136387631324785152e+00 1.143664817759631205e+03
1.179223462443511394e+01 1.176665639645398720e+00 9.501584591978225944e+02
1.180323880842389528e+01 1.217755189945422201e+00 7.886144051511151929e+02
1.181322104448718235e+01 1.259579929720524794e+00 6.572094246479578032e+02
1.182324005886034968e+01 1.302055858572203961e+00 5.477781936096554318e+02
1.183360080667305247e+01 1.345084109479339762e+00 4.573508041829452395e+02
1.184891758070383894e+01 1.388593363317487395e+00 3.829246451860315688e+02
1.185725945641452661e+01 1.432472541684550293e+00 3.205804452084759077e+02
1.187026650982073050e+01 1.476640533263679833e+00 2.690238906521202011e+02
1.187900726379138661e+01 1.520979074332109660e+00 2.252769124179351934e+02
1.189080762381363066e+01 1.565403870431218536e+00 1.896936451210175676e+02
1.189648493187758405e+01 1.609803871487201388e+00 1.611250205651974454e+02
1.190449667986193383e+01 1.654081723568213480e+00 1.363255756769437141e+02
1.191337587900125783e+01 1.698121062147840199e+00 1.156902826792348833e+02
1.191730247807055854e+01 1.741833478708706417e+00 9.841975668272483802e+01
1.192219830133782210e+01 1.785113826700158501e+00 8.384529189184668496e+01
1.192564585784121078e+01 1.827795967414103329e+00 7.164249228626971444e+01
1.192504354947591416e+01 1.869715364267292568e+00 6.144327212175385711e+01
1.192443105683950755e+01 1.910707274858778115e+00 5.280565558833446005e+01
1.192063742978266205e+01 1.950600865280097018e+00 4.555570881117516535e+01
1.191539864768039614e+01 1.989274969413844074e+00 3.939328416424219625e+01
1.190690520349418691e+01 2.026563265733373864e+00 3.423764586310770142e+01
1.189673967817117806e+01 2.062368488882576401e+00 2.984889270128723382e+01
1.188394582775537422e+01 2.096557738451845232e+00 2.611957612882526902e+01
1.186801797884587906e+01 2.129036806545635763e+00 2.292905666433596323e+01
1.184962871140158569e+01 2.159707323796795642e+00 2.022121387796165237e+01
1.182799559728224992e+01 2.188505132667728947e+00 1.790212124963896301e+01
1.180387535201517579e+01 2.215387806720987562e+00 1.591544036293282183e+01
1.177645722803216621e+01 2.240286943859429503e+00 1.420344326445106553e+01
1.174632743847557492e+01 2.263158172757683939e+00 1.272476264376199140e+01
1.171396169300180823e+01 2.284004269000293519e+00 1.141145014651990941e+01
1.167876058877230960e+01 2.302787738700289299e+00 1.031207362506875036e+01
1.164035520934796253e+01 2.319532558028944980e+00 9.384012707497911165e+00
1.159945922470081925e+01 2.334219733792298079e+00 8.552516455654295413e+00
1.155590328162035085e+01 2.346884585704268833e+00 7.797526816500233160e+00
1.150989493165442568e+01 2.357557240583151970e+00 7.181887208332998540e+00
1.146201918049642998e+01 2.366255083490363287e+00 6.625427363454341467e+00
1.141200909147282516e+01 2.373031818316048813e+00 6.135790164450988904e+00
1.135914642266485863e+01 2.377921852726233354e+00 5.707628794788921489e+00
1.130483800306810060e+01 2.380999626461337559e+00 5.329821779586519703e+00
1.124879444599903344e+01 2.382292775613381597e+00 4.985439264038251217e+00
1.119122025816275645e+01 2.381905307290757889e+00 4.706026170709010970e+00
1.113204061413418344e+01 2.379874128829412072e+00 4.448977708755489147e+00
1.107221188687600311e+01 2.376268686476208813e+00 4.227280896953010902e+00
1.101192864103957447e+01 2.371186454461290616e+00 4.027571039359181704e+00
1.094901789294711136e+01 2.364683965309503755e+00 3.857280851188646942e+00
1.088701695452310680e+01 2.356853206355493224e+00 3.710912825612162624e+00
1.082466541648085112e+01 2.347794280044346760e+00 3.570673949064859798e+00
1.076202745148346196e+01 2.337574075584245570e+00 3.462284421041254667e+00
1.069986324435390301e+01 2.326299727268035689e+00 3.370971290445525348e+00
1.063842686289855344e+01 2.314083892490834682e+00 3.296367548702612726e+00
1.057787045247690649e+01 2.301030561565926558e+00 3.240460240107327028e+00
1.051937235697075934e+01 2.287298032009154269e+00 3.196985594612868464e+00
1.046266775524931347e+01 2.273036982669751183e+00 3.168844649809917424e+00
1.040940597626043562e+01 2.258484172187463557e+00 3.157790946760408612e+00
1.036088520437524529e+01 2.244081784955199055e+00 3.160916546005105854e+00
