1.550982551689759603e+01 2.191799393479931801e-01 3.683552447462830693e+06
1.518051936220760112e+01 2.277135257206157337e-01 3.059911965324878227e+06
1.488581326604070654e+01 2.366359997291957729e-01 2.539945622482887469e+06
1.462115777109941384e+01 2.459476297544528900e-01 2.109728273365081288e+06
1.437203389810056109e+01 2.556598898770512940e-01 1.756886248744879384e+06
1.414811283767740768e+01 2.657877186934107794e-01 1.457847471911112778e+06
1.394595436788677745e+01 2.763414683259113880e-01 1.212192507278218400e+06
1.375469889010961033e+01 2.873318947767247722e-01 1.010617530604830012e+06
1.357427740703602836e+01 2.987742328431984840e-01 8.401490307209617458e+05
1.341454816852550458e+01 3.106576076533225650e-01 6.981031158294813940e+05
1.327301322956560803e+01 3.229750515464199223e-01 5.814546357562777121e+05
1.313197499517372435e+01 3.357933640318098711e-01 4.785021843689342495e+05
1.300846258428620317e+01 3.490733049666899790e-01 4.031681101685345056e+05
1.289864205761938898e+01 3.628553045159975676e-01 3.361347797319999081e+05
1.278880917030848252e+01 3.771081054559424217e-01 2.799302355903926073e+05
1.269149356549775831e+01 3.918675771926547480e-01 2.321539465852165595e+05
1.260795550051573599e+01 4.071286899320585850e-01 1.948515243871039711e+05
1.252500179626863996e+01 4.228882948874204684e-01 1.632999494549738592e+05
1.245085192787643535e+01 4.391602769096271119e-01 1.357857291329364525e+05
1.238195973081031198e+01 4.559525745197311464e-01 1.138900108934619348e+05
1.231689045232434232e+01 4.732592065078368715e-01 9.512866774380757124e+04
1.225954036719186213e+01 4.910593750621475295e-01 7.978776119506878604e+04
1.220689299830912411e+01 5.093601324422746268e-01 6.676775137190509122e+04
1.215432507050930511e+01 5.281793705985268206e-01 5.601380727925984684e+04
1.211113097577640474e+01 5.475043543235617038e-01 4.699208850610006630e+04
1.207157136584497437e+01 5.673364102377557172e-01 3.947584073812472343e+04
1.203157562413630721e+01 5.876059338400084764e-01 3.321450791357847629e+04
1.199542408407826599e+01 6.084887107763127245e-01 2.789552556058028131e+04
1.196201135523630477e+01 6.301199606407285048e-01 2.322514311340427230e+04
1.192942218955762357e+01 6.526707207462087990e-01 1.964890302321791751e+04
1.190066713550942090e+01 6.762486870792226989e-01 1.645598637029538804e+04
1.187547733278298701e+01 7.009352327735296484e-01 1.375037949387278604e+04
1.185319008460913537e+01 7.267842649786960818e-01 1.134600890438927672e+04
1.183367087992290934e+01 7.538470354819805097e-01 9.520686917931547214e+03
1.181542571109098816e+01 7.821545286627994420e-01 7.913907394412821304e+03
1.180538800000995181e+01 8.117305784487279796e-01 6.555700402643540656e+03
1.179515024788886457e+01 8.425758910414821168e-01 5.432418076048766125e+03
1.178848273109571920e+01 8.746976104313921585e-01 4.489744959727096102e+03
1.178384559245048280e+01 9.080834876519007226e-01 3.711779252748533054e+03
1.178341478722511582e+01 9.427272040769425487e-01 3.067163877495378529e+03
1.178328235170580385e+01 9.786043296208176701e-01 2.525323503490120856e+03
1.179613178288640363e+01 1.015664334732569563e+00 2.096888637188507801e+03
1.179676271730370551e+01 1.053887679295103963e+00 1.733423767555913628e+03
1.180561986851019185e+01 1.093219460482494299e+00 1.433109732945174528e+03
1.181584881283909638e+01 1.133599838547243221e+00 1.186212317760751603e+03
1.182899536515356864e+01 1.174980032026950783e+00 9.820965908088056722e+02
1.184277486735972928e+01 1.217266285892200539e+00 8.149620609274959406e+02
1.185790449007773439e+01 1.260399540200302981e+00 6.764319444561112959e+02
1.187387682735220906e+01 1.304297995292726275e+00 5.629384021206634543e+02
1.189319631014904033e+01 1.348852290732236670e+00 4.653036171312204488e+02
1.191032725257336367e+01 1.393964288955763520e+00 3.885199055435187461e+02
1.192333363640630850e+01 1.439507596869807671e+00 3.270006193086123290e+02
1.194358683234706042e+01 1.485384341646670325e+00 2.736390476275229275e+02
1.195645742206801820e+01 1.531439588718938039e+00 2.298062886717783897e+02
1.197525608916897433e+01 1.577597061095459496e+00 1.933819008469921528e+02
1.198701402955277651e+01 1.623730838573706148e+00 1.629571178161605474e+02
1.200117730797127180e+01 1.669702225445067745e+00 1.370665356160259023e+02
1.201309751306662577e+01 1.715425383145220417e+00 1.168364955222263148e+02
1.202407285430858686e+01 1.760755804503125965e+00 9.928564006416947052e+01
1.203550389226179718e+01 1.805608007121621394e+00 8.410683101100536874e+01
1.204152595658879576e+01 1.849889419364060705e+00 7.218804477447115175e+01
1.204785752364227314e+01 1.893455017483479441e+00 6.189841511113348815e+01
1.205200542617768988e+01 1.936242011556440268e+00 5.311094336908691105e+01
1.205420924963342166e+01 1.978153212341934530e+00 4.573358599212752296e+01
1.205388486126180680e+01 2.019087128636807726e+00 3.949696515050968770e+01
1.205179659683636473e+01 2.058942473144512508e+00 3.418642231323417491e+01
1.204747631734617030e+01 2.097505507115444257e+00 2.960518110654620116e+01
1.204071424372206245e+01 2.134583046959668717e+00 2.588947377584274534e+01
1.203102229073515339e+01 2.169940249774223062e+00 2.267397787320694391e+01
1.201835273593462716e+01 2.203371252954429593e+00 1.984015150703924135e+01
1.200279175704880252e+01 2.234665716521755385e+00 1.759974936132732992e+01
1.198409097886025876e+01 2.263582996547002679e+00 1.562887843130447152e+01
1.196226913549895343e+01 2.289828815169065113e+00 1.395809891288103977e+01
1.193591559853794593e+01 2.313162952866225641e+00 1.254898748696881583e+01
1.190721751849738475e+01 2.333115233337950123e+00 1.136930893064534409e+01
1.187352756386951036e+01 2.348917387661723755e+00 1.037404632163522855e+01
1.183846844761444750e+01 2.357294302795730712e+00 9.729958456010752599e+00
1.179882868938589269e+01 2.357615639726944767e+00 9.368014273890761245e+00
1.175176920619017018e+01 2.354072031358981132e+00 9.051505856168560626e+00
1.169885467312580296e+01 2.348027885651303048e+00 8.771408590992727738e+00
1.164115866291984425e+01 2.340119782955510264e+00 8.509958762346434114e+00
1.157921514361729720e+01 2.330772434367339940e+00 8.262076179381452334e+00
1.151319321435661003e+01 2.320328913906410939e+00 8.001234594480466811e+00
1.144408001678405995e+01 2.308989723396370319e+00 7.793901660109516349e+00
1.137195069549721893e+01 2.296982404798177946e+00 7.561381190855705370e+00
1.129710485907647666e+01 2.284406836392429696e+00 7.334594220733060332e+00
1.122057742537788627e+01 2.271429394720557937e+00 7.111560219696605678e+00
1.114295930035279092e+01 2.258080289414691855e+00 6.897228393029640969e+00
1.106463552382488835e+01 2.244432168414739248e+00 6.688894622023532577e+00
1.098571509085096842e+01 2.230482038406252698e+00 6.470334743771637420e+00
1.090621564095861551e+01 2.216293074900165916e+00 6.284599241077446941e+00
1.082730300841165061e+01 2.201855708845202653e+00 6.124659220305241902e+00
1.074920350624812215e+01 2.187199444813261007e+00 5.961696883335602770e+00
1.067199200297304529e+01 2.172349904021867673e+00 5.814424703109850157e+00
1.059537883388927781e+01 2.157286464158440165e+00 5.664561931402561257e+00
1.052121260855068385e+01 2.142071161374949018e+00 5.560310926778781138e+00
1.044865811525512278e+01 2.126721415998137577e+00 5.458712672696953483e+00
1.037861636111713004e+01 2.111292638308086111e+00 5.363938278077377220e+00
1.031208493655691605e+01 2.095885568440662095e+00 5.300316401053526860e+00
1.024947076059715378e+01 2.080643934554403440e+00 5.270373974345665680e+00
