1.550982551689759603e+01 2.191799393479931801e-01 3.683552447462830693e+06
1.516163646412658039e+01 2.280814470015031237e-01 3.042048484284577426e+06
1.487027505355303347e+01 2.374015469586565619e-01 2.504063180323561653e+06
1.458255016502810442e+01 2.471428065210197755e-01 2.061019780058484524e+06
1.433559023043090441e+01 2.573248766560213285e-01 1.699527006909274263e+06
1.409864187626571663e+01 2.679588133661313654e-01 1.405728288846103009e+06
1.389110148549180934e+01 2.790578952736944562e-01 1.157604494063166901e+06
1.369902466544706066e+01 2.906333296928196308e-01 9.564698407431154046e+05
1.352151312414378204e+01 3.026812128934494028e-01 7.880126276788130635e+05
1.335881025738344796e+01 3.152242281303139215e-01 6.509072516417361330e+05
1.320776564582628865e+01 3.282835235066521307e-01 5.382002015734949382e+05
1.307402227289789209e+01 3.418403700843444248e-01 4.446230390379361343e+05
1.295045262110556017e+01 3.559485213077335231e-01 3.676689043927571620e+05
1.283916019661372765e+01 3.705355132167265086e-01 3.054062751862831647e+05
1.273169326529624534e+01 3.856907720451105415e-01 2.521218473540427804e+05
1.263824954165692382e+01 4.013938531523180142e-01 2.086422849334988277e+05
1.255345161123685926e+01 4.176199460566700217e-01 1.726842869776848238e+05
1.247107537457158344e+01 4.344149137010674955e-01 1.432785498237816500e+05
1.239670436708858503e+01 4.517569091994264596e-01 1.189337224197112373e+05
1.233094089412443140e+01 4.696641897355031126e-01 9.870673447963765648e+04
1.226794983700896680e+01 4.881195957250208384e-01 8.207878135146785644e+04
1.221701486337186005e+01 5.071015604942166188e-01 6.821053421369263378e+04
1.216093159996362161e+01 5.266545580036834373e-01 5.683166746644623345e+04
1.211121206485024082e+01 5.467567311353903614e-01 4.733069650787903083e+04
1.206917476976355630e+01 5.674120730288867431e-01 3.905709616848711448e+04
1.203013062565421976e+01 5.885482911176243004e-01 3.292132027849788574e+04
1.199202748713590516e+01 6.103372425053789074e-01 2.749032082687990624e+04
1.195682924639850420e+01 6.329741580237761012e-01 2.294041029739985970e+04
1.192309267111807003e+01 6.566165965412342764e-01 1.910002734977974251e+04
1.189491967808125672e+01 6.813960540434161883e-01 1.585457339276397761e+04
1.186928645425927442e+01 7.073832755078254264e-01 1.313331357957667205e+04
1.184562757680859413e+01 7.346608912150407455e-01 1.075220222495884991e+04
1.182605749552810259e+01 7.632560171403904858e-01 8.954073512830489562e+03
1.181279874781273342e+01 7.932115388932762245e-01 7.311120822404861428e+03
1.180138701680258961e+01 8.245398595175524870e-01 6.054987820914219810e+03
1.179117917669796434e+01 8.572476640971462558e-01 4.976480374320375631e+03
1.178631037542504600e+01 8.913387062593297605e-01 4.079702155411383501e+03
1.178438116639931366e+01 9.267938782650400054e-01 3.347536630519198297e+03
1.178424617696790300e+01 9.636084313946504665e-01 2.747183985569293327e+03
1.178966402253679391e+01 1.001716559802070527e+00 2.248343270268670949e+03
1.179546270293925758e+01 1.041105461366223395e+00 1.829799048113694653e+03
1.180304100655402166e+01 1.081705093724581568e+00 1.513372444449059913e+03
1.181423564306323826e+01 1.123474939988696741e+00 1.242915096504063740e+03
1.182547319134251040e+01 1.166334806245256317e+00 1.014169813705642468e+03
1.184367224013881881e+01 1.210191872391607193e+00 8.398868977459734424e+02
1.185578091541783330e+01 1.254981477518868349e+00 6.922790014607870717e+02
1.187220268722579775e+01 1.300605790914826532e+00 5.711414184153213682e+02
1.188794665816070761e+01 1.346887792344307666e+00 4.723757880064363803e+02
1.190639773196441809e+01 1.393650778091545694e+00 3.912927775298476831e+02
1.192278794337505410e+01 1.440683416323268684e+00 3.250117733087609508e+02
1.194228534137154618e+01 1.487778314411147385e+00 2.707599872147418978e+02
1.195433481112365470e+01 1.534752034923855257e+00 2.264366672916061987e+02
1.197165304003150688e+01 1.581407500140225020e+00 1.899243241183528994e+02
1.198092502469884835e+01 1.627544470283112776e+00 1.599186599435836911e+02
1.199123084097760206e+01 1.672957873016768460e+00 1.350871840050710944e+02
1.199932863423093288e+01 1.717500269236699850e+00 1.140103811065840631e+02
1.200588978657876638e+01 1.760921267732324047e+00 9.759186314183338595e+01
1.200879651885316868e+01 1.803177346471594777e+00 8.343025903331091797e+01
1.200715399478150225e+01 1.843965332636023913e+00 7.168482407683384849e+01
1.200400963411800426e+01 1.883264712734138424e+00 6.182586712177604937e+01
1.199664515934930797e+01 1.920848728505906378e+00 5.356134519585214804e+01
1.198675733624840056e+01 1.956670555515013232e+00 4.660815703615320160e+01
1.197247434372793506e+01 1.990607574544098757e+00 4.072535695806918454e+01
1.195519287849415946e+01 2.022567346269636968e+00 3.574101934280419357e+01
1.193380158128623414e+01 2.052474083080904510e+00 3.152013749375775831e+01
1.190903551310842268e+01 2.080282970036947177e+00 2.779071727087134391e+01
1.188088231536701933e+01 2.105946907365339626e+00 2.484370629444419976e+01
1.184943097230359754e+01 2.129409649687635575e+00 2.219868476931160473e+01
1.181423424994512672e+01 2.150680902292814611e+00 1.991353350552214252e+01
1.177551467546290453e+01 2.169747224648487460e+00 1.794600848272483162e+01
1.173351229253627004e+01 2.186610062850166347e+00 1.625262880985340175e+01
1.168864662451204239e+01 2.201290284979744882e+00 1.477892828701753203e+01
1.164089729424794406e+01 2.213806786880047284e+00 1.350630344267560545e+01
1.159015902898594064e+01 2.224205808499513104e+00 1.239229584754051672e+01
1.153634883061588745e+01 2.232531409523919042e+00 1.142170720173407972e+01
1.148003970154922904e+01 2.238822615511756542e+00 1.053488141007864165e+01
1.142244387784123028e+01 2.243158934956569706e+00 9.820257041630744865e+00
1.136171680880205592e+01 2.245588522826058142e+00 9.173064250863413704e+00
1.130013312380649459e+01 2.246189145590198333e+00 8.595510095865048328e+00
1.123577165813715872e+01 2.245035683751808175e+00 8.096184668637929960e+00
1.117058735251329260e+01 2.242208837227184226e+00 7.652910942415570794e+00
1.110418021733143412e+01 2.237790480360149381e+00 7.270314449399927881e+00
1.103661780471644249e+01 2.231872504769456089e+00 6.927142669360105920e+00
1.096853941039711522e+01 2.224541382583518967e+00 6.617807658715057606e+00
1.089994844132611007e+01 2.215888586584160436e+00 6.363118705594956737e+00
1.083229759988755880e+01 2.206021133407403578e+00 6.149065178611365035e+00
1.076233294923963157e+01 2.195012356102429951e+00 5.955532391427300176e+00
1.069282063122622617e+01 2.182966480108933460e+00 5.792247551669734484e+00
1.062206029214608449e+01 2.169992016822518188e+00 5.659694612473286313e+00
1.055074701238595480e+01 2.156238602889820388e+00 5.517513261321122187e+00
1.047832599571911238e+01 2.141788919422439097e+00 5.394451630560430644e+00
1.040546636438135053e+01 2.126759805224975430e+00 5.281614201287255561e+00
1.033091579668491633e+01 2.111211006419556391e+00 5.191214762541556560e+00
1.025689210201430512e+01 2.095248134464959833e+00 5.094683246310217406e+00
1.018125002033973381e+01 2.078915620566999856e+00 5.005087038325884308e+00
1.010570051529133018e+01 2.062291545091978318e+00 4.907796762106406696e+00
1.002933023203096141e+01 2.045430691317983829e+00 4.828510870507455977e+00
9.953545303216866813e+00 2.028403994093561202e+00 4.763086117791826446e+00
9.877374021845398033e+00 2.011227942590911422e+00 4.689826113869934865e+00
9.800505074339316280e+00 1.993958728429721328e+00 4.610551018111225474e+00
