1.550982551689759603e+01 2.191799393479931801e-01 3.683552447462830693e+06
1.518706720779219133e+01 2.277744902700158669e-01 3.058540784816556145e+06
1.488225074954766036e+01 2.367664463821999299e-01 2.531751750038538128e+06
1.462550296436568686e+01 2.461437780593743740e-01 2.106462971560649108e+06
1.436555677237211626e+01 2.559324593280371540e-01 1.746679428251858801e+06
1.414843490033063667e+01 2.661440491231029659e-01 1.447742313564959681e+06
1.393300582591214365e+01 2.767860321407065172e-01 1.202807224624890834e+06
1.374122315213051237e+01 2.878722797338092443e-01 9.981015257126166252e+05
1.356497444578134903e+01 2.994018765597319942e-01 8.302075796766355634e+05
1.340095327370923073e+01 3.114068173894233293e-01 6.894925539505251218e+05
1.326454246931575831e+01 3.238422908798715971e-01 5.730515808427634183e+05
1.312158384373271858e+01 3.367752010031366261e-01 4.771336046388762188e+05
1.299973901935288900e+01 3.501913323944823020e-01 3.968276027236019727e+05
1.288391876407229297e+01 3.641294883116178438e-01 3.271884956383177778e+05
1.278016421503489752e+01 3.785040228534575224e-01 2.754970746583199943e+05
1.268344852102151599e+01 3.934182754756914147e-01 2.294732263490326586e+05
1.259804540334101652e+01 4.088417663115087586e-01 1.911365637621849019e+05
1.251545104094167193e+01 4.247902421555483921e-01 1.593284608277571388e+05
1.244134074481322294e+01 4.412106090480610865e-01 1.330455372453531891e+05
1.237356013009088684e+01 4.581861310060927894e-01 1.111485546591918683e+05
1.231157912967891477e+01 4.756777267259674757e-01 9.282167456831790332e+04
1.225164652063951110e+01 4.936686023381801625e-01 7.769514917049749056e+04
1.220053929862453757e+01 5.121758048984472733e-01 6.452768042781200347e+04
1.215061145916835450e+01 5.312023197018909126e-01 5.446035839540085726e+04
1.210466013517691586e+01 5.507418138318054268e-01 4.567973942498325050e+04
1.206136953137614576e+01 5.707730785174175425e-01 3.828989027612867358e+04
1.202420001565445240e+01 5.912967102990348556e-01 3.218249117327684507e+04
1.198876813774981009e+01 6.124315595155956915e-01 2.702281601270863030e+04
1.195398865461369198e+01 6.343814639563311042e-01 2.266252961306727229e+04
1.192398362388837008e+01 6.572690466734008030e-01 1.898286906716404701e+04
1.189404992882730205e+01 6.812197470103151797e-01 1.585909089572328412e+04
1.187172080971188315e+01 7.063011430950845160e-01 1.321075604936298805e+04
1.184854862404492160e+01 7.325662238744463650e-01 1.099781779709389957e+04
1.182809917089090845e+01 7.600640465156914827e-01 9.139263551772552091e+03
1.182239392668071076e+01 7.888216767142082197e-01 7.574317046409973955e+03
1.180136085191903206e+01 8.188654771928852716e-01 6.268213409331963703e+03
1.179243360478755065e+01 8.501866751870511552e-01 5.186407036550976045e+03
1.178689400474391924e+01 8.827940190449603541e-01 4.284825335667969739e+03
1.178276359179329980e+01 9.166839553364553028e-01 3.540409791089127339e+03
1.178288741171533616e+01 9.518334693583276884e-01 2.920429946530123743e+03
1.178505414712786603e+01 9.882109768082089074e-01 2.391859137485478641e+03
1.178974620866278755e+01 1.025785216456872595e+00 1.991427646487663424e+03
1.179887355095124057e+01 1.064520546741611007e+00 1.642974711763502910e+03
1.180702616814844674e+01 1.104347833393224398e+00 1.358225492430985014e+03
1.182151597124575559e+01 1.145217626527595067e+00 1.122139692239520173e+03
1.183040331177264015e+01 1.187070122599439337e+00 9.300780910300715050e+02
1.184546837015548348e+01 1.229826037918222204e+00 7.703641385705510629e+02
1.186029402524820142e+01 1.273406308288099531e+00 6.394502923874156295e+02
1.187684761472995199e+01 1.317727565481683349e+00 5.314893923045764268e+02
1.189440132504765124e+01 1.362697955452030651e+00 4.420933051933083675e+02
1.191264592986695448e+01 1.408236756157038805e+00 3.686340056303419033e+02
1.192576365024895324e+01 1.454217147143767930e+00 3.082493767624131351e+02
1.194268588040969981e+01 1.500538128839359997e+00 2.578077910176586443e+02
1.195900953836358305e+01 1.547114850638270589e+00 2.158992236200109573e+02
1.197484043364947937e+01 1.593829547986981954e+00 1.816977182841731349e+02
1.198937759885588683e+01 1.640575487669951649e+00 1.523803915293235036e+02
1.200394737574290360e+01 1.687223073766962012e+00 1.291328484163272208e+02
1.201631663703079589e+01 1.733675285609366012e+00 1.093062046030260461e+02
1.202802720825277838e+01 1.779822956947618273e+00 9.268724266963621972e+01
1.203781851761445587e+01 1.825569381712905948e+00 7.840167101042429465e+01
1.204832397791504128e+01 1.870780822361227003e+00 6.718173869799889530e+01
1.205348949543367354e+01 1.915361924801345817e+00 5.740833675443968787e+01
1.205911643378768616e+01 1.959131833071912521e+00 4.919817285751445723e+01
1.206155466802460730e+01 2.001913671808986273e+00 4.227541834782915231e+01
1.206244134975335314e+01 2.043535929596980605e+00 3.648409283028284733e+01
1.206156813358174240e+01 2.083835303994350685e+00 3.157624913617829066e+01
1.205677743334667262e+01 2.122675856480993328e+00 2.741228571531674518e+01
1.205006640935470053e+01 2.159895302302754505e+00 2.390475790360596520e+01
1.204100071563919805e+01 2.195387278740371872e+00 2.091502906100639336e+01
1.202851687900645850e+01 2.229038525462853304e+00 1.838462389389689378e+01
1.201354391529627819e+01 2.260738983276289638e+00 1.621832232761488513e+01
1.199522004498864192e+01 2.290413184583214523e+00 1.437123986760468064e+01
1.197409111574934215e+01 2.317941469832063284e+00 1.279291820650863087e+01
1.194956920760085772e+01 2.343325200925880480e+00 1.142946375114285473e+01
1.192194838249861633e+01 2.366478529986919987e+00 1.025927784460918524e+01
1.189163621409493388e+01 2.387345328142668421e+00 9.248063873242264421e+00
1.185798466141171126e+01 2.405948345337571403e+00 8.382502344007816575e+00
1.182159773002222281e+01 2.422209266486185619e+00 7.602944409676414494e+00
1.178262280098235415e+01 2.436157348061301242e+00 6.976894026804994375e+00
1.173957844096106307e+01 2.447785208506656485e+00 6.409666968876049253e+00
1.169468702282192218e+01 2.457095910714345077e+00 5.913431373885041253e+00
1.164754930621020712e+01 2.464094528676512574e+00 5.496384289325790817e+00
1.159773671790009963e+01 2.468798403470931380e+00 5.112520667112175232e+00
1.154582347232580730e+01 2.471224513854751503e+00 4.796655139211449814e+00
1.149174529348933227e+01 2.471421018678791715e+00 4.537247582657977674e+00
1.143634546603877489e+01 2.469380640326316545e+00 4.295133655768823111e+00
1.137999257538257503e+01 2.465182166990075974e+00 4.115276313168519273e+00
1.132288326231315878e+01 2.458835949923765529e+00 3.960959380069358993e+00
1.126723325121925079e+01 2.450433300688237281e+00 3.835231542606015509e+00
1.121592360083741369e+01 2.440210261662303370e+00 3.776682922085309535e+00
1.116423577251507382e+01 2.427812021031360512e+00 3.735112148472329530e+00
1.110975379124573337e+01 2.413536129136639286e+00 3.702746332010768082e+00
1.105261742633755162e+01 2.397790505968652397e+00 3.686869444318496836e+00
1.099268483126229867e+01 2.380834036301143097e+00 3.688796374437276260e+00
1.092971200632680784e+01 2.362886187724319687e+00 3.677828319697042492e+00
1.086471011952823851e+01 2.344117136108870625e+00 3.681731666284174587e+00
1.079753549324284201e+01 2.324699570885615074e+00 3.671136340955288180e+00
1.073081896179883366e+01 2.305256970174982545e+00 3.680021595147136448e+00
1.067059753201584904e+01 2.287160234544904913e+00 3.682900866703127551e+00
1.061490254580073689e+01 2.269632102162126408e+00 3.705547838138551597e+00
