1.550982551689759603e+01 2.191799393479931801e-01 3.683552447462830693e+06
1.529212017108886990e+01 2.257458446567788268e-01 3.248111990509697702e+06
1.502025267002423625e+01 2.325098218496085556e-01 2.767636272281863727e+06
1.480684453717872096e+01 2.395193990953797258e-01 2.395953526512047276e+06
1.466495041749676886e+01 2.467667007980820781e-01 2.076101500384821324e+06
1.440612126094093526e+01 2.542506901601904179e-01 1.801924358759637456e+06
1.423044180963290373e+01 2.619814811330015147e-01 1.561578378870885586e+06
1.406911599342577013e+01 2.699631879014524061e-01 1.357358960978626739e+06
1.393592505928207004e+01 2.782016166082693087e-01 1.171991221009525238e+06
1.376417597579691332e+01 2.867039431673910066e-01 1.011174817915054271e+06
1.362649656156492206e+01 2.954525239484412924e-01 8.832173724732733099e+05
1.348946191110935722e+01 3.044796508696618331e-01 7.680924504796456313e+05
1.337202677420540020e+01 3.137863037545990386e-01 6.656572650403225562e+05
1.326121925234754073e+01 3.233515895678397145e-01 5.781388913634646451e+05
1.315863031519733006e+01 3.332044932735528930e-01 5.022655820105602033e+05
1.306328813945714451e+01 3.433382792504986458e-01 4.353191536538647488e+05
1.297054921729744237e+01 3.537569569048134577e-01 3.789373421074880171e+05
1.288101074587903128e+01 3.644856248785993125e-01 3.284740820152055239e+05
1.280167701385283152e+01 3.754695138713312619e-01 2.863359812719456968e+05
1.272450587474557082e+01 3.867727279694292974e-01 2.482972374607501552e+05
1.265526116497258435e+01 3.983679770692465372e-01 2.161681266812217946e+05
1.258838316646197342e+01 4.102788589121343366e-01 1.879266239938933286e+05
1.252670315128989031e+01 4.224559028098468505e-01 1.638718147775880352e+05
1.246984539450654772e+01 4.349743853618230349e-01 1.424856853074039391e+05
1.241330183741029991e+01 4.477766618989929559e-01 1.243630492459992674e+05
1.236122995180767603e+01 4.608948588390519019e-01 1.078884956056861556e+05
1.231586922202486711e+01 4.742972901550261966e-01 9.396114620045620541e+04
1.226816802405989293e+01 4.880168826670162052e-01 8.208290412449113501e+04
1.222618859775841926e+01 5.020141184024746739e-01 7.168388829927871120e+04
1.218872505152825347e+01 5.163310901529619690e-01 6.256810276448354853e+04
1.215158125570080649e+01 5.309521445913638615e-01 5.461431335836073413e+04
1.211488201368917039e+01 5.458738826948599243e-01 4.764293025712390954e+04
1.208377997967896889e+01 5.610964680178361919e-01 4.161979648541641654e+04
1.205265566089665086e+01 5.765877065829521086e-01 3.611723819645753974e+04
1.202323955954270751e+01 5.923736936217239846e-01 3.186323890993808163e+04
1.199446575427664108e+01 6.085942866717772848e-01 2.788926894832375183e+04
1.196891938891436524e+01 6.253089233971589334e-01 2.421263795933754591e+04
1.194267970239635446e+01 6.426602509189494050e-01 2.125738197652800227e+04
1.192008478117848291e+01 6.606789577320820728e-01 1.849327628180294050e+04
1.189981082892476749e+01 6.794169723645443471e-01 1.610827757013409791e+04
1.188006311949924232e+01 6.989325820904398467e-01 1.397588367904734514e+04
1.186352889945209377e+01 7.192533409361714369e-01 1.210183720722563339e+04
1.184793061668479552e+01 7.403955434928863877e-01 1.037459572104200561e+04
1.183618214899315291e+01 7.623771726368099300e-01 9.046119635013941661e+03
1.182549580731294903e+01 7.852151546283572259e-01 7.810244110062439177e+03
1.181842237444212174e+01 8.089251921795935774e-01 6.721257473313748051e+03
1.181213426010095802e+01 8.335077347851670426e-01 5.790089788671328279e+03
1.180800172607390941e+01 8.589654484934018397e-01 4.984958554887235550e+03
1.180804335118425108e+01 8.853021661074792492e-01 4.286304305572978592e+03
1.180519214509810055e+01 9.124877198906595765e-01 3.682786724089742620e+03
1.181158623337501723e+01 9.404853977806255649e-01 3.164483358573158057e+03
1.181479681073454202e+01 9.692432093695932949e-01 2.724122562488070798e+03
1.181907218726873587e+01 9.987051029333001706e-01 2.340428286118667529e+03
1.182957766557628076e+01 1.028792167054287887e+00 2.014626136478688977e+03
1.183857226539830165e+01 1.059470940757857305e+00 1.735064099910774530e+03
1.184928375850549642e+01 1.090657736877109096e+00 1.495380555101704658e+03
1.186128187228908715e+01 1.122279323718551547e+00 1.292158729801043137e+03
1.187703316097947770e+01 1.154270257466620597e+00 1.116459007097833592e+03
1.188498521329559665e+01 1.186560164537080908e+00 9.680777019266799925e+02
1.189771681499235711e+01 1.219026945840864906e+00 8.396340705341320927e+02
1.191061440439122521e+01 1.251657879769088932e+00 7.244013540277524044e+02
1.192322883639548436e+01 1.284295942136669533e+00 6.354217794190776658e+02
1.193466737474587092e+01 1.316905711069973339e+00 5.544567703846552149e+02
1.194583549095397501e+01 1.349385509837881303e+00 4.854246450038597800e+02
1.195862094141954657e+01 1.381664028975480685e+00 4.256029505479708064e+02
1.196453709194775605e+01 1.413638470818042947e+00 3.740747664209208097e+02
1.197549779595839681e+01 1.445149174167452033e+00 3.295396093259730037e+02
1.198311226972799304e+01 1.476238332437660672e+00 2.910201369667594236e+02
1.198536476422791530e+01 1.506768600951497117e+00 2.580616330698889556e+02
1.198940647013869309e+01 1.536590864034033110e+00 2.290359404939735555e+02
1.199380633590132206e+01 1.565680560208873473e+00 2.028108729038614513e+02
1.199104565834501201e+01 1.593972343186184748e+00 1.819863556546951884e+02
1.199082412845704582e+01 1.621289634837550064e+00 1.632325644600398675e+02
1.198417633387326831e+01 1.647678754032152026e+00 1.466925040895764027e+02
1.197710304000738724e+01 1.672943647821206081e+00 1.321923246553823788e+02
1.196814562981585794e+01 1.697088130661607686e+00 1.193887644853932102e+02
1.195703570201927413e+01 1.719988052515704746e+00 1.083967826560405143e+02
1.194322077887414579e+01 1.741631101616863297e+00 9.873584752200024184e+01
1.192692380261066987e+01 1.761883916380335258e+00 9.020714055589706959e+01
1.190824851567216491e+01 1.780727001096418238e+00 8.260335659911318373e+01
1.188704057909003176e+01 1.798057350397467502e+00 7.604244870478251528e+01
1.186321018574525787e+01 1.813795480222549106e+00 7.022282329449627980e+01
1.183729324985259979e+01 1.827919155228479475e+00 6.512570282257060228e+01
1.180855413490376726e+01 1.840300082106479218e+00 6.070136930851577262e+01
1.177783105927025709e+01 1.850897130850336580e+00 5.679817778477914914e+01
1.174438933901550541e+01 1.859593710138991218e+00 5.344760146410529700e+01
1.171005144783934426e+01 1.866252344820034992e+00 5.056458632850183932e+01
1.167338807839963799e+01 1.870746979442952096e+00 4.819519534153742057e+01
1.163728615926408771e+01 1.872790833643662056e+00 4.624267910465843556e+01
1.160695190789532560e+01 1.871536745544986724e+00 4.527110680141980481e+01
1.158215860840655864e+01 1.866822333900462594e+00 4.481622590231501846e+01
1.155530754684533434e+01 1.860090589123242433e+00 4.485318438606309144e+01
1.152665115774928140e+01 1.851992513108322136e+00 4.505236250079133242e+01
1.149638674543466266e+01 1.842793431829808259e+00 4.558427766006209936e+01
1.146486032255894116e+01 1.832735482370198232e+00 4.595587023241515112e+01
1.143002769639245564e+01 1.821935121959978199e+00 4.621925073154795882e+01
1.139481419197484513e+01 1.810482132164522362e+00 4.673983684090012503e+01
1.135710333755345225e+01 1.798453846756935093e+00 4.748544465131012515e+01
1.131759178055822446e+01 1.785910678380537409e+00 4.808502401881369792e+01
1.127681471770259058e+01 1.772904652495726818e+00 4.848139268741769570e+01
