1.550982551689759603e+01 2.191799393479931801e-01 3.683552447462830693e+06
1.523418881915357481e+01 2.263819320077685437e-01 3.145228273656630889e+06
1.498280015219655503e+01 2.338454187177704535e-01 2.697121230751924217e+06
1.474904290698580489e+01 2.416078146480776234e-01 2.303884266688257456e+06
1.451870095233796221e+01 2.496308344749489094e-01 1.968631902047271375e+06
1.432484417072599925e+01 2.579561576140690926e-01 1.685662002438953379e+06
1.412911584379818208e+01 2.665798487015985652e-01 1.439543969097307650e+06
1.395403810507003683e+01 2.755090950273431649e-01 1.229788530040599173e+06
1.382265646479005383e+01 2.847505419616393474e-01 1.052021461113970494e+06
1.364190376089661072e+01 2.943036306721068529e-01 9.002542096025620122e+05
1.349970088115359701e+01 3.041728204864983520e-01 7.707215358175860019e+05
1.336909603703445981e+01 3.143732201735299769e-01 6.608713799956920557e+05
1.325202598204684712e+01 3.249099542680430330e-01 5.660395001300588483e+05
1.312971251024542774e+01 3.357747094159621026e-01 4.846814843496805406e+05
1.303180882727556344e+01 3.469839973981672099e-01 4.145863486849428737e+05
1.292849099471206742e+01 3.585436366520238227e-01 3.549431174411108950e+05
1.283895846562838372e+01 3.704453481401331350e-01 3.045459890080819605e+05
1.275061915778499433e+01 3.827195749669667912e-01 2.619521332281192299e+05
1.267297902862819647e+01 3.953302624819481914e-01 2.238829492137233901e+05
1.259969692408913033e+01 4.083043807413569426e-01 1.927972038054923469e+05
1.253110468363923324e+01 4.216427346241868879e-01 1.650746491975978715e+05
1.246595743953015223e+01 4.353455430069210208e-01 1.417359014114013407e+05
1.240628902747098294e+01 4.494244399323662487e-01 1.218847424334660318e+05
1.235367214508134381e+01 4.638595927464382318e-01 1.048981189037939184e+05
1.229973547589171901e+01 4.786535467642203390e-01 9.009228943384879676e+04
1.224995964350826583e+01 4.938064014349701214e-01 7.763698984258032579e+04
1.220704233225980495e+01 5.093257123000809461e-01 6.682384425285266479e+04
1.216728167525912774e+01 5.252137891577001172e-01 5.751119686596698011e+04
1.212524488715597748e+01 5.414657201171534373e-01 4.972074629348068993e+04
1.209018262240922859e+01 5.580788264806728627e-01 4.274022562462485075e+04
1.205537301084221191e+01 5.750176652785149445e-01 3.692614448179687315e+04
1.202274571319190066e+01 5.923174020944014240e-01 3.187461039867992440e+04
1.199206815135284998e+01 6.100692542459019707e-01 2.758413997170851144e+04
1.196262940325935986e+01 6.283668835683552389e-01 2.372266533382082343e+04
1.193740563371125951e+01 6.473261514023441743e-01 2.047645870744236527e+04
1.191126209790141388e+01 6.669798964044560963e-01 1.762354709189289861e+04
1.188941177255274795e+01 6.874178207877348346e-01 1.506927448668273428e+04
1.186835747574538402e+01 7.086643983049416562e-01 1.300719510185117542e+04
1.184921163065362038e+01 7.307543762546372390e-01 1.114509074342566419e+04
1.183483435280153806e+01 7.537153653519486074e-01 9.537755409783014329e+03
1.181978799882701736e+01 7.775657913093887430e-01 8.151751551374985866e+03
1.180965891144302304e+01 8.023237944362117124e-01 6.912454583780907342e+03
1.179994768501691915e+01 8.279823884148413971e-01 5.926167420592788403e+03
1.179135474584371579e+01 8.545499662125074503e-01 5.055092453450354697e+03
1.178725574912063756e+01 8.820285810828150108e-01 4.305429612897710285e+03
1.178263259879293301e+01 9.104099161825752740e-01 3.666943189876489214e+03
1.178327000848466000e+01 9.396836274003268485e-01 3.113975122417357397e+03
1.178450864712307933e+01 9.698510885262823233e-01 2.654013595908503248e+03
1.179164305480529862e+01 1.000860600652914378e+00 2.258069936637013598e+03
1.179276449128458282e+01 1.032715614154367190e+00 1.923010788912007001e+03
1.179943848123837569e+01 1.065383194869636174e+00 1.636314025930914795e+03
1.180697683585682434e+01 1.098813775723145980e+00 1.394101633663636676e+03
1.181498316838020379e+01 1.133015787393789831e+00 1.188860400524266197e+03
1.182650353592826420e+01 1.167910065805662478e+00 1.013587898611787409e+03
1.183702402982153856e+01 1.203463294164456743e+00 8.651982484171994656e+02
1.184908254550504836e+01 1.239639250957600414e+00 7.388548180126075522e+02
1.186174311216949739e+01 1.276387895481472690e+00 6.290155862615683873e+02
1.187564574663724848e+01 1.313653233356897321e+00 5.408591732100069294e+02
1.188942483030959529e+01 1.351340490752646062e+00 4.632763669592775955e+02
1.190681347526821199e+01 1.389346563390398304e+00 3.976778113774772123e+02
1.191741692126247720e+01 1.427547160674736082e+00 3.422147245656145174e+02
1.193018709542096900e+01 1.465846198132832567e+00 2.946923821687305463e+02
1.194360197512965449e+01 1.504086934445681090e+00 2.542813457222277407e+02
1.195754523304075256e+01 1.542185331425304451e+00 2.199847033365207096e+02
1.197039536378741253e+01 1.580026840068442073e+00 1.907420654283205295e+02
1.198026245658367017e+01 1.617510257294145104e+00 1.658598583608110744e+02
1.198636244259558836e+01 1.654450067241690192e+00 1.445376246576965968e+02
1.199433329272353532e+01 1.690798796315525765e+00 1.263196019141183939e+02
1.199921107028055545e+01 1.726451982276835828e+00 1.107837736848820356e+02
1.200526912494092002e+01 1.761233655320297187e+00 9.733222135711832834e+01
1.200551882229274625e+01 1.795123920863872069e+00 8.581439994223789824e+01
1.200429997659167292e+01 1.828002506885676448e+00 7.592873195956829591e+01
1.200203753116918115e+01 1.859733720850473393e+00 6.734622605180005905e+01
1.199668452395221152e+01 1.890239892630706242e+00 5.991215241499609334e+01
1.198948607016688506e+01 1.919443764280669207e+00 5.349740255656308108e+01
1.197944312633577013e+01 1.947288250441764346e+00 4.791654182263312833e+01
1.196672667547884217e+01 1.973702155817611104e+00 4.309064066670384818e+01
1.195155063969730591e+01 1.998567402345644561e+00 3.885822921003182984e+01
1.193358718690883613e+01 2.021890575848589666e+00 3.516866941852850204e+01
1.191328258160157638e+01 2.043559148482033017e+00 3.193722870708278094e+01
1.188967072635668387e+01 2.063560039952003766e+00 2.911840938736604656e+01
1.186416072649871545e+01 2.081827868209452870e+00 2.659147429670722573e+01
1.183562634897349852e+01 2.098337211592365303e+00 2.448111236277042835e+01
1.180463224042273929e+01 2.113041208820515493e+00 2.257434673363481892e+01
1.177180809548690554e+01 2.125900192268538547e+00 2.091431438806673881e+01
1.173501620420366720e+01 2.136904119042684513e+00 1.943592749918900253e+01
1.169677274184536842e+01 2.145997394956062898e+00 1.808742557062758749e+01
1.165664213896406132e+01 2.153175880880474846e+00 1.703008182641162449e+01
1.161431110755675711e+01 2.158400714843805801e+00 1.605528743041062967e+01
1.157012058453515024e+01 2.161643269373559662e+00 1.516342516719403655e+01
1.152474224819735404e+01 2.162871581845615232e+00 1.451366628819909188e+01
1.147956510800701402e+01 2.162022858488746202e+00 1.387554530269659026e+01
1.143417327201449396e+01 2.159044284163383232e+00 1.346630333980511374e+01
1.139136442725322240e+01 2.153881858817162875e+00 1.316332124840585216e+01
1.134908728861475424e+01 2.146741650237035337e+00 1.292693227566398662e+01
1.130720861048897774e+01 2.137986582054997697e+00 1.280171664857878788e+01
1.126368463751218307e+01 2.127914505254381083e+00 1.276640937503196760e+01
1.122006410538523191e+01 2.116909268927276155e+00 1.273341208370845656e+01
1.117796796793894387e+01 2.105442935995909703e+00 1.274614113771512791e+01
1.114174309182412337e+01 2.094523346664242780e+00 1.279594618303542042e+01
