1.550982551689759603e+01 2.191799393479931801e-01 3.683552447462830693e+06
1.528392158694222935e+01 2.249114802052117612e-01 3.251672036267685238e+06
1.507477495358644681e+01 2.307967091629465617e-01 2.862538152012991719e+06
1.487723275644652965e+01 2.368781627362518682e-01 2.528776044496912509e+06
1.469801242499230831e+01 2.431352866401843282e-01 2.231656799255952705e+06
1.452733116986706285e+01 2.495657207618541540e-01 1.970276354284612229e+06
1.435780468672075116e+01 2.561866320119536300e-01 1.738717326111746253e+06
1.421073521352050761e+01 2.629969634731683104e-01 1.534867587313358672e+06
1.405947139467918383e+01 2.700006049563451471e-01 1.355758131541621871e+06
1.392595025820313204e+01 2.771996857029244143e-01 1.196049945442166878e+06
1.379359479554530132e+01 2.845997756433019110e-01 1.054132788290394004e+06
1.367149494231315998e+01 2.922047681179208434e-01 9.318297242674691370e+05
1.355870541584539524e+01 3.000003651939792682e-01 8.217828095436079893e+05
1.345383601651692196e+01 3.080032484134843096e-01 7.267709618391272379e+05
1.334717141027013732e+01 3.162243234545564219e-01 6.421762051373844733e+05
1.325463476039602462e+01 3.246557708213148596e-01 5.667867640091415960e+05
1.315787660940429582e+01 3.332960947682858110e-01 5.020243843162433477e+05
1.307191500874053780e+01 3.421563984838272288e-01 4.425541433009082102e+05
1.299057203888838252e+01 3.512392789744342436e-01 3.916559002731435467e+05
1.291483498539911423e+01 3.605337969664716424e-01 3.464093857260756195e+05
1.284009936045528733e+01 3.700575404510770272e-01 3.063963488010696019e+05
1.277054735999460178e+01 3.798136512232158646e-01 2.704594687886376050e+05
1.270497803823335126e+01 3.897871662549141636e-01 2.396479536806580145e+05
1.264632810179190159e+01 3.999953224199216395e-01 2.118063204916574177e+05
1.258916728346427583e+01 4.104470244064079010e-01 1.875126440323696879e+05
1.253312515001017324e+01 4.210929319681776528e-01 1.662814886444464792e+05
1.248335459136970726e+01 4.319948317086108602e-01 1.471738169890243153e+05
1.243158405674657097e+01 4.431249504268695016e-01 1.303566779443364212e+05
1.238942646572596296e+01 4.544913236314852001e-01 1.156571431841189042e+05
1.234337687235468017e+01 4.661053321012765815e-01 1.022897822009980300e+05
1.230236461231802991e+01 4.779321818826791635e-01 9.084960329809856194e+04
1.226191149099280864e+01 4.899849004524916007e-01 8.002537252337916289e+04
1.222707863611143253e+01 5.022739702226478586e-01 7.148224518133519450e+04
1.219254055020500260e+01 5.147986798144994491e-01 6.335856529458539444e+04
1.215845563571394194e+01 5.275553270762965985e-01 5.643148759174038423e+04
1.212986779938229809e+01 5.405422573225211469e-01 5.006371096614468843e+04
1.209881508325456601e+01 5.537615962874572473e-01 4.448587530411643093e+04
1.207010629229474930e+01 5.672201568659256399e-01 3.915907938435312099e+04
1.204341927433271842e+01 5.808405593129584155e-01 3.514838269314274658e+04
1.201626993174911107e+01 5.947493877440794829e-01 3.126844178144667603e+04
1.199411194642996392e+01 6.089189429237300555e-01 2.778824620417500046e+04
1.196750172961391279e+01 6.234418949181417258e-01 2.478425607777744153e+04
1.194910824785172210e+01 6.383796181857720464e-01 2.196697304047274520e+04
1.192489812462322973e+01 6.537554775823836151e-01 1.951221934278048502e+04
1.190796657819949367e+01 6.696258898843012730e-01 1.728787085893281619e+04
1.189126626382615370e+01 6.859444332075123052e-01 1.531547090942280920e+04
1.187369238385408465e+01 7.027991254712122604e-01 1.355906352607197186e+04
1.186246213007379247e+01 7.202001123085637335e-01 1.198678272255378579e+04
1.184430071918059113e+01 7.381452199268782044e-01 1.060458924166340148e+04
1.183121381054418819e+01 7.566554967756445871e-01 9.348440350345470506e+03
1.182147435874405339e+01 7.757286649757220154e-01 8.244201254630583207e+03
1.181188370737899085e+01 7.953866465485852633e-01 7.262094562990478153e+03
1.180253870116974113e+01 8.156218672445171292e-01 6.405865856007799266e+03
1.179636810650324996e+01 8.364353145396898892e-01 5.587206730821997553e+03
1.179276609496997885e+01 8.578341090941955516e-01 4.958525651066308455e+03
1.178853933264480425e+01 8.798120524231585193e-01 4.357710792024697184e+03
1.178349998138177668e+01 9.023738496079980465e-01 3.833608414722762518e+03
1.178510190081266629e+01 9.255053621572320033e-01 3.375052145561958241e+03
1.178561249539070488e+01 9.492123497179683067e-01 2.963556715273904501e+03
1.178619834549324175e+01 9.734782083401091191e-01 2.604952843056485108e+03
1.179026426133524907e+01 9.982819112945089390e-01 2.290028733169075167e+03
1.179111233458145058e+01 1.023630844140702489e+00 2.013661365734228411e+03
1.179586740609676454e+01 1.049502724040183077e+00 1.771665364069559473e+03
1.180772896669271965e+01 1.075883602270532702e+00 1.556588779106722541e+03
1.180876139321017959e+01 1.102752936619760371e+00 1.369443965166635508e+03
1.181663202729047768e+01 1.130107605563983375e+00 1.206260443192542425e+03
1.182536572102865513e+01 1.157911113284231464e+00 1.061408934810087430e+03
1.183651796112554244e+01 1.186153215919270698e+00 9.339807166977935822e+02
1.184285056153573201e+01 1.214802963065106489e+00 8.201184670109981880e+02
1.185253679405296268e+01 1.243840476787758442e+00 7.272568383341017579e+02
1.186231880908716896e+01 1.273239120670319080e+00 6.390055622247521114e+02
1.187380741165548770e+01 1.302982909786793542e+00 5.662627649166482797e+02
1.188571238030971067e+01 1.333032783246214992e+00 5.004603313128296804e+02
1.189809275703454894e+01 1.363366510428293932e+00 4.420490683160411436e+02
1.190753394754403516e+01 1.393949646826844191e+00 3.915153163009160266e+02
1.192270327215974923e+01 1.424768226409494298e+00 3.465435613347000299e+02
1.193101029171758576e+01 1.455738516979529829e+00 3.071469637943152406e+02
1.194244233365640540e+01 1.486813675530396228e+00 2.725048309869835634e+02
1.195640314252887570e+01 1.517911120426156169e+00 2.421211521425454976e+02
1.196378998960445017e+01 1.548979744183133667e+00 2.153836524375208512e+02
1.197744050411884409e+01 1.579932869166149390e+00 1.918575007035806550e+02
1.198708423683204671e+01 1.610700218073344292e+00 1.711817180230662245e+02
1.199294664620206241e+01 1.641198535020973681e+00 1.530767716250205126e+02
1.200154583666996366e+01 1.671342856864233006e+00 1.362094637337255278e+02
1.200842782520020435e+01 1.701076732194406027e+00 1.228690779048741462e+02
1.201509873530858741e+01 1.730322756914339122e+00 1.104273882558257327e+02
1.202079127582999263e+01 1.758961945671117411e+00 9.950784975353307971e+01
1.202280091609793899e+01 1.786971773534857366e+00 8.975146890273589406e+01
1.202502676568460771e+01 1.814186408532290740e+00 8.082489122547484328e+01
1.202499325460375346e+01 1.840569330439677520e+00 7.367290542373585538e+01
1.202418218830808705e+01 1.866034048916338062e+00 6.696856115998934911e+01
1.202115317418554774e+01 1.890465249839813122e+00 6.079454604827484587e+01
1.201623484850889056e+01 1.913760931550756439e+00 5.583974000697907769e+01
1.200923761279689117e+01 1.935804917409079895e+00 5.123020195775407615e+01
1.200035790362057320e+01 1.956488530249349322e+00 4.713631054414700117e+01
1.198885979146442970e+01 1.975592898450867274e+00 4.358030292955974261e+01
1.197599700177724458e+01 1.992900405542497255e+00 4.046106013650224753e+01
1.195940024855297601e+01 2.008174649520953814e+00 3.772232749939663421e+01
1.194131698816419629e+01 2.020720267151181915e+00 3.547433937135364346e+01
1.193401821930165774e+01 2.018468999298712152e+00 3.551687502363671456e+01
