1.550982551689759603e+01 2.191799393479931801e-01 3.683552447462830693e+06
1.513765517535233407e+01 2.288131926732348831e-01 2.959481781337365974e+06
1.482875617288362768e+01 2.389078209105277850e-01 2.429639957007195801e+06
1.453003233357034141e+01 2.495164592434419570e-01 1.974199680248358753e+06
1.425273838311601970e+01 2.606398548642085977e-01 1.601584958375118207e+06
1.402211829467839799e+01 2.722929162668101255e-01 1.302579919315265957e+06
1.380001170910665742e+01 2.844917530597539379e-01 1.057750641889818478e+06
1.360043195120392845e+01 2.972389013615203690e-01 8.604065922212552978e+05
1.341945415354983240e+01 3.105729034734616145e-01 6.981409367446590913e+05
1.325704194362156052e+01 3.244702882470996697e-01 5.697594337238369044e+05
1.310469903503572731e+01 3.389615800988874939e-01 4.623440539787837770e+05
1.297534758191463489e+01 3.540695760324388819e-01 3.765177405210094876e+05
1.284764469210118953e+01 3.697818087543942034e-01 3.069225677051462699e+05
1.272784167579883885e+01 3.861280665900476139e-01 2.504112702164054790e+05
1.262644500220082300e+01 4.031275380508226314e-01 2.049121803033143515e+05
1.253094809171426860e+01 4.207049537068704992e-01 1.670512952893965121e+05
1.245012520844887760e+01 4.389577301793479158e-01 1.362524010445103631e+05
1.237456992133751044e+01 4.578651925650824572e-01 1.116620410948704521e+05
1.230336111588388981e+01 4.774184162631330830e-01 9.114172160482231993e+04
1.223595971791648829e+01 4.975927827094882017e-01 7.474923573408498487e+04
1.218207395114609604e+01 5.184266185446742004e-01 6.072342710580029234e+04
1.213119870921356025e+01 5.398850318665454617e-01 5.033490577307652711e+04
1.208302133680663992e+01 5.619932059575692973e-01 4.134963115450926853e+04
1.203633643470089432e+01 5.847131806897012396e-01 3.403722386360568635e+04
1.199572758678965201e+01 6.081255790633420810e-01 2.795636372073534585e+04
1.195687292234550902e+01 6.325874913281771539e-01 2.303711098563087580e+04
1.192308060299661499e+01 6.583316301392443393e-01 1.883461224555891022e+04
1.189207359869708647e+01 6.855307262589614981e-01 1.538258073579950542e+04
1.186654659159219882e+01 7.142866816431273636e-01 1.251697672570556097e+04
1.184132920196068106e+01 7.446841964141550640e-01 1.015631969405031123e+04
1.182518983199695128e+01 7.767797953508733810e-01 8.221965458723936536e+03
1.181210885681123202e+01 8.106090444570289710e-01 6.638290173001956646e+03
1.180267808256319384e+01 8.461908089367941033e-01 5.349074575087466656e+03
1.179961874336959227e+01 8.835340153188774304e-01 4.302755105416127662e+03
1.179840924717739092e+01 9.226240824700403520e-01 3.459299620272478023e+03
1.180340997598808173e+01 9.634368318752035698e-01 2.779304133665754307e+03
1.180956934952842730e+01 1.005932085281035393e+00 2.231647725384245405e+03
1.182007591318618012e+01 1.050063984637210845e+00 1.796707817106773973e+03
1.183475968971357517e+01 1.095757510897524822e+00 1.443811814273818527e+03
1.185676233636247545e+01 1.142932530244946232e+00 1.162250069887658356e+03
1.187171175709047866e+01 1.191502183246891500e+00 9.369917451780981992e+02
1.189209655713939107e+01 1.241356160214289517e+00 7.559546690292127096e+02
1.191621078683209589e+01 1.292386079947603461e+00 6.109846611760021915e+02
1.194336578969062046e+01 1.344463018712710900e+00 4.949218288548460123e+02
1.196500067267456302e+01 1.397449988911354080e+00 4.015709686109865970e+02
1.199290678336785021e+01 1.451204147023788638e+00 3.265620605752243932e+02
1.201565628988909751e+01 1.505572304728940214e+00 2.662549622734653667e+02
1.204118908744260352e+01 1.560410410956274863e+00 2.177547692738020260e+02
1.206593971696778489e+01 1.615527240232963235e+00 1.783920852952012694e+02
1.209223617111343074e+01 1.670767479800587152e+00 1.467572073082923794e+02
1.211370141653484644e+01 1.725984040488034887e+00 1.203167304212265662e+02
1.213537639362715304e+01 1.780976259251003446e+00 9.995232961832719809e+01
1.215437054576297804e+01 1.835474005499410088e+00 8.297754195807921462e+01
1.217210270146825479e+01 1.889230771503088935e+00 6.912420154261097593e+01
1.218791255760131875e+01 1.942022163461110784e+00 5.775729635627234160e+01
1.220061084383487682e+01 1.993597395639122860e+00 4.850142678573426736e+01
1.221047044907800050e+01 2.043733475553250134e+00 4.089149387866978458e+01
1.221641660937053331e+01 2.092264445335556555e+00 3.465174833357392004e+01
1.221971868643072412e+01 2.138964531892938670e+00 2.946945889277161257e+01
1.221907749579228586e+01 2.183690585829439534e+00 2.518593402703370288e+01
1.221507053827044054e+01 2.226324576258768229e+00 2.162730191024163418e+01
1.220737020288555108e+01 2.266699444420552378e+00 1.866370550425061836e+01
1.219605178691041480e+01 2.304733041362976742e+00 1.617414999917276930e+01
1.218007218390640034e+01 2.340340333351763391e+00 1.408776520509858621e+01
1.216069969925438521e+01 2.373475400506053212e+00 1.228227323644284397e+01
1.213737765930628498e+01 2.404072827256983569e+00 1.083894660246991926e+01
1.211040099583131990e+01 2.432136892872600598e+00 9.552772526126306118e+00
1.207978969152763149e+01 2.457630748327575443e+00 8.505627442131888927e+00
1.204559669615217388e+01 2.480567485633385694e+00 7.586222351805779418e+00
1.200819105633168782e+01 2.500979573179664683e+00 6.799015593890252340e+00
1.196720408464604368e+01 2.518913376215080380e+00 6.120127738182735477e+00
1.192254695702317946e+01 2.534392363350664645e+00 5.536353522486063383e+00
1.187574858936713618e+01 2.547483259484371043e+00 5.029577580943996651e+00
1.182509512501148130e+01 2.558254274041571907e+00 4.581554483033244196e+00
1.177204773370797142e+01 2.566773186831310838e+00 4.209039617272038569e+00
1.171702032929456472e+01 2.573139104048364434e+00 3.874321067154847142e+00
1.165910806432787794e+01 2.577423050708587127e+00 3.583933921962438873e+00
1.159914832267330986e+01 2.579714971539714519e+00 3.320452254288603910e+00
1.153771895574828577e+01 2.580128011246963560e+00 3.103967793329445612e+00
1.147419252346723439e+01 2.578742187247786255e+00 2.899574827268496247e+00
1.140833865223054389e+01 2.575657198090488986e+00 2.732403799143553691e+00
1.134192037946765907e+01 2.570986507210472727e+00 2.580216080371062315e+00
1.127471810632710536e+01 2.564806051837566603e+00 2.444254823152681055e+00
1.120624243390588148e+01 2.557253104880189643e+00 2.326290972267719415e+00
1.113739767087426635e+01 2.548393005878178297e+00 2.220541792711814733e+00
1.106723100461137221e+01 2.538328944043712898e+00 2.122762286906549889e+00
1.099725468981923981e+01 2.527179087255210010e+00 2.045959240996674477e+00
1.092709459376852976e+01 2.515014719885888539e+00 1.970593225032660323e+00
1.085697268557083106e+01 2.501927238443837798e+00 1.914231112589136474e+00
1.078679818156774495e+01 2.488016047694314281e+00 1.858491050539444078e+00
1.071741546622255647e+01 2.473390760490182139e+00 1.808260294752702668e+00
1.064845724742159305e+01 2.458117926855877933e+00 1.772683575346567730e+00
1.058031827900915545e+01 2.442283026031256910e+00 1.740003786748402836e+00
1.051399842861306055e+01 2.426002812317625601e+00 1.713735530441881538e+00
1.044910377055786910e+01 2.409338072210339465e+00 1.694040177091276522e+00
1.038609149040010315e+01 2.392405485290868938e+00 1.681256587429322824e+00
1.032615757853172234e+01 2.375318103120396263e+00 1.674473653276199903e+00
1.026858508465196174e+01 2.358219455002507292e+00 1.674152990808598584e+00
1.021479393708514927e+01 2.341309684685909165e+00 1.680077510711618816e+00
1.016620637313700115e+01 2.324937113898251084e+00 1.691096451847655446e+00
