1.510646317623783297e+01 2.383731302914612049e-01 2.423116349867075216e+06
1.469770860441376570e+01 2.522139162680080982e-01 1.847353416492372518e+06
1.434512153327103867e+01 2.666475174065187637e-01 1.415923007009884110e+06
1.403943650886042072e+01 2.816765662881323129e-01 1.090771266781920567e+06
1.377320677976793739e+01 2.973035616317528662e-01 8.442562567134945421e+05
1.354044281636902625e+01 3.135302323170711669e-01 6.564189641405032016e+05
1.333622102550484279e+01 3.303583685158129057e-01 5.125315691519370885e+05
1.315647968208872065e+01 3.477890799133585009e-01 4.018317414010056527e+05
1.299783529523197600e+01 3.658220096363219431e-01 3.162606993048381410e+05
1.285744195430040016e+01 3.844572373030394341e-01 2.498295188421376515e+05
1.273289656476687526e+01 4.036927339483021293e-01 1.980568376856402028e+05
1.262216024578760099e+01 4.235259592479175828e-01 1.575481442363557580e+05
1.252347712608789720e+01 4.439531038454353484e-01 1.257330028259979299e+05
1.243532497076754595e+01 4.649691639231560147e-01 1.006581345874411345e+05
1.235639780812761224e+01 4.865680031098345570e-01 8.082662896224430006e+04
1.228554621911649036e+01 5.087406573991226644e-01 6.509310272797906509e+04
1.222175650562264337e+01 5.314776769296478687e-01 5.257042619675897731e+04
1.216414239027426625e+01 5.547670879385562248e-01 4.257307872703386238e+04
1.211192303266133941e+01 5.785971630443144109e-01 3.456838271746504324e+04
1.206435561029306669e+01 6.030006652303536718e-01 2.813081951264183590e+04
1.202098942555050520e+01 6.282487648127722535e-01 2.289868079494763151e+04
1.198193586085041851e+01 6.545480506372306495e-01 1.862720752355468358e+04
1.194743541041483681e+01 6.820079089213529899e-01 1.513957975675239140e+04
1.191766138945688347e+01 7.106868841118026969e-01 1.229673379014830971e+04
1.189269986396439549e+01 7.406143860367931930e-01 9.984182070294491496e+03
1.187253156630440998e+01 7.717983824730277886e-01 8.106262502829109508e+03
1.185705584171001625e+01 8.042339439278531898e-01 6.583527578216518123e+03
1.184611082106567359e+01 8.379039718460430386e-01 5.350392332030462967e+03
1.183947735858680339e+01 8.727836757025467795e-01 4.352263854958099728e+03
1.183689163763973440e+01 9.088406339241489329e-01 3.544560480951044156e+03
1.183804456402964789e+01 9.460146260537579677e-01 2.891098259510343269e+03
1.184256212823507681e+01 9.842209192392153971e-01 2.362502489877249900e+03
1.185003372066060123e+01 1.023372026748262220e+00 1.934679807355205185e+03
1.186003533040829083e+01 1.063379506987685463e+00 1.588012973596732763e+03
1.187214993682260911e+01 1.104153902485043970e+00 1.306684719489214785e+03
1.188596315270058490e+01 1.145605976210555488e+00 1.077970594886342496e+03
1.190108509040427265e+01 1.187646640173973145e+00 8.916424418922302948e+02
1.191713302918543604e+01 1.230183141895955901e+00 7.395258273978253101e+02
1.193375385060259752e+01 1.273125721698572965e+00 6.150168015640256272e+02
1.195061046828711682e+01 1.316383279665397366e+00 5.128589499076299489e+02
1.196738411027630811e+01 1.359863294899996466e+00 4.288413856973331804e+02
1.198378648165100380e+01 1.403476834257088690e+00 3.595621338256818831e+02
1.199954334595840599e+01 1.447132064590076705e+00 3.022828479442924277e+02
1.201438726920186006e+01 1.490737087679428807e+00 2.548034280427087594e+02
1.202810701037440388e+01 1.534205065051556627e+00 2.153515723338434213e+02
1.204045788560166663e+01 1.577442781844114794e+00 1.824801112712183624e+02
1.205124560967799674e+01 1.620362703553136718e+00 1.550249842616390481e+02
1.206028696802334998e+01 1.662877909265956244e+00 1.320316317053677153e+02
1.206740740776136889e+01 1.704901912702132094e+00 1.127352806215465506e+02
1.207245175907302936e+01 1.746349721982698666e+00 9.649540414336726712e+01
1.207527596601896036e+01 1.787138822470190069e+00 8.279712682750559338e+01
1.207574654258965552e+01 1.827188232853289573e+00 7.121434599560342349e+01
1.207375013065600200e+01 1.866418535961744896e+00 6.139713444588757341e+01
1.206918084833344551e+01 1.904753933118193521e+00 5.305836927566085137e+01
1.206193979584106835e+01 1.942120304836136624e+00 4.595941068665427309e+01
1.205193703428071572e+01 1.978435665042619807e+00 3.990246322921823463e+01
1.203906302286308438e+01 2.013577811421894292e+00 3.472964896104328858e+01
1.202313962771972911e+01 2.047402930253604314e+00 3.030683509369475459e+01
1.200399751909052348e+01 2.079769280421427169e+00 2.652047803613768906e+01
1.198144659644679066e+01 2.110532237457176219e+00 2.327543692930278141e+01
1.195529542667500600e+01 2.139543358133042084e+00 2.049033743726076295e+01
1.192534786480594278e+01 2.166655534411409789e+00 1.809712424360289873e+01
1.189140083928897695e+01 2.191716234777504102e+00 1.603786917885427954e+01
1.185324959689445734e+01 2.214569312770516607e+00 1.426437945029618248e+01
1.181068661052042046e+01 2.235053163007796773e+00 1.273573658689752897e+01
1.176350297291694069e+01 2.252996912386372230e+00 1.141776314653213653e+01
1.171149496656009070e+01 2.268221594630917437e+00 1.028156578107371288e+01
1.165444668269435802e+01 2.280525045286506458e+00 9.303350862580545666e+00
1.159215588352567572e+01 2.289683135714052575e+00 8.463454472908152226e+00
1.152443523795592206e+01 2.295433439823038935e+00 7.746404623712758841e+00
1.145113919618598253e+01 2.297452803582912040e+00 7.140365611388766354e+00
