1.550982551689759603e+01 2.191799393479931801e-01 3.683552447462830693e+06
1.512780265056459861e+01 2.292903914715667402e-01 2.960549902413534001e+06
1.479148435230679937e+01 2.399414024861885597e-01 2.374717251110048965e+06
1.448393936165121687e+01 2.511399757316650772e-01 1.913117935428390745e+06
1.422560899924558875e+01 2.629088104260829395e-01 1.542812299313243013e+06
1.395875273408916861e+01 2.752654893237336808e-01 1.237616880821814295e+06
1.373428979409678519e+01 2.882283529552656653e-01 9.940851623001748230e+05
1.353198195767036616e+01 3.018166078194200463e-01 7.993665336585164769e+05
1.334737678855456622e+01 3.160107013372588924e-01 6.426851198307329323e+05
1.318174779253204498e+01 3.308624652216284323e-01 5.187258278522954788e+05
1.303177931088494645e+01 3.463742376721579141e-01 4.177356188099217834e+05
1.289828209070101117e+01 3.625623159886799951e-01 3.372025934046861366e+05
1.277228400595785374e+01 3.794602737772952428e-01 2.720267559891330311e+05
1.266107335235494347e+01 3.970063456063917529e-01 2.199775965788929316e+05
1.256329546009076203e+01 4.152613130471499159e-01 1.775004266816559830e+05
1.247333305271389570e+01 4.342301078478618126e-01 1.437142129543976043e+05
1.238940002976405808e+01 4.539029386106024910e-01 1.162454620856817492e+05
1.231324724558916373e+01 4.743064861902676066e-01 9.402187506660347572e+04
1.224192701442134990e+01 4.953943964781467035e-01 7.651912517520358961e+04
1.218762340987784576e+01 5.171940823697921408e-01 6.197663166670851206e+04
1.213018518194758677e+01 5.397043521841327074e-01 5.047486463406268740e+04
1.207931770019808937e+01 5.629203443608966628e-01 4.103369175764363899e+04
1.203347081926037809e+01 5.867758896945909353e-01 3.337905853727849171e+04
1.198906595926909979e+01 6.115026886394381300e-01 2.721454441044902342e+04
1.194901955932749260e+01 6.374626550672338743e-01 2.213028198611328844e+04
1.191566271440343705e+01 6.649327509038370776e-01 1.793484033265072867e+04
1.188453270874551571e+01 6.940993252457010598e-01 1.446772377171935659e+04
1.185780814839751507e+01 7.250942888231395322e-01 1.167167995523315949e+04
1.183725123562044956e+01 7.579923716222441987e-01 9.309089516474998163e+03
1.182027250081495673e+01 7.928503044979462455e-01 7.429752474015552252e+03
1.181126194171147681e+01 8.297140352139377173e-01 5.920907032350169175e+03
1.180556057219422783e+01 8.685950459301990945e-01 4.705627666862787919e+03
1.180490032180127002e+01 9.094847471080287349e-01 3.730533169510163589e+03
1.180850325195801531e+01 9.523642653252072376e-01 2.963413884192284513e+03
1.181701623392264189e+01 9.972085141163075095e-01 2.352983221370659521e+03
1.183063583224300608e+01 1.043929642803553159e+00 1.865083983430357421e+03
1.184885361664439429e+01 1.092483281128492134e+00 1.480276363031767005e+03
1.186866348268850935e+01 1.142750748307881592e+00 1.176554305906128320e+03
1.189156130465926431e+01 1.194652384392235867e+00 9.350813258162651209e+02
1.191661621627147483e+01 1.248044067641620680e+00 7.453362122799014742e+02
1.194267626088051770e+01 1.302805689386296706e+00 5.943242514318224039e+02
1.197054863815680648e+01 1.358772295565389143e+00 4.759658845237757419e+02
1.200048287150633008e+01 1.415805706165928601e+00 3.814695169593134096e+02
1.203251004380001099e+01 1.473690541966580003e+00 3.067203463388601108e+02
1.206135501155828749e+01 1.532284932153163970e+00 2.471344413609585331e+02
1.209327970156877186e+01 1.591380732856084279e+00 1.996831138397459711e+02
1.212150736612473878e+01 1.650774684310854390e+00 1.620183343003453160e+02
1.214982617074521087e+01 1.710177183457550099e+00 1.318546595374999129e+02
1.217627559840088303e+01 1.769286339432141864e+00 1.070953197021862877e+02
1.220101461827868405e+01 1.827807207427998293e+00 8.790796562984144202e+01
1.222287393709182801e+01 1.885431238911559282e+00 7.279508058261620818e+01
1.224244705923614163e+01 1.941889626039294603e+00 6.025700108286395107e+01
1.226029870116793674e+01 1.996930574106426493e+00 5.008358110436614652e+01
1.227097511081635695e+01 2.050290971558857311e+00 4.186671903180700127e+01
1.227963388198195815e+01 2.101765283816112273e+00 3.516563682719588968e+01
1.228451911985855638e+01 2.151160113607348379e+00 2.957955534093341754e+01
1.228518953110828171e+01 2.198260812322364810e+00 2.518622371149946915e+01
1.228118798041096404e+01 2.242938169046872154e+00 2.150069280835571561e+01
1.227336869753454351e+01 2.285068406818966391e+00 1.844700138483523588e+01
1.226116468076223676e+01 2.324561041816318063e+00 1.590574786570939381e+01
1.224378821021166885e+01 2.361305688809982151e+00 1.378942896300271670e+01
1.222267227075061946e+01 2.395265946083581454e+00 1.201881751069455895e+01
1.219680304435222951e+01 2.426404644396238375e+00 1.051466568900585052e+01
1.216723311424047260e+01 2.454701606825861138e+00 9.265974288683443305e+00
1.213290370615477620e+01 2.480182136124457148e+00 8.197611815044389516e+00
1.209515808972284390e+01 2.502856908577751671e+00 7.293375688623966902e+00
1.205320993661988993e+01 2.522765301084305634e+00 6.508605878376349629e+00
1.200745483021413840e+01 2.539967074753751053e+00 5.841513083024438835e+00
1.195834470710561348e+01 2.554522694839070684e+00 5.289619306577220570e+00
1.190614782078225709e+01 2.566519516180241212e+00 4.799153839517306785e+00
1.185077796759490276e+01 2.576040141837393715e+00 4.373475827197701449e+00
1.179243772687586400e+01 2.583185275196780761e+00 4.008608141722831419e+00
1.173165065007481367e+01 2.588047084230758355e+00 3.688914056437602174e+00
1.166889464744340899e+01 2.590726617174985424e+00 3.410851125960421726e+00
1.160391890310962459e+01 2.591366442754565291e+00 3.168029061671383317e+00
1.153581288775343872e+01 2.590036715511434995e+00 2.953794326185379404e+00
1.146718809821453178e+01 2.586891948370205530e+00 2.768423072186467326e+00
1.139637731702298673e+01 2.582014321951715097e+00 2.604097708780073184e+00
1.132513486498259958e+01 2.575533131969978129e+00 2.459167373364463227e+00
1.125260298121088809e+01 2.567555053843474600e+00 2.332363224475255237e+00
1.117916144943077406e+01 2.558209031753097662e+00 2.221239416383660181e+00
1.110520475944462504e+01 2.547585323959106862e+00 2.122027028837473406e+00
1.103085028475383034e+01 2.535794501932833622e+00 2.032252375119230070e+00
1.095649937513016603e+01 2.522957592303904040e+00 1.956462287106854658e+00
1.088198459595429668e+01 2.509158863610048140e+00 1.890752321925125656e+00
1.080734485077377904e+01 2.494503628615595936e+00 1.832888924973273825e+00
1.073406804947989635e+01 2.479083593413389686e+00 1.783572586198925114e+00
1.066061184861703381e+01 2.463005330290588102e+00 1.741953558066495100e+00
1.058824504678407052e+01 2.446327152132528493e+00 1.710042958892049381e+00
1.051634023825436159e+01 2.429161399756539552e+00 1.676715995605581933e+00
1.044613131913702730e+01 2.411570539949358327e+00 1.651462492184836650e+00
1.037660277412595633e+01 2.393624247531010774e+00 1.636184986064781466e+00
1.030861763647874518e+01 2.375430064642011896e+00 1.621584013008281921e+00
1.024179201730880173e+01 2.357013852327388026e+00 1.611433789950815987e+00
1.017693817780989107e+01 2.338476471948136126e+00 1.602701308119433898e+00
1.011329291994026391e+01 2.319853579843306868e+00 1.601248404279693949e+00
1.005146540336238736e+01 2.301215127749221434e+00 1.606072938953740925e+00
9.991675731549081618e+00 2.282608907477464477e+00 1.609830953365621653e+00
9.933891782563444295e+00 2.264114213903196227e+00 1.622989607860973793e+00
9.878577427284827905e+00 2.245842923978510708e+00 1.633619592851780933e+00
