1.550982551689759603e+01 2.191799393479931801e-01 3.683552447462830693e+06
1.523404037992965243e+01 2.270363445876892039e-01 3.122239321756917052e+06
1.494187936301451991e+01 2.352151701940086992e-01 2.620241581059292424e+06
1.469760003559176553e+01 2.437397043469754221e-01 2.227910128218901344e+06
1.444742880400235663e+01 2.525903660420896202e-01 1.858540611532442272e+06
1.422901975102259975e+01 2.617951640504306843e-01 1.566810851397717837e+06
1.403002062683576234e+01 2.713576249279644470e-01 1.324838529806738487e+06
1.385164088314802733e+01 2.812869431263356201e-01 1.116302599692394258e+06
1.368208212832135295e+01 2.915942389119596245e-01 9.399957338516176678e+05
1.355700897726604737e+01 3.022624891296012417e-01 7.938194107519080862e+05
1.338322882399481450e+01 3.133350153683469030e-01 6.697299531953671249e+05
1.324796937563888477e+01 3.247921098755024993e-01 5.670033246601953870e+05
1.312304941946125858e+01 3.366448185115147873e-01 4.779907684632602613e+05
1.300307575111886393e+01 3.489085439231112140e-01 4.045580376993776299e+05
1.290479876241877122e+01 3.615862432910326718e-01 3.415421806011572480e+05
1.280638261473823114e+01 3.746758957485982200e-01 2.886762057368520764e+05
1.271506380967587013e+01 3.881930314636051205e-01 2.442700043887691572e+05
1.263749031582930193e+01 4.021427004749045242e-01 2.065537666952255531e+05
1.255775323912470753e+01 4.165024660076547813e-01 1.749462266715283913e+05
1.248605407368746256e+01 4.313008742013763608e-01 1.484868867030929832e+05
1.241742126104573174e+01 4.465427559076235453e-01 1.256592326994939212e+05
1.235723923108588629e+01 4.622240096060713510e-01 1.065597039977468376e+05
1.230067300792925344e+01 4.783180658369006744e-01 9.046540625208952406e+04
1.224891561369837234e+01 4.948468349796102950e-01 7.614817416253963893e+04
1.220079854051919455e+01 5.118027960608549920e-01 6.516848085157247988e+04
1.215550033956047749e+01 5.292003078682921968e-01 5.561941121791159094e+04
1.211165571019131271e+01 5.470273755245469438e-01 4.717172046129069349e+04
1.207479869824904029e+01 5.652856858295953746e-01 4.021050184422587336e+04
1.203876905500561811e+01 5.839142053678190170e-01 3.423650747701825458e+04
1.200440678055951338e+01 6.030564081484991457e-01 2.889342109062744203e+04
1.197306645154255555e+01 6.228960853832257172e-01 2.484832411980596225e+04
1.194223656027800473e+01 6.436146135674716273e-01 2.109419264014678993e+04
1.191572303796109722e+01 6.653113944150402803e-01 1.789699881590667792e+04
1.188720788985494359e+01 6.880527825937082786e-01 1.513788627783422817e+04
1.186897680949123846e+01 7.119434612992873168e-01 1.274457714984447921e+04
1.185969460415008925e+01 7.370012814715551919e-01 1.070505380294790302e+04
1.183552872159585689e+01 7.632743903623097070e-01 9.002231982086326752e+03
1.182459857820485105e+01 7.907739731371032921e-01 7.542880447351422845e+03
1.181592847459826423e+01 8.195338316765601316e-01 6.305165986977669490e+03
1.180953007274045952e+01 8.495525881109761146e-01 5.270104488248225607e+03
1.180885004120667503e+01 8.808352554240942434e-01 4.400776826386524590e+03
1.181038679011060388e+01 9.133731669204103731e-01 3.671355175186009092e+03
1.181250264662405058e+01 9.471665279831018580e-01 3.057312660463507200e+03
1.181810199754374580e+01 9.821830301741001357e-01 2.550078250806318465e+03
1.182757967445908420e+01 1.018406725976688687e+00 2.125998606340981496e+03
1.184029688814042913e+01 1.055796330558292695e+00 1.770123015867983213e+03
1.185558571017064722e+01 1.094284234448636317e+00 1.478269940073091675e+03
1.187286281568682433e+01 1.133780928670354626e+00 1.233071797507761403e+03
1.189101597880740258e+01 1.174123705991451772e+00 1.030748702703502659e+03
1.191335003139539417e+01 1.215212973410197739e+00 8.625817895697454105e+02
1.193222340064907350e+01 1.256891823828557353e+00 7.236269807479430938e+02
1.195543217448097728e+01 1.298982928503622292e+00 6.089063128098378002e+02
1.197322991343019716e+01 1.341397781471336037e+00 5.132155783224278593e+02
1.199290927634324611e+01 1.383914387414762581e+00 4.340141381705949470e+02
1.201426200445058790e+01 1.426389201488104996e+00 3.679344699450595044e+02
1.203604714551940624e+01 1.468683611655312804e+00 3.128565296900958401e+02
1.205376283445102104e+01 1.510531050623385108e+00 2.671292145542709022e+02
1.206961545312687001e+01 1.551810482177888417e+00 2.288295043811174025e+02
1.208079424764635945e+01 1.592358633278478486e+00 1.967478214932038441e+02
1.209483982526264256e+01 1.632006394991584397e+00 1.697046356842967612e+02
1.210373766821534325e+01 1.670421612650230481e+00 1.464231783031578971e+02
1.210725643879953495e+01 1.707544459259001224e+00 1.282868548223025584e+02
1.210981663256257690e+01 1.743216707074751515e+00 1.122084128958576059e+02
1.210936289065196192e+01 1.777070384442294815e+00 9.861317446573343659e+01
1.210409537724070184e+01 1.809083123652238001e+00 8.716765736884337912e+01
1.209671713384839542e+01 1.838902522932776229e+00 7.746923474470642645e+01
1.208448376763254473e+01 1.866316886066208935e+00 6.926273186042926966e+01
1.206754496283755707e+01 1.891118184930205892e+00 6.234473415862560586e+01
1.204725364182234060e+01 1.912876651361357316e+00 5.651339022498883935e+01
1.202148589515484822e+01 1.931235138885323055e+00 5.166904702796552584e+01
1.199191064927290107e+01 1.945309374584664130e+00 4.782722097595047472e+01
1.196236837872885594e+01 1.951638809476520908e+00 4.551710670803596059e+01
1.194232918979420965e+01 1.947829373741310599e+00 4.535359478819157886e+01
1.192746370492425712e+01 1.939381274710159753e+00 4.612968058770483282e+01
1.190475102498805526e+01 1.927708034598484277e+00 4.696880720642469242e+01
1.187681842472669658e+01 1.913935681679207690e+00 4.838629182203961676e+01
1.184313102819670860e+01 1.898537969977477813e+00 4.966722573071552205e+01
1.180519034136309742e+01 1.881776715073964823e+00 5.106024754736129267e+01
1.176254369624747120e+01 1.863824441904914586e+00 5.251051355607381055e+01
1.171670875379888876e+01 1.845360252425783276e+00 5.395136509521561408e+01
