1.550982551689759603e+01 2.191799393479931801e-01 3.683552447462830693e+06
1.527066401027845188e+01 2.266518767202725104e-01 3.177827388772043400e+06
1.496641077646653528e+01 2.344117531004404620e-01 2.663713081928382162e+06
1.471810973305982451e+01 2.424873960262891315e-01 2.266188275093222968e+06
1.448681987939575144e+01 2.508513840191812228e-01 1.920945265842445195e+06
1.428503849435225703e+01 2.595388100029597522e-01 1.632082629768061219e+06
1.409053535052455608e+01 2.685480873761741383e-01 1.387998871215275954e+06
1.391052101530645579e+01 2.778867475198413262e-01 1.182773734448177740e+06
1.374465117756398946e+01 2.875631353176080762e-01 1.005419333274875302e+06
1.359136319739143239e+01 2.975726734341270219e-01 8.562066329641013872e+05
1.344875090299434817e+01 3.079396771421922252e-01 7.264987955346559174e+05
1.331345478829670448e+01 3.186512699515478553e-01 6.189140569469589973e+05
1.319516977741166031e+01 3.297230569043264614e-01 5.278151787860062905e+05
1.308361812103783706e+01 3.411618324649285938e-01 4.488727285551751265e+05
1.297619338173882930e+01 3.529633373753799930e-01 3.824155498745799996e+05
1.287607582746986523e+01 3.651520207012780017e-01 3.262489706139300833e+05
1.278445664780289448e+01 3.777177134970198802e-01 2.778421601511798217e+05
1.270147047030070375e+01 3.906507123451991026e-01 2.355127968816698121e+05
1.262380469412009987e+01 4.039753463947286516e-01 2.023100381419948244e+05
1.254747920097964098e+01 4.176973922855623522e-01 1.726228813080356631e+05
1.248310677429131665e+01 4.318050601501607910e-01 1.473786160525265441e+05
1.241890190597521304e+01 4.463141900655733796e-01 1.259076726158114179e+05
1.236323717834302371e+01 4.612233727884065826e-01 1.076471789359442773e+05
1.230632889034309940e+01 4.765025264948593020e-01 9.221632992267045483e+04
1.225782319621034056e+01 4.921760087702064523e-01 7.886478907350060763e+04
1.220769975088918358e+01 5.082376279874752933e-01 6.767264052903490665e+04
1.216554174935071408e+01 5.246984873260515103e-01 5.788589477726668702e+04
1.212488742467097680e+01 5.415495764001884149e-01 4.957603923724366177e+04
1.208753597499736188e+01 5.587902159045884387e-01 4.251335855063384224e+04
1.205315206207214906e+01 5.763885082095739909e-01 3.616605706814644509e+04
1.201761384539561028e+01 5.943818050890720128e-01 3.143233867702533826e+04
1.198744377231652081e+01 6.129428438218047503e-01 2.693216935591387664e+04
1.195747528372197799e+01 6.322600315753799105e-01 2.306700574685198444e+04
1.193405493858389121e+01 6.524363534781133511e-01 1.971274904997508565e+04
1.190676430162304200e+01 6.735884718975243546e-01 1.668342602024455482e+04
1.188222281718105755e+01 6.957577370678210693e-01 1.430834667236591304e+04
1.186470562779986437e+01 7.190121158157168901e-01 1.202751798668101583e+04
1.184689936655045450e+01 7.433779232616546384e-01 1.027059695394201117e+04
1.183501932662825773e+01 7.688858603601730346e-01 8.699662989854330590e+03
1.182454149700430079e+01 7.955624283175738443e-01 7.328359308705212243e+03
1.181863521228033775e+01 8.234142395312762375e-01 6.171068512868557264e+03
1.181480475836985811e+01 8.524567020850555288e-01 5.199178103100579392e+03
1.181432021657148468e+01 8.826745263863834401e-01 4.369274985983859551e+03
1.181566494770753195e+01 9.140841582450344172e-01 3.670334073154409907e+03
1.182251029337801818e+01 9.466736278030952745e-01 3.084085560355862981e+03
1.182729459080253065e+01 9.804162632490229790e-01 2.588304296603150306e+03
1.183962444050299112e+01 1.015303186434266314e+00 2.172467067976047929e+03
1.185207384037335387e+01 1.051290102872083132e+00 1.823947649576154390e+03
1.187172810695597214e+01 1.088348145515904530e+00 1.531688970347461009e+03
1.188361565169422640e+01 1.126454154840892397e+00 1.287481848347961432e+03
1.190571736564669436e+01 1.165563132031511850e+00 1.081834990416564779e+03
1.192351192333227061e+01 1.205568535770665806e+00 9.107330004115433439e+02
1.194587532179095213e+01 1.246396441092238572e+00 7.674904491733429950e+02
1.196881533322659585e+01 1.287894690235767747e+00 6.476866961490187578e+02
1.199411226119252127e+01 1.329978936120072452e+00 5.474123387886963883e+02
1.201630358926267483e+01 1.372500304066024635e+00 4.634434106891239935e+02
1.204451723883077641e+01 1.415357205937816998e+00 3.933110099718903143e+02
1.206623891714184538e+01 1.458375759346049794e+00 3.345618683609419008e+02
1.208951591389797109e+01 1.501455663089896531e+00 2.853304385932506193e+02
1.211280907489715375e+01 1.544458821952366945e+00 2.442102619404679160e+02
1.213465081043729299e+01 1.587219725943916915e+00 2.093207358844819623e+02
1.215520247371516760e+01 1.629644248685066632e+00 1.798176227447529243e+02
1.217460441491915013e+01 1.671522542772034381e+00 1.550709696256668906e+02
1.219102295266077363e+01 1.712787439499117825e+00 1.334672072905209461e+02
1.220836827298397331e+01 1.753307251631636143e+00 1.164854870366022936e+02
1.221991003841427492e+01 1.792902349648291427e+00 1.014939061835480771e+02
1.223042265994922850e+01 1.831391049410477923e+00 8.865617470664945188e+01
1.223916573961971288e+01 1.868807489598010463e+00 7.773407677159137563e+01
1.224357445626466045e+01 1.904861029676562456e+00 6.845528056680235807e+01
1.224617728382817816e+01 1.939524381463959557e+00 6.041207165855666972e+01
1.224538775046207029e+01 1.972721841392934383e+00 5.328922300609924889e+01
1.224115762629106996e+01 2.004270011448650912e+00 4.766029193875919390e+01
1.223430143301407647e+01 2.034080239689363800e+00 4.238499259978882350e+01
1.222401816416819287e+01 2.062068050111026896e+00 3.819603255782030971e+01
1.221022025212385387e+01 2.088164827099873389e+00 3.439219294789648274e+01
1.219328464467045237e+01 2.112275571395901608e+00 3.112384868912900515e+01
1.217307082438292554e+01 2.134306053400161662e+00 2.827296781782370516e+01
1.214903931731400988e+01 2.154152852446187705e+00 2.581094541087611915e+01
1.212222279343909115e+01 2.171756697376760581e+00 2.366273266626049576e+01
1.209180880290060323e+01 2.187026245160497151e+00 2.182063034342937513e+01
1.205840145773785821e+01 2.199881024401226348e+00 2.021167984662475803e+01
1.202151109475105173e+01 2.210165820671065706e+00 1.885721910035487880e+01
1.198216458626766290e+01 2.217782777849610198e+00 1.770046023939363877e+01
1.194058274105630169e+01 2.222519146702685688e+00 1.674868622771248639e+01
1.189833733719134656e+01 2.224002444253740052e+00 1.600550994073320155e+01
1.185658141035094104e+01 2.221997330872424570e+00 1.547535493588279820e+01
1.181234039046491269e+01 2.217074503653881923e+00 1.510620189284900938e+01
1.176830130897230298e+01 2.209880840155171278e+00 1.480014899770087844e+01
1.172148886361379461e+01 2.200887712312917355e+00 1.467157589628864045e+01
1.167423167193656397e+01 2.190425444494072504e+00 1.455272216357933246e+01
1.162610821209325529e+01 2.178755828203282618e+00 1.443072457620725402e+01
1.157666690813240251e+01 2.166087568359174487e+00 1.443664671274676081e+01
1.152505086494808495e+01 2.152574622402591231e+00 1.443569610869637287e+01
1.147331025483583034e+01 2.138341062239810686e+00 1.446094597415878624e+01
1.142054932273173229e+01 2.123480877139131806e+00 1.450473872369310868e+01
1.136688374458647743e+01 2.108081042672642180e+00 1.456887999521042332e+01
1.131252185651647046e+01 2.092208020705294658e+00 1.459993871024039613e+01
1.125679410607982511e+01 2.075897585224224962e+00 1.474323927485197316e+01
1.120102269718625898e+01 2.059295373219842684e+00 1.485264734886144034e+01
1.114378419061591252e+01 2.042295262605465123e+00 1.496906773560927917e+01
