1.550982551689759603e+01 2.191799393479931801e-01 3.683552447462830693e+06
1.518963693572371909e+01 2.278129532993972972e-01 3.073897607158598956e+06
1.488453362201866703e+01 2.368539531345498217e-01 2.530598418675041292e+06
1.460737164882357497e+01 2.462692902701558162e-01 2.098466237896969076e+06
1.436237722602102806e+01 2.561067269704422888e-01 1.743127346512145596e+06
1.413677934118307888e+01 2.663703320158196663e-01 1.443165937642173842e+06
1.392697306234108545e+01 2.770706146183291030e-01 1.197695844023968326e+06
1.373510100324890892e+01 2.882166832900011078e-01 9.945582037176623708e+05
1.355842402085561282e+01 2.998130345608157610e-01 8.244491135279547889e+05
1.339886135641267373e+01 3.118911585421582089e-01 6.845994664084566757e+05
1.325771294968381575e+01 3.244009956241852288e-01 5.705459573629698716e+05
1.311565233726220292e+01 3.374075286336025714e-01 4.731890963106873096e+05
1.299246485685265462e+01 3.509085950143343013e-01 3.933527897852776805e+05
1.288012440046290763e+01 3.649152889656515630e-01 3.234888584600470494e+05
1.277294356855686708e+01 3.794113051241784218e-01 2.721480344810143579e+05
1.267879552154863454e+01 3.944128717356075731e-01 2.265938007967906597e+05
1.259261092967017781e+01 4.099422771044612945e-01 1.885057149086031422e+05
1.250900154060327552e+01 4.259805886435028000e-01 1.574012094205510803e+05
1.243451943858518582e+01 4.425255778291568021e-01 1.313006607364351512e+05
1.236717139981600333e+01 4.596341681785404143e-01 1.093918632919562224e+05
1.230371307598999842e+01 4.772264271183246920e-01 9.156774143120534427e+04
1.224686418813633537e+01 4.953397661728154433e-01 7.648361545082357770e+04
1.218999272352387742e+01 5.139772093355230442e-01 6.391251943035735894e+04
1.214552913031754855e+01 5.331379696656487477e-01 5.349845816823370114e+04
1.210066406261653960e+01 5.528163729255086700e-01 4.484776425552448200e+04
1.205899265924141162e+01 5.729802096937545164e-01 3.756913164775342739e+04
1.201957214584397349e+01 5.936603079808766559e-01 3.153743317544116144e+04
1.198456124974569903e+01 6.150700512225506511e-01 2.646976670318013203e+04
1.195112947690940963e+01 6.374777028410216762e-01 2.214277532652288210e+04
1.191928985953164322e+01 6.610451616619501536e-01 1.847556948089496291e+04
1.189450703060511394e+01 6.859046348335202659e-01 1.534119996123590317e+04
1.186792256915633992e+01 7.121451227594788325e-01 1.273243806924828823e+04
1.184871659813096478e+01 7.398294804241015710e-01 1.052101073520153841e+04
1.183401591319444535e+01 7.689930511012907921e-01 8.679920166853611590e+03
1.182178727759168169e+01 7.996704950545285850e-01 7.140551921011580816e+03
1.181525061436560975e+01 8.318970054115354396e-01 5.860072724272581581e+03
1.181048240857773912e+01 8.656622364171120410e-01 4.809671748798955377e+03
1.181201688765977842e+01 9.009765311904858187e-01 3.938232210082506299e+03
1.181515835855426211e+01 9.378339035467850859e-01 3.224552762388910651e+03
1.182077417184898138e+01 9.761991932798994576e-01 2.637454636414496690e+03
1.183233554305087232e+01 1.016050325427837242e+00 2.158301504379189737e+03
1.184702784608148107e+01 1.057340557976032436e+00 1.757838085944960085e+03
1.186547691542693528e+01 1.100019973280006669e+00 1.445092201147330115e+03
1.188440387096787809e+01 1.144048541841477196e+00 1.183853006921831366e+03
1.190980330398164533e+01 1.189319176202632722e+00 9.691948630079929217e+02
1.193069490386642073e+01 1.235786545642627576e+00 7.967890444787952902e+02
1.195685000289874544e+01 1.283344461125637492e+00 6.549865549587556188e+02
1.198558739334612611e+01 1.331922509059875193e+00 5.389971320538719510e+02
1.201445486767445736e+01 1.381389592728343052e+00 4.445960039663285102e+02
1.204062365011369451e+01 1.431665246762453991e+00 3.673173824043406057e+02
1.206971299278294296e+01 1.482627143025619709e+00 3.039830639889582926e+02
1.209822827134051160e+01 1.534142068055442287e+00 2.520442996159819984e+02
1.213097834670539932e+01 1.586032660677340944e+00 2.096095414746312144e+02
1.215743775977216856e+01 1.638087918203980253e+00 1.746639422661708352e+02
1.218528545007271546e+01 1.690141596086980558e+00 1.459513172278694242e+02
1.221482860852822760e+01 1.741964679459812926e+00 1.224789305230216740e+02
1.223692169549614306e+01 1.793386094241847362e+00 1.028721987197869083e+02
1.226069954942879114e+01 1.844177469504927336e+00 8.694881508323597075e+01
1.228191954807235753e+01 1.894190836219614260e+00 7.360420356674129039e+01
1.230070814626095377e+01 1.943219081830144246e+00 6.262503773179913225e+01
1.231704907160245988e+01 1.991125686671554762e+00 5.344037221350542666e+01
1.233045325920454083e+01 2.037704992769724388e+00 4.577921724199286757e+01
1.234085985806260588e+01 2.082877631294097753e+00 3.938056005145211458e+01
1.234861393009091302e+01 2.126422751863624949e+00 3.383219056981884876e+01
1.235210862080575822e+01 2.168254191070233095e+00 2.933652115111919301e+01
1.235293292747340388e+01 2.208286388375859666e+00 2.552852555104097476e+01
1.235009475902483445e+01 2.246382637441144414e+00 2.241008817642885731e+01
1.234356562541505120e+01 2.282502244641583466e+00 1.966579826315897961e+01
1.233355998991248903e+01 2.316522638293182279e+00 1.732825552179951600e+01
1.232005516811964263e+01 2.348426402910117172e+00 1.533349004750237299e+01
1.230356641911184923e+01 2.378170699582313308e+00 1.361104631747769922e+01
1.228303095881543250e+01 2.405714932878746382e+00 1.214203062056962601e+01
1.225930063017486304e+01 2.431033506994713989e+00 1.087284460829002697e+01
1.223189322262630618e+01 2.454138030310982099e+00 9.777737010726536226e+00
1.220136685794311404e+01 2.475005532166627997e+00 8.827468785386470174e+00
1.216745826541260733e+01 2.493692591121731361e+00 8.007632073720566623e+00
1.213096396035574642e+01 2.510192080358008671e+00 7.285450944553878649e+00
1.209102293574402154e+01 2.524542915162783174e+00 6.638135326158407068e+00
1.204878865387424725e+01 2.536754165547498996e+00 6.106458219202180793e+00
1.200304799167349401e+01 2.546878114760254608e+00 5.627333770792260381e+00
1.195524020301370882e+01 2.554947433201415041e+00 5.208049289781471636e+00
1.190520059996118718e+01 2.561020547741688524e+00 4.836091053273088747e+00
1.185307908194098481e+01 2.565140579666159493e+00 4.509373377554279472e+00
1.179878963760143940e+01 2.567370777297006246e+00 4.222543538875419777e+00
1.174171205796673867e+01 2.567772641699349823e+00 3.969086261977158969e+00
1.168354989673856181e+01 2.566428691006760854e+00 3.747609277736320355e+00
1.162390575916570512e+01 2.563385747527245240e+00 3.552964025386638358e+00
1.156334698501006386e+01 2.558754163832805961e+00 3.381710820950208252e+00
1.150088422062649229e+01 2.552590043231495187e+00 3.224100968391212074e+00
1.143767650152347670e+01 2.544979871857152354e+00 3.103144641519842040e+00
1.137473920990961140e+01 2.536007936147732345e+00 2.980979383744074340e+00
1.131089659099663436e+01 2.525780048298393865e+00 2.886553290102646496e+00
1.124738465839114099e+01 2.514380613459996638e+00 2.811452048489615052e+00
1.118388524366073966e+01 2.501920226368381073e+00 2.737660425295996180e+00
1.112158137788402890e+01 2.488517881759893413e+00 2.691453673300314264e+00
1.105981770581918688e+01 2.474305369917051411e+00 2.644763232113553020e+00
1.100068712105803215e+01 2.459448617168202400e+00 2.622177512311326453e+00
1.094350128306677306e+01 2.444161649828527683e+00 2.606939172718362840e+00
1.089142248417167202e+01 2.428818169037309183e+00 2.600238093004401119e+00
1.084601155482755352e+01 2.414393281576445283e+00 2.617713161844492209e+00
