1.510646317623783297e+01 2.383731302914612049e-01 2.423116349867075216e+06
1.469770860441376570e+01 2.522139162680080982e-01 1.847353416492372518e+06
1.434512153327103867e+01 2.666475174065187637e-01 1.415923007009884110e+06
1.403943650886042072e+01 2.816765662881323129e-01 1.090771266781920567e+06
1.377320677976793739e+01 2.973035616317528662e-01 8.442562567134945421e+05
1.354044281636902625e+01 3.135302323170711669e-01 6.564189641405032016e+05
1.333622102550484279e+01 3.303583685158129057e-01 5.125315691519370885e+05
1.315647968208872065e+01 3.477890799133585009e-01 4.018317414010056527e+05
1.299783529523197600e+01 3.658220096363219431e-01 3.162606993048381410e+05
1.285744195430040016e+01 3.844572373030394341e-01 2.498295188421376515e+05
1.273289656476687526e+01 4.036927339483021293e-01 1.980568376856402028e+05
1.262216024578760099e+01 4.235259592479175828e-01 1.575481442363557580e+05
1.252347712608789720e+01 4.439531038454353484e-01 1.257330028259979299e+05
1.243532497076754595e+01 4.649691639231560147e-01 1.006581345874411345e+05
1.235639780812761224e+01 4.865680031098345570e-01 8.082662896224430006e+04
1.228554621911649036e+01 5.087406573991226644e-01 6.509310272797906509e+04
1.222175650562264337e+01 5.314776769296478687e-01 5.257042619675897731e+04
1.216414239027426625e+01 5.547670879385562248e-01 4.257307872703386238e+04
1.211192342745685657e+01 5.785972300970184667e-01 3.456832916163368645e+04
1.206439238370004929e+01 6.029396647042691848e-01 2.814353725226554889e+04
1.202088182321057985e+01 6.277025676526220010e-01 2.298383330942065732e+04
1.198064542353157336e+01 6.527673622012981625e-01 1.883622406721106381e+04
1.194289284933554285e+01 6.780081336416730053e-01 1.549752625035722122e+04
1.190681764803566089e+01 7.032776723882262493e-01 1.280527076860987290e+04
1.187155871695876996e+01 7.283134463069697029e-01 1.063673376167403512e+04
1.183607237521199806e+01 7.527218133611717210e-01 8.895483910023278440e+03
1.179905496635923967e+01 7.759204017253416019e-01 7.507392840718424850e+03
1.175895298993503602e+01 7.968499883147065477e-01 6.424233609483620057e+03
1.171448533087449206e+01 8.114746911628177850e-01 5.699331541399657908e+03
1.165571424046926552e+01 8.218529916687773440e-01 5.135055304376510321e+03
1.158462870576567560e+01 8.325054982400698078e-01 4.580446515127694511e+03
1.150512313826455824e+01 8.442393615342056457e-01 4.037575702184164584e+03
1.142008301027650496e+01 8.574316557641973313e-01 3.517111593686855031e+03
1.133183345324308178e+01 8.722789286277448095e-01 3.030030048628400891e+03
1.124230225884824108e+01 8.888799537556082431e-01 2.584508181292319023e+03
1.115308553400600111e+01 9.072674346572695558e-01 2.185317946728168408e+03
1.106547090120544219e+01 9.274279194210881538e-01 1.834147440530308586e+03
1.098046580584086840e+01 9.493144385482295000e-01 1.530108017653051093e+03
1.089882240335730401e+01 9.728552738300556557e-01 1.270353422876246213e+03
1.082106124399607339e+01 9.979583099663251744e-01 1.050894887742826995e+03
1.074751170246642573e+01 1.024520391533398467e+00 8.671395776277988716e+02
1.067833582225899036e+01 1.052429839819744251e+00 7.143640128993765757e+02
1.061355987240665755e+01 1.081566584358971461e+00 5.880628454299790064e+02
1.055310507570161782e+01 1.111809197080202649e+00 4.840730848290203880e+02
1.049681225263788953e+01 1.143033692346199892e+00 3.986889638884575788e+02
1.044446506179061984e+01 1.175109325903451074e+00 3.287221416486665930e+02
1.039578757265121567e+01 1.207889385240066726e+00 2.714687643273890671e+02
1.035046403651943692e+01 1.241230144203272268e+00 2.246383066973908740e+02
1.030814366612961308e+01 1.274993004773770977e+00 1.863173162640096336e+02
1.026847257746078235e+01 1.309043922198109833e+00 1.549268442500839171e+02
1.023109546816050575e+01 1.343255272242039888e+00 1.291770163255744421e+02
1.019566836967557499e+01 1.377503921840083523e+00 1.080143740335292790e+02
1.016186104958281078e+01 1.411674873469140890e+00 9.058242038971405918e+01
1.012936141474579088e+01 1.445656656824024333e+00 7.619239750612851481e+01
1.009787357841095101e+01 1.479343887716009887e+00 6.428082768306667560e+01
1.006712970231265736e+01 1.512638554759447196e+00 5.439775024140634940e+01
1.003687132763262113e+01 1.545445836805172890e+00 4.617239442400262561e+01
1.000687439098645015e+01 1.577678889042728905e+00 3.930977193802279146e+01
9.976920463140624307e+00 1.609253167380414906e+00 3.356800536472472629e+01
9.946823626316506406e+00 1.640088789185755624e+00 2.874997935289792039e+01
9.916384803162836548e+00 1.670081444802116177e+00 2.469882051038921134e+01
9.885429842601581640e+00 1.699128578639915510e+00 2.128579666923526048e+01
9.853734253516655883e+00 1.727118215899113629e+00 1.840341031788665660e+01
9.821116784451975334e+00 1.753954869337025269e+00 1.596367014857588984e+01
9.787380265049089090e+00 1.779539170802063142e+00 1.389361399303866484e+01
9.752343091244675577e+00 1.803779540549169447e+00 1.213330064825715482e+01
9.715830036273253256e+00 1.826588874868990242e+00 1.063242026083512570e+01
9.677680779082368900e+00 1.847884648553262288e+00 9.349715707783641250e+00
9.637734358197715068e+00 1.867587036640158571e+00 8.251047949947061255e+00
9.595848400286143942e+00 1.885622475843333312e+00 7.307900319233943343e+00
9.551890255148986597e+00 1.901919917849242969e+00 6.496334006713273546e+00
9.505733755191389633e+00 1.916412855787856140e+00 5.796673525432687768e+00
9.457263313075261024e+00 1.929037796335661525e+00 5.192258466881046530e+00
9.406381196836029801e+00 1.939735467364013477e+00 4.669414930520659368e+00
9.352995477568171623e+00 1.948449155551849277e+00 4.216339574763626530e+00
9.297030601043934084e+00 1.955125423555774455e+00 3.823430941637182556e+00
9.238429548035670180e+00 1.959714119831469370e+00 3.482442517899116297e+00
9.177150146413010745e+00 1.962168016026924144e+00 3.186566894823574358e+00
9.113169407280768297e+00 1.962442383759748221e+00 2.929998881419106027e+00
