1.550982551689759603e+01 2.191799393479931801e-01 3.683552447462830693e+06
1.523401749192297139e+01 2.262130959830994936e-01 3.155209410654356238e+06
1.500296533527629883e+01 2.334886908067071443e-01 2.729774192632345483e+06
1.475801038553985478e+01 2.410554573659418887e-01 2.320854616120555904e+06
1.455599097438171263e+01 2.488647287905932926e-01 2.006657875351903494e+06
1.435146351673954257e+01 2.569651428231717327e-01 1.721326270683598239e+06
1.415157206414748714e+01 2.653484733089920833e-01 1.472987900212784763e+06
1.399035012678985090e+01 2.740221881483988486e-01 1.263889782512569102e+06
1.382409729444132651e+01 2.829927947817736378e-01 1.083130902241415810e+06
1.367009610362308614e+01 2.922692382467330652e-01 9.309309999010311440e+05
1.353270066624784107e+01 3.018477225088683769e-01 7.982166187781454064e+05
1.339648162535082143e+01 3.117104290658739285e-01 6.864088754075284814e+05
1.327951856053454094e+01 3.219079072892980231e-01 5.909884848036965122e+05
1.317021346231767964e+01 3.324276667549561637e-01 5.075001892549218028e+05
1.305906534294090271e+01 3.432702575367820308e-01 4.362252735775418696e+05
1.296263019111659531e+01 3.544403228467961631e-01 3.751123696734614787e+05
1.287417858878161958e+01 3.659419094534293593e-01 3.226424180008310359e+05
1.278471114865981129e+01 3.777912298823236648e-01 2.779034878951602732e+05
1.270406541043772997e+01 3.899542351890624148e-01 2.386514394510768179e+05
1.263204017299490722e+01 4.024889895919536165e-01 2.056741160987631592e+05
1.256271094510807096e+01 4.153455832824262117e-01 1.771407442906575743e+05
1.249737185280807061e+01 4.285496029334421308e-01 1.529262265111591259e+05
1.243696445246156834e+01 4.421012097501884064e-01 1.318465233768333273e+05
1.238046777924919795e+01 4.560138893056742138e-01 1.137172549097474985e+05
1.233100459677888594e+01 4.702915022226094033e-01 9.708733755367608683e+04
1.227911152361413016e+01 4.848683373571293642e-01 8.478951055332504620e+04
1.223266164047068472e+01 4.998209882297711681e-01 7.236614958024016232e+04
1.219070672085613616e+01 5.151128851865358627e-01 6.333248349304011208e+04
1.215336912506579381e+01 5.307553112564793452e-01 5.461759424433125969e+04
1.211284204373031947e+01 5.467422884258086313e-01 4.725355109967924363e+04
1.207891323199192257e+01 5.630754060422513696e-01 4.091994412316806120e+04
1.204639634154649386e+01 5.797053128597119409e-01 3.551698516685966752e+04
1.201431094535501565e+01 5.967363764887509969e-01 3.075215698197038364e+04
1.198445824530940840e+01 6.143229319464448279e-01 2.660137233045956236e+04
1.195582216966690048e+01 6.326672968585816959e-01 2.300569071139763764e+04
1.193298728943072717e+01 6.518168125422735271e-01 1.981498437368524174e+04
1.190947924771589861e+01 6.719040738493379239e-01 1.686869470394663222e+04
1.188816013255413040e+01 6.929602073418490438e-01 1.460906783002976044e+04
1.186925224449358574e+01 7.150410423258704018e-01 1.248849159388567568e+04
1.185496195631754013e+01 7.381827039994147688e-01 1.066831243806942257e+04
1.184248826802710575e+01 7.624054709030065879e-01 9.089514178059067490e+03
1.183376932866971032e+01 7.877375946536653295e-01 7.733040203445500083e+03
1.182796002131914292e+01 8.141731862262600039e-01 6.562463420252558535e+03
1.182444193747184435e+01 8.417424393318856390e-01 5.578380227436040514e+03
1.182238915166597160e+01 8.704476875043732909e-01 4.719750755811419367e+03
1.182796636946132729e+01 9.002750280707504382e-01 3.995619000962378323e+03
1.183201889329838430e+01 9.312346502547156346e-01 3.383498401202338755e+03
1.184010723766562911e+01 9.632947176186421601e-01 2.857986309088894814e+03
1.185163317709420028e+01 9.964683353896021112e-01 2.416437130553833867e+03
1.186311488634805755e+01 1.030707878655413134e+00 2.045350086607531921e+03
1.188554988423560310e+01 1.066010076078978130e+00 1.728173440047876056e+03
1.189889216918563974e+01 1.102330820513078846e+00 1.463247856415791603e+03
1.191906455632476813e+01 1.139653607629534715e+00 1.229333146058895863e+03
1.194116763701446260e+01 1.177935327459957104e+00 1.048575210632341395e+03
1.196416568319703977e+01 1.217109201650766748e+00 8.890150217799507573e+02
1.198874214808361494e+01 1.257159777934163669e+00 7.535567259215713420e+02
1.201792614267235493e+01 1.298030157084655523e+00 6.399543568458742584e+02
1.204238288201535845e+01 1.339664607934141438e+00 5.437780257323532851e+02
1.207110471503904314e+01 1.381990873870454939e+00 4.626980115924231427e+02
1.210323474117772946e+01 1.424975246375774107e+00 3.939112540874219235e+02
1.213251452255050467e+01 1.468527037607638475e+00 3.359215854874055367e+02
1.216270419814443571e+01 1.512570813543985038e+00 2.867527199085513985e+02
1.219058698653857853e+01 1.557061033616162327e+00 2.455135873951434178e+02
1.221978448338366263e+01 1.601837328411974015e+00 2.103767294904142489e+02
1.224993042654260833e+01 1.646785860064787332e+00 1.805117868859252042e+02
1.227957250257384025e+01 1.691790083527415112e+00 1.552968821737948417e+02
1.230804593605611608e+01 1.736721594057597073e+00 1.338695514685566650e+02
1.233574166463502308e+01 1.781427579084981838e+00 1.156772247003292762e+02
1.236234926875648021e+01 1.825791984590154238e+00 1.001470548272534131e+02
1.238678813685209690e+01 1.869693647533448022e+00 8.696594794048118615e+01
1.241142346870882385e+01 1.912986591502279454e+00 7.571886369576444054e+01
1.243218112225935990e+01 1.955559440225308476e+00 6.610156042349737504e+01
1.245255798850999618e+01 1.997291693205056173e+00 5.756493372441859435e+01
1.246979248286402076e+01 2.037995153478611154e+00 5.080662740759087370e+01
1.248543255003436059e+01 2.077631116229405883e+00 4.480039212912178925e+01
1.249835968816456422e+01 2.115986996668907327e+00 3.955797991305365002e+01
1.250848491939803786e+01 2.153052780744094896e+00 3.506616402822122325e+01
1.251666435910878583e+01 2.188584695840945393e+00 3.119146089491198381e+01
1.252087670152946508e+01 2.222514282348182046e+00 2.784382198316038171e+01
1.252295504776022916e+01 2.254740250368176380e+00 2.494330329359927845e+01
1.252102760490478950e+01 2.285130673534228496e+00 2.243911556251293149e+01
1.251643825651778741e+01 2.313512423132548790e+00 2.025669232641383388e+01
1.250829084808078306e+01 2.339791408366117320e+00 1.837771208187978900e+01
1.249700187011814911e+01 2.363787990874436140e+00 1.675396859678667028e+01
1.248144681811244183e+01 2.385314469806673277e+00 1.533478845864063622e+01
1.246302722410827712e+01 2.404117942735040092e+00 1.413156526095559506e+01
1.244054408003839995e+01 2.419826270711939564e+00 1.310811972651898394e+01
1.241445668301470562e+01 2.431644063724091698e+00 1.228164626112460134e+01
1.238547309521407591e+01 2.437188382742109027e+00 1.172559618686166161e+01
1.235462419915727494e+01 2.436658437310896819e+00 1.139027110912453544e+01
1.232107263953182041e+01 2.431838324585359867e+00 1.121391505354681151e+01
1.228573747740064981e+01 2.424041491347988853e+00 1.112694715494927955e+01
1.224905234786772112e+01 2.414162317051001594e+00 1.110810193148182456e+01
1.221292821133528683e+01 2.402806882812745126e+00 1.115335836031011318e+01
1.217599347513011132e+01 2.390385046211856324e+00 1.123578416818883596e+01
1.213973452490430205e+01 2.377248852893377506e+00 1.134884744571060011e+01
1.210247567683911818e+01 2.363551755450056024e+00 1.145643161814175848e+01
1.206641388263780179e+01 2.349511603598410936e+00 1.165141556827473757e+01
1.203091074814649097e+01 2.335281967529980296e+00 1.183165036980632401e+01
1.199590335896016313e+01 2.320752415617323372e+00 1.203518968152943280e+01
