1.550982551689759603e+01 2.191799393479931801e-01 3.683552447462830693e+06
1.515363254900367984e+01 2.287001348531919609e-01 2.991204785296807066e+06
1.484007186905368236e+01 2.386666338698219814e-01 2.443129331345740240e+06
1.453377787987653491e+01 2.491393616977789771e-01 1.981430552646018332e+06
1.426895288623763314e+01 2.601095226700572138e-01 1.616015844126214273e+06
1.402714835268809246e+01 2.715991056690207905e-01 1.315668371984944446e+06
1.380878774436490453e+01 2.836202174359665484e-01 1.072590874992966885e+06
1.361724444397577827e+01 2.961888048080069669e-01 8.741195334662325913e+05
1.342910129421044374e+01 3.092932462947970418e-01 7.129862492845393717e+05
1.327327380342645391e+01 3.229769974371039520e-01 5.819396725284557324e+05
1.311665005138611129e+01 3.372419136352773905e-01 4.742303886182363494e+05
1.297967460445590859e+01 3.520974491089157721e-01 3.876698276260200073e+05
1.285900320919275508e+01 3.675443600357086726e-01 3.166031922974624904e+05
1.274576945886289892e+01 3.836217938465217303e-01 2.557453511934902344e+05
1.264249220522725103e+01 4.002877766240249824e-01 2.113331943532684236e+05
1.255037709053097572e+01 4.175865699136488973e-01 1.730050736154539045e+05
1.246506118315820721e+01 4.355341881324475972e-01 1.415109956786848197e+05
1.238933868436600783e+01 4.540649577435881268e-01 1.159337692440329556e+05
1.231656789628299364e+01 4.732645887997221634e-01 9.515696308219218918e+04
1.225332804866245873e+01 4.930712460712987633e-01 7.819005945001049258e+04
1.219465647602106451e+01 5.135048938002101382e-01 6.408400818010782677e+04
1.214176157611780127e+01 5.345717924693114131e-01 5.282006270515127108e+04
1.209339314619639971e+01 5.562631582510679795e-01 4.349338810839421785e+04
1.204867382922097008e+01 5.785423534932416789e-01 3.552017691142707190e+04
1.200693478610561549e+01 6.014950292955271172e-01 2.957172149212161457e+04
1.196560068619708872e+01 6.255868229595528129e-01 2.431899068172533953e+04
1.193383349859362497e+01 6.511271641428746371e-01 1.993294118023115152e+04
1.190233952874926437e+01 6.783290513991305781e-01 1.624674265462031690e+04
1.187660020490982760e+01 7.073318090817035664e-01 1.318251832993571770e+04
1.185451942181990681e+01 7.382254409553746788e-01 1.068409119353548886e+04
1.183935301717486155e+01 7.710817240680578610e-01 8.602835252398901503e+03
1.182953828187354084e+01 8.059467877566079963e-01 6.903742680842623486e+03
1.182533016369633216e+01 8.428492386010836279e-01 5.538463521354938166e+03
1.182574085373563477e+01 8.817966274471137345e-01 4.426157486952190993e+03
1.183093685907826043e+01 9.227913623872532334e-01 3.537452005913900393e+03
1.184194462841542617e+01 9.658102276581788104e-01 2.810780771752111832e+03
1.185819891164378959e+01 1.010826614508529619e+00 2.251018816904229880e+03
1.187619118412991348e+01 1.057766823486476548e+00 1.798157236236321523e+03
1.190241266511076290e+01 1.106583076309887836e+00 1.435295236446894251e+03
1.192980379622801124e+01 1.157197981620579297e+00 1.148183185802240132e+03
1.196124242923000125e+01 1.209517874644270297e+00 9.179444174267235894e+02
1.199597631547087673e+01 1.263402346722197755e+00 7.349602595058669294e+02
1.203113535659020350e+01 1.318772868006961030e+00 5.904550528970473806e+02
1.206878318645742709e+01 1.375458476184147072e+00 4.748921071319720681e+02
1.210732737650147328e+01 1.433347393836658767e+00 3.825965503448163645e+02
1.215008252952499035e+01 1.492236331792307524e+00 3.090202442178649562e+02
1.219132639707336629e+01 1.551961453976180128e+00 2.501752337643070234e+02
1.223091757321964046e+01 1.612237357926582515e+00 2.030851824176943126e+02
1.227128010093060873e+01 1.672805926417173961e+00 1.656801555603068152e+02
1.230873912098718215e+01 1.733408945256331268e+00 1.355172522374586492e+02
1.234512161161141819e+01 1.793789518159499163e+00 1.113831698520361897e+02
1.238257273121229574e+01 1.853656467869693403e+00 9.172146170807418741e+01
1.241487191051745853e+01 1.912786788052479814e+00 7.598291949290248226e+01
1.244573880278103317e+01 1.970919016461927464e+00 6.318084271180430278e+01
1.247247340540682714e+01 2.027823473019252809e+00 5.281691658511922327e+01
1.249661819426750853e+01 2.083298318002888561e+00 4.430148862629244633e+01
1.251785347173935392e+01 2.137093164311933524e+00 3.737050819386268330e+01
1.253411789366213114e+01 2.189090627053616789e+00 3.162961980742429446e+01
1.254708478706688268e+01 2.239035652260652043e+00 2.690451772824970078e+01
1.255512294522226568e+01 2.286859007383502451e+00 2.299775151920213645e+01
1.256018752657749715e+01 2.332395867667426792e+00 1.975848912716420003e+01
1.256032667959181559e+01 2.375517177408198677e+00 1.705473723177268752e+01
1.255613631585079659e+01 2.416172309094604564e+00 1.479322251062465909e+01
1.254770142823376666e+01 2.454266162133383222e+00 1.288378107539875828e+01
1.253519614255071524e+01 2.489755416592537962e+00 1.128464754633618661e+01
1.251859551307581420e+01 2.522605752974178550e+00 9.924513160265147960e+00
1.249782374073209290e+01 2.552806272725049563e+00 8.769513982789153062e+00
1.247254191380707411e+01 2.580369502617790189e+00 7.786716051014205497e+00
1.244327769302830866e+01 2.605287482650487263e+00 6.944558539938611830e+00
1.241041974295229444e+01 2.627591077524433327e+00 6.201233373918672243e+00
1.237414024238970178e+01 2.647340788932676325e+00 5.588586044094887129e+00
1.233416978987496826e+01 2.664575481645158561e+00 5.062299985836155258e+00
1.229117993814375964e+01 2.679357961827574908e+00 4.597448097500943298e+00
1.224479636350506873e+01 2.691759965867562165e+00 4.192493969654729646e+00
1.219561073533263773e+01 2.701867540744861795e+00 3.841270809123944474e+00
1.214346501045049997e+01 2.709753462679129754e+00 3.533757365991391897e+00
1.208873595994485761e+01 2.715510350827201602e+00 3.263384886973719645e+00
1.203204011911321913e+01 2.719234599784270845e+00 3.018269068615848205e+00
1.197287679148532291e+01 2.721002104131862165e+00 2.817959488042443450e+00
1.191161848048311178e+01 2.720896377163996238e+00 2.626412855141837976e+00
1.184911637890905212e+01 2.718989895884322383e+00 2.474151699858491593e+00
1.178455052158486893e+01 2.715374596860967493e+00 2.330646163741239452e+00
1.171902225363904471e+01 2.710108250668901597e+00 2.202524482867851408e+00
1.165251698164266969e+01 2.703309261547382825e+00 2.097447788557124770e+00
1.158545415717433791e+01 2.695044027639226236e+00 1.997594467010247232e+00
1.151720919787714159e+01 2.685401537293051089e+00 1.920709234663043219e+00
1.144853057422038489e+01 2.674482929079411431e+00 1.846607228237375553e+00
1.137979966283164757e+01 2.662387398439326702e+00 1.784044156098694378e+00
1.131125443001438668e+01 2.649196109911504671e+00 1.728071879038622916e+00
1.124296457329883836e+01 2.635023406197626983e+00 1.683490761941375258e+00
1.117501810660160544e+01 2.619966139663074234e+00 1.646877825464165834e+00
1.110811207077986218e+01 2.604130160996311005e+00 1.617068242143603563e+00
1.104198109549752616e+01 2.587626586102323323e+00 1.597924884130092149e+00
1.097764524100406014e+01 2.570570510617531834e+00 1.578808121022657218e+00
1.091516184857335503e+01 2.553100619387242087e+00 1.569815503691467606e+00
1.085464480391376085e+01 2.535351525183838550e+00 1.569817279318059366e+00
1.079690332614139869e+01 2.517500361936341413e+00 1.569421602051775722e+00
1.074302314261912983e+01 2.499767553009045518e+00 1.579152065745525357e+00
1.069309815598742830e+01 2.482442871761888714e+00 1.598267906466055210e+00
1.064920100749530540e+01 2.466114659328414671e+00 1.614034916561740474e+00
