1.550982551689759603e+01 2.191799393479931801e-01 3.683552447462830693e+06
1.516812620447300475e+01 2.280882586408946033e-01 3.033684205049742479e+06
1.485957187055520556e+01 2.374148995913656079e-01 2.500715997031874023e+06
1.460844139671142550e+01 2.471646550932481423e-01 2.076611372054672567e+06
1.433078198736252418e+01 2.573550425715275258e-01 1.702954586699361214e+06
1.410195245336204017e+01 2.679980949771706977e-01 1.405060931182432454e+06
1.389168185813556278e+01 2.791065419365041378e-01 1.156656154018195346e+06
1.372623738408233862e+01 2.906927683862190470e-01 9.537772699640439823e+05
1.351849835541829492e+01 3.027589093461520720e-01 7.863008526124249911e+05
1.336262693478297514e+01 3.153082993711651683e-01 6.500145034443924669e+05
1.321006381356752257e+01 3.283790702339002832e-01 5.373248233935378958e+05
1.307220337782170105e+01 3.419477847550964067e-01 4.448919906912358711e+05
1.295222287964170427e+01 3.560795811030780245e-01 3.634823301379234181e+05
1.283520840300964139e+01 3.706746475093744553e-01 3.037693339876144310e+05
1.273019513305572836e+01 3.858442535539031160e-01 2.514919624554430775e+05
1.263718609749011179e+01 4.015634058052320876e-01 2.078884539358166221e+05
1.254174138007305572e+01 4.178090469776296056e-01 1.726506905484103190e+05
1.246885921829512966e+01 4.346266669198122767e-01 1.430756060376926034e+05
1.239661131745410039e+01 4.519838085061949617e-01 1.186818846119919326e+05
1.232972875597581819e+01 4.699134186300531479e-01 9.850821082843041222e+04
1.226789260075502064e+01 4.883887417519306440e-01 8.179067918244091561e+04
1.221275880648825840e+01 5.073940032066497352e-01 6.804057846321864054e+04
1.215887132370310120e+01 5.269689686521517036e-01 5.670177799422742828e+04
1.211386699698177871e+01 5.470950087902795023e-01 4.714059644817280059e+04
1.206841836348814212e+01 5.677715282569454347e-01 3.930219469511505304e+04
1.202851397205910722e+01 5.889380792292221445e-01 3.277871439736468164e+04
1.199034244600824017e+01 6.109721493285332761e-01 2.733906360923968896e+04
1.195637861996932827e+01 6.342591968249167156e-01 2.270936830994899719e+04
1.192479450360454152e+01 6.590500153010747653e-01 1.875852683567006170e+04
1.189781492310270750e+01 6.855251675127808086e-01 1.543893714371221358e+04
1.187549099244576034e+01 7.137730210665378383e-01 1.265829840076572509e+04
1.185972575273714469e+01 7.438763137170109063e-01 1.021061267426073391e+04
1.184430934787977918e+01 7.758691802973334273e-01 8.386431006491186054e+03
1.183863444518334873e+01 8.098058666146994433e-01 6.787920697573430516e+03
1.183721347960961978e+01 8.457198022087313305e-01 5.493974135968230257e+03
1.184301992704873108e+01 8.836070193095820757e-01 4.432574103652261329e+03
1.185019872564162746e+01 9.234704041594107293e-01 3.576517379894325586e+03
1.186752477392899330e+01 9.652979901776750360e-01 2.876497663752595145e+03
1.188476796294959392e+01 1.009061687229345639e+00 2.318806904173251951e+03
1.190747075520339493e+01 1.054719588765495430e+00 1.865565673579115582e+03
1.193593960983024793e+01 1.102222956792983322e+00 1.501915517792612263e+03
1.196767156162716894e+01 1.151500418177138219e+00 1.210754880151273710e+03
1.200226254236978463e+01 1.202424938457874681e+00 9.761995694652717930e+02
1.203938045857852934e+01 1.254848088492909630e+00 7.886022602689037058e+02
1.207910827041205870e+01 1.308564863787085475e+00 6.391263075082496243e+02
1.212205522223037057e+01 1.363391262649070956e+00 5.185475467911204532e+02
1.216363901541877013e+01 1.419118928814558034e+00 4.221784401218802145e+02
1.220661016087012385e+01 1.475540414578643045e+00 3.446325672640293192e+02
1.224965658103814192e+01 1.532422633812640544e+00 2.823595218548746857e+02
1.229192801900558329e+01 1.589531991507846964e+00 2.321602137748022017e+02
1.233426835593002124e+01 1.646634194364400727e+00 1.916037814502003300e+02
1.237296513547210886e+01 1.703441076850000790e+00 1.586639187870984244e+02
1.241062362275757458e+01 1.759777568615181753e+00 1.320715333362469153e+02
1.244653190901696682e+01 1.815356429904781743e+00 1.103291653963315753e+02
1.247906585810682678e+01 1.869946013024068154e+00 9.259199039369075024e+01
1.250778925140492426e+01 1.923305380234285655e+00 7.810869473555325726e+01
1.253327601276216186e+01 1.975293604174794604e+00 6.609329515403027244e+01
1.255501705984768179e+01 2.025494808131101721e+00 5.627599138472807994e+01
1.257267793009382828e+01 2.073850249393450529e+00 4.810460158678977649e+01
1.258531351150099908e+01 2.120048888688166322e+00 4.140138749765111470e+01
1.259430491199728230e+01 2.164017014782276593e+00 3.578034378234878687e+01
1.259816436529043138e+01 2.205477529330190478e+00 3.111093473542841181e+01
1.259721674310479678e+01 2.244299156928630801e+00 2.714319612924560943e+01
1.259090738876736992e+01 2.280322039397224554e+00 2.385745287778688350e+01
1.258009898534914583e+01 2.313394005356533611e+00 2.109188651279641746e+01
1.256327438773976723e+01 2.343344372112695861e+00 1.875466955330233887e+01
1.254210488299980319e+01 2.370029971052078022e+00 1.677736587784989908e+01
1.251508707727254688e+01 2.393319257684302315e+00 1.511429931604263999e+01
1.248342492157524752e+01 2.413051509099932712e+00 1.371339830019163841e+01
1.244636308157182292e+01 2.429005610081850897e+00 1.254069031219835928e+01
1.240479610046598502e+01 2.440943782032349407e+00 1.156674028872849114e+01
1.235829670058313212e+01 2.448460062799250547e+00 1.078715089360124679e+01
1.231091490853021142e+01 2.450537702298614118e+00 1.023453600129055374e+01
1.226013747598729609e+01 2.446537038578389112e+00 9.880372225979000333e+00
1.220145929990560063e+01 2.439502324754181828e+00 9.530410144148399709e+00
1.213687578959874358e+01 2.430418549183642085e+00 9.261195932999276792e+00
1.206728877263928368e+01 2.419780247499453196e+00 8.982509464690441092e+00
1.199401784875761301e+01 2.407952870773301335e+00 8.710690041036775355e+00
1.191756794640116190e+01 2.395108211381225427e+00 8.449791123222754052e+00
1.183807493213729423e+01 2.381469052744555892e+00 8.197724383814472660e+00
1.175608468253954619e+01 2.367166852798423093e+00 7.956931141228414717e+00
1.167215562078577484e+01 2.352311617902465901e+00 7.712961141168865886e+00
1.158605129121476196e+01 2.337024401052781641e+00 7.462872012828288604e+00
1.149874693504271050e+01 2.321376063104497067e+00 7.252302696343310373e+00
1.141030972733327431e+01 2.305445466277684208e+00 7.005342899815043545e+00
1.132088260714366079e+01 2.289294558085690490e+00 6.809839231584541963e+00
1.123144805628505161e+01 2.272986367836881350e+00 6.580867764636868067e+00
1.114141130843101024e+01 2.256533613538560079e+00 6.400864917343497495e+00
1.105255050260448435e+01 2.239979373573286470e+00 6.215294052127318558e+00
1.096338447703645613e+01 2.223316664113036190e+00 6.034175681838596539e+00
1.087586823859376040e+01 2.206554727198510424e+00 5.851044069828073013e+00
1.078855623389825347e+01 2.189719453203712085e+00 5.709746902492606857e+00
1.070280351015413700e+01 2.172820707734509416e+00 5.550101756053198443e+00
1.061821021310336199e+01 2.155847815212188046e+00 5.434111010898988958e+00
1.053518197383640853e+01 2.138824433487792387e+00 5.315066821550105125e+00
1.045440810451134084e+01 2.121779498670206543e+00 5.201698635782668667e+00
1.037443878137441722e+01 2.104681492336220927e+00 5.118158181915823057e+00
1.029684029287349567e+01 2.087599008587290861e+00 5.022298511838822144e+00
1.022139801931868419e+01 2.070539629881966270e+00 4.955363939346430158e+00
1.014841705430463215e+01 2.053499794657168032e+00 4.910555054633165106e+00
