1.550982551689759603e+01 2.191799393479931801e-01 3.683552447462830693e+06
1.521839816040127324e+01 2.285697969365773630e-01 3.066267686704309657e+06
1.483537850987922013e+01 2.383996617064285672e-01 2.446736702271826100e+06
1.454425266200830436e+01 2.487209679440351706e-01 2.005398188159192912e+06
1.427875331134542236e+01 2.595256998142467797e-01 1.632360783795647090e+06
1.404911548622743567e+01 2.708343387201148089e-01 1.334077889006855432e+06
1.382824081061848354e+01 2.826616963533226667e-01 1.092870757598249242e+06
1.363114268674733509e+01 2.950101657911608499e-01 8.907694228990401607e+05
1.345500067010667777e+01 3.079259847334124833e-01 7.270439922560630366e+05
1.328328626612971419e+01 3.213506018164461464e-01 5.956098916909054387e+05
1.313500074485469504e+01 3.353517427227407088e-01 4.874076019252006081e+05
1.299990058396243420e+01 3.499297757405384068e-01 3.985333457724470063e+05
1.287818899299407782e+01 3.650997294653359204e-01 3.267692948042778298e+05
1.276328888204564649e+01 3.808651483871043353e-01 2.673952964857552433e+05
1.266461379429493306e+01 3.972142265220685031e-01 2.203780037590618304e+05
1.256727590569364850e+01 4.141521152115434923e-01 1.797111519885200833e+05
1.248223530948380855e+01 4.317230296523281163e-01 1.476194539938536764e+05
1.240719553685103449e+01 4.499187427082330659e-01 1.213505420080206386e+05
1.233323536711528057e+01 4.687122497348678030e-01 9.965635818525509967e+04
1.226888868643393593e+01 4.881227180235287455e-01 8.209961024782492314e+04
1.220999847924957926e+01 5.081207887953161917e-01 6.752990398071589880e+04
1.215560722470196708e+01 5.287478732311342577e-01 5.565696651274497708e+04
1.210543831921932245e+01 5.499841674450437479e-01 4.605069986153406353e+04
1.206189412757889201e+01 5.718003474496280436e-01 3.793283215780564205e+04
1.201767010190384610e+01 5.942336376366161854e-01 3.139822583626400228e+04
1.197970982763650660e+01 6.177865655136104417e-01 2.588738969896223716e+04
1.194533284222918113e+01 6.428969142794824787e-01 2.110867166107831508e+04
1.191376656451455673e+01 6.698374505435001902e-01 1.715041192486271393e+04
1.188707307828656923e+01 6.987382176413110546e-01 1.407886119301062536e+04
1.186511451802304329e+01 7.297163281820862046e-01 1.126624898446193038e+04
1.185245194232733468e+01 7.628459964988003605e-01 9.128046167232667358e+03
1.184425109384523722e+01 7.981824678458271372e-01 7.310019523289721292e+03
1.184143435223880303e+01 8.357604340042333879e-01 5.840002849037246051e+03
1.184643160362759318e+01 8.756008026801022082e-01 4.653693783251898822e+03
1.185719978567825805e+01 9.177009752530621567e-01 3.702693370569204944e+03
1.187228535355141013e+01 9.620635483985217062e-01 2.946096343395692656e+03
1.189393091404275005e+01 1.008591987513424826e+00 2.339282792819051792e+03
1.192104214752610325e+01 1.057167983931013966e+00 1.858710617034138295e+03
1.195214810029955466e+01 1.107663964666410594e+00 1.480894888442690217e+03
1.198813798554651200e+01 1.159880556183179534e+00 1.179343681498340402e+03
1.202587157354387593e+01 1.213652344726180887e+00 9.418286772159260636e+02
1.206599761795955850e+01 1.268769538883781633e+00 7.546002285568087018e+02
1.210713107029864055e+01 1.325016504097593639e+00 6.015854223545098876e+02
1.215019750144836763e+01 1.382144989202890750e+00 4.887187239903033742e+02
1.219476182035622891e+01 1.439919613248299424e+00 3.952708497505074092e+02
1.223906825737410919e+01 1.498105322493455294e+00 3.210744017526942571e+02
1.227996116541912741e+01 1.556392534882428125e+00 2.619248564922135643e+02
1.232244212374271441e+01 1.614595259775513325e+00 2.143801166329552643e+02
1.235957894204388197e+01 1.672328219745584210e+00 1.765397617762811251e+02
1.239554294673559731e+01 1.729442558681248077e+00 1.459312374611367034e+02
1.243116035869483582e+01 1.785570996710752922e+00 1.212113110588008738e+02
1.245812220201504061e+01 1.840467714011299716e+00 1.012186716184896653e+02
1.248418852190291517e+01 1.893978695457205985e+00 8.494085980526561741e+01
1.250736666404393738e+01 1.945771780578799737e+00 7.163784274685976072e+01
1.252419205856146256e+01 1.995622075869878609e+00 6.072769210399788875e+01
1.253549243996671514e+01 2.043306308798686466e+00 5.180247925155538979e+01
1.254278723764177705e+01 2.088612768366060912e+00 4.442943599308645020e+01
1.254520427494702695e+01 2.131440627336399274e+00 3.832625397265401546e+01
1.254234738553444650e+01 2.171525122668515717e+00 3.323073436490148680e+01
1.253401855799227604e+01 2.208767553726739052e+00 2.887981152964828624e+01
1.251987260471012497e+01 2.243003956565506662e+00 2.531579432444909372e+01
1.250080773718116234e+01 2.274140409636411064e+00 2.245325179787355907e+01
1.247632550075747204e+01 2.302067947571046158e+00 1.994558039458462773e+01
1.244667132189156433e+01 2.326673910941294388e+00 1.783831500268508918e+01
1.241162629318471033e+01 2.347878993483289101e+00 1.605461718425007334e+01
1.237193768013722384e+01 2.365645324576174158e+00 1.455750610891987229e+01
1.232642193499725991e+01 2.379840117063625637e+00 1.328978367909212288e+01
1.227716123687865490e+01 2.390468470987328065e+00 1.222614314774765631e+01
1.222331857726223170e+01 2.397387440941900927e+00 1.135318412606440575e+01
1.216659577077229670e+01 2.400526743128281293e+00 1.062135537239210592e+01
1.210728901107852806e+01 2.399724017884559579e+00 1.006058341733905515e+01
1.205430240870058967e+01 2.395008787737142875e+00 9.712415727878681793e+00
1.203497161558296291e+01 2.386239133514821198e+00 9.791610833635539635e+00
1.200490699397180094e+01 2.372329468060854651e+00 1.001913585326344069e+01
1.196648129518854375e+01 2.355135681725316843e+00 1.023668014886400179e+01
1.192054097163256898e+01 2.335358500625212219e+00 1.050697939354234656e+01
1.186865437769286835e+01 2.313425338402754328e+00 1.078083708694780185e+01
1.181054875640905344e+01 2.289641290796009532e+00 1.104411582060720498e+01
1.174586935737345783e+01 2.264238268831598955e+00 1.138765208565801501e+01
1.167609638904137803e+01 2.237405022840243340e+00 1.172033830132922461e+01
