1.510646317623783297e+01 2.383731302914612049e-01 2.423116349867075216e+06
1.469770860441376570e+01 2.522139162680080982e-01 1.847353416492372518e+06
1.434512153327103867e+01 2.666475174065187637e-01 1.415923007009884110e+06
1.403943650886042072e+01 2.816765662881323129e-01 1.090771266781920567e+06
1.377320677976793739e+01 2.973035616317528662e-01 8.442562567134945421e+05
1.354044281636902625e+01 3.135302323170711669e-01 6.564189641405032016e+05
1.333622102550484279e+01 3.303583685158129057e-01 5.125315691519370885e+05
1.315647968208872065e+01 3.477890799133585009e-01 4.018317414010056527e+05
1.299783529523197600e+01 3.658220096363219431e-01 3.162606993048381410e+05
1.285744195430040016e+01 3.844572373030394341e-01 2.498295188421376515e+05
1.273289656476687526e+01 4.036927339483021293e-01 1.980568376856402028e+05
1.262216024578760099e+01 4.235259592479175828e-01 1.575481442363557580e+05
1.252347712608789720e+01 4.439531038454353484e-01 1.257330028259979299e+05
1.243532497076754595e+01 4.649691639231560147e-01 1.006581345874411345e+05
1.235639780812761224e+01 4.865680031098345570e-01 8.082662896224430006e+04
1.228554621911649036e+01 5.087406573991226644e-01 6.509310272797906509e+04
1.222175650562264337e+01 5.314776769296478687e-01 5.257042619675897731e+04
1.216414239027426625e+01 5.547670879385562248e-01 4.257307872703386238e+04
1.211192412449684852e+01 5.785972204938062413e-01 3.456832023990371817e+04
1.206433150323156056e+01 6.030476382368005206e-01 2.812108757596738724e+04
1.202108571430084361e+01 6.285718782079591227e-01 2.284928836393928577e+04
1.198271759600170228e+01 6.554275473381023787e-01 1.852657103763402120e+04
1.194975950844001211e+01 6.837215584301256088e-01 1.499310004697024124e+04
1.192255933914985810e+01 7.135010556474692400e-01 1.211625647005731662e+04
1.190126486603947420e+01 7.447809287236569764e-01 9.783070700677955756e+03
1.188588822081378282e+01 7.775567921420892814e-01 7.896959807139710392e+03
1.187630670286711165e+01 8.118109920292921888e-01 6.375847914747648247e+03
1.187230576766022061e+01 8.475154901562365062e-01 5.151116455760011377e+03
1.187360085647712538e+01 8.846363383064784758e-01 4.165990123820838562e+03
1.187985676513176081e+01 9.231313583538549583e-01 3.373827748419340423e+03
1.189071200356895730e+01 9.629506456887827470e-01 2.736794633311792495e+03
1.190573872384441501e+01 1.004010751925747735e+00 2.224495245696408347e+03
1.192446116871882111e+01 1.046213241617555134e+00 1.812236035195586282e+03
1.194639250175258560e+01 1.089458411652990844e+00 1.480152527531704891e+03
1.197103414896085738e+01 1.133643015996428360e+00 1.212228626608327204e+03
1.199790881169479917e+01 1.178664992543392964e+00 9.956206188619809154e+02
1.202654338071969597e+01 1.224416961517665881e+00 8.201253342302610463e+02
1.205648752029504500e+01 1.270790220665272807e+00 6.775899028166544440e+02
1.208730759112102149e+01 1.317674827937342030e+00 5.615368185455008643e+02
1.211859995145402458e+01 1.364958610832924801e+00 4.667923156533355495e+02
1.214996024295479238e+01 1.412525397983592113e+00 3.892298314756705508e+02
1.218102921759931512e+01 1.460261060777702902e+00 3.255567824094976004e+02
1.221144937726351820e+01 1.508045933258195470e+00 2.731420742352469233e+02
1.224088524733054406e+01 1.555759722770436282e+00 2.298712755605401412e+02
1.226901651872267784e+01 1.603280069967303545e+00 1.940522522196650925e+02
1.229553712746126948e+01 1.650483676968113045e+00 1.643145532426325985e+02
1.232016002946028976e+01 1.697245007578067622e+00 1.395631122661764891e+02
1.234260417171504187e+01 1.743437442634065748e+00 1.188998267510406635e+02
1.236260306695272604e+01 1.788932945391718210e+00 1.016063841371096572e+02
1.237990357451943702e+01 1.833603148196627508e+00 8.709269719561099521e+01
1.239425303448574489e+01 1.877316757270073522e+00 7.488046819262834219e+01
1.240540600062358934e+01 1.919941765222332508e+00 6.457764641985083642e+01
1.241315557317193630e+01 1.961349614415753173e+00 5.586446198401091578e+01
1.241725513123644831e+01 2.001403885589525533e+00 4.847744314353676742e+01
1.241749299051845057e+01 2.039972099374996795e+00 4.219893107602082694e+01
1.241365472350290844e+01 2.076919061303188041e+00 3.685054663406235420e+01
1.240553360100027724e+01 2.112108646398140444e+00 3.228433533004403699e+01
1.239292083359661234e+01 2.145403948924515802e+00 2.837694142197895175e+01
1.237561804716692926e+01 2.176665251540502055e+00 2.502691723901045506e+01
1.235342473485886217e+01 2.205751347506244464e+00 2.214930414886215715e+01
1.232614451175647119e+01 2.232517846614293422e+00 1.967299780151950728e+01
1.229358461181830187e+01 2.256816452675498130e+00 1.753924462543578855e+01
1.225555016138376985e+01 2.278493100493496737e+00 1.569839238188453834e+01
1.221186079640574462e+01 2.297388320918567484e+00 1.410931785218309820e+01
1.216232537386383328e+01 2.313331226277385078e+00 1.273720224100719278e+01
1.210676744037499475e+01 2.326138150765983958e+00 1.155361347575965780e+01
1.204502347115584904e+01 2.335607030702275821e+00 1.053513681351921605e+01
1.197670276325802696e+01 2.341714430702209526e+00 9.653289869482742702e+00
1.190165846115482573e+01 2.345384704989352809e+00 8.858202968546729394e+00
1.182119179738227288e+01 2.347208971723297566e+00 8.133435894569000624e+00
1.173627782134177977e+01 2.347230899694394246e+00 7.477924144172223286e+00
