1.550982551689759603e+01 2.191799393479931801e-01 3.683552447462830693e+06
1.519414124474099204e+01 2.275568477028745984e-01 3.070967963569790125e+06
1.489636801811714051e+01 2.363090883612459225e-01 2.558017061847093981e+06
1.463308987682714424e+01 2.454363439596495833e-01 2.131018503937941045e+06
1.439226668608568360e+01 2.549486032200319330e-01 1.781271727098407224e+06
1.417036264093299813e+01 2.648618208193910806e-01 1.483752799068370136e+06
1.396380685687705636e+01 2.751847932437245792e-01 1.236343178011971293e+06
1.377504884991569156e+01 2.859272117474174202e-01 1.031758048821258708e+06
1.360075347660646194e+01 2.970861657737536854e-01 8.621913071464864770e+05
1.344230487206528224e+01 3.087113003265219979e-01 7.186185392804134171e+05
1.329231784102978864e+01 3.207499999377123601e-01 5.998757864253439475e+05
1.316568740388806091e+01 3.332236916002634386e-01 5.015850342998250853e+05
1.303566701167027553e+01 3.461706928706760888e-01 4.193442655767334509e+05
1.292226647288266328e+01 3.595915997764750349e-01 3.501329861062733107e+05
1.281438122322648887e+01 3.734755148511377798e-01 2.930083839116937597e+05
1.271748363670376669e+01 3.878441983389763759e-01 2.450941910210367641e+05
1.262846696422081649e+01 4.027111446139655104e-01 2.054235678427286039e+05
1.254894642392036097e+01 4.180260755862905686e-01 1.717838814052588423e+05
1.247450771162035998e+01 4.338559859395715868e-01 1.442431153688911290e+05
1.240459369637988196e+01 4.501844673477576331e-01 1.205670463286940358e+05
1.233940942318086442e+01 4.669945978031501688e-01 1.018350051075396623e+05
1.228145470292877306e+01 4.842768385765280903e-01 8.522624116955354111e+04
1.222899051565019590e+01 5.020698948074061585e-01 7.158005110044262256e+04
1.217628606451177298e+01 5.203491111700841998e-01 6.022712326149662840e+04
1.213052027481436745e+01 5.391174694652687283e-01 5.076548817260817304e+04
1.208827414079475382e+01 5.583751620656050019e-01 4.267056527278378780e+04
1.204984830862253276e+01 5.780755474794815330e-01 3.597940046529257233e+04
1.201307948982447371e+01 5.983709035670602416e-01 3.032897505822691892e+04
1.197648273493385851e+01 6.197111544748349354e-01 2.551377428744414647e+04
1.194439827812310462e+01 6.424471903198073486e-01 2.112105252082221341e+04
1.191667866459238923e+01 6.667389482980907722e-01 1.774234491389921459e+04
1.189473596068121353e+01 6.927007616959039993e-01 1.469256000794585088e+04
1.187677228915296368e+01 7.204123734574034987e-01 1.211596046005708922e+04
1.186153547434836675e+01 7.499330102084681426e-01 9.958425522863055448e+03
1.185276993645359589e+01 7.813102135165533868e-01 8.152590713269626576e+03
1.185065490986801251e+01 8.145752706844855418e-01 6.655983978585985824e+03
1.185105682861743048e+01 8.497171569791980295e-01 5.442211752282702946e+03
1.185732086984263134e+01 8.866899799994185649e-01 4.372370572177212125e+03
1.187028546478854452e+01 9.254282917523430907e-01 3.587555680928895981e+03
1.188584635704252790e+01 9.658751017016665719e-01 2.917186206329881315e+03
1.191966962649703454e+01 1.007922670893405703e+00 2.359618931095340031e+03
1.193345821783672811e+01 1.051486927463090693e+00 1.932033989368255789e+03
1.196371754498058593e+01 1.096472783862161515e+00 1.575119258146979973e+03
1.199463938782016470e+01 1.142718240997173007e+00 1.287047895742383389e+03
1.202795766505560238e+01 1.190136121967211968e+00 1.052230732464523498e+03
1.206596108038047710e+01 1.238563036282788632e+00 8.624012450041664124e+02
1.210083352054272865e+01 1.287881213187014318e+00 7.095752095003865634e+02
1.213764691375918048e+01 1.337876396625185205e+00 5.853103987719242696e+02
1.217638385798376532e+01 1.388461564444746443e+00 4.833626713846559255e+02
1.221393379371620469e+01 1.439382730622573936e+00 4.012567286748743527e+02
1.225169025939761269e+01 1.490534708090166527e+00 3.340597025895079355e+02
1.228947716302429960e+01 1.541758234757554469e+00 2.784916837934915748e+02
1.232265707144437172e+01 1.592774291661614994e+00 2.332185795861296356e+02
1.235642542214810824e+01 1.643466628672955343e+00 1.961374569607443163e+02
1.239033265287584484e+01 1.693684111981674123e+00 1.652946808638260734e+02
1.241626520057886296e+01 1.743251647497249479e+00 1.401664013859723923e+02
1.244334276845126830e+01 1.792016769473082860e+00 1.191420912910547258e+02
1.246584077962464399e+01 1.839744400167574456e+00 1.015973022588669181e+02
1.248836347622042631e+01 1.886285078986090769e+00 8.705547340633863485e+01
1.250355673375698728e+01 1.931580350289788583e+00 7.493612111038407875e+01
1.251665226302285205e+01 1.975435747443066381e+00 6.463161889212442190e+01
1.252774139096162820e+01 2.017730206658705505e+00 5.604548836107499454e+01
1.253261982028195654e+01 2.058375860547117409e+00 4.881673476113797960e+01
1.253502118502732721e+01 2.097204784765420271e+00 4.265477818642973773e+01
1.253349369277685099e+01 2.134173828809553086e+00 3.742113904772692479e+01
1.252820930494161722e+01 2.169213937843331053e+00 3.295241024114447725e+01
1.251884305957075938e+01 2.202240415746235414e+00 2.914209131362266092e+01
1.250551875612000607e+01 2.233209337733811140e+00 2.588469222754260102e+01
1.248873899280176758e+01 2.262049933438061711e+00 2.308345106393277746e+01
1.246794276802865120e+01 2.288746247895329766e+00 2.066581119348755635e+01
1.244305641790176686e+01 2.313257123709340224e+00 1.857650925039272138e+01
1.241515452476130399e+01 2.335612401360451340e+00 1.676768036787396809e+01
1.238364177478791284e+01 2.355771179756057432e+00 1.519065740967847766e+01
1.234819987288167553e+01 2.373760754579812282e+00 1.382293206284357368e+01
1.230921122071281459e+01 2.389600684323833324e+00 1.261187462111219482e+01
1.226783317336911416e+01 2.403324813588087583e+00 1.158052220819149447e+01
1.222277480463231925e+01 2.414946873972026786e+00 1.062651991112161198e+01
1.217522514571029113e+01 2.424507377824538956e+00 9.852553884216261437e+00
1.212509351113489764e+01 2.432081387030770259e+00 9.141660641762896944e+00
1.207222719886170026e+01 2.437709215781501015e+00 8.508862737107774521e+00
1.201721039119128598e+01 2.441438393033893650e+00 7.959034391394453678e+00
1.195965629816159570e+01 2.443343606686962488e+00 7.447433591805936004e+00
1.190032460688822624e+01 2.443495092951445624e+00 7.041898594289756730e+00
1.184005314059429637e+01 2.441970384572427655e+00 6.659370142664677417e+00
1.177707897384458313e+01 2.438837454936823690e+00 6.325316868221466216e+00
1.171340302564641611e+01 2.434180122131504032e+00 6.011451961543810896e+00
1.164845870994854593e+01 2.428085706079267325e+00 5.767281205510411901e+00
1.158256787272654265e+01 2.420628520882712298e+00 5.522928980662373810e+00
1.151675082423625440e+01 2.411904572886267584e+00 5.338281889440334993e+00
1.144973895759297555e+01 2.401998334867438967e+00 5.148481730662889611e+00
1.138343802939793470e+01 2.391002859734251640e+00 5.003626141693161777e+00
1.131625146245309033e+01 2.379010052700766931e+00 4.890549659954019468e+00
1.125022057752185667e+01 2.366130514364724657e+00 4.787974463840580341e+00
1.118545429687331350e+01 2.352462384540670914e+00 4.686661444294479395e+00
1.112132362803318131e+01 2.338116666988496739e+00 4.632557852433585310e+00
1.105917876389992571e+01 2.323228524874303869e+00 4.585587763243051285e+00
1.099957452780714462e+01 2.307931488569475498e+00 4.556622267274722304e+00
1.094183589152818037e+01 2.292396049983395301e+00 4.545219826168607646e+00
1.088795512183762426e+01 2.276845571701962445e+00 4.549530073575749789e+00
1.083869190627565793e+01 2.261591716606988545e+00 4.557874812845272849e+00
