1.550982551689759603e+01 2.191799393479931801e-01 3.683552447462830693e+06
1.519801726823847510e+01 2.283646512191895295e-01 3.011824944773287978e+06
1.485281616042881403e+01 2.379763729406730866e-01 2.478681444862338714e+06
1.457288938043607018e+01 2.480576518802395658e-01 2.033215278240201529e+06
1.432508081792802379e+01 2.585995768740682599e-01 1.673179566035747994e+06
1.407154396935693441e+01 2.696238483972849265e-01 1.364639351583267562e+06
1.385474752122267184e+01 2.811438895715340225e-01 1.120405476048330078e+06
1.365737943540441179e+01 2.931811750122003679e-01 9.186781418239661725e+05
1.347679880521693896e+01 3.057018070354060035e-01 7.527245751945587108e+05
1.332212848129795191e+01 3.187685685406294600e-01 6.177199559420697624e+05
1.316394540740996177e+01 3.323683380775347418e-01 5.078980224597466877e+05
1.303054896845760169e+01 3.465139902468418187e-01 4.179127709363002214e+05
1.290807862775521997e+01 3.612186196829691442e-01 3.429938663161991281e+05
1.279280184288110256e+01 3.764891493150214763e-01 2.825143791319986340e+05
1.269075979716028613e+01 3.923350437788539202e-01 2.309365989704703388e+05
1.259686721006998766e+01 4.087600752944358096e-01 1.912774687336421921e+05
1.251136424557176241e+01 4.257711095384882904e-01 1.576886090875109367e+05
1.243088295236518626e+01 4.433511616331097804e-01 1.301148420434264553e+05
1.236026731130122336e+01 4.615496504273544631e-01 1.072203943062787293e+05
1.229325096818870833e+01 4.803165459493677902e-01 8.881580572355854383e+04
1.223749260388126459e+01 4.996492296154325663e-01 7.325994154450383212e+04
1.218030959207707831e+01 5.195853797608444014e-01 6.070172976231713255e+04
1.212852790123806734e+01 5.401072492705977224e-01 5.025342484492546646e+04
1.208256846806487594e+01 5.612135122938975984e-01 4.161350083729917969e+04
1.204043076530322942e+01 5.828463932954890403e-01 3.452451010978226259e+04
1.199902168627468591e+01 6.050370197876427936e-01 2.874375371365566025e+04
1.196477161506740217e+01 6.276041051556503492e-01 2.387995066537451203e+04
1.192928368186596622e+01 6.504107715362698050e-01 1.996636274575356947e+04
1.189706511417418611e+01 6.732847303123863369e-01 1.671338822652936869e+04
1.186748965529374189e+01 6.960417472537752115e-01 1.409686557605670350e+04
1.183294827227894430e+01 7.184419838233969680e-01 1.189126026083739271e+04
1.180444788449683280e+01 7.402296456214247922e-01 1.016739493462713108e+04
1.177123059671683869e+01 7.612009230755168998e-01 8.720476133982676402e+03
1.174060264482057470e+01 7.810546489048214580e-01 7.539798381435857664e+03
1.170293276664134119e+01 7.993525916162024236e-01 6.588530151819899402e+03
1.166824316738561329e+01 8.157390744083234946e-01 5.811796259064176411e+03
1.162996424916573801e+01 8.295301642641805806e-01 5.203750543079509953e+03
1.158926892369717976e+01 8.397211663345707233e-01 4.761811811291346203e+03
1.154246088039085194e+01 8.468143570101513973e-01 4.422250443629824986e+03
1.149502364707894664e+01 8.544448020681594258e-01 4.064636594071616855e+03
1.143141468157432428e+01 8.633254412356703433e-01 3.692714728799295699e+03
1.136028067172530243e+01 8.737838108802060688e-01 3.310580131239601087e+03
1.128854641682776894e+01 8.861192975557934393e-01 2.933037727981578882e+03
1.121621178020253673e+01 9.004949735042713233e-01 2.545978479105665883e+03
1.114706072444580265e+01 9.170553591877410593e-01 2.213188307724381048e+03
1.107233035009752165e+01 9.358721314567669536e-01 1.891118739252068735e+03
1.099683401495835255e+01 9.569546929353681675e-01 1.601482941140361618e+03
1.092487910824070596e+01 9.803100794888653935e-01 1.343753557374587899e+03
1.086246146854103500e+01 1.005878839949978509e+00 1.120492004536436752e+03
1.079614922331835380e+01 1.033593484766124115e+00 9.285384433474991965e+02
1.073755569426118406e+01 1.063343860788372952e+00 7.660354066285723320e+02
1.068497057498597336e+01 1.094996470736407934e+00 6.292388917206758379e+02
1.063480169828661381e+01 1.128376093817636816e+00 5.166549303412741665e+02
1.059058367558550984e+01 1.163313335636227519e+00 4.234017717206813813e+02
1.055038916606825872e+01 1.199599047304793054e+00 3.471122504714606976e+02
1.051475466487661059e+01 1.237030859380529035e+00 2.844480697386330803e+02
1.048259389491243709e+01 1.275387776403670959e+00 2.336867866348356415e+02
1.045341531274594971e+01 1.314392699768293093e+00 1.925896256457698996e+02
1.042791698285496871e+01 1.353842851299520200e+00 1.590533419599853744e+02
1.040355696606927616e+01 1.393481499231913778e+00 1.316351871924346142e+02
1.038159678371042993e+01 1.433064886789475301e+00 1.094126675246534148e+02
1.036097835669873390e+01 1.472345645605441344e+00 9.131169064717113315e+01
1.034071324183991081e+01 1.511033190698028772e+00 7.627638249703375095e+01
1.032066402393672000e+01 1.548941220900816651e+00 6.447087712367135737e+01
1.030119642707821015e+01 1.585752118302248492e+00 5.460755609685407563e+01
1.028060028238378365e+01 1.621302275512324309e+00 4.648726597534613347e+01
1.025951246082687618e+01 1.655272690070340502e+00 3.978193545353055072e+01
1.023609399823925692e+01 1.687462973250981824e+00 3.415054764100314344e+01
1.021111305168177807e+01 1.717594495433151680e+00 2.971954035961599416e+01
1.018434017657396495e+01 1.745431104810315937e+00 2.589247344059842959e+01
1.015526036266456877e+01 1.770673276048060130e+00 2.280516516686900985e+01
1.012362821547246483e+01 1.792975465890016551e+00 2.022611334523289983e+01
1.008912794662609969e+01 1.811841910896889507e+00 1.812887488146309778e+01
1.005204063678124093e+01 1.826420765126873791e+00 1.642267096989358066e+01
1.001982946878565173e+01 1.831238227281535957e+00 1.558396804477655273e+01
9.985674068220426136e+00 1.827116013632537284e+00 1.530923514874452707e+01
9.947312631821464635e+00 1.819222030587573702e+00 1.515354888789743271e+01
9.904193542745328926e+00 1.808900884380181040e+00 1.503582751145642682e+01
9.857399604466877463e+00 1.796809981577563109e+00 1.500270287254364554e+01
9.807021035588025626e+00 1.783335472750869677e+00 1.500218608842634005e+01
