1.550982551689759603e+01 2.191799393479931801e-01 3.683552447462830693e+06
1.518518866020183467e+01 2.275779673891532573e-01 3.065024917934172321e+06
1.489761039980286306e+01 2.363511961063348432e-01 2.557922169558285270e+06
1.462724501903154817e+01 2.455039118461079251e-01 2.131914983133470174e+06
1.438632147062377520e+01 2.550434123752096105e-01 1.774767306655359687e+06
1.416591775106195250e+01 2.649846911161812257e-01 1.483846302775689401e+06
1.395978568844644485e+01 2.753383774076966772e-01 1.234449193376390031e+06
1.377332120870948096e+01 2.861140201289125162e-01 1.031153784987568739e+06
1.359411301888325774e+01 2.973065477447773275e-01 8.584425776814454002e+05
1.343660665800542375e+01 3.089494275144858970e-01 7.160830788406119682e+05
1.329104757408456550e+01 3.210359926437028055e-01 5.991624728834282141e+05
1.315368308805856223e+01 3.335695541070012315e-01 4.939216965868837433e+05
1.302983770165904254e+01 3.465562235320211459e-01 4.170132392859847751e+05
1.292099171783542744e+01 3.600225876492696431e-01 3.489148349446787615e+05
1.281258197972153745e+01 3.739574604696291882e-01 2.913734412664438132e+05
1.271370187605128699e+01 3.883775550212502647e-01 2.440400061181949277e+05
1.262788520054692754e+01 4.032856215932065225e-01 2.043507685825309891e+05
1.254744804472630371e+01 4.186697184122343263e-01 1.706914962221294700e+05
1.247020114479840558e+01 4.345657097138790337e-01 1.432815648422391969e+05
1.240005578120284824e+01 4.509465626125858106e-01 1.199660183224280481e+05
1.233873930222018345e+01 4.678257805965385097e-01 1.005059871154536231e+05
1.227604949762101150e+01 4.851780008843943892e-01 8.449327576029436023e+04
1.222350832830891498e+01 5.030362221840061210e-01 7.094970830597622262e+04
1.217507741979250824e+01 5.213873164932986137e-01 5.955203561508372513e+04
1.212954925893242475e+01 5.402293846796473176e-01 5.024485689694854227e+04
1.208490941423187515e+01 5.595629735580682773e-01 4.222652442480785976e+04
1.204560071113737862e+01 5.793390791090426983e-01 3.554511711605166056e+04
1.200860665308322872e+01 5.994287308477318499e-01 3.007449070899026265e+04
1.197891309951890548e+01 6.149739262538224116e-01 2.638659929367359291e+04
1.194467553274399663e+01 6.280512170725403021e-01 2.349349731030576004e+04
1.190681961180806070e+01 6.405088310450728351e-01 2.097385329833698779e+04
1.186625941055955380e+01 6.528310671313606317e-01 1.879309155472321800e+04
1.182206243580067095e+01 6.652845828827359531e-01 1.674070385979388448e+04
1.177424540922242535e+01 6.780368402063650102e-01 1.489000190646531155e+04
1.172710349731515045e+01 6.912131829525776094e-01 1.322031182766331040e+04
1.167570701283028711e+01 7.049047871999117865e-01 1.167640216559948567e+04
1.162486212267079111e+01 7.191836612828487185e-01 1.017854085102308818e+04
1.157185542780201537e+01 7.341074334740779195e-01 9.008137540625330075e+03
1.152069357645943271e+01 7.497216751484676589e-01 7.871091159850320764e+03
1.146904176420560617e+01 7.660620073271721120e-01 6.857576139971545672e+03
1.141596914095313942e+01 7.831476647238907463e-01 5.953684188647691371e+03
1.136349960886323984e+01 8.010033013769185528e-01 5.160788374971131816e+03
1.131209069324942362e+01 8.196428058500715430e-01 4.454906251023416189e+03
1.126703375022871612e+01 8.390543734916865448e-01 3.834018607372308452e+03
1.121298968728715728e+01 8.592531898351042363e-01 3.295355388421206499e+03
1.116497323200675140e+01 8.802139699614158763e-01 2.829100331838211332e+03
1.111902844145494740e+01 9.019331951494342636e-01 2.422452835486370986e+03
1.107225885815541488e+01 9.243894133095860166e-01 2.071754881032048161e+03
1.102727432633807858e+01 9.475440776495568374e-01 1.771637214815621292e+03
1.098559764970596930e+01 9.713864714437896453e-01 1.512390245762441737e+03
1.094438759933310124e+01 9.958649518952081836e-01 1.290886847255824023e+03
1.090517971335630243e+01 1.020945654478636166e+00 1.102424725866343579e+03
1.086582439624779362e+01 1.046579171559578914e+00 9.348069009844401762e+02
1.082875436868736152e+01 1.072725189352235819e+00 8.017136856289097295e+02
1.079209537296152988e+01 1.099336556621147931e+00 6.847796739067458702e+02
1.075642130001152097e+01 1.126350628441109780e+00 5.847638122155635756e+02
1.072194338513370937e+01 1.153724912712741357e+00 4.968548064683049574e+02
1.068959465274016729e+01 1.181374852985354940e+00 4.266523503358740754e+02
1.065420331138522059e+01 1.209267545878986549e+00 3.659025841100016123e+02
1.062189659624596061e+01 1.237325240122928660e+00 3.135476265043335502e+02
1.058910043406933710e+01 1.265489596038056330e+00 2.679514848482605771e+02
1.055762420489871900e+01 1.293698851362108160e+00 2.314391085672162092e+02
1.052598586646635859e+01 1.321890980051619646e+00 1.991377794763924385e+02
1.049397712841315133e+01 1.349997292946738092e+00 1.716090717259849612e+02
1.046213575521225359e+01 1.377949884532961633e+00 1.481355801808225010e+02
1.043088476584905422e+01 1.405703221056994634e+00 1.281069381260061846e+02
1.039816965284297190e+01 1.433181172718390073e+00 1.105435194475094818e+02
1.036609025520431793e+01 1.460329441882486368e+00 9.588601792469910379e+01
1.033373433334504909e+01 1.487092828676725542e+00 8.353209765923101315e+01
1.030062027407150715e+01 1.513409118795611352e+00 7.293938579767724661e+01
1.026758923726544737e+01 1.539231787036722698e+00 6.359303776310449052e+01
1.023355331972616611e+01 1.564497316482004852e+00 5.542468792264233457e+01
1.019905349436181830e+01 1.589175758544375316e+00 4.875694510095982537e+01
1.016422238469789185e+01 1.613212296386115518e+00 4.281292392536654035e+01
1.012755144189488732e+01 1.636564367088606753e+00 3.767382543944039952e+01
1.009128924680133288e+01 1.659177746966674638e+00 3.312472474093056007e+01
1.005354374898504943e+01 1.680969571216671232e+00 2.936782192811112679e+01
1.001539545619463922e+01 1.701841022231236122e+00 2.602497001794570508e+01
9.976829020756429856e+00 1.721710991110932731e+00 2.306689107953110351e+01
9.937712279038928287e+00 1.740495290627771530e+00 2.061786726499349243e+01
9.896665513922977553e+00 1.758124492231168734e+00 1.845142088207519748e+01
9.855344212478803101e+00 1.774516232813358130e+00 1.655731081066436872e+01
9.812763068105887498e+00 1.789655434480652341e+00 1.487447550613569902e+01
9.769198244938070985e+00 1.803463630550316221e+00 1.347867730117816443e+01
9.724876823606896536e+00 1.815909742412528338e+00 1.219501788435438705e+01
9.679484784769316619e+00 1.826975238882730945e+00 1.113773400284502024e+01
9.632949564548834331e+00 1.836613503874688025e+00 1.018418961816523627e+01
9.585550333779643495e+00 1.844849895084646807e+00 9.329934980647923481e+00
9.536928509320391711e+00 1.851645473161356081e+00 8.600895978339602621e+00
9.487779847271248457e+00 1.857008099923666444e+00 7.977605690760450230e+00
9.438289110700365470e+00 1.860960372454897538e+00 7.404122319991651935e+00
9.387345617098469930e+00 1.863499366899202148e+00 6.909965628806141957e+00
9.335949283435461155e+00 1.864670661306940369e+00 6.492712438769233430e+00
9.284060510389114285e+00 1.864467505813526715e+00 6.102701203414693687e+00
9.231540437113768149e+00 1.862921653145299006e+00 5.777793021205556379e+00
9.179210605341964424e+00 1.860098792837792114e+00 5.505151091965844401e+00
9.126745028691361838e+00 1.856019271205699317e+00 5.262571260702959997e+00
9.074323946048778566e+00 1.850731068123961487e+00 5.046880474070762901e+00
9.023152309567048945e+00 1.844298853135429184e+00 4.874088914424184793e+00
8.973362225581253071e+00 1.836803734556843537e+00 4.733270446199000503e+00
