1.550982551689759603e+01 2.191799393479931801e-01 3.683552447462830693e+06
1.519902152628290182e+01 2.281415018276896634e-01 3.026120152447937988e+06
1.486505697221767441e+01 2.375214277854497680e-01 2.501895424503747374e+06
1.458930148956825334e+01 2.473467365427471643e-01 2.035035550119464053e+06
1.432456556211437615e+01 2.575962593427508218e-01 1.690891846162504749e+06
1.409345285545471960e+01 2.683135209467766291e-01 1.394407335693191038e+06
1.388066895467504480e+01 2.795016554378136342e-01 1.149473853538333438e+06
1.369052357860175917e+01 2.911744844794494358e-01 9.476195153540822212e+05
1.351178729325532046e+01 3.033254941639516034e-01 7.806438629409355344e+05
1.335038225370606924e+01 3.159812467405621605e-01 6.438109638828596799e+05
1.320672622207465707e+01 3.291479201955912481e-01 5.312915672810695833e+05
1.306116446266509179e+01 3.428424481976274363e-01 4.383973894657801720e+05
1.294243149728526099e+01 3.570557683582631370e-01 3.619304933152940357e+05
1.282658611074411859e+01 3.717988167390291476e-01 2.994258483328851289e+05
1.272161175079708784e+01 3.870991651601922712e-01 2.475121677061153168e+05
1.262674061654089996e+01 4.029682951560401571e-01 2.044743316597559024e+05
1.254228843752364497e+01 4.193407302283406746e-01 1.693817825880514283e+05
1.246164458393912966e+01 4.363124414505890614e-01 1.403194110755183501e+05
1.238874218415833539e+01 4.538245110535711335e-01 1.165164744475636689e+05
1.232276417782831324e+01 4.719209210202588434e-01 9.641618069259703043e+04
1.225944160656955617e+01 4.905600307013451844e-01 8.009707759376680769e+04
1.220707029679570255e+01 5.097478821394990645e-01 6.654071041600564786e+04
1.215609286750161111e+01 5.295058411869469905e-01 5.526554498352283554e+04
1.210607972950867328e+01 5.498194154349965723e-01 4.613249573331080319e+04
1.206278935991269030e+01 5.706683029873945712e-01 3.836589773855979001e+04
1.202282953015396316e+01 5.920344491886515570e-01 3.199742513736542605e+04
1.198563061540480135e+01 6.136212850172559907e-01 2.670812571682654016e+04
1.195194181489200602e+01 6.340743700772837332e-01 2.245035201398730351e+04
1.191897108430763197e+01 6.505175349966978438e-01 1.979658838765744440e+04
1.188327745755904097e+01 6.654252359771423153e-01 1.744700139586344085e+04
1.184352085245941311e+01 6.797980715029507959e-01 1.543349544117704136e+04
1.179487737164191330e+01 6.940941942551170918e-01 1.366110712802759008e+04
1.175425781431155414e+01 7.085685183457638425e-01 1.200624014237086885e+04
1.170534351979423704e+01 7.233959216314492791e-01 1.056300941493438404e+04
1.165613067182889040e+01 7.387066475181852665e-01 9.253754690372863479e+03
1.160245246173346523e+01 7.545963892687256314e-01 8.075633534270049495e+03
1.155290267089867662e+01 7.711349252280567113e-01 7.029467511791756806e+03
1.149694486344802158e+01 7.883800265074241143e-01 6.065422848845767476e+03
1.144615103426192348e+01 8.063746139802858703e-01 5.264766434726072475e+03
1.139630100218473174e+01 8.251442928207436411e-01 4.540831367404060984e+03
1.134042152106831480e+01 8.447180941931718978e-01 3.899696971465725255e+03
1.128682562598713268e+01 8.650971944441996353e-01 3.342761482179238556e+03
1.123667668411851572e+01 8.862854812703293561e-01 2.855998319319752682e+03
1.118594318095058959e+01 9.082703594196982477e-01 2.427063081896196763e+03
1.113603140408656778e+01 9.310455065896529048e-01 2.077021911984689723e+03
1.108831289440147039e+01 9.545772670345284983e-01 1.765633085817081565e+03
1.103922876223246696e+01 9.788432138534459703e-01 1.500672361728230726e+03
1.099412672801823021e+01 1.003803158793676431e+00 1.272677569024767990e+03
1.094850714112216394e+01 1.029416436367077026e+00 1.079735773477757448e+03
1.090514765171053746e+01 1.055639118227169604e+00 9.161612099532846969e+02
1.086265396316548504e+01 1.082421056550749050e+00 7.765012836181871307e+02
1.082427186302452604e+01 1.109686013304832075e+00 6.585720488350889354e+02
1.078045997994690808e+01 1.137394420180604770e+00 5.587076444684041689e+02
1.074222707253092501e+01 1.165483607058088067e+00 4.739044440146876127e+02
1.070141353276428298e+01 1.193870755928823746e+00 4.031394192615065322e+02
1.066202348797627053e+01 1.222491239621972703e+00 3.426124810261958373e+02
1.062480840223564726e+01 1.251278218328332859e+00 2.916254467249052595e+02
1.058721999533675806e+01 1.280154541547329661e+00 2.487507780448333961e+02
1.054920193809051554e+01 1.309044546828715960e+00 2.122890020243445122e+02
1.051222844821208824e+01 1.337883129173035313e+00 1.817479670738504751e+02
1.047570019321792678e+01 1.366597952299898999e+00 1.554963761041703378e+02
1.043826498868764041e+01 1.395102355537045424e+00 1.328149694238599352e+02
1.040089729667296581e+01 1.423333155723493837e+00 1.146467660647733453e+02
1.036353203602995698e+01 1.451221245166301133e+00 9.872230650601920843e+01
1.032633571795438243e+01 1.478694031663796649e+00 8.485784577166364784e+01
1.028763549312237124e+01 1.505668075710139497e+00 7.363337636099822703e+01
1.024952611236078148e+01 1.532027678733541176e+00 6.386395606975576555e+01
1.021017725529972786e+01 1.557667381680465368e+00 5.548785764280050614e+01
1.017048310577568060e+01 1.582491736056210074e+00 4.832966104780522443e+01
1.013016012897303142e+01 1.606406419468320079e+00 4.211981494002767334e+01
1.008796013842631467e+01 1.629346370292064972e+00 3.704758363831991375e+01
1.004535923531760844e+01 1.651229575559256535e+00 3.246740488672393354e+01
1.000213250789281361e+01 1.671987939493082997e+00 2.874891431641194117e+01
9.957989380771232746e+00 1.691598387778782575e+00 2.544045135676660507e+01
9.912882349807551563e+00 1.709988280048214904e+00 2.258956909347530484e+01
9.866379538659447945e+00 1.727148006994663643e+00 2.012736054920795326e+01
9.818818464088121090e+00 1.743045504888135033e+00 1.793819315960888972e+01
9.770124995095171627e+00 1.757674867855685941e+00 1.610336207764544270e+01
9.721179345723406584e+00 1.771023250527985704e+00 1.448143858939625339e+01
9.670469935527465921e+00 1.783092197422962100e+00 1.310893219336294102e+01
9.618552442704835670e+00 1.793898611162537682e+00 1.187405249879042124e+01
9.564804129082817852e+00 1.803436691624884958e+00 1.079115661005361737e+01
9.510742721321189919e+00 1.811749284141771277e+00 9.808635699067416169e+00
9.456864123491319774e+00 1.818847149376348504e+00 8.993594088041968249e+00
9.400988503139197761e+00 1.824755686415201250e+00 8.248080265879197626e+00
9.344217536505865951e+00 1.829515068516242904e+00 7.571995305699818601e+00
9.287648045836878197e+00 1.833150421834008892e+00 7.011724718693709058e+00
9.230017544590738865e+00 1.835711322057523187e+00 6.473376040489704053e+00
9.171660022072122942e+00 1.837228559849523490e+00 6.008300280073549438e+00
9.113060646176638357e+00 1.837751830016955745e+00 5.593491538655418260e+00
9.053975752282065415e+00 1.837312424471309047e+00 5.236128762820146498e+00
8.994636411824064481e+00 1.835968181285251744e+00 4.891469005541043025e+00
8.935145495838208163e+00 1.833747330317937019e+00 4.596472938891199789e+00
8.875175881910358555e+00 1.830695630273267538e+00 4.320574322007074031e+00
8.814816986520327191e+00 1.826871378235529031e+00 4.080218993619818768e+00
8.754974946711200801e+00 1.822304904455472663e+00 3.863847384799232731e+00
8.695046940266701441e+00 1.817046626776428919e+00 3.672683794276353719e+00
8.634720318007525819e+00 1.811147665971876153e+00 3.487087321310541999e+00
8.575089125981069316e+00 1.804635534627911708e+00 3.322257008489197805e+00
8.515286492956553488e+00 1.797551698121829133e+00 3.177770712300862499e+00
