1.550982551689759603e+01 2.191799393479931801e-01 3.683552447462830693e+06
1.523386087888063045e+01 2.275011644999928861e-01 3.125851893952262122e+06
1.489973925637573160e+01 2.361927771524191533e-01 2.568551587785285898e+06
1.463456648740236687e+01 2.452541438094514026e-01 2.140999537836787757e+06
1.440030232507210251e+01 2.546950156800236731e-01 1.788480604353270028e+06
1.417974863195760271e+01 2.645314949090979972e-01 1.501051114551728591e+06
1.397195197877944750e+01 2.747719066574870750e-01 1.247492474648167146e+06
1.381574698294669723e+01 2.854268611468794847e-01 1.039938124930116581e+06
1.360957840255243845e+01 2.964922027259169757e-01 8.707717162910157349e+05
1.344141003603101936e+01 3.079940010427973385e-01 7.265699317003859906e+05
1.330718722633851847e+01 3.199320566393725751e-01 6.070839216452289838e+05
1.316585543180167051e+01 3.323100339117801005e-01 5.087606640558380168e+05
1.304188491504062419e+01 3.451384942159461677e-01 4.257596804967654170e+05
1.293089699108942447e+01 3.584343305564283710e-01 3.560330316770155332e+05
1.282315767044714327e+01 3.721857571545248988e-01 2.981352661967320601e+05
1.272663855548717216e+01 3.864170544615814218e-01 2.496132176074437157e+05
1.264052537487524042e+01 4.011429352859345321e-01 2.094870821548139793e+05
1.255632892510983645e+01 4.162954894014773699e-01 1.753183493322561553e+05
1.248197911258788828e+01 4.319668045105642395e-01 1.470867744061324629e+05
1.241525065040940135e+01 4.481315267615806341e-01 1.234758689947871753e+05
1.234896858973893075e+01 4.647727176828782003e-01 1.038464971605510218e+05
1.228977636246687055e+01 4.818734932138544758e-01 8.733151065742131323e+04
1.223389796952530517e+01 4.994844711583349972e-01 7.344915738650197454e+04
1.218522182305670576e+01 5.175716881149957649e-01 6.180717753888916195e+04
1.213731947510610887e+01 5.361437749387689689e-01 5.213164921930302080e+04
1.209397762781338059e+01 5.551973906489444666e-01 4.391178465802586288e+04
1.205550793973201351e+01 5.746963256135865228e-01 3.705147761221006658e+04
1.201983751967385672e+01 5.931305869073459913e-01 3.166580128945620527e+04
1.198705004673359653e+01 6.073579281602206059e-01 2.792213567801387762e+04
1.195066910055314757e+01 6.203584835877812287e-01 2.494008365003912695e+04
1.191172165298883456e+01 6.331986651520753462e-01 2.218767116004971831e+04
1.187065447736289769e+01 6.460731716286448600e-01 1.973028272498427395e+04
1.182235647332042205e+01 6.591064243695211600e-01 1.750802181593873684e+04
1.177949674231560628e+01 6.724189006513420219e-01 1.551862598702141622e+04
1.173101148435222996e+01 6.861021007014563855e-01 1.370601298131288968e+04
1.168128395293258492e+01 7.002305562911701475e-01 1.209831438533988148e+04
1.163269582778638522e+01 7.148836206082753719e-01 1.062742977003776286e+04
1.158203936891083963e+01 7.301171273527787831e-01 9.311085753208064489e+03
1.153171754392007919e+01 7.459813651522750888e-01 8.130225347050767596e+03
1.148091566398376351e+01 7.625257362344911582e-01 7.078651567508542939e+03
1.143103636401689549e+01 7.797734808085607927e-01 6.149812326549835234e+03
1.137837963587213252e+01 7.977969256173587098e-01 5.325564040051410302e+03
1.133218755316712212e+01 8.165849660663748733e-01 4.599011240241813539e+03
1.128271508002930901e+01 8.361760273807642418e-01 3.964995007675475790e+03
1.123530868851550935e+01 8.565742521344632543e-01 3.380962744124759411e+03
1.118952994210938101e+01 8.778046997076661695e-01 2.918648061933842200e+03
1.114565079881477239e+01 8.998690665669082378e-01 2.498442116529200575e+03
1.110133819495313112e+01 9.227616615640326092e-01 2.136117374677277439e+03
1.106089096978220532e+01 9.464776116905579961e-01 1.823062668499617757e+03
1.101938411341841295e+01 9.710041028867895108e-01 1.552721257734184974e+03
1.098035729548212025e+01 9.963313828092799085e-01 1.323017895815086831e+03
1.094495036554413581e+01 1.022434172888864623e+00 1.125893252301630582e+03
1.090637833208674756e+01 1.049295965675278719e+00 9.501452618508540127e+02
1.087284442491242942e+01 1.076859943886470328e+00 8.098984739244729099e+02
1.084367749852311924e+01 1.105119476729067740e+00 6.903197754682375944e+02
1.080905702903582011e+01 1.134029783550837722e+00 5.853224970258884241e+02
1.077933607904512492e+01 1.163520629182706934e+00 4.986183154239255373e+02
1.075010755576015598e+01 1.193566810161781788e+00 4.238453005188956126e+02
1.072285277752476773e+01 1.224112521666926412e+00 3.604202692880105587e+02
1.069517709544434680e+01 1.255104280550582763e+00 3.066535202337360033e+02
1.067113093990188410e+01 1.286470660822828904e+00 2.613710951104199580e+02
1.064436863528011123e+01 1.318173528725649968e+00 2.215955085554844857e+02
1.062017298890272166e+01 1.350129379551059161e+00 1.899816451320792794e+02
1.059699389015759685e+01 1.382277240977712207e+00 1.623963638676115977e+02
1.057399436468714171e+01 1.414332070945876207e+00 1.382826061643907281e+02
1.055109946930975262e+01 1.445995581490856940e+00 1.188399365735549935e+02
1.052801354080480500e+01 1.477205047271285876e+00 1.028026042068466666e+02
1.050496864728427937e+01 1.507912835109873617e+00 8.841683364219345265e+01
1.048103484935637830e+01 1.538093495139433164e+00 7.676561127133363982e+01
1.045679145353763317e+01 1.567703520238826087e+00 6.660792973156141272e+01
1.043165152294323939e+01 1.596701057647640143e+00 5.798780233537970474e+01
1.040578900477808588e+01 1.625030646036015103e+00 5.054351189736619432e+01
1.037904164195413514e+01 1.652691909927507252e+00 4.397760900428844622e+01
1.035160285227996368e+01 1.679633773635513139e+00 3.865455880271834133e+01
1.032304188838344494e+01 1.705848399686590966e+00 3.392660758279006217e+01
1.029430419219369064e+01 1.731275206457981497e+00 2.982998065533320542e+01
1.026376047723020690e+01 1.755909919194318380e+00 2.629180073006683571e+01
1.023304209227548256e+01 1.779691765134193249e+00 2.322339566742776995e+01
1.020056617898352869e+01 1.802739325029567574e+00 2.056131968958163725e+01
1.016779727433215896e+01 1.824728219271561036e+00 1.820145728666797780e+01
