1.510646317623783297e+01 2.383731302914612049e-01 2.423116349867075216e+06
1.469770860441376570e+01 2.522139162680080982e-01 1.847353416492372518e+06
1.434512153327103867e+01 2.666475174065187637e-01 1.415923007009884110e+06
1.403943650886042072e+01 2.816765662881323129e-01 1.090771266781920567e+06
1.377320677976793739e+01 2.973035616317528662e-01 8.442562567134945421e+05
1.354044281636902625e+01 3.135302323170711669e-01 6.564189641405032016e+05
1.333622102550484279e+01 3.303583685158129057e-01 5.125315691519370885e+05
1.315647968208872065e+01 3.477890799133585009e-01 4.018317414010056527e+05
1.299783529523197600e+01 3.658220096363219431e-01 3.162606993048381410e+05
1.285744195430040016e+01 3.844572373030394341e-01 2.498295188421376515e+05
1.273289656476687526e+01 4.036927339483021293e-01 1.980568376856402028e+05
1.262216024578760099e+01 4.235259592479175828e-01 1.575481442363557580e+05
1.252347712608789720e+01 4.439531038454353484e-01 1.257330028259979299e+05
1.243532497076754595e+01 4.649691639231560147e-01 1.006581345874411345e+05
1.235639780812761224e+01 4.865680031098345570e-01 8.082662896224430006e+04
1.228554621911649036e+01 5.087406573991226644e-01 6.509310272797906509e+04
1.222175650562264337e+01 5.314776769296478687e-01 5.257042619675897731e+04
1.216414239027426625e+01 5.547670879385562248e-01 4.257307872703386238e+04
1.211192338476861607e+01 5.785971957300499735e-01 3.456819754720506171e+04
1.206439231748662522e+01 6.029400235016475484e-01 2.814343088606325909e+04
1.202088052353198933e+01 6.277063658310166883e-01 2.298314441640170844e+04
1.198065557897313127e+01 6.527829274947352101e-01 1.883442811158551558e+04
1.194293101093332155e+01 6.780487279520808208e-01 1.549388649328561041e+04
1.190691742243576456e+01 7.033750173060283606e-01 1.279822376928083395e+04
1.187183281887712205e+01 7.286270149566930199e-01 1.061757535841957542e+04
1.183692342818978105e+01 7.536625791799689278e-01 8.848976068386893530e+03
1.180144322745107210e+01 7.783281368853790516e-01 7.410345809219535113e+03
1.176468555276106187e+01 8.024613891710614677e-01 6.236923643755987541e+03
1.172596299253691932e+01 8.258870392625468071e-01 5.277074218264384399e+03
1.168457629156974242e+01 8.485096599612865775e-01 4.487356741720906939e+03
1.164010267527199005e+01 8.708437987829259486e-01 3.821315374039795643e+03
1.159302957108248400e+01 8.933925540115997821e-01 3.250423319326132969e+03
1.154411577545847756e+01 9.164415528215673623e-01 2.758780697637464982e+03
1.149407191392038996e+01 9.401617909159134534e-01 2.335484642778171292e+03
1.144354271185311056e+01 9.646567726000033760e-01 1.972146257438554130e+03
1.139305591921587535e+01 9.899826099175693672e-01 1.661406797402545635e+03
1.134305105060952634e+01 1.016163440180267719e+00 1.396781218303978676e+03
1.129387656556603581e+01 1.043200027469178393e+00 1.172349976010836372e+03
1.124578820663593604e+01 1.071072675607804614e+00 9.827162784718698276e+02
1.119895987908712520e+01 1.099745374278125576e+00 8.230143292396122661e+02
1.115350979609143245e+01 1.129173529458621816e+00 6.889242260456959457e+02
1.110948679421714580e+01 1.159299547891236903e+00 5.765756720012719825e+02
1.106689155460581553e+01 1.190059799536404173e+00 4.826302507567665430e+02
1.102569472820271379e+01 1.221384335626249928e+00 4.041827930449039172e+02
1.098582032676367959e+01 1.253200229668986809e+00 3.387268077542576634e+02
1.094718287441612858e+01 1.285429202499837276e+00 2.841515640982037212e+02
1.090965991360477005e+01 1.317990352156663603e+00 2.386481182753428243e+02
1.087312980089323133e+01 1.350801696095065285e+00 2.006991542570026752e+02
1.083745119656013856e+01 1.383780070168940890e+00 1.690474832710981445e+02
1.080248602103105604e+01 1.416841850335183839e+00 1.426196090233842995e+02
1.076808793952289989e+01 1.449903679819311675e+00 1.205357002210881205e+02
1.073411278086117271e+01 1.482882362702386603e+00 1.020622471106638613e+02
1.070041646620822640e+01 1.515695926444619923e+00 8.658834205006091622e+01
1.066686161492210694e+01 1.548263602390922644e+00 7.360947969793954826e+01
1.063331462404962302e+01 1.580506713702323429e+00 6.270603910964554473e+01
1.059964833879851298e+01 1.612348083445515057e+00 5.353117715746719796e+01
1.056574121189867732e+01 1.643713464344884523e+00 4.579756435976624829e+01
1.053148089749761418e+01 1.674530420241942874e+00 3.926797089203539315e+01
1.049680364942246236e+01 1.704393396814302353e+00 3.378993567277487386e+01
1.046063810512741910e+01 1.731188112159167458e+00 2.938497158957839872e+01
1.042084780727375382e+01 1.754298022723669304e+00 2.582833834567646392e+01
1.037633863935869449e+01 1.773787385230904956e+00 2.290985043105258256e+01
1.032656763275576317e+01 1.789803126876004402e+00 2.048075408982972334e+01
1.027129874643521745e+01 1.802517421779286311e+00 1.843399181909957818e+01
1.021048212643109743e+01 1.812112415607346705e+00 1.669029104859311374e+01
1.014419341958389076e+01 1.818771885058046101e+00 1.519086899051102790e+01
1.007259473441752284e+01 1.822677486093406518e+00 1.389031646415206467e+01
9.995906075852317940e+00 1.824008897243616589e+00 1.275386479666916273e+01
