1.550982551689759603e+01 2.191799393479931801e-01 3.683552447462830693e+06
1.520553707437660584e+01 2.270843642783706429e-01 3.103856906947307754e+06
1.492782828929995453e+01 2.353162861913461468e-01 2.607337736486110371e+06
1.468052642702634891e+01 2.438967671708227869e-01 2.202199149516722187e+06
1.443655060947410007e+01 2.528085652949456086e-01 1.852040294188302942e+06
1.422550065456498380e+01 2.620787763950999660e-01 1.560339332672370831e+06
1.402801467578674277e+01 2.717113575720595531e-01 1.314614049364590552e+06
1.384743869992673559e+01 2.817157756658258405e-01 1.108661251457403647e+06
1.367814398886189053e+01 2.921034234009400321e-01 9.343977518585206708e+05
1.351886054430596040e+01 3.028798713604439752e-01 7.859075760842598975e+05
1.337143391869064324e+01 3.140151778891803191e-01 6.635210512006795034e+05
1.324639161675684917e+01 3.255684164644635503e-01 5.596599666837090626e+05
1.311497294888956766e+01 3.375204089008684294e-01 4.718732154811599175e+05
1.300150424546898265e+01 3.498896856618157747e-01 3.987819078660167870e+05
1.288838181053797172e+01 3.626836862298393749e-01 3.366784008410433307e+05
1.279722685745692701e+01 3.758846473238370844e-01 2.848985207357616164e+05
1.270801631544157928e+01 3.895223408096572526e-01 2.403402820088760927e+05
1.262549800927289922e+01 4.035900778228425634e-01 2.031223316243268491e+05
1.255013582314604648e+01 4.180893763351416492e-01 1.715627760951223609e+05
1.247931479915849629e+01 4.330307865007992363e-01 1.452787465276654402e+05
1.241310105367133509e+01 4.484218455316565932e-01 1.230762549789675977e+05
1.234976570272073104e+01 4.642454929890316717e-01 1.033317470837698056e+05
1.229318518493127677e+01 4.804754643825103755e-01 8.857710561165199033e+04
1.224381686526872315e+01 4.971747124893380887e-01 7.504463876342063304e+04
1.219382979720451843e+01 5.143008852403385678e-01 6.380428205901740876e+04
1.214736372765477590e+01 5.318676952730118090e-01 5.412702644563729700e+04
1.210640401428013924e+01 5.498690841033980758e-01 4.607046008249047736e+04
1.206823328935723083e+01 5.683082761432076691e-01 3.913331089698977303e+04
1.203130108701348888e+01 5.871128037605092276e-01 3.329158234587836341e+04
1.199772831697505460e+01 6.062952781790650336e-01 2.838950680573505088e+04
1.196695612129425257e+01 6.255964179297184291e-01 2.426450272836318982e+04
1.193640327484471442e+01 6.448445913464728729e-01 2.084007682541934992e+04
1.190857492414211549e+01 6.641212164074692392e-01 1.793607583550081108e+04
1.187976485272131377e+01 6.834256665412149490e-01 1.546038255886066872e+04
1.185239323851268267e+01 7.028565112846103524e-01 1.335240200054551133e+04
1.182492770314498820e+01 7.224398453590863411e-01 1.155031985323940171e+04
1.179907270654896223e+01 7.422839751741395764e-01 9.976873076403446248e+03
1.176934131696970809e+01 7.622239416057220440e-01 8.578932538036769984e+03
1.174182727583113461e+01 7.824402609329911273e-01 7.504761154358207932e+03
1.171860797557263290e+01 8.029161803177216061e-01 6.499445098644191603e+03
1.169086652712500118e+01 8.236473425215673494e-01 5.639138576709127847e+03
1.166300730672176833e+01 8.446379775604323514e-01 4.891975963970678094e+03
1.163744934904796757e+01 8.658974839850025473e-01 4.246584465064182950e+03
1.161109228049684283e+01 8.874169148396604534e-01 3.686180319507715012e+03
1.158353048553675535e+01 9.092113558441380361e-01 3.199745324472537504e+03
1.155666989141354861e+01 9.312434369584130511e-01 2.781312490284663909e+03
1.152956887720087487e+01 9.535254188714940016e-01 2.416646733900655818e+03
1.150249425664450520e+01 9.760665969216851812e-01 2.099712599529572799e+03
1.147501110040169436e+01 9.987669131977082726e-01 1.826162810428377270e+03
1.144783475876915979e+01 1.021691355345916152e+00 1.589475129615411333e+03
1.141862839872679736e+01 1.044796493880275845e+00 1.385250243089561309e+03
1.139099188205571522e+01 1.068050049968638060e+00 1.207151862307429838e+03
1.136278753042116563e+01 1.091468461705672688e+00 1.052351161648423613e+03
1.133646542636722110e+01 1.114947131854030937e+00 9.121713849049326654e+02
1.130437754482198542e+01 1.138528043666703349e+00 8.006941408585645377e+02
1.127566117702475701e+01 1.162169706797640867e+00 6.995092998388846581e+02
1.124812199515458211e+01 1.185827493743091265e+00 6.078968146652736095e+02
1.121724301332507601e+01 1.209492271007151398e+00 5.318207583155030989e+02
1.118282288975587946e+01 1.233098154395655621e+00 4.688754794662339691e+02
1.115179598423903506e+01 1.256646968862141556e+00 4.112776073093173181e+02
1.112217324305573563e+01 1.280086929983667909e+00 3.606382688499307960e+02
1.108810691612399779e+01 1.303388857958522662e+00 3.169007922575310658e+02
1.105221004083821512e+01 1.326527330132438731e+00 2.788828664966547421e+02
1.101999515086875014e+01 1.349459932019427599e+00 2.454123748097327109e+02
1.098435233451473536e+01 1.372157456758321903e+00 2.164261845708343230e+02
1.094698334545979179e+01 1.394581649315863148e+00 1.908972345951366094e+02
1.090958420177005372e+01 1.416711569993745812e+00 1.687225413421542726e+02
1.087294320412411786e+01 1.438502659707509679e+00 1.492059819489385575e+02
1.083470025434279194e+01 1.459924011883362516e+00 1.322095733003376381e+02
1.079545557136185963e+01 1.480958807732581928e+00 1.173045489834941151e+02
1.075549559041821190e+01 1.501561519319970062e+00 1.041155450659974093e+02
1.071496646710498801e+01 1.521711810196784143e+00 9.263539725984627182e+01
1.067407217190455349e+01 1.541379420412839707e+00 8.251800614344739415e+01
1.063200157252013511e+01 1.560543593555371755e+00 7.360045305113116854e+01
1.058908546031035058e+01 1.579175666369182718e+00 6.569114822382445595e+01
1.054546908727374266e+01 1.597254459001645310e+00 5.879629907581824710e+01
1.050041164699309704e+01 1.614780773781375300e+00 5.269737517047025221e+01
1.045513601645309443e+01 1.631841418579558889e+00 4.706238533675876567e+01
1.040899790692423288e+01 1.648528760010220973e+00 4.237062026983739571e+01
1.036158334398428238e+01 1.664910359049271538e+00 3.788239489347494526e+01
1.031281689327572515e+01 1.681011628384917689e+00 3.412383704680551233e+01
1.026435140883078567e+01 1.696799679824818163e+00 3.065699573213478146e+01
1.021639622942815251e+01 1.712219747141274562e+00 2.754871497411128445e+01
1.016648206060717108e+01 1.727141927953888656e+00 2.469253294068802873e+01
1.011749240601191779e+01 1.741485307390018278e+00 2.224502771398342915e+01
1.006804153097894527e+01 1.755176785314620069e+00 2.013971126002887146e+01
1.001731512904100185e+01 1.768089969128228800e+00 1.822736466928190779e+01
9.967993558010791233e+00 1.780196769712915961e+00 1.653119949551112455e+01
9.917867754214181986e+00 1.791339657249899187e+00 1.503642338529498979e+01
9.867288125861401582e+00 1.801461861653740337e+00 1.371496410797604426e+01
9.816928645028893285e+00 1.810485463320159472e+00 1.256094883296323061e+01
9.766109923828052430e+00 1.818327549183959224e+00 1.152369213696572992e+01
9.715500234687867831e+00 1.824912217268539694e+00 1.063436684985965996e+01
9.663562232179131684e+00 1.830159271799465692e+00 9.861371066677882880e+00
9.612940112918019864e+00 1.833990792881521781e+00 9.195777267791426013e+00
9.561844781745989508e+00 1.836312742298880085e+00 8.610982344728256521e+00
9.512177351768656308e+00 1.837006868943340310e+00 8.155616629094247116e+00
9.462384919086714419e+00 1.835934568053419813e+00 7.739544446224797980e+00
9.416361570737327824e+00 1.832942998401325463e+00 7.461341004851806069e+00
9.375234835481650819e+00 1.828091313540339602e+00 7.254853996430868257e+00
