1.550982551689759603e+01 2.191799393479931801e-01 3.683552447462830693e+06
1.521614573315890873e+01 2.275187547239802544e-01 3.095034349115637597e+06
1.490174879325598845e+01 2.362303013894789805e-01 2.559750032483048737e+06
1.467017898495273442e+01 2.453117288431805876e-01 2.171053846216096543e+06
1.439892528846048236e+01 2.547750709182497464e-01 1.785149231978116091e+06
1.417130321985220931e+01 2.646355657448202225e-01 1.489153215948334197e+06
1.396969694820963070e+01 2.748872693818147916e-01 1.235981772198267281e+06
1.377879970500080020e+01 2.855856262506660803e-01 1.037775454749910161e+06
1.361012881614177239e+01 2.966799117752511594e-01 8.657735047075034818e+05
1.345185757179433317e+01 3.082093999537116602e-01 7.234966232369489735e+05
1.330533249381803529e+01 3.201884943538775841e-01 6.051407648032669676e+05
1.316176695565057742e+01 3.325992091773233850e-01 5.061933976981683518e+05
1.304098808564853229e+01 3.454645997908069033e-01 4.232985138242691173e+05
1.292834473053027544e+01 3.587939462423602732e-01 3.542308705694532837e+05
1.281872063399453943e+01 3.725935890567061426e-01 2.962704632540540770e+05
1.272332900292363433e+01 3.868677350708584761e-01 2.484983562865322456e+05
1.263846409422727035e+01 4.016297474762683395e-01 2.055830617462499358e+05
1.254745446710923673e+01 4.168659446159837523e-01 1.741962058278118202e+05
1.247765420683552229e+01 4.325626173380827111e-01 1.463843531324072683e+05
1.241071852591240443e+01 4.487816479778525269e-01 1.225408474575776490e+05
1.234891627924813662e+01 4.654746863209443530e-01 1.030092661105188745e+05
1.228670623412146057e+01 4.826292663146707906e-01 8.682583592092012987e+04
1.223575739865165879e+01 5.003014137300887398e-01 7.273593490785386530e+04
1.218336175470336613e+01 5.184583403982118144e-01 6.073348055435626884e+04
1.213580968665423399e+01 5.370831216653935147e-01 5.158941456180436944e+04
1.209281887602820404e+01 5.562007204699934704e-01 4.350152463624889060e+04
1.205225969734279090e+01 5.757716249978817036e-01 3.636218820526103809e+04
1.201487610645829207e+01 5.957504117676508670e-01 3.098136399084002187e+04
1.198301121690562887e+01 6.144535461178975977e-01 2.653494772032263427e+04
1.195063723752568663e+01 6.299506197100718241e-01 2.328753803680787314e+04
1.191634849803438456e+01 6.447336018302746163e-01 2.057805546008886085e+04
1.187820429968274460e+01 6.594785492143198091e-01 1.811098242332961308e+04
1.183730952121064561e+01 6.744780540958239534e-01 1.595513865672729116e+04
1.179865914698706142e+01 6.899333254961184103e-01 1.400029654203795508e+04
1.175745401869613360e+01 7.059640302292566894e-01 1.224496662235343501e+04
1.171351095952775445e+01 7.226667814656612121e-01 1.067130215061943272e+04
1.167186912134640764e+01 7.401148433377359170e-01 9.270454937704455006e+03
1.162852054136040891e+01 7.583630068307610772e-01 8.028393271507278769e+03
1.158573671846493802e+01 7.774548855481366871e-01 6.935164865170236226e+03
1.154358333645284773e+01 7.974220316573250589e-01 5.965498046162005267e+03
1.150009023358020599e+01 8.182867312408338423e-01 5.113602184715186013e+03
1.146193269948461690e+01 8.400644285540775913e-01 4.372739201310592762e+03
1.142587899676927954e+01 8.627536332031229271e-01 3.737769596429264766e+03
1.138811433213009217e+01 8.863570683527565164e-01 3.187738612348956849e+03
1.135268779852138366e+01 9.108626882868385843e-01 2.690108867747499062e+03
1.131817630668683350e+01 9.362602584613104462e-01 2.305110326195968355e+03
1.128655435204294299e+01 9.625131499208526842e-01 1.956318238228396467e+03
1.125572845862199678e+01 9.896002812522635139e-01 1.657812941750792334e+03
1.122885263721696703e+01 1.017491606460604769e+00 1.405333297486383344e+03
1.119946306287642912e+01 1.046144291682684413e+00 1.191208824441619527e+03
1.117435143871163916e+01 1.075511757611522956e+00 1.009772385699581832e+03
1.115305407556316553e+01 1.105541890570078456e+00 8.553268142693332265e+02
1.112866813123383025e+01 1.136190545619673253e+00 7.247080349773301577e+02
1.110343012642908178e+01 1.167381091059876308e+00 6.149858047998585562e+02
1.108181916156578062e+01 1.199059856170561433e+00 5.219972862939107472e+02
1.106076536428000701e+01 1.231173917497115911e+00 4.434312553335921621e+02
1.104488841059484550e+01 1.263632615780293955e+00 3.772319157504641680e+02
1.102242635904881318e+01 1.296388468074200162e+00 3.205562017494140150e+02
1.100403880196052597e+01 1.329346854855605997e+00 2.735458259557179872e+02
1.098615533754717255e+01 1.362455652113463866e+00 2.324814958783798602e+02
1.096654943318678121e+01 1.395624882000543243e+00 1.997285953176830446e+02
1.094769559357721711e+01 1.428789690906854926e+00 1.711190878000744817e+02
1.092897035891578383e+01 1.461864920566553039e+00 1.468012036477583422e+02
1.090985678727038888e+01 1.494782777355665671e+00 1.261513391057238209e+02
1.089013015051126310e+01 1.527467258576890918e+00 1.085477579857794552e+02
1.087102212887327823e+01 1.559848822914397637e+00 9.334773751296685873e+01
1.085001011563950968e+01 1.591854002745076047e+00 8.078305373707178205e+01
1.082873253043352513e+01 1.623414283225770527e+00 7.015172563170348496e+01
1.080722792396243825e+01 1.654465973888057828e+00 6.085557743579563805e+01
1.078504294445114020e+01 1.684944213239810695e+00 5.273006215932049656e+01
1.076140287082718672e+01 1.714786351221701421e+00 4.615182117883153978e+01
1.073717166191984695e+01 1.743938287423138389e+00 4.029189682507225001e+01
1.071210470986268071e+01 1.772344913159602742e+00 3.524309811728826958e+01
1.068589047096815570e+01 1.799959521870520662e+00 3.095503822725099141e+01
1.065837103643360884e+01 1.826690016060686705e+00 2.719596191223483217e+01
1.062986441054301601e+01 1.852434301515661685e+00 2.401811708089712383e+01
1.060027081024315621e+01 1.877086729921423114e+00 2.122731556399422104e+01
1.056973926579356515e+01 1.900560653240294107e+00 1.884066231775121381e+01
1.053744673435491208e+01 1.922764521869028131e+00 1.671754996158464834e+01
1.050392112929158017e+01 1.943615920585933354e+00 1.497336784103855756e+01
1.046944139739998647e+01 1.963062865636204135e+00 1.341364195698353790e+01
1.043303801535582309e+01 1.981063501859346987e+00 1.206027026352007958e+01
1.039471398898669996e+01 1.997516369489916954e+00 1.086453426659757326e+01
1.035599265083357423e+01 2.012426985988980732e+00 9.840820711736807169e+00
1.031533871992865059e+01 2.025751056009141404e+00 8.982614779506272740e+00
1.027327663204130204e+01 2.037476012176469453e+00 8.199962274844450505e+00
1.022992663957546178e+01 2.047568023845161900e+00 7.521591314032235687e+00
1.018498399310501412e+01 2.056026720111884476e+00 6.909882577624747668e+00
1.013890087131833084e+01 2.062864867131859459e+00 6.405660623889980698e+00
1.009138345645583890e+01 2.068069017665910003e+00 5.938806907064203777e+00
1.004279479835293643e+01 2.071662020074329646e+00 5.557504496931232829e+00
9.993890037476550248e+00 2.073653415242979747e+00 5.212663222634192017e+00
9.942328527447999775e+00 2.074068898086228074e+00 4.896380704908864345e+00
9.891376060462379272e+00 2.072932868901611769e+00 4.635277038873613975e+00
9.840014221438437403e+00 2.070294714640669831e+00 4.421134835353648818e+00
9.787410046150803566e+00 2.066162463505202052e+00 4.219986109217000347e+00
9.735887177448628194e+00 2.060604615931092898e+00 4.058725799168002801e+00
9.684436159197252536e+00 2.053682264737435315e+00 3.939064290393505807e+00
9.635312864199869765e+00 2.045495277118541289e+00 3.832468944114096221e+00
9.590912749589206143e+00 2.036422734560504821e+00 3.770312744130407623e+00
