1.550982551689759603e+01 2.191799393479931801e-01 3.683552447462830693e+06
1.518988728910408881e+01 2.274675833704856154e-01 3.076053889218017459e+06
1.491339807276610685e+01 2.361219917318525263e-01 2.579987149482998066e+06
1.464210570435124303e+01 2.451443493845578414e-01 2.145888493648504838e+06
1.440522638827518698e+01 2.545427364487964916e-01 1.795610185754607432e+06
1.417833295001450189e+01 2.643338052738071209e-01 1.503668106333482079e+06
1.397456848469063573e+01 2.745253879852032064e-01 1.250547416698649526e+06
1.378567336666257148e+01 2.851274785682086921e-01 1.045027488483486464e+06
1.361315072144898863e+01 2.961515771483269055e-01 8.748760193186254473e+05
1.345949540414679291e+01 3.075785485919328432e-01 7.309782991295946995e+05
1.330592984171963700e+01 3.194470328712751828e-01 6.141267976573578781e+05
1.317838182899206600e+01 3.317632724140575640e-01 5.117480225658739218e+05
1.304982615160444048e+01 3.445219968951387379e-01 4.291839720878804219e+05
1.293976234423964478e+01 3.577368346611036198e-01 3.595840984025609796e+05
1.283262317765653826e+01 3.714196380697472599e-01 2.976417469448767952e+05
1.273189428338448792e+01 3.855637867823227261e-01 2.524276168051986315e+05
1.264365877980713826e+01 4.001794718005359797e-01 2.115403619931515423e+05
1.256464599211171063e+01 4.152733124833298262e-01 1.775751588931540900e+05
1.248593878761254139e+01 4.308403443374418940e-01 1.480542173393827979e+05
1.241684812879755917e+01 4.468996772257720629e-01 1.251519019709655695e+05
1.235349292687648237e+01 4.634454988414491439e-01 1.053067334726394474e+05
1.229537555231996748e+01 4.804397307314810517e-01 8.850632470306588220e+04
1.223918925163261662e+01 4.979391987870874225e-01 7.451285537511738949e+04
1.218961001281132894e+01 5.159114601620149454e-01 6.274286450821802282e+04
1.214145983694904807e+01 5.343659273262588716e-01 5.291115270721677371e+04
1.209959316197932111e+01 5.532975964865135543e-01 4.466094454868503817e+04
1.205973261308523803e+01 5.726762672190092163e-01 3.767649865491317905e+04
1.202121120193082149e+01 5.925172413409210970e-01 3.191652772483952867e+04
1.198765714897379020e+01 6.127961565933416344e-01 2.696255472367287439e+04
1.195570695593008104e+01 6.335086286131687006e-01 2.259807438674732475e+04
1.192405289560333159e+01 6.546216905892248139e-01 1.932137609531411726e+04
1.189628664668596869e+01 6.761324212422645807e-01 1.640845008973680888e+04
1.186834366704503907e+01 6.980302493436595368e-01 1.395374485079386250e+04
1.184299543983943792e+01 7.202702603977578777e-01 1.184725814983158307e+04
1.181859726236531927e+01 7.428345670456578675e-01 1.010131617132267820e+04
1.179419792624484131e+01 7.657521502974192762e-01 8.608446583055798328e+03
1.176985733524772471e+01 7.889213386138276274e-01 7.342891596909327745e+03
1.174824915557691973e+01 8.123425720023121910e-01 6.280561744452284074e+03
1.172694992082861809e+01 8.360274358187536059e-01 5.376379378314379210e+03
1.170250126881277986e+01 8.599269691975889307e-01 4.609006692206158732e+03
1.168201134186964119e+01 8.840355939193151880e-01 3.955942503024299640e+03
1.166131014412832378e+01 9.082878256143822604e-01 3.393917839805940275e+03
1.163981226033570593e+01 9.326483390839340748e-01 2.921535576861634127e+03
1.161570752528741757e+01 9.571414066189454228e-01 2.503512242965056430e+03
1.159246608863699102e+01 9.816924091228206306e-01 2.172524314561608662e+03
1.156876666257935327e+01 1.006299862947789725e+00 1.876363485856282068e+03
1.154516203462600821e+01 1.030929350270902489e+00 1.623183458536477929e+03
1.152332472076693648e+01 1.055516700190673784e+00 1.406313769522176699e+03
1.149324803790404026e+01 1.080080480766436368e+00 1.220661528723780975e+03
1.146753570973972458e+01 1.104545221927816234e+00 1.059781968950272812e+03
1.144397671438011876e+01 1.128898944849227703e+00 9.222684431297778929e+02
1.141465436911005149e+01 1.153117310300830090e+00 8.033677816743652329e+02
1.138119246390227879e+01 1.177160083127029022e+00 7.011351888185504322e+02
1.135105361472264285e+01 1.201001415786869808e+00 6.129627417578283257e+02
1.131884563890536732e+01 1.224586695920445001e+00 5.364894546777168216e+02
1.128669281509198363e+01 1.247921051326068120e+00 4.698645470634278922e+02
1.125393301387354938e+01 1.270955800176257533e+00 4.124527663751294426e+02
1.121751965613827551e+01 1.293652301266888349e+00 3.624075481203685740e+02
1.118137089429789555e+01 1.315997239990847500e+00 3.190486090724672863e+02
1.114262453554239052e+01 1.337958816228290493e+00 2.811358508407343493e+02
1.110562916421535107e+01 1.359507379557992612e+00 2.483747879113631996e+02
1.106495851425744803e+01 1.380619119322198163e+00 2.196042584431198748e+02
1.102302537153776285e+01 1.401273117055635176e+00 1.944676377703614207e+02
1.097966792265562397e+01 1.421431926547104041e+00 1.718805433078392468e+02
1.093598699344833314e+01 1.441167473607412042e+00 1.524055214662723756e+02
1.089115420565643610e+01 1.460697016268790893e+00 1.357826301031496428e+02
1.084455014893993230e+01 1.480170657349764607e+00 1.204949593212775483e+02
1.079656578278463108e+01 1.499670766249626253e+00 1.067788901719965793e+02
1.074858040416174454e+01 1.519284198771449823e+00 9.459640711011020642e+01
1.069957117596028162e+01 1.539030931293327464e+00 8.372965225705618764e+01
1.064983834195249379e+01 1.558932324056024665e+00 7.396913145625165953e+01
1.060058301269237013e+01 1.578978327627185596e+00 6.533449355785938906e+01
1.055039977118672212e+01 1.599162010602909412e+00 5.765238106101065085e+01
1.049944102903930698e+01 1.619459428758412312e+00 5.085416524369518498e+01
1.044995934731786313e+01 1.639833189582112105e+00 4.481132726182994475e+01
1.039873119729205797e+01 1.660180477809404920e+00 3.951088648466573261e+01
1.034993162130567157e+01 1.680398672917081448e+00 3.488273797585189584e+01
1.030038124866330840e+01 1.700363466958383141e+00 3.078219397219363529e+01
1.025052744845325137e+01 1.719960119940133758e+00 2.714489152017365114e+01
1.020209718120652198e+01 1.739032041178826704e+00 2.403493127612492231e+01
1.015332656421001012e+01 1.757523442527161306e+00 2.132939379696431459e+01
1.010399019884771654e+01 1.775273925314978296e+00 1.898409526249654888e+01
1.005578708858075210e+01 1.792221229703020668e+00 1.698561309462669300e+01
1.000649412463689991e+01 1.808236852834047337e+00 1.520286287324930363e+01
9.958196935474946443e+00 1.823243096157369347e+00 1.360602524960338755e+01
9.909446988572277348e+00 1.837152621826750654e+00 1.229085885813866064e+01
9.860238879706059834e+00 1.849918355747903753e+00 1.110445746165817127e+01
9.810960057255893929e+00 1.861457968268848129e+00 1.005220177932115178e+01
9.761158773256115140e+00 1.871706228241097669e+00 9.174220120189868766e+00
9.710995900066162534e+00 1.880634092364853238e+00 8.370368486544697006e+00
9.660881329390077710e+00 1.888205233649407289e+00 7.710040178451086135e+00
9.610685899739259241e+00 1.894362089672064764e+00 7.096159370943051492e+00
9.558506568506459189e+00 1.899080096293639386e+00 6.573768039956571663e+00
9.507063723860488480e+00 1.902340022510474515e+00 6.140242886576285919e+00
9.455713158011846531e+00 1.904116795547633467e+00 5.733397955065556495e+00
9.403997458446964330e+00 1.904373368129854471e+00 5.413591866586807910e+00
9.353081427243296275e+00 1.903128749880134807e+00 5.125021231260983079e+00
9.302342534028452903e+00 1.900330814987878814e+00 4.875453700893165987e+00
9.253060348166950888e+00 1.895968603729506263e+00 4.689915548477858742e+00
9.208119179164492962e+00 1.890126973789115761e+00 4.551646076154208131e+00
