2.191799393479931801e-01 1.550982551689759603e+01 3.683552447462830693e+06
2.268570838707742454e-01 1.521208028177928462e+01 3.119531095676745754e+06
2.348495052776385650e-01 1.494729366176929197e+01 2.618561595509440638e+06
2.431551092878632692e-01 1.470193491977943978e+01 2.235621997309311293e+06
2.517864353977528613e-01 1.447063618794772211e+01 1.875821916712893872e+06
2.607411482192872887e-01 1.426107405429508823e+01 1.600427095970127732e+06
2.700452731646186266e-01 1.406259807781207805e+01 1.352108832531530643e+06
2.796980142088025811e-01 1.388147307460039670e+01 1.144715822964995401e+06
2.897086102892119652e-01 1.371277063913997374e+01 9.680735361937053967e+05
3.000748261152829666e-01 1.355873067393068609e+01 8.224303655568769900e+05
3.108016334543809434e-01 1.341304933317585402e+01 6.966164166579259327e+05
3.219112024419565898e-01 1.327890752336755931e+01 5.901941586474333890e+05
3.334060764789568698e-01 1.315845957180173897e+01 5.010274516809139168e+05
3.452772938306624129e-01 1.306113032741507141e+01 4.240471197774852044e+05
3.575520631607845279e-01 1.293711000556828239e+01 3.595768117030155263e+05
3.702082474315016025e-01 1.283818367036185748e+01 3.058593214161929209e+05
3.832872960497559767e-01 1.274761591544078243e+01 2.594732301279462117e+05
3.967590856116254283e-01 1.266355016458322957e+01 2.204821599212088622e+05
4.106480046264589512e-01 1.258603527526979882e+01 1.872809633706958557e+05
4.249391139917085836e-01 1.251366767490848986e+01 1.591015023030320008e+05
4.396179895354183076e-01 1.244876090422893000e+01 1.356554562664955156e+05
4.547453013697129176e-01 1.238787006142806568e+01 1.144695867900016165e+05
4.703020386163976330e-01 1.232887168835234704e+01 9.726500108689929766e+04
4.862295299282738403e-01 1.227467525412046712e+01 8.357309865253788303e+04
5.025854375276731512e-01 1.222653731920784281e+01 7.124785766808046901e+04
5.193667854928556427e-01 1.218081669250575771e+01 6.019696504560723406e+04
5.365425244770634094e-01 1.213723620348949694e+01 5.191848392525054805e+04
5.541378311166278436e-01 1.209778568765216633e+01 4.429565195971037610e+04
5.721145019140864152e-01 1.206073462918109840e+01 3.782687173851746047e+04
5.905187180634783317e-01 1.202399295790566569e+01 3.239873676246476316e+04
6.092762419713196875e-01 1.199355071584372645e+01 2.753655056013881040e+04
6.284914023050029996e-01 1.196334023951525083e+01 2.373329727164440192e+04
6.481807715460711217e-01 1.193091268642160863e+01 2.035458398104078879e+04
6.683636102627464881e-01 1.190723008704316044e+01 1.743727239150754394e+04
6.890609751296089547e-01 1.188173940319626709e+01 1.492320659435124617e+04
7.102406117845152522e-01 1.185733651792524945e+01 1.278845514647513664e+04
7.319875173821601688e-01 1.183393782739089239e+01 1.095156355658364009e+04
7.542631074101016075e-01 1.181484436097269963e+01 9.390769877444479789e+03
7.770746487483263243e-01 1.180010825067140701e+01 7.969355687304697312e+03
8.004447216820365085e-01 1.177853094733755412e+01 6.879940065834470261e+03
8.243326277677721636e-01 1.175995251725875335e+01 5.894427818291260337e+03
8.487631794682513053e-01 1.174249079062641066e+01 5.011270281931644604e+03
8.736916590536216720e-01 1.172896981947336492e+01 4.335733566167971730e+03
8.991458614747684930e-01 1.171406959304721696e+01 3.716536258716328120e+03
9.250876873977914583e-01 1.170198017637525822e+01 3.172669318230166027e+03
9.514916935267895282e-01 1.169006874989549338e+01 2.738577439363171834e+03
9.783359745380091343e-01 1.167702529917775500e+01 2.352546225338739987e+03
1.005613379679707098e+00 1.166541892372504918e+01 2.020038399754805823e+03
1.033289634625921050e+00 1.165479935730376582e+01 1.737536770946644083e+03
1.061315392146967351e+00 1.164580878932996733e+01 1.495226411698627544e+03
1.089693334756791199e+00 1.163717561506197562e+01 1.287677579907077643e+03
1.118364919481744435e+00 1.162468118819955620e+01 1.110697883782569306e+03
1.147299686442589950e+00 1.161092977033220208e+01 9.577311130770149248e+02
1.176451673000247444e+00 1.160036034978940656e+01 8.278789407070418065e+02
1.205798765247831028e+00 1.159069431685272278e+01 7.154279415795480190e+02
1.235302061775256144e+00 1.157858775950341723e+01 6.192848603129530147e+02
1.264902148043076657e+00 1.157071579143696027e+01 5.368358509535983103e+02
1.294564936965886259e+00 1.155835488585367798e+01 4.658115303847784503e+02
1.324237731604777535e+00 1.154316787977800907e+01 4.044785486065370037e+02
1.353888750298096744e+00 1.153208550483432937e+01 3.521096695641891188e+02
1.383471680409512850e+00 1.151617723590162967e+01 3.068652117465839524e+02
1.412934602842566001e+00 1.150288950350988770e+01 2.673532160310886638e+02
1.442233153262874934e+00 1.148812888834716439e+01 2.335233567581358045e+02
1.471325518067102101e+00 1.146849877781415117e+01 2.033595638438236222e+02
1.500155462300366116e+00 1.145238575853604424e+01 1.789736259829915923e+02
1.528703593726101095e+00 1.143503221659040392e+01 1.569802301197565271e+02
1.556911225754110895e+00 1.141366218047764569e+01 1.379383849096109600e+02
1.584723044443110407e+00 1.139397838743341929e+01 1.213987493640639883e+02
1.612117518786117865e+00 1.137216225430606009e+01 1.064365919111779135e+02
1.639052476189576169e+00 1.134956437001910778e+01 9.440684994493057047e+01
1.665481567640231475e+00 1.132562367315094498e+01 8.352383849294591300e+01
1.691359022713631033e+00 1.130078121295166405e+01 7.393614455324701851e+01
1.716665749514976191e+00 1.127443234861416421e+01 6.561350263823726436e+01
1.741373483477325790e+00 1.124719017069086213e+01 5.826855994152369078e+01
1.765435466994818015e+00 1.121891764732545838e+01 5.185534015730839030e+01
1.788829911332378453e+00 1.118876868802764513e+01 4.625955081879794761e+01
1.811519670629805345e+00 1.115792443562807001e+01 4.130343485510332613e+01
1.833491153118217198e+00 1.112601979887239523e+01 3.692999369666826937e+01
1.854728963778961681e+00 1.109343391497260356e+01 3.298433845046964308e+01
1.875193396202886165e+00 1.105910472662098343e+01 2.970880644598440412e+01
1.894876592377557900e+00 1.102315278538185517e+01 2.671539565929277416e+01
1.913764420941683975e+00 1.098653843754101089e+01 2.405967720276142430e+01
1.931838955995225593e+00 1.094859770867329019e+01 2.171346011971887435e+01
1.949092603239123589e+00 1.091044653547607801e+01 1.963330672020557799e+01
1.965518757765488012e+00 1.086997043506167415e+01 1.776700973275774942e+01
1.981114564806047751e+00 1.082921386948354048e+01 1.611623253660076927e+01
1.995835096526450192e+00 1.078781033630333042e+01 1.464542951307843666e+01
2.009616941116214139e+00 1.074464505022600314e+01 1.329982832063451781e+01
2.022380809644343191e+00 1.070133546948975578e+01 1.218018808234095118e+01
2.034051749095764361e+00 1.065748704922986079e+01 1.115369788123489414e+01
2.044529667685521357e+00 1.061202006407316212e+01 1.023974017180875506e+01
2.053767940966682470e+00 1.056595430412859393e+01 9.407653485892575773e+00
2.061670159135793767e+00 1.051930197850104243e+01 8.729200540710023049e+00
2.068149619884784851e+00 1.047223664387938946e+01 8.108840520048056888e+00
2.073083031188289294e+00 1.042422809158568597e+01 7.565767529434146432e+00
2.076410059717842760e+00 1.037575380491183275e+01 7.093796829394322323e+00
2.077932552901467833e+00 1.032742155422545594e+01 6.698910119679010400e+00
2.077438691305651286e+00 1.028022600415074628e+01 6.375323273066724639e+00
2.074552182952947632e+00 1.023777773828116366e+01 6.142988575029678877e+00
2.069000439070880937e+00 1.021290200856387287e+01 6.107943713394338836e+00
