2.191799393479931801e-01 1.550982551689759603e+01 3.683552447462830693e+06
2.275487727899212498e-01 1.518800806670112458e+01 3.070376387174589094e+06
2.362932486033975654e-01 1.490023347176028068e+01 2.557479454915914685e+06
2.454106657236807543e-01 1.464371043897118341e+01 2.132825356608780567e+06
2.549130004541305672e-01 1.439459974896478300e+01 1.780289336775470292e+06
2.648157129888817352e-01 1.416784089935086399e+01 1.483863791662190342e+06
2.751315063272691264e-01 1.396463956594996247e+01 1.225811532006073277e+06
2.858574908088971078e-01 1.376997359288345102e+01 1.033156247101979330e+06
2.970027973430048873e-01 1.359837871696046996e+01 8.627185602485463023e+05
3.086107158708590315e-01 1.343816736954761737e+01 7.206352403726680204e+05
3.206361598271718627e-01 1.330325214141675794e+01 6.026752410905651050e+05
3.330958873504946682e-01 1.315890815458704388e+01 5.032079309182034922e+05
3.460267089800351248e-01 1.303392665617355739e+01 4.193928290027450421e+05
3.594460347620995200e-01 1.292320831457672803e+01 3.508522456009223242e+05
3.732947067594239998e-01 1.281676445536693620e+01 2.934024240833024960e+05
3.876442619798296518e-01 1.271875871681119996e+01 2.456246085592571471e+05
4.024867761370006791e-01 1.262905421111644166e+01 2.059511824268761848e+05
4.177859130418948297e-01 1.254917108780419355e+01 1.725324428780310554e+05
4.335905012336299658e-01 1.247454829762075867e+01 1.448141198964379146e+05
4.498977136611171934e-01 1.240631119865930820e+01 1.212649468233210937e+05
4.666869403667555094e-01 1.234174012690538902e+01 1.007363462863561435e+05
4.839389579947085962e-01 1.228167049495653274e+01 8.539501031334925210e+04
5.017071863556279432e-01 1.222739054796152836e+01 7.189665569788443099e+04
5.199598012548242165e-01 1.217898274491143340e+01 6.045798329289204412e+04
5.387006552558916139e-01 1.213286541518876582e+01 5.091801991033336526e+04
5.579293826748312757e-01 1.209009331729428993e+01 4.284470947127756517e+04
5.776020517187558934e-01 1.204936799171251849e+01 3.613830185115067434e+04
5.977540403482335396e-01 1.201344209088497017e+01 3.051032307154529553e+04
6.184145943434252723e-01 1.197882658348361673e+01 2.576551789836523676e+04
6.396377164018931527e-01 1.194720046596023266e+01 2.173447438514485475e+04
6.614529499247907562e-01 1.191767674598509963e+01 1.834385774385029072e+04
6.839215671587419720e-01 1.189345018063494663e+01 1.550073298484325642e+04
7.070301714865097065e-01 1.186221671356545748e+01 1.307815946565653394e+04
7.308455981295716164e-01 1.183734547953906713e+01 1.104910039932664040e+04
7.553354758574393202e-01 1.181461510334932186e+01 9.326381155530021715e+03
7.805202782196974942e-01 1.179281580326770751e+01 7.858666759766325413e+03
8.064336887755958472e-01 1.177638236445755204e+01 6.636727306102894545e+03
8.330263255719851934e-01 1.175936239248915527e+01 5.596199629016054132e+03
8.603242984021947093e-01 1.174354278579659905e+01 4.727431077989036567e+03
8.882927382345133793e-01 1.172863435434392088e+01 3.988146558743455444e+03
9.169244894211399100e-01 1.171555231427653965e+01 3.365219260733585088e+03
9.462061474977567777e-01 1.170042533879895785e+01 2.843044764587324153e+03
9.760752583937148952e-01 1.169138435667475129e+01 2.402970464606783025e+03
1.006533689109309071e+00 1.168508447123236849e+01 2.016592793199322386e+03
1.037539599012461178e+00 1.167128568791456544e+01 1.719492950962563327e+03
1.069049572769976475e+00 1.166422676454164886e+01 1.455796449793208922e+03
1.101000246856432385e+00 1.165525856224938117e+01 1.233703197486726140e+03
1.133384959070742992e+00 1.164326518419237289e+01 1.047874358122867761e+03
1.166127831493229072e+00 1.163474767018387013e+01 8.903169079598808366e+02
1.199191655294329362e+00 1.162599180824027734e+01 7.571405408266294899e+02
1.232508327292620054e+00 1.161978867032580176e+01 6.446458041243193975e+02
1.265997173100994022e+00 1.160774050649729716e+01 5.465394155816710509e+02
1.299550995199781900e+00 1.159957904432097031e+01 4.698430402560214816e+02
1.333028287867739747e+00 1.158686772174968915e+01 4.022912215088268795e+02
1.366309595624629836e+00 1.157679032495893168e+01 3.451027881134694439e+02
1.399254686575817974e+00 1.156298139918272483e+01 2.970418638342396775e+02
1.431766760342937816e+00 1.154947812955253283e+01 2.561839899379338021e+02
1.463714823961542510e+00 1.153435067919556722e+01 2.215606997294499934e+02
1.495003210006402794e+00 1.151797597078797608e+01 1.921533535922612259e+02
1.525519742793455702e+00 1.149963525488830740e+01 1.672682579275617059e+02
1.555158822851130163e+00 1.147922208702672542e+01 1.452204586838425655e+02
1.583811962803936657e+00 1.145890988859015991e+01 1.278362054895575426e+02
1.611440896318349747e+00 1.143288639647217941e+01 1.121936183813153320e+02
1.637974332922628840e+00 1.140650017545331352e+01 9.888742456815083415e+01
1.663322823911200343e+00 1.137782421274183697e+01 8.702204512035063999e+01
1.687422233889034562e+00 1.134750429803813354e+01 7.759382888353903240e+01
1.710259992161638598e+00 1.131339411438137965e+01 6.909660043888973746e+01
1.731783062771186765e+00 1.127830941903185646e+01 6.149645195903688233e+01
1.751960809067721891e+00 1.124078940786239578e+01 5.520415896234259634e+01
1.770766015942496274e+00 1.120124672527196452e+01 4.963697335079988449e+01
1.788200201124239053e+00 1.115927644633452687e+01 4.473864637293372226e+01
1.804238564011524826e+00 1.111538114914987574e+01 4.044724195298253022e+01
1.818885116815734726e+00 1.106890000928232354e+01 3.670231778553395685e+01
1.832147060402750993e+00 1.102052270530427336e+01 3.343414510026289577e+01
1.844053687530321950e+00 1.097049682761141653e+01 3.050953748093819229e+01
1.854588267302553106e+00 1.091863635064519045e+01 2.794370515179210557e+01
1.863800954286566336e+00 1.086534769550567603e+01 2.565278492106885366e+01
1.871706188628115441e+00 1.080923887033700659e+01 2.355305558133784771e+01
1.878332772332500511e+00 1.075196940997917849e+01 2.183868323788680499e+01
1.883721865381129401e+00 1.069363200112888279e+01 2.023091467221334483e+01
1.887898350887954324e+00 1.063381211806925997e+01 1.879929837411706472e+01
1.890907618816870972e+00 1.057312029812584697e+01 1.745673301099340691e+01
1.892794562484579446e+00 1.051120662007525119e+01 1.631236766859642273e+01
1.893590654276779750e+00 1.044758747704279145e+01 1.528430432776017867e+01
1.893354104975802699e+00 1.038337285823545031e+01 1.435047324907873545e+01
1.892111394064341257e+00 1.031839765581306523e+01 1.355423966247214729e+01
1.889913794288639259e+00 1.025251650689001970e+01 1.279304506178498357e+01
1.886820760920160600e+00 1.018598642024805301e+01 1.206834084757949732e+01
1.882855080601503639e+00 1.011973869928179148e+01 1.145469416708542276e+01
1.878073800218863498e+00 1.005180022233841974e+01 1.091345299328333240e+01
1.872529327046488445e+00 9.984068708522030988e+00 1.039661026425216939e+01
1.866261884565817653e+00 9.916222730542177288e+00 9.901617044086979291e+00
1.859297909543251803e+00 9.847419703596843377e+00 9.507168701738661909e+00
1.851722258318012404e+00 9.780300031819962214e+00 9.126687204419846822e+00
1.843525759206647630e+00 9.715678155585637299e+00 8.782834141995996546e+00
1.834485936682091367e+00 9.649881280411293005e+00 8.493574878299938291e+00
1.824737644631167610e+00 9.582774352434617171e+00 8.223074421534811052e+00
1.814452504299212343e+00 9.514117479326587912e+00 7.962721674287789320e+00
1.803767336544863653e+00 9.444824518090843668e+00 7.732916888065074268e+00
1.792744921056995011e+00 9.374458756394611569e+00 7.475718995769978115e+00
