2.191799393479931801e-01 1.550982551689759603e+01 3.683552447462830693e+06
2.266242619006959280e-01 1.522046532659392959e+01 3.138423472070016433e+06
2.343538532131935470e-01 1.496098736391167883e+01 2.666756049358566292e+06
2.423945619445205257e-01 1.473396811664144224e+01 2.279651656645718496e+06
2.507306409781811518e-01 1.449459992715777901e+01 1.911369395164780552e+06
2.593757557237361122e-01 1.428683200532317699e+01 1.637354387842803728e+06
2.683457076712972844e-01 1.408654399540850122e+01 1.394574519497835310e+06
2.776425823210488808e-01 1.391656694432349539e+01 1.186318306156171486e+06
2.872748556763721761e-01 1.374886624329627693e+01 1.007198585710427142e+06
2.972347680184577734e-01 1.360005275910025802e+01 8.592063844878199743e+05
3.075484304285527326e-01 1.345274142004970663e+01 7.313377116774348542e+05
3.182157291324353987e-01 1.331881996756852082e+01 6.236647177722660126e+05
3.292283318462421726e-01 1.319812001449491667e+01 5.308523890449664323e+05
3.406098985822719749e-01 1.308520563921312885e+01 4.533144902155241580e+05
3.523494282401562483e-01 1.297976791688420128e+01 3.867877873165707570e+05
3.644843637831604588e-01 1.288349636747297566e+01 3.294509989407981047e+05
3.769575717398470638e-01 1.279036729849407017e+01 2.813472007117948378e+05
3.898317457593411528e-01 1.270567728942191366e+01 2.393259744297382131e+05
4.031158891470852934e-01 1.263059673892352563e+01 2.039466751473696204e+05
4.167536394143844802e-01 1.255349893586218002e+01 1.761259029804165184e+05
4.307573592726113842e-01 1.248678752227547051e+01 1.489374681849043409e+05
4.451925506228247009e-01 1.241961000996045072e+01 1.260189913193971734e+05
4.600093095210019412e-01 1.236402893256070712e+01 1.093698610770310042e+05
4.751977769914197403e-01 1.231241915095165673e+01 9.326910434423804691e+04
4.907832269472943709e-01 1.226211264414160951e+01 7.984631429269070213e+04
5.067486684120212637e-01 1.221420629316697770e+01 6.849864043036143994e+04
5.231124536088127552e-01 1.217128736945961975e+01 5.870336812750931131e+04
5.398636183626139839e-01 1.212939462219261166e+01 5.040414934896226623e+04
5.570026447137226278e-01 1.209020907594122463e+01 4.319814322418168740e+04
5.744916883672461783e-01 1.205493259898252134e+01 3.707231081588767847e+04
5.923652416162177303e-01 1.202234776660498738e+01 3.187721944430841540e+04
6.107206800622098086e-01 1.199100292478506624e+01 2.738048138013332209e+04
6.296712189735416132e-01 1.196285216788185224e+01 2.355091955616301493e+04
6.493279653104832017e-01 1.193278291992664109e+01 2.018002808037538489e+04
6.697752279394921793e-01 1.190816978001007165e+01 1.729196643941719594e+04
6.910189123701910852e-01 1.188565710830241251e+01 1.475925191313646974e+04
7.131594918232295743e-01 1.186400366979315812e+01 1.260062527568795849e+04
7.362089272127266826e-01 1.184602016264356728e+01 1.073944812018784796e+04
7.602071414439263153e-01 1.183063395098213988e+01 9.128283708249264237e+03
7.851575146746710976e-01 1.181713063452923684e+01 7.761104650052453508e+03
8.110821625327581108e-01 1.180499252408830735e+01 6.586394001623645636e+03
8.379831697161003179e-01 1.179630781891492752e+01 5.586483964902043226e+03
8.658652913912177063e-01 1.179007469682753317e+01 4.727232044161359227e+03
8.947206848121372902e-01 1.178395390910481133e+01 4.005453266933492614e+03
9.245345401072200264e-01 1.178585017141959490e+01 3.392177058363249671e+03
9.553120264369818759e-01 1.178376519856908899e+01 2.869140364459868124e+03
9.870239505296267701e-01 1.178768527263355637e+01 2.426850016923373460e+03
1.019638861102488248e+00 1.179035580606080913e+01 2.056240382873439103e+03
1.053143158529086909e+00 1.179758046220528733e+01 1.740833585066437536e+03
1.087492968692411965e+00 1.180566509148249388e+01 1.474720044593501598e+03
1.122671215187814653e+00 1.181429933329491178e+01 1.248643224938846288e+03
1.158609973625682299e+00 1.182468216170314612e+01 1.058872884103796878e+03
1.195282490101081674e+00 1.183711507499435989e+01 8.985737962953242004e+02
1.232634354312207581e+00 1.185077391250497314e+01 7.624920619781099731e+02
1.270611495154861270e+00 1.186333049789447713e+01 6.489036879552351138e+02
1.309162487516812190e+00 1.187768736024070293e+01 5.521044777320454386e+02
1.348220053567971588e+00 1.189175180952961242e+01 4.682806468231941608e+02
1.387737485282849015e+00 1.190672007657778764e+01 4.013492385667163376e+02
1.427643459169806395e+00 1.192147115411561842e+01 3.429458921967369065e+02
1.467843882138108791e+00 1.193764445422995024e+01 2.936029296292120421e+02
1.508308082978910170e+00 1.195167112557481737e+01 2.514164054414657983e+02
1.548949201268803089e+00 1.196882604674219408e+01 2.157055978037643627e+02
1.589702288956731158e+00 1.198067212544551019e+01 1.853676977065554468e+02
1.630494305538348510e+00 1.199589470848914097e+01 1.596203396874327609e+02
1.671234660886547596e+00 1.200630187151315731e+01 1.376765417875897981e+02
1.711867392361754225e+00 1.201831063142252276e+01 1.189307351383738052e+02
1.752323203676283914e+00 1.202991363200589703e+01 1.029545127871814003e+02
1.792514919742707269e+00 1.204019812372249731e+01 8.921380243756159700e+01
1.832390720757645530e+00 1.204941189288606473e+01 7.711765685212222365e+01
1.871817756217399431e+00 1.205937501559856528e+01 6.746914338394167032e+01
1.910689337534242860e+00 1.206358052684400306e+01 5.887006705128977302e+01
1.948868504955852510e+00 1.207201501762177465e+01 5.120749980727908479e+01
1.986231864037907080e+00 1.207201153943639760e+01 4.510703714367276973e+01
2.022662137576204611e+00 1.207378633051790651e+01 3.963974068821475072e+01
2.058039735679309423e+00 1.207380912647497695e+01 3.494054190600201792e+01
2.092250477707829237e+00 1.207120368683500189e+01 3.087333368241034393e+01
2.125193154669424711e+00 1.206715416448436073e+01 2.737369762096445314e+01
2.156779150359695585e+00 1.206045052009011265e+01 2.435132749907178606e+01
2.186920738082287929e+00 1.205163139077233048e+01 2.173103031226136395e+01
2.215505123557623968e+00 1.204056447638277483e+01 1.937827101500406002e+01
2.242482415370496085e+00 1.202672717350398202e+01 1.740565679554779166e+01
2.267729723753245885e+00 1.201042206796139489e+01 1.575548451807579831e+01
2.291236513835737121e+00 1.199146476576129317e+01 1.425245360192284849e+01
2.312921555484275693e+00 1.197009817680045174e+01 1.294708317441019041e+01
2.332709763529412061e+00 1.194642894659851606e+01 1.176858430245807519e+01
2.350547308215072739e+00 1.192010454074616987e+01 1.080233897927133668e+01
2.366384165522015692e+00 1.189064757798631078e+01 9.895673406899540225e+00
2.380197010182324657e+00 1.185912922493639599e+01 9.172230801659456034e+00
2.391890917193809418e+00 1.182493123171949279e+01 8.505613604207633571e+00
2.401431113773555115e+00 1.178836940814432133e+01 7.924677368449867032e+00
2.408723511184072574e+00 1.174920281357617746e+01 7.423216276904945232e+00
2.413705803257563787e+00 1.170853629661013073e+01 6.996044572069719081e+00
2.416217237988556921e+00 1.166534376211718360e+01 6.617383121972744142e+00
2.416066431283532712e+00 1.162214766897043283e+01 6.347867572158308214e+00
2.412734139342247452e+00 1.158100374462367910e+01 6.156978274171415855e+00
2.406241884176165691e+00 1.154424195594191360e+01 6.064840555696788371e+00
2.397664999481362358e+00 1.151092612704671048e+01 6.030240077150289757e+00
2.388266542374798185e+00 1.148414336470908204e+01 6.079308829064331121e+00
2.376693475686889379e+00 1.145532322966000116e+01 6.152608342875982572e+00
2.363910108739665006e+00 1.142493936473583815e+01 6.221908340761922673e+00
