2.191799393479931801e-01 1.550982551689759603e+01 3.683552447462830693e+06
2.280711913105516742e-01 1.518390657169389257e+01 3.050033819014184177e+06
2.373818402187797272e-01 1.487094892177359995e+01 2.503736832930780482e+06
2.471079197357199109e-01 1.459844853368105255e+01 2.072697423757513054e+06
2.572763285494414909e-01 1.433433882313816454e+01 1.701428443961847806e+06
2.678961957950355410e-01 1.409877533381588677e+01 1.404274824439761462e+06
2.789787399857488470e-01 1.389269654356271033e+01 1.159055214112236863e+06
2.905374786077221660e-01 1.370090779322986663e+01 9.561508301919982769e+05
3.025643355927790656e-01 1.352665961814568441e+01 7.919165653497292660e+05
3.150913535246919195e-01 1.335891477031951524e+01 6.523548742738082074e+05
3.281294247562653865e-01 1.322007982178914176e+01 5.390217499408093281e+05
3.416715127971822197e-01 1.308194682966846933e+01 4.459864292206955724e+05
3.557438910625536077e-01 1.295041949084241217e+01 3.687778867578696227e+05
3.703109038173091894e-01 1.283890755938367612e+01 3.056569755581087084e+05
3.854408928209562268e-01 1.273281050961321625e+01 2.527015944753416115e+05
4.011276689581345090e-01 1.263811735107402079e+01 2.088734792850193626e+05
4.173178753641952343e-01 1.255260452058615961e+01 1.734226077817699115e+05
4.340760535212917492e-01 1.247386090227687738e+01 1.439450272987001517e+05
4.513919316121315917e-01 1.239930172158867627e+01 1.193941001888998726e+05
4.692638545179564913e-01 1.233293408937299063e+01 9.901296618453890551e+04
4.876867892200882348e-01 1.226991524291435809e+01 8.248710268575511873e+04
5.066323569692069428e-01 1.221538861055214831e+01 6.854764302103806403e+04
5.261486189355405463e-01 1.216404796434511582e+01 5.705186865950711945e+04
5.462129689073466077e-01 1.211409503552410349e+01 4.749539885702261381e+04
5.668263480410518085e-01 1.207290507016181813e+01 3.963442890723040910e+04
5.879193597563522333e-01 1.203152163755298432e+01 3.307301403684039542e+04
6.094928057183802705e-01 1.199397306556484999e+01 2.767337591302403234e+04
6.313534931557314156e-01 1.195819728280099703e+01 2.319605969268672197e+04
6.532671920420499712e-01 1.192423218172006294e+01 1.951651659584797380e+04
6.749345590413458051e-01 1.189399914848132767e+01 1.649116177047780002e+04
6.960553631222385906e-01 1.186224818693113825e+01 1.406484502729524866e+04
7.161586386968317175e-01 1.183320954646278267e+01 1.207968881447692729e+04
7.346137485796744304e-01 1.179864252835674954e+01 1.053840316324932974e+04
7.501512469402404903e-01 1.176786831542282385e+01 9.303479219432170794e+03
7.589293582325103982e-01 1.173573430424097275e+01 8.608225250152358058e+03
7.656663703927549802e-01 1.169772112549845389e+01 8.024276825314515918e+03
7.720923538974332478e-01 1.164954756759479437e+01 7.453036545938316522e+03
7.787168843774946447e-01 1.159699876997277812e+01 6.882945730010269472e+03
7.858318585440577930e-01 1.153572309587631217e+01 6.327085705243199300e+03
7.934529133607209905e-01 1.147079053339790811e+01 5.768304068112128334e+03
8.019079565559698031e-01 1.140616672184278180e+01 5.225338751620659423e+03
8.112273504267941693e-01 1.133560252608103447e+01 4.696549905088515516e+03
8.215209293004662738e-01 1.126314000624410738e+01 4.193569775664843291e+03
8.328542606673260407e-01 1.119221222242289393e+01 3.719162962225539104e+03
8.452760030388110080e-01 1.111261171193903863e+01 3.250852025983090698e+03
8.588292783717230705e-01 1.103853517819904440e+01 2.865302871692834287e+03
8.735458429465132735e-01 1.095809469336286845e+01 2.474132714423109974e+03
8.894322219803311169e-01 1.088157530188249211e+01 2.156947098518341136e+03
9.064936128789763403e-01 1.080976228039356180e+01 1.854665587397478475e+03
9.247188429301167467e-01 1.073406277340028758e+01 1.589837619962220060e+03
9.440848086096845782e-01 1.066219767772457239e+01 1.357541619597780482e+03
9.645595344593516085e-01 1.059009255017143225e+01 1.154330075057602016e+03
9.861056032782662406e-01 1.052163897252406244e+01 9.797087575562701431e+02
1.008665454778492787e+00 1.045888690548143529e+01 8.295230109504226448e+02
1.032181976314395788e+00 1.039442720917519658e+01 7.007712791754747741e+02
1.056591283701975303e+00 1.033234997476465544e+01 5.923747340153607865e+02
1.081816046878137705e+00 1.027383905303088341e+01 4.999940688265050426e+02
1.107787874945632245e+00 1.021700244992582718e+01 4.216964714597172019e+02
1.134418026365271448e+00 1.016596605059482705e+01 3.534683365844620653e+02
1.161618393728824472e+00 1.011240231721293981e+01 2.983640110020288034e+02
1.189302271547677980e+00 1.006237853158511619e+01 2.531553872416632203e+02
1.217382816445306881e+00 1.001465119019682959e+01 2.140886155147627221e+02
1.245755114111967154e+00 9.969277870268227204e+00 1.802674526001202082e+02
1.274336850068339411e+00 9.924227868882798731e+00 1.534101738403705610e+02
1.303031184897341266e+00 9.881683215776362772e+00 1.301880054795761055e+02
1.331746864617218584e+00 9.839416257873352833e+00 1.103410806152649286e+02
1.360389051138162664e+00 9.799531750436877076e+00 9.399358788610496163e+01
1.388872972194961530e+00 9.759074393009765203e+00 8.050284609227544763e+01
1.417110563401120960e+00 9.720233379941051410e+00 6.886642211635958688e+01
1.445015987971378868e+00 9.682273444478603608e+00 5.904292832460611606e+01
1.472511765406196327e+00 9.644132742741042819e+00 5.073498825284272584e+01
1.499517287171240110e+00 9.606301919602678652e+00 4.357777089763015965e+01
1.525968586908672542e+00 9.568772272268939005e+00 3.776003826540624431e+01
1.551793137160525360e+00 9.530851883616866971e+00 3.268907542400964417e+01
1.576896738590042979e+00 9.493461198228072107e+00 2.839409047515500006e+01
1.601182149519046805e+00 9.455717085027339763e+00 2.464884742656607131e+01
1.624545088956021344e+00 9.418717968916608285e+00 2.157992827726725338e+01
1.646897205659431318e+00 9.380409826924754668e+00 1.886155221421079276e+01
1.668165644952689375e+00 9.341580473834117271e+00 1.659747032762272312e+01
1.688274548358983163e+00 9.302689696377420603e+00 1.463982070477378805e+01
1.707171936230950982e+00 9.263139390965077880e+00 1.299755373095161737e+01
1.724795541711539482e+00 9.223424631101362792e+00 1.155345343108022149e+01
1.741142112195187552e+00 9.182118854800464192e+00 1.031624982700172311e+01
1.756154870905545673e+00 9.140559816819964212e+00 9.210488486558320531e+00
1.769821985339361525e+00 9.097852065947364508e+00 8.282057770128737673e+00
1.782138447980335716e+00 9.055000165360890918e+00 7.475443680522607437e+00
1.793110814127620189e+00 9.010753949371338223e+00 6.774237748487309752e+00
1.802734918622795668e+00 8.966275391525933003e+00 6.174355386912496080e+00
1.811020412653541856e+00 8.920440370014349085e+00 5.628617484664598436e+00
1.818014829068866245e+00 8.874472615244654250e+00 5.164753296887897527e+00
1.823711233196190662e+00 8.827595008910282814e+00 4.745096959016953164e+00
1.828160122409691946e+00 8.779557294995004924e+00 4.382346976313741038e+00
1.831401616753222106e+00 8.731380106703539923e+00 4.060821484140566540e+00
1.833451014943782376e+00 8.682290147169299033e+00 3.777783349617305220e+00
1.834372572817088320e+00 8.633214975256706225e+00 3.529746991326089933e+00
1.834210123116406521e+00 8.583538369586392491e+00 3.306900739756033492e+00
1.833001939086549736e+00 8.533168875600990688e+00 3.112174650120741681e+00
1.830795910902416113e+00 8.482705741464309668e+00 2.925096557609741854e+00
1.827653865827289836e+00 8.432246067413343482e+00 2.778752682666952190e+00
1.823564561603006284e+00 8.382706824783467070e+00 2.645434407764433615e+00
