2.191799393479931801e-01 1.550982551689759603e+01 3.683552447462830693e+06
2.275429650530383652e-01 1.521805011701154875e+01 3.083852606137120631e+06
2.362803027393665656e-01 1.492048838534390676e+01 2.588131858316423837e+06
2.453894514748751476e-01 1.463794307809622630e+01 2.132805033934129402e+06
2.548838514558788293e-01 1.439579581477769032e+01 1.778874356002247194e+06
2.647769163304576345e-01 1.416967068655127804e+01 1.485761663867412833e+06
2.750780962047282840e-01 1.396556044868743207e+01 1.240525129567941884e+06
2.857990460254868914e-01 1.376960512280723670e+01 1.034819299723697244e+06
2.969343731166793621e-01 1.360290571620079270e+01 8.637065875932247145e+05
3.085287328369058502e-01 1.344273305825412201e+01 7.213634833463071845e+05
3.205444359574257662e-01 1.329229855071188915e+01 6.013603988494965015e+05
3.329895980291949220e-01 1.315943382165616882e+01 5.034882132050091750e+05
3.459059234195052124e-01 1.303625520660960468e+01 4.208336306998670916e+05
3.592961520785357132e-01 1.292557409256205503e+01 3.518312858447343460e+05
3.731443015730804835e-01 1.281770582602454311e+01 2.943387422640451114e+05
3.874782493985731158e-01 1.271990062723561898e+01 2.463212029642144626e+05
4.023004518111226169e-01 1.263589947180781259e+01 2.061768610979774385e+05
4.175863863774607054e-01 1.254879776517529599e+01 1.730200358747373684e+05
4.333706567052127423e-01 1.247575344607575687e+01 1.451972632723545248e+05
4.496594830350938432e-01 1.240577394368502162e+01 1.216239838851828827e+05
4.664248314591091238e-01 1.234704475532232593e+01 1.019816900787816994e+05
4.836587538589184332e-01 1.228417672456704679e+01 8.565950384004549414e+04
5.014068648553233754e-01 1.223006677018782185e+01 7.200269335624876840e+04
5.196362774359517545e-01 1.218296006245926222e+01 6.056723675794713927e+04
5.383552783913363449e-01 1.213371842160703018e+01 5.095614572047783440e+04
5.575598899369808015e-01 1.209070787921607604e+01 4.298937801322372979e+04
5.772086423768819641e-01 1.205043319351146991e+01 3.627290320791070553e+04
5.973734608519630784e-01 1.201379882286493661e+01 3.057898149525101690e+04
6.182718270877715083e-01 1.197976355930085468e+01 2.559181700927703059e+04
6.401783339165965092e-01 1.194557020566911909e+01 2.168321023526701538e+04
6.631738716156952984e-01 1.191830817387999630e+01 1.815643261968332445e+04
6.874290909712595932e-01 1.189147071070492068e+01 1.518772882957942784e+04
7.130019651834128558e-01 1.186803449161414648e+01 1.264847908663546514e+04
7.399501460390195406e-01 1.185034713892594205e+01 1.052312686957501865e+04
7.683061013433053477e-01 1.183493243106750725e+01 8.729391212488122619e+03
7.981018288450032472e-01 1.182361257866234006e+01 7.214819533461062747e+03
8.293737592320286067e-01 1.181686377827788093e+01 5.954860696344698226e+03
8.621145965932222044e-01 1.181272977059348328e+01 4.913251166755792838e+03
8.963297991873828696e-01 1.181314190265866237e+01 4.048189164603388690e+03
9.320161074114743371e-01 1.181856726397208490e+01 3.330276856911103550e+03
9.691525064584798344e-01 1.182395601588737399e+01 2.739907540294235787e+03
1.007702538551791038e+00 1.183521876079219481e+01 2.253970416215094701e+03
1.047634908179484015e+00 1.184952721364330763e+01 1.854798278673150207e+03
1.088899318281576711e+00 1.186495225423628419e+01 1.526049771805562386e+03
1.131430501573647440e+00 1.188476719230213341e+01 1.257975892662747583e+03
1.175063512725849968e+00 1.190487303724095725e+01 1.037123675931773732e+03
1.219647551401584984e+00 1.192900274581011466e+01 8.506510348590963986e+02
1.265016606865242865e+00 1.195290116811844783e+01 7.090629059621113583e+02
1.310989266348645987e+00 1.197766586622648965e+01 5.887872867049173919e+02
1.357353690175426397e+00 1.200310211915315151e+01 4.896589078452867057e+02
1.403921219291502931e+00 1.202780612142908367e+01 4.086895323941881202e+02
1.450505619020452164e+00 1.205594089854971962e+01 3.424650362742279412e+02
1.496885712639498545e+00 1.207648188233087971e+01 2.875842414801802533e+02
1.542784501188316559e+00 1.209840739341808558e+01 2.413476291457796776e+02
1.588035729707339305e+00 1.212019260771555373e+01 2.057202204433885413e+02
1.632377647149387823e+00 1.213513434672510449e+01 1.751687040954919610e+02
1.675612597138556037e+00 1.215158184514621276e+01 1.496811879570998940e+02
1.717409289398416750e+00 1.216207158471239502e+01 1.286392457083264276e+02
1.757503698051596563e+00 1.216921233136365821e+01 1.111645924444587479e+02
1.795767147440048950e+00 1.217336972657492922e+01 9.604243703832996459e+01
1.831720719244168016e+00 1.217238135124992127e+01 8.442038078232376108e+01
1.865242059919321349e+00 1.216662512977022992e+01 7.421198894422764170e+01
1.895788061685878212e+00 1.215679712326626571e+01 6.578725163681137644e+01
1.922986789714360878e+00 1.214191458584939909e+01 5.879629888858227105e+01
1.946200975145528478e+00 1.212125333914613279e+01 5.304963348753503283e+01
1.964291466189997282e+00 1.209526722532019782e+01 4.853617708578764223e+01
1.977535640292162888e+00 1.206294305247920562e+01 4.497814783872594546e+01
1.987739429404291602e+00 1.202389140205275275e+01 4.195393531785219210e+01
1.995877402730508843e+00 1.198011840508940118e+01 3.911698151148433311e+01
2.002470129972648394e+00 1.193150202226006229e+01 3.656050282303696264e+01
2.007933678015520584e+00 1.187934085853360955e+01 3.420018921334231976e+01
2.012493900559380045e+00 1.182302488969857457e+01 3.197696569361176344e+01
2.016267390843769380e+00 1.176377470395334157e+01 2.990130827773167965e+01
2.019302452962361993e+00 1.170166734053720425e+01 2.784369723762805293e+01
2.021571337204905117e+00 1.163703422220979888e+01 2.616277251617841415e+01
2.023127616230573800e+00 1.157188529299878610e+01 2.449577463718267012e+01
2.023882198544097122e+00 1.150376198492013557e+01 2.294641750226616495e+01
2.023833238807434487e+00 1.143413481884394400e+01 2.153490934222255149e+01
2.022991381627341489e+00 1.136398471888878348e+01 2.016411469905910181e+01
2.021313284204331318e+00 1.129262889330292019e+01 1.904497050084831500e+01
2.018781428471392303e+00 1.122112004527531504e+01 1.790582674966273302e+01
2.015388072973844036e+00 1.114872449476250083e+01 1.699040717533658196e+01
2.011124822340123242e+00 1.107582652840674697e+01 1.610568130785701513e+01
2.005992187275928540e+00 1.100253117422231064e+01 1.530698619993560605e+01
2.000008196946843508e+00 1.092899442801657450e+01 1.453930531226274070e+01
1.993174127747391111e+00 1.085556879232585104e+01 1.394100538303974623e+01
1.985571349548110209e+00 1.078185234065858467e+01 1.336237336684947508e+01
1.977252733222167214e+00 1.070742991329685445e+01 1.280956470980883388e+01
1.968259317703130007e+00 1.063252194284980945e+01 1.227867330705735149e+01
1.958642183954180993e+00 1.055720091130261018e+01 1.186732003279315784e+01
1.948491076413730205e+00 1.048172411775355251e+01 1.144151371312926990e+01
1.937842548469141501e+00 1.040532835817380786e+01 1.105122569484205108e+01
1.926715014962119055e+00 1.032919020463979720e+01 1.065307742714770001e+01
1.915194524620481564e+00 1.025306963026244844e+01 1.034831798529006264e+01
1.903297425062519865e+00 1.017631707411219288e+01 1.000325436192930617e+01
1.891085553703728106e+00 1.009964314776319938e+01 9.701953191980837943e+00
1.878578345095154312e+00 1.002280516229186347e+01 9.454785265494926705e+00
1.865800388041178870e+00 9.945983347708432731e+00 9.184508822188785615e+00
1.852810141190149418e+00 9.869928853986046136e+00 8.918310498644274276e+00
1.839588909875828904e+00 9.792994298611262138e+00 8.702430219105691478e+00
