2.191799393479931801e-01 1.550982551689759603e+01 3.683552447462830693e+06
2.269353692050710136e-01 1.522144638795520954e+01 3.108609987872480880e+06
2.350051343197330223e-01 1.493548003406321456e+01 2.626478086667841766e+06
2.434214945488512027e-01 1.468548241050265801e+01 2.202297508151651360e+06
2.521352290906030413e-01 1.446333915755499255e+01 1.877996746661366196e+06
2.612043885820258260e-01 1.424391810578046424e+01 1.583879878329695202e+06
2.706223712218327471e-01 1.405197981343120261e+01 1.338577820433154237e+06
2.803964890462548043e-01 1.386866126796976673e+01 1.132573178617539583e+06
2.905366267909146871e-01 1.369756833037530441e+01 9.582192611458550673e+05
3.010432551849716032e-01 1.354392920506479392e+01 8.091403430554803926e+05
3.119294911699189710e-01 1.339885003269119501e+01 6.846513804296540329e+05
3.231748429123203481e-01 1.327002059599007922e+01 5.800647863962082192e+05
3.348368792097844993e-01 1.314160547119691813e+01 4.905794405801068642e+05
3.468742436985359223e-01 1.303051107192587565e+01 4.108049037935706438e+05
3.593251980548402003e-01 1.291910092420436484e+01 3.517483241122530890e+05
3.721701961868169595e-01 1.282381093938870364e+01 2.983744849679910694e+05
3.854385714838501897e-01 1.273638541125759360e+01 2.523950389347377932e+05
3.991087760016084340e-01 1.264883738457622009e+01 2.144181103818432603e+05
4.132024346205770415e-01 1.257082297897577128e+01 1.816804257468357391e+05
4.277231838644371398e-01 1.250059975036150561e+01 1.543222777298337896e+05
4.426531585734970187e-01 1.243581598027630086e+01 1.309808975402003707e+05
4.580202130091627910e-01 1.237354371165499067e+01 1.112030005754294834e+05
4.738117854795939610e-01 1.231602993803362267e+01 9.459578259088717459e+04
4.900152362847086107e-01 1.226382028384698941e+01 8.053788979794457555e+04
5.066282824596942680e-01 1.221287363821077676e+01 6.849922730852985114e+04
5.236745366663305701e-01 1.216896986537147463e+01 5.828567091425451508e+04
5.411405933352353426e-01 1.212716330986478042e+01 4.977196503533878422e+04
5.590266296396231294e-01 1.208668980301565554e+01 4.245289493403930828e+04
5.772891998959972515e-01 1.204962308875257726e+01 3.620309801227383286e+04
5.959807549634704715e-01 1.201607448478431017e+01 3.095602686502954020e+04
6.151276412312253195e-01 1.198230812050875294e+01 2.644634003284856954e+04
6.348388150078289049e-01 1.195348444974192681e+01 2.257763243542719647e+04
6.551767306974256577e-01 1.192541944972087009e+01 1.929893581207492025e+04
6.761570573272494000e-01 1.189959770658166605e+01 1.643898540072641481e+04
6.978659492096398465e-01 1.187425871841718283e+01 1.401124299446474106e+04
7.203045219934095522e-01 1.185319916283881625e+01 1.193466541674769906e+04
7.435224783350005140e-01 1.183315835344529177e+01 1.015054723305533116e+04
7.675291908891994641e-01 1.181400618574299877e+01 8.552587217311647692e+03
7.923331038957176498e-01 1.179646386110837852e+01 7.335413979180008027e+03
8.179458528281480234e-01 1.178138592142590291e+01 6.222113561257110632e+03
8.443637799635990149e-01 1.177140255755488241e+01 5.285255650291232996e+03
8.715723744661224570e-01 1.176070551585643642e+01 4.482036708347280182e+03
8.995829605754830371e-01 1.175159097467626523e+01 3.805450650053494883e+03
9.283720882142695308e-01 1.174297247451577064e+01 3.227704444261252775e+03
9.579072011886000659e-01 1.174526477632104005e+01 2.735999514234770686e+03
9.881920667575195827e-01 1.173295530901862094e+01 2.322500812622483409e+03
1.019176437090439258e+00 1.172899098884751190e+01 1.972048080993857184e+03
1.050850573845881764e+00 1.173340245739251309e+01 1.673034666200892616e+03
1.083179187617127726e+00 1.172902718930932764e+01 1.421462144163476296e+03
1.116099162531591249e+00 1.172564079505053947e+01 1.210147951987485385e+03
1.149595168613369411e+00 1.172562920112719098e+01 1.029934826880398077e+03
1.183595108063625334e+00 1.172779136811007383e+01 8.768854406280537432e+02
1.218067738647460097e+00 1.173087832685523679e+01 7.480024455310424401e+02
1.252970737759157904e+00 1.173115495116950058e+01 6.383225511375085262e+02
1.288233360508535430e+00 1.173242242395020618e+01 5.454872006088331773e+02
1.323799157343887867e+00 1.173427558777209612e+01 4.667064758604331018e+02
1.359618471653368132e+00 1.173876149426004467e+01 3.998654639010234177e+02
1.395635214516551592e+00 1.173787760123128976e+01 3.427101034490537472e+02
1.431769054994097568e+00 1.173786930272732043e+01 2.949355205991954563e+02
1.467950105908421232e+00 1.173988249510575876e+01 2.529531448288772424e+02
1.504159028930037501e+00 1.174168978588198442e+01 2.185955017409229981e+02
1.540278875903646316e+00 1.173744735322286559e+01 1.887542127038431090e+02
1.576282573841248258e+00 1.173911482743419832e+01 1.631599012791422751e+02
1.612080052608729996e+00 1.173350855867751363e+01 1.413639962681020563e+02
1.647643634155109948e+00 1.173075688156638385e+01 1.226220036194045662e+02
1.682857388126919096e+00 1.172878696452929326e+01 1.065848463604105660e+02
1.717698136528337471e+00 1.172012538424394457e+01 9.237045524751160031e+01
1.752094470247795632e+00 1.171351698435405808e+01 8.098763047966303930e+01
1.785988861051258869e+00 1.170496487334061264e+01 7.076017382849920523e+01
1.819322546626265691e+00 1.169561175992173929e+01 6.167907097305665332e+01
1.852045667654586669e+00 1.168467421593879507e+01 5.438637605536654718e+01
1.884093562062179261e+00 1.167247581969518855e+01 4.779708035479836070e+01
1.915437064831251535e+00 1.165918980466319255e+01 4.190256744358566010e+01
1.946015047733896663e+00 1.164338168681346808e+01 3.713787899000519843e+01
1.975788870730456059e+00 1.162751183281488387e+01 3.281412802825470720e+01
2.004731725262066888e+00 1.160895793258251096e+01 2.909096707659972125e+01
2.032788901152935424e+00 1.159008611348899542e+01 2.582346429250618058e+01
2.059936012758817991e+00 1.156912654180032973e+01 2.296132839985138574e+01
2.086143612100592737e+00 1.154616794833911086e+01 2.039697001757675920e+01
2.111379465004064038e+00 1.152259503974597976e+01 1.828821070748622546e+01
2.135571051175240598e+00 1.149778675442162879e+01 1.636241673782181039e+01
2.158619685666629540e+00 1.147057473717404896e+01 1.470903988120453931e+01
2.180433173409832115e+00 1.144301515925305601e+01 1.321958000686514900e+01
2.200915717433045149e+00 1.141309964170607394e+01 1.193164304737895165e+01
2.219982469814401060e+00 1.138133273579329341e+01 1.080567634830153523e+01
2.237538388938148604e+00 1.134847311194648078e+01 9.821773546036842717e+00
2.253503409465660745e+00 1.131403814935984364e+01 8.926683493422059357e+00
2.267808576011051347e+00 1.127827419576383505e+01 8.190727111061214316e+00
2.280380612630708459e+00 1.124072315850922443e+01 7.528839806010424240e+00
2.291078418270248385e+00 1.120121490428888045e+01 6.954043818488656825e+00
2.299892501524242405e+00 1.115990952239601164e+01 6.448896605437748342e+00
2.306763308417881131e+00 1.111762473335140200e+01 6.013576236464851732e+00
2.311710716134812049e+00 1.107309910285216858e+01 5.617707411888554603e+00
2.314697004211422104e+00 1.102732714981046946e+01 5.290551840657449212e+00
2.315738252035945521e+00 1.098048089752112588e+01 5.023718040874174839e+00
2.314820272437150273e+00 1.093247173968144814e+01 4.785294439277964607e+00
2.311952664206380792e+00 1.088419518722485080e+01 4.577247609141084084e+00
2.307111670613448240e+00 1.083713553889167613e+01 4.436012367295473879e+00
2.300864421846141816e+00 1.079682339074874164e+01 4.334431428299334144e+00
2.293571718366225198e+00 1.077618146972673330e+01 4.365341514737334450e+00
