2.191799393479931801e-01 1.550982551689759603e+01 3.683552447462830693e+06
2.265755652953314603e-01 1.525941363542179730e+01 3.128852460776537191e+06
2.342526737976582951e-01 1.496747110836597194e+01 2.679944758109289221e+06
2.422396875464306043e-01 1.475555004169926754e+01 2.268496011485493742e+06
2.505084453367981134e-01 1.449872070633876753e+01 1.934902638247534167e+06
2.590931118751010342e-01 1.429718142341381792e+01 1.650376439509702148e+06
2.679947102834318584e-01 1.410135607287391224e+01 1.401968209457372082e+06
2.772178536448535180e-01 1.392465850642613390e+01 1.194646786704825237e+06
2.867717872809298352e-01 1.375958961312049489e+01 1.017569475436881301e+06
2.966496865114114367e-01 1.360633121558709568e+01 8.677148736774027348e+05
3.068726263911389363e-01 1.346068161923742679e+01 7.394714355039967922e+05
3.174695561993972626e-01 1.333958926026354597e+01 6.294281381834100466e+05
3.283696815778623934e-01 1.321794156524771324e+01 5.366786563828556100e+05
3.396391875380911918e-01 1.309373514976494235e+01 4.583470627166591585e+05
3.512858414284720787e-01 1.298896099508597857e+01 3.910961717724812916e+05
3.632915852387978428e-01 1.289406049907385388e+01 3.339705047978476505e+05
3.756565071325150273e-01 1.279805220565880397e+01 2.857674558892327477e+05
3.884081191092558227e-01 1.271572696164118277e+01 2.434103100003548025e+05
4.015473202458230140e-01 1.263727630302513028e+01 2.080770734342046489e+05
4.150442985930360984e-01 1.256347807121868421e+01 1.779812280797827407e+05
4.289355011066218748e-01 1.249738967692462310e+01 1.521733770988548931e+05
4.432105388641864319e-01 1.243428576394840945e+01 1.301416883168455970e+05
4.578743020511396589e-01 1.237539478716837138e+01 1.113874506352851313e+05
4.729294822100431062e-01 1.232026862564072722e+01 9.545079374038739479e+04
4.883635910132407831e-01 1.227132081628139737e+01 8.176789586493362731e+04
5.041579955874794239e-01 1.221953702842067635e+01 7.025589014745413442e+04
5.203534801700077095e-01 1.217895221872728229e+01 6.014555603843021527e+04
5.369325124054176168e-01 1.213674654027593469e+01 5.170231413684787549e+04
5.538928178411745007e-01 1.209907693984223087e+01 4.437151925653004582e+04
5.712070685365265854e-01 1.206304016032883197e+01 3.816798339191284322e+04
5.889008599856309090e-01 1.202941840353073033e+01 3.286657569832681475e+04
6.073184263626125734e-01 1.199753597975952424e+01 2.818469489847400473e+04
6.268283290929751450e-01 1.196858517811012135e+01 2.407117950147964075e+04
6.475453949111651397e-01 1.194084327960574043e+01 2.036994286257001659e+04
6.696167011636154909e-01 1.191743250186904035e+01 1.739390914903561134e+04
6.931064582202333124e-01 1.189655395620013678e+01 1.468408052540067729e+04
7.180630783137389450e-01 1.188108524666026256e+01 1.234179258415751428e+04
7.445146194730548617e-01 1.186820785707897308e+01 1.035303965334174791e+04
7.724485593898354763e-01 1.186084049444339428e+01 8.653759949914989193e+03
8.018482258452119815e-01 1.185892839752589900e+01 7.216734581904816878e+03
8.326879379591093366e-01 1.185949640877921318e+01 6.016734031833059817e+03
8.649250665044657671e-01 1.186540000093963521e+01 5.016839008948210903e+03
8.985239584897916076e-01 1.187470712260632588e+01 4.171784645804237698e+03
9.334326086343825990e-01 1.188839544219636757e+01 3.474709716217961159e+03
9.695865851380134348e-01 1.190555100564983171e+01 2.894029831147324330e+03
1.006917634607928269e+00 1.192381766352856864e+01 2.410718992717410856e+03
1.045361492047097052e+00 1.194876608813772734e+01 1.995235251785141600e+03
1.084821727785463263e+00 1.197399346766048644e+01 1.678378495200507814e+03
1.125217403681215034e+00 1.200057476347265961e+01 1.404232621581435296e+03
1.166457512069376312e+00 1.203496518874259458e+01 1.176445273492622846e+03
1.208433719093981562e+00 1.206046183672356342e+01 9.881371125084976939e+02
1.251073622030056676e+00 1.209226549348968938e+01 8.304143906511903879e+02
1.294164344622140916e+00 1.212391707743144309e+01 7.008460266128182639e+02
1.337651045875488220e+00 1.215552201783565778e+01 5.922991364033072159e+02
1.381462592398372990e+00 1.218789691392209207e+01 5.016167483244016125e+02
1.425339124432268845e+00 1.222096540051638414e+01 4.268583535308914634e+02
1.469264967746396255e+00 1.225188147768552582e+01 3.634397009118158621e+02
1.513126293039887438e+00 1.228110875440332883e+01 3.101870075792333523e+02
1.556661675014338053e+00 1.230945606935776482e+01 2.659195711539430249e+02
1.599798984996806173e+00 1.233847495521552418e+01 2.284963548239878151e+02
1.642423751460033721e+00 1.236443503542690614e+01 1.971059292773643108e+02
1.684402642337221145e+00 1.238762964857175497e+01 1.704337354789058168e+02
1.725618445061012585e+00 1.240464448228463112e+01 1.480850750080390128e+02
1.765881611466357359e+00 1.242332073838334594e+01 1.289384821433902744e+02
1.805076146971633433e+00 1.243911117513091291e+01 1.126625493341410191e+02
1.842999614910694417e+00 1.245113016160487973e+01 9.888613204171963389e+01
1.879690727598566147e+00 1.246051148913657158e+01 8.703826645191993805e+01
1.914975769490068203e+00 1.246888547936924674e+01 7.687029535301309124e+01
1.948666535538328803e+00 1.246942493200886659e+01 6.829475486527671535e+01
1.980782953604518726e+00 1.246915150213225232e+01 6.074557143355361433e+01
2.011102652795458745e+00 1.246463281557872094e+01 5.426755254083455071e+01
2.039591880596680173e+00 1.245725399419343482e+01 4.875924731229956421e+01
2.066129257859680379e+00 1.244614000761478501e+01 4.398291113776228656e+01
2.090666173493504587e+00 1.243076663039029839e+01 3.977731392927676524e+01
2.113046374926301763e+00 1.241314245528355720e+01 3.615246981704573415e+01
2.133214860480683317e+00 1.239009441275825552e+01 3.304161808791756272e+01
2.151063535129672744e+00 1.236457588482762482e+01 3.020808218072637530e+01
2.166527739958780341e+00 1.233551653542891735e+01 2.800021775912414057e+01
2.179445958186217780e+00 1.230225457151178681e+01 2.601470756616089020e+01
2.189725607178310440e+00 1.226626880857600632e+01 2.427617682586316761e+01
2.197171059328291598e+00 1.222775766120440188e+01 2.283332455659558846e+01
2.201529534482030037e+00 1.218657756005152315e+01 2.165734711239876376e+01
2.202541840511856641e+00 1.214376195825449578e+01 2.076590016196018951e+01
2.200415861187036803e+00 1.210047220873597063e+01 2.010985601458796879e+01
2.195541491977525350e+00 1.205802869936228916e+01 1.964645824750167336e+01
2.188379417552261064e+00 1.201523537309231671e+01 1.938829336273589377e+01
2.179909671808355931e+00 1.198020430805758352e+01 1.931740856159917286e+01
2.169877425481498534e+00 1.194732422110915770e+01 1.940975140732427917e+01
2.157540734368934121e+00 1.190844160785447592e+01 1.949000316707911651e+01
2.143429360465200606e+00 1.186544349610911020e+01 1.974548832222990313e+01
2.127878134385490672e+00 1.181633954563222133e+01 1.987944310407175053e+01
2.111112751886118577e+00 1.176310612530966715e+01 2.016271318455662254e+01
2.093330711186159654e+00 1.170574368172172974e+01 2.037026609839882241e+01
2.074703051228093731e+00 1.164349794174363240e+01 2.056318700755064910e+01
2.055414081136218929e+00 1.157737920865589309e+01 2.074021349729186880e+01
2.035715756478515992e+00 1.150855321077892768e+01 2.089338969687300462e+01
2.015739928544511450e+00 1.143662083530226070e+01 2.103218348553476602e+01
1.995760139427044555e+00 1.136319138102581405e+01 2.114304276416127593e+01
1.976002398228007495e+00 1.128861625865046925e+01 2.121669123480357300e+01
1.957161882104579531e+00 1.121685081931550876e+01 2.130885275328522255e+01
