2.191799393479931801e-01 1.550982551689759603e+01 3.683552447462830693e+06
2.265688682783546515e-01 1.523583277860063490e+01 3.144598629812933970e+06
2.342381962436954068e-01 1.495948228445421968e+01 2.671575069810870104e+06
2.422166597885125061e-01 1.472764077377417635e+01 2.275364790784245823e+06
2.504810717530343012e-01 1.452926936102567801e+01 1.915924492530249059e+06
2.590526684337975949e-01 1.429276522275083039e+01 1.651122485137527809e+06
2.679430254436711012e-01 1.410277412272793285e+01 1.404567346456072526e+06
2.771552142953824793e-01 1.392873022529352589e+01 1.196215450741527602e+06
2.866981868151388668e-01 1.376051529468242052e+01 1.020309571958658402e+06
2.965639741992326939e-01 1.360826872954193334e+01 8.700702282749591395e+05
3.067745586498853427e-01 1.346074007684631368e+01 7.417246461247293046e+05
3.173407373717181956e-01 1.333837255646846920e+01 6.309022144563189941e+05
3.282443803477831379e-01 1.321660387992799279e+01 5.381248906518795993e+05
3.395007857921426564e-01 1.309636007875288399e+01 4.543759428885834641e+05
3.511260771506959921e-01 1.298915841242773794e+01 3.923668961351252510e+05
3.631191471389947356e-01 1.289556671148022104e+01 3.349374784749327227e+05
3.754662777440124777e-01 1.279953518913381139e+01 2.860396146132572903e+05
3.882006886227690745e-01 1.271668031356710671e+01 2.441894792978875048e+05
4.013259686673270044e-01 1.263824211907784445e+01 2.086138873142876255e+05
4.147955035988170613e-01 1.256492872484705714e+01 1.786190090251927031e+05
4.286700821435657782e-01 1.249732288123699497e+01 1.525756632683804783e+05
4.429202277691579592e-01 1.243331100553584001e+01 1.307147077114968852e+05
4.575649652939807188e-01 1.237498074350091315e+01 1.118705338506338303e+05
4.725978874390417417e-01 1.232117243057153644e+01 9.572743498380416713e+04
4.880101877388703380e-01 1.227223330427143466e+01 8.199649167044344358e+04
5.037799084436362929e-01 1.222120519908215641e+01 7.034936149589004344e+04
5.199509223022539262e-01 1.217843241945838528e+01 6.042477008316616411e+04
5.365048211801480837e-01 1.213731975261014107e+01 5.192702285483066953e+04
5.534389550779864608e-01 1.209955736652171332e+01 4.462207779268725426e+04
5.707316258195747061e-01 1.206171851847627963e+01 3.834433223040214943e+04
5.884008944091068116e-01 1.202891588878432216e+01 3.268328483895401223e+04
6.068285667398001237e-01 1.199687859148566282e+01 2.829261051417143972e+04
6.264132276192794224e-01 1.196794003191993561e+01 2.418717984356590023e+04
6.472930268229767359e-01 1.194042430360225282e+01 2.058519924589347647e+04
6.695925665541589966e-01 1.191769567139563080e+01 1.741745860235712098e+04
6.933718179822184746e-01 1.189646105119434871e+01 1.467211636779106266e+04
7.186850046070911713e-01 1.188180631859223801e+01 1.230396519318546780e+04
7.455737651099386687e-01 1.187126080262720684e+01 1.030781784083981256e+04
7.740651432143196287e-01 1.186635105831755865e+01 8.591940778532540207e+03
8.041651426993655649e-01 1.186331752193353672e+01 7.151531967700361747e+03
8.358467962645361737e-01 1.186719343211068178e+01 5.942893938946474918e+03
8.690796388003871886e-01 1.187673591501554604e+01 4.929950674799490116e+03
9.038261288694456885e-01 1.188824949908270234e+01 4.091357631210693853e+03
9.400938663197873080e-01 1.190538428336719790e+01 3.389347934944740246e+03
9.777726166211823111e-01 1.192764482651848112e+01 2.810349880087449037e+03
1.016834989866251426e+00 1.195069185806209688e+01 2.330927757792599095e+03
1.057207542977486980e+00 1.197665021958597187e+01 1.923352289391720660e+03
1.098819949519061590e+00 1.200914944651956340e+01 1.606376622063679179e+03
1.141585140999456849e+00 1.204276972032059234e+01 1.337136303619860428e+03
1.185424750039459685e+00 1.207835583931333012e+01 1.114103534381749114e+03
1.230246617242696905e+00 1.211614034237240034e+01 9.297491888519172107e+02
1.275933790137171009e+00 1.215929527148426281e+01 7.772847755374317558e+02
1.322374009606569922e+00 1.219470178967607410e+01 6.510168116007386061e+02
1.369448057085149273e+00 1.223598289829391028e+01 5.465323597121508783e+02
1.417079551269899262e+00 1.227734513361438040e+01 4.600782979801462602e+02
1.465064970998752880e+00 1.231886534077918860e+01 3.883269469685228614e+02
1.513391343982751547e+00 1.235899233350787263e+01 3.290683657816773007e+02
1.561773164689380211e+00 1.240263104703478270e+01 2.784553972123683252e+02
1.610189829881157220e+00 1.244041686378156264e+01 2.365489077440523431e+02
1.658441432343412680e+00 1.247872701859296107e+01 2.019552736081183753e+02
1.706539747882753533e+00 1.251523622531935409e+01 1.726978798647377005e+02
1.754108315528907225e+00 1.255082199153726208e+01 1.480668865679463977e+02
1.801001112564787343e+00 1.258362299698658582e+01 1.276015992708298796e+02
1.847453139838277192e+00 1.261583537630058771e+01 1.100416939588545375e+02
1.892837516542347220e+00 1.264312987206917427e+01 9.547347706736404405e+01
1.937448213063299507e+00 1.266906801535043492e+01 8.288640252556453447e+01
1.980813059616783667e+00 1.269285338276867492e+01 7.226632380558162083e+01
2.023019457940127719e+00 1.271269822316374487e+01 6.325064597281886591e+01
2.063936364814874302e+00 1.272943229700715229e+01 5.546227825301235015e+01
2.103353433496994107e+00 1.274328475826161622e+01 4.886691433297156095e+01
2.141207770660002119e+00 1.275358759240508810e+01 4.323194855620911170e+01
2.177427166494489974e+00 1.276042489205164010e+01 3.834238478597254129e+01
2.211852247620368583e+00 1.276400011258520628e+01 3.415066736139124259e+01
2.244428689828868340e+00 1.276412378460907782e+01 3.041145841380234671e+01
2.275118780016041065e+00 1.276019780385061964e+01 2.739649367727380636e+01
2.303766813852206052e+00 1.275247281028672930e+01 2.468531626829385672e+01
2.330314640404621773e+00 1.274181173790541699e+01 2.232702670342487750e+01
2.354687901267147776e+00 1.272668847597124575e+01 2.026328473291400911e+01
2.376848765496073046e+00 1.270877377848866452e+01 1.847869754009030174e+01
2.396698120181023128e+00 1.268610833798574333e+01 1.694068871932829978e+01
2.414209841055622530e+00 1.266062902762439712e+01 1.559030884435085440e+01
2.429256012392823738e+00 1.263142391368378092e+01 1.442409820975787582e+01
2.441788283938995274e+00 1.259862209351748952e+01 1.337186511908303821e+01
2.451721788165175386e+00 1.256247695008729259e+01 1.252835827998771379e+01
2.458938527986440192e+00 1.252343993442439185e+01 1.178619815013808036e+01
2.463246512822272916e+00 1.248187414458036670e+01 1.116267210494890882e+01
2.464383580359282622e+00 1.243910151729612679e+01 1.067102322825996374e+01
2.461284780623526736e+00 1.240024105461319692e+01 1.039525990055952498e+01
2.453886605526775622e+00 1.236183798548841040e+01 1.024257109750907979e+01
2.443840760679135027e+00 1.231840518882192193e+01 1.021087789630580644e+01
2.431886608942744221e+00 1.227032363689475858e+01 1.015187717293801839e+01
2.418442456950326669e+00 1.221907797393567918e+01 1.011910305214702177e+01
2.403828782572918321e+00 1.216411206004436707e+01 1.009307239906936005e+01
2.388329497661676015e+00 1.210643782882112163e+01 1.004145337578165176e+01
2.372185726820923879e+00 1.204633269729350253e+01 1.002953668448076030e+01
2.355577563337784675e+00 1.198602719560805419e+01 1.006199696910566743e+01
2.338718958915890767e+00 1.192548116834134397e+01 1.006537036933439566e+01
2.321804469426892670e+00 1.186600335310799004e+01 1.008896066816552484e+01
2.305164382289093705e+00 1.180880147184117313e+01 1.012667981771072334e+01
2.289857821021451745e+00 1.175833126210528867e+01 1.018094894515365212e+01
