2.191799393479931801e-01 1.550982551689759603e+01 3.683552447462830693e+06
2.266081966851509200e-01 1.525937064080321193e+01 3.162753778814153746e+06
2.343208496411723352e-01 1.496273745122743293e+01 2.660771271294435952e+06
2.423459141506072723e-01 1.472517159158656241e+01 2.264423907701001503e+06
2.506558268886074914e-01 1.449487367907179625e+01 1.931070852629298810e+06
2.592836510944103168e-01 1.429239038665837036e+01 1.645167008463681443e+06
2.682310500052823010e-01 1.410138078268981765e+01 1.396086685816426994e+06
2.775043982664954778e-01 1.391710403506366411e+01 1.192012216513013933e+06
2.871103379827621982e-01 1.374816180324187798e+01 1.012899230334080523e+06
2.970440537954922022e-01 1.359747729872979249e+01 8.630103152877640678e+05
3.073258154113593932e-01 1.345491100563577902e+01 7.353034430598113686e+05
3.179667809422342950e-01 1.333271111081567994e+01 6.269972264271475142e+05
3.289465390473025885e-01 1.320263275668896519e+01 5.339507592411491787e+05
3.402968331421083459e-01 1.308848316103992815e+01 4.503253957197886775e+05
3.519983551876342265e-01 1.298352110708110629e+01 3.884514409546232200e+05
3.641046316903480129e-01 1.288456011441496685e+01 3.307360788008198724e+05
3.765331097340183231e-01 1.279267944811307167e+01 2.819857732240546029e+05
3.893665368201398858e-01 1.270804177730446760e+01 2.420490603621421033e+05
4.025965750339844385e-01 1.263155354831592270e+01 2.060475418497601058e+05
4.161778286487425316e-01 1.255637620573896562e+01 1.756307229596638063e+05
4.301622524129097846e-01 1.248987710346620794e+01 1.500342183434838953e+05
4.445533827406892291e-01 1.242966931213058679e+01 1.283510702817639540e+05
4.593189211271085926e-01 1.236775379000395070e+01 1.099341731104915234e+05
4.744564174940090195e-01 1.231317068038733886e+01 9.416520338887005346e+04
4.899844045087124456e-01 1.226140952304825582e+01 8.007054545045293344e+04
5.059021442466856699e-01 1.221615009785261030e+01 6.907358146162010962e+04
5.222109111377877255e-01 1.217298994599712891e+01 5.926119425037421024e+04
5.389056447302221775e-01 1.213225130812361385e+01 5.088037952249103546e+04
5.559862659214740432e-01 1.209456368360254253e+01 4.353265870722167892e+04
5.734184691057919725e-01 1.205922535161036535e+01 3.744558671831832180e+04
5.912217331068754245e-01 1.202555423265689249e+01 3.216475787146217044e+04
6.092983080428858722e-01 1.199338573719327350e+01 2.774790023528840175e+04
6.274744117083738137e-01 1.196209784451689195e+01 2.393098421537319518e+04
6.453520408069232106e-01 1.193711142884537502e+01 2.062573558860213961e+04
6.625200622620155411e-01 1.190800071749619882e+01 1.814624986276980053e+04
6.775686977847915626e-01 1.188114305972765550e+01 1.611166314088418949e+04
6.879721593944825297e-01 1.185761197575811998e+01 1.477018825097826084e+04
6.973106574336009889e-01 1.182396393118015610e+01 1.346867452182288071e+04
7.063806214915347992e-01 1.178942006150992761e+01 1.251002513556047052e+04
7.155516682811230433e-01 1.175259215459107232e+01 1.146710781031875013e+04
7.249262594998880926e-01 1.171261628475047800e+01 1.047755572271413439e+04
7.346680225051641644e-01 1.166772277775038980e+01 9.561956081666914542e+03
7.448411896805257060e-01 1.162151832678771157e+01 8.676879578472526191e+03
7.555338109373680444e-01 1.157364174037251203e+01 7.848103429377533757e+03
7.668022432599993499e-01 1.152434217591909871e+01 7.068624372550109911e+03
7.786957682258979219e-01 1.148097607375911089e+01 6.285237867490364806e+03
7.912459558236702994e-01 1.142190201927651927e+01 5.667191258255250432e+03
8.044843950270706978e-01 1.137136655388481188e+01 5.044449472033879829e+03
8.184250153853218634e-01 1.131988035245636581e+01 4.475846812407519792e+03
8.331019313325054299e-01 1.126916087496041996e+01 3.958389381410103397e+03
8.485081609531069935e-01 1.121593489616701333e+01 3.490105073482897296e+03
8.646614464129525057e-01 1.116799748843194529e+01 3.067480146507380596e+03
8.815596869851405337e-01 1.111659977728123927e+01 2.691993739848077894e+03
8.991923346249016680e-01 1.106733527948115459e+01 2.338083146787087571e+03
9.175602617374758463e-01 1.101960860955741417e+01 2.056210199422498590e+03
9.366383333174901349e-01 1.097657704124119249e+01 1.790094867350863751e+03
9.564122399960909293e-01 1.092801871471906594e+01 1.559326810872321175e+03
9.768709865955035321e-01 1.088791684646867886e+01 1.354140790032008908e+03
9.979659497395684253e-01 1.084223011491821076e+01 1.175847089196478919e+03
1.019690552288082142e+00 1.079993809682323302e+01 1.019674232336469231e+03
1.041992844529341600e+00 1.076319437385129518e+01 8.839462904247104689e+02
1.064851278211503383e+00 1.072191167277530077e+01 7.661891612235232287e+02
1.088232318052980263e+00 1.068321453727309844e+01 6.633625609822205433e+02
1.112075155107507429e+00 1.064825645985250269e+01 5.756861829148301695e+02
1.136346997834521089e+00 1.061465644669343256e+01 4.989449909444058449e+02
1.161008511663368825e+00 1.058071903328940344e+01 4.323953495690333284e+02
1.186042527480702047e+00 1.054909734989046299e+01 3.728880813624224402e+02
1.211440690523193142e+00 1.051644187114046325e+01 3.235840033784639331e+02
1.237187478159243792e+00 1.048564993346440666e+01 2.809878047044322216e+02
1.263255786563697747e+00 1.045558896695968798e+01 2.450339607004822540e+02
1.289625978841266507e+00 1.042617337819089229e+01 2.129884263543698069e+02
1.316252598646959981e+00 1.039821383197949523e+01 1.848166352431957478e+02
1.343096787422537242e+00 1.037078276459355131e+01 1.608745478106824010e+02
1.370139393135132666e+00 1.034431354762558897e+01 1.398871410839087730e+02
1.397312356438134673e+00 1.031731590716657188e+01 1.218253750810737728e+02
1.424577540801497788e+00 1.029129621460737098e+01 1.061239826192542353e+02
1.451902039069768113e+00 1.026605745328892461e+01 9.221871187966257821e+01
1.479199357543129922e+00 1.024052271915177492e+01 8.084177023916696214e+01
1.506457198621501181e+00 1.021651653642102708e+01 7.044730062142228633e+01
1.533611753448823833e+00 1.019186150531877644e+01 6.186177527826177425e+01
1.560545689372641487e+00 1.016800598924636567e+01 5.419449096099489083e+01
1.587183589222239011e+00 1.014373454510632655e+01 4.741704781670711810e+01
1.613394734097954863e+00 1.012027306825627271e+01 4.188744190054154615e+01
1.639046033698306148e+00 1.009613648573066058e+01 3.691072135813220711e+01
1.664063942588519085e+00 1.007153166254743937e+01 3.256090483777337141e+01
1.688323945069416299e+00 1.004834452661849475e+01 2.891533567687188011e+01
1.711716935920291505e+00 1.002246221110796576e+01 2.571405598039486762e+01
1.734115011095342052e+00 9.997041922701560779e+00 2.291946236337335563e+01
1.755481269924242138e+00 9.970345443307785160e+00 2.050847116903504741e+01
1.775624426129263300e+00 9.943619028924272740e+00 1.841188186814097705e+01
1.794537080013549168e+00 9.916108713847700429e+00 1.654673565736059615e+01
1.812040592299891006e+00 9.886664628811089983e+00 1.497401499669054381e+01
1.828051213649202866e+00 9.856444124194467804e+00 1.364251942396001027e+01
1.842448211690257409e+00 9.824938445601182124e+00 1.245665887433320940e+01
1.855089338814774669e+00 9.792339798021519215e+00 1.140491330216278243e+01
1.865800434741496705e+00 9.758817766792793336e+00 1.055320102395412540e+01
1.874307322744141135e+00 9.723723500450750734e+00 9.816032986375729408e+00
1.880121521232670734e+00 9.688667256324489330e+00 9.225699350223365514e+00
1.881788406116379875e+00 9.656016229647873317e+00 8.829804915741860327e+00
1.879099867323887896e+00 9.629122185630183850e+00 8.636455325841614794e+00
