2.383731302914612049e-01 1.510646317623783297e+01 2.423116349867075216e+06
2.522139162680080982e-01 1.469770860441376570e+01 1.847353416492372518e+06
2.666475174065187637e-01 1.434512153327103867e+01 1.415923007009884110e+06
2.816765662881323129e-01 1.403943650886042072e+01 1.090771266781920567e+06
2.973035616317528662e-01 1.377320677976793739e+01 8.442562567134945421e+05
3.135302323170711669e-01 1.354044281636902625e+01 6.564189641405032016e+05
3.303583685158129057e-01 1.333622102550484279e+01 5.125315691519370885e+05
3.477890799133585009e-01 1.315647968208872065e+01 4.018317414010056527e+05
3.658220096363219431e-01 1.299783529523197600e+01 3.162606993048381410e+05
3.844572373030394341e-01 1.285744195430040016e+01 2.498295188421376515e+05
4.036927339483021293e-01 1.273289656476687526e+01 1.980568376856402028e+05
4.235259592479175828e-01 1.262216024578760099e+01 1.575481442363557580e+05
4.439531038454353484e-01 1.252347712608789720e+01 1.257330028259979299e+05
4.649691639231560147e-01 1.243532497076754595e+01 1.006581345874411345e+05
4.865680031098345570e-01 1.235639780812761224e+01 8.082662896224430006e+04
5.087406573991226644e-01 1.228554621911649036e+01 6.509310272797906509e+04
5.314776769296478687e-01 1.222175650562264337e+01 5.257042619675897731e+04
5.547670879385562248e-01 1.216414239027426625e+01 4.257307872703386238e+04
5.785972458902369775e-01 1.211192336300443806e+01 3.456852863398379122e+04
6.029939471711353027e-01 1.206435904869807274e+01 2.813227479768613557e+04
6.281960191838691365e-01 1.202097527256101195e+01 2.290703199051231422e+04
6.543954235657829521e-01 1.198180728873865775e+01 1.864486962749575105e+04
6.816982799594430986e-01 1.194703528600476972e+01 1.516657872501694510e+04
7.101627596242883200e-01 1.191679100477041686e+01 1.233128366313988954e+04
7.398200929742929643e-01 1.189113236632869430e+01 1.002345038018949163e+04
7.706803420860706133e-01 1.187003332008549172e+01 8.148175188506083941e+03
8.027399341264638277e-01 1.185339380845591783e+01 6.626073796372642391e+03
8.359839475852750557e-01 1.184104963410998046e+01 5.391935803781639152e+03
8.703897698299641883e-01 1.183279638770469866e+01 4.391754460415798349e+03
9.059265352857734932e-01 1.182837976420622894e+01 3.581297060985775261e+03
9.425578445686375595e-01 1.182753030993123389e+01 2.924415879385469452e+03
9.802420325242151566e-01 1.182995556260249437e+01 2.391744299066934673e+03
1.018932485912249719e+00 1.183534860679562328e+01 1.959458377860057453e+03
1.058579412567127065e+00 1.184341459539224495e+01 1.608256595998049988e+03
1.099129573195684939e+00 1.185384370367648366e+01 1.322542104601891651e+03
1.140524711140942671e+00 1.186633757469291872e+01 1.089783655580995173e+03
1.182704989678702079e+00 1.188060460191601209e+01 8.998772053479916622e+02
1.225606830072257791e+00 1.189636146922512516e+01 7.446595040473810059e+02
1.269164582035456457e+00 1.191333478248492383e+01 6.175427137023926889e+02
1.313300316522906908e+00 1.193125517025131899e+01 5.132780485300602322e+02
1.357886422637677892e+00 1.194979790266391895e+01 4.276654819556382563e+02
1.402776805423417539e+00 1.196859812898259179e+01 3.572787019845611667e+02
1.447820541914262904e+00 1.198727588136511990e+01 2.993234522222675764e+02
1.492859072176639046e+00 1.200544206909902023e+01 2.515166508886601093e+02
1.537728926504441151e+00 1.202270535930593631e+01 2.120074509545550825e+02
1.582258541205137314e+00 1.203866858322076183e+01 1.792845103668812214e+02
1.626265843821387946e+00 1.205292650258671650e+01 1.521252182994347493e+02
1.669559296018474859e+00 1.206507450701938744e+01 1.295368821267571491e+02
1.711925835817341701e+00 1.207467176467786096e+01 1.107101058184503586e+02
1.753138289817578910e+00 1.208128032196429658e+01 9.499082693807352484e+01
1.792938079711560162e+00 1.208441771591984271e+01 8.184187942289437956e+01
1.831022019783472121e+00 1.208355204534257865e+01 7.083339158771704547e+01
1.867019706304982263e+00 1.207806973124268346e+01 6.161585232881946439e+01
1.900442883447063691e+00 1.206722902356719906e+01 5.391303554759964101e+01
1.930561068740754171e+00 1.205005515900153945e+01 4.752026985101417011e+01
1.955935266533293859e+00 1.202509833110089232e+01 4.234678866467984903e+01
1.967872282545346740e+00 1.198822042414922429e+01 3.921466697504680354e+01
