2.191799393479931801e-01 1.550982551689759603e+01 3.683552447462830693e+06
2.273493140160000314e-01 1.520246843711916362e+01 3.084551555326152593e+06
2.358691199014199269e-01 1.491717523390452449e+01 2.581722621003493667e+06
2.447575343219726141e-01 1.465232276542271350e+01 2.158789624418687541e+06
2.540049712089694767e-01 1.441235786105929861e+01 1.809898664752968587e+06
2.636334210441638182e-01 1.418660639154325231e+01 1.517926896806481993e+06
2.736519233589799205e-01 1.399003128875215829e+01 1.270884942616089480e+06
2.840673052030587842e-01 1.380230716178075845e+01 1.066143061146675609e+06
2.948791768153947168e-01 1.363233575417181598e+01 8.921045807105591521e+05
3.061093487064033836e-01 1.347431445843807118e+01 7.489892467192354379e+05
3.177832642117449091e-01 1.332554302867877993e+01 6.269084530233119149e+05
3.298364676788684280e-01 1.319835327901684074e+01 5.265085971312840702e+05
3.423446568568286330e-01 1.306801200707796973e+01 4.417471362056338694e+05
3.553053861200909935e-01 1.296018958092485640e+01 3.707305786411554436e+05
3.687112118757203683e-01 1.284808422825921781e+01 3.114850917124992702e+05
3.825580600494448147e-01 1.275336991285268162e+01 2.619509939308061148e+05
3.968663285602300195e-01 1.266451032941487753e+01 2.201174280099558528e+05
4.116270008302567174e-01 1.257483473167940602e+01 1.849166722115164157e+05
4.268686281077732070e-01 1.250597003620746861e+01 1.557152739092103438e+05
4.425624845489399828e-01 1.243395393624228618e+01 1.311626521854520252e+05
4.587636129759364301e-01 1.237225305234722761e+01 1.103847332586572593e+05
4.753916655315465478e-01 1.230935905588195745e+01 9.320431966957758414e+04
4.924941024407424872e-01 1.225536475263808533e+01 7.866801001692313002e+04
5.100600501375961437e-01 1.220003945016524938e+01 6.627998975602064456e+04
5.280993457145901626e-01 1.215765652893561821e+01 5.605768738341599965e+04
5.466039178976391799e-01 1.211524482950367165e+01 4.734606270164962189e+04
5.655738570012615041e-01 1.207373073692179766e+01 4.008482405198925699e+04
5.849548277997431711e-01 1.203584989816836881e+01 3.395161151122831507e+04
6.047344272208934335e-01 1.200067133341830861e+01 2.880776345812263389e+04
6.246597765570773841e-01 1.196842681798766073e+01 2.446167157023631808e+04
6.443607624504911202e-01 1.193718719581485033e+01 2.092845940814419373e+04
6.632159978370535391e-01 1.190804436818832635e+01 1.802972768252483002e+04
6.792871214709462757e-01 1.187771006630565296e+01 1.588427808005935913e+04
6.909873595684152825e-01 1.185107592191705628e+01 1.440337888850130730e+04
7.017223890760174720e-01 1.181361746102121479e+01 1.311692112441399331e+04
7.123174105997295280e-01 1.178331214508773783e+01 1.188134914120190842e+04
7.230565893303192437e-01 1.173233529620586779e+01 1.077091297251474498e+04
7.341335869251924828e-01 1.168724433985012645e+01 9.709016841344699060e+03
7.457008101618463058e-01 1.163508406272003803e+01 8.724287476875413631e+03
7.578654403907659765e-01 1.158618090427624203e+01 7.799087533870149855e+03
7.707003128396137104e-01 1.153603770579707444e+01 6.941859105007943981e+03
7.842588620302913816e-01 1.147984000194181498e+01 6.147304386172439990e+03
7.986013183514177882e-01 1.142299285984580237e+01 5.386471965604899196e+03
8.137567092770526811e-01 1.136989472284699154e+01 4.772419157342042126e+03
8.297567235930899399e-01 1.131474389067481745e+01 4.176830565852340442e+03
8.466217494590156933e-01 1.125933852758961962e+01 3.637801755229745595e+03
8.643575930033786658e-01 1.120549638082269261e+01 3.162323508022862825e+03
8.829713896422648478e-01 1.115783548001515868e+01 2.738379954860442922e+03
9.024616915769537728e-01 1.109984105990973724e+01 2.364319769506580997e+03
9.228114053837573882e-01 1.104944330656205764e+01 2.037890603008116386e+03
9.440093820561539228e-01 1.099983107774443347e+01 1.754350438825434594e+03
9.660193346889691668e-01 1.095205960670536527e+01 1.504993375165765201e+03
9.888320970218936745e-01 1.090871980167915289e+01 1.289651256802445005e+03
1.012389743514650498e+00 1.085866053349806393e+01 1.105203300731725676e+03
1.036668414618470591e+00 1.081596841997972369e+01 9.449432100744786567e+02
1.061623801380037424e+00 1.077797866025410478e+01 8.036228881335968026e+02
1.087196786110769864e+00 1.073441868107595099e+01 6.909950564668405377e+02
1.113350670420526267e+00 1.069803071624149204e+01 5.905678328057335875e+02
1.140014359225083096e+00 1.065689308348106579e+01 5.050416869432573890e+02
1.167131243202516711e+00 1.062033280466587115e+01 4.324065678081097417e+02
1.194648071144301937e+00 1.058575120336728759e+01 3.695061682828367111e+02
1.222489989968683410e+00 1.055087175158802815e+01 3.170991323492718834e+02
1.250602818922743387e+00 1.051750114550809201e+01 2.717254831451370478e+02
1.278917127990601754e+00 1.048605833967923751e+01 2.334508633301663849e+02
1.307360998342976366e+00 1.045439347318680667e+01 2.003224859354213265e+02
1.335872351879445974e+00 1.042397526652725759e+01 1.715926923973987357e+02
1.364383059382025420e+00 1.039267585696933693e+01 1.485320141042199964e+02
1.392824348699427395e+00 1.036271509203505659e+01 1.276791771447403221e+02
1.421126817145982990e+00 1.033225177617171475e+01 1.103535844457056783e+02
1.449227456153394433e+00 1.030265325390976905e+01 9.598476646010881552e+01
1.477064074125775894e+00 1.027248439203699704e+01 8.322025320896071321e+01
1.504575788122270996e+00 1.024383394962964644e+01 7.237077785858917878e+01
1.531696045947794405e+00 1.021297042124564847e+01 6.298145219805249440e+01
1.558370958434091902e+00 1.018237094666829989e+01 5.495199611157779884e+01
1.584545451527381132e+00 1.015205372649228011e+01 4.786380167839843125e+01
1.610166620734806209e+00 1.012125851590536207e+01 4.205495278813167914e+01
1.635188247840111186e+00 1.008992576613075443e+01 3.678626317777649035e+01
1.659563049409396251e+00 1.005822324462153183e+01 3.236484655187970816e+01
1.683247859291942428e+00 1.002535271935986927e+01 2.863434564422447792e+01
1.706207675661588263e+00 9.992810238881993712e+00 2.527744293126730213e+01
1.728405978439274904e+00 9.958712112276606021e+00 2.232062888957327473e+01
1.749761219066107598e+00 9.924799567137553069e+00 1.986610402391315233e+01
1.770058910816752373e+00 9.890720387917900425e+00 1.762805138894811563e+01
1.788973036571979369e+00 9.855069332311154895e+00 1.580553800778948670e+01
1.805963113950722621e+00 9.818540005298730833e+00 1.423362078275853904e+01
1.818236024650888405e+00 9.785194863897695328e+00 1.302957549609337562e+01
1.823503393474377621e+00 9.750338010121245347e+00 1.229107162969789790e+01
1.825423156067966124e+00 9.712477618368492216e+00 1.170432688522120124e+01
1.825141128531281520e+00 9.670503250974364917e+00 1.121650072711851642e+01
1.823241908180849746e+00 9.625217762476363959e+00 1.074857651437181261e+01
1.820060343303241401e+00 9.576717899921517230e+00 1.032210036886385751e+01
1.815887892324958619e+00 9.525133861306400718e+00 9.917858875155726395e+00
1.810887484236795242e+00 9.471361338873110824e+00 9.511616246101496586e+00
1.805253301567004032e+00 9.415878406966630365e+00 9.159552577270083873e+00
1.799029579833246739e+00 9.357796750266780705e+00 8.783572773735766503e+00
1.792405237917165550e+00 9.298537289993346278e+00 8.438382875279385686e+00
1.785372022946816406e+00 9.236891955007941135e+00 8.101479317521297574e+00
1.778050672472804239e+00 9.174890342793458942e+00 7.798413374801627107e+00
1.770502343517179611e+00 9.112783497437419555e+00 7.482242918423193778e+00
1.762706373755922540e+00 9.052497223057555331e+00 7.223457409497958892e+00
