2.383731302914612049e-01 1.510646317623783297e+01 2.423116349867075216e+06
2.522139162680080982e-01 1.469770860441376570e+01 1.847353416492372518e+06
2.666475174065187637e-01 1.434512153327103867e+01 1.415923007009884110e+06
2.816765662881323129e-01 1.403943650886042072e+01 1.090771266781920567e+06
2.973035616317528662e-01 1.377320677976793739e+01 8.442562567134945421e+05
3.135302323170711669e-01 1.354044281636902625e+01 6.564189641405032016e+05
3.303583685158129057e-01 1.333622102550484279e+01 5.125315691519370885e+05
3.477890799133585009e-01 1.315647968208872065e+01 4.018317414010056527e+05
3.658220096363219431e-01 1.299783529523197600e+01 3.162606993048381410e+05
3.844572373030394341e-01 1.285744195430040016e+01 2.498295188421376515e+05
4.036927339483021293e-01 1.273289656476687526e+01 1.980568376856402028e+05
4.235259592479175828e-01 1.262216024578760099e+01 1.575481442363557580e+05
4.439531038454353484e-01 1.252347712608789720e+01 1.257330028259979299e+05
4.649691639231560147e-01 1.243532497076754595e+01 1.006581345874411345e+05
4.865680031098345570e-01 1.235639780812761224e+01 8.082662896224430006e+04
5.087406573991226644e-01 1.228554621911649036e+01 6.509310272797906509e+04
5.314776769296478687e-01 1.222175650562264337e+01 5.257042619675897731e+04
5.547670879385562248e-01 1.216414239027426625e+01 4.257307872703386238e+04
5.785971977287844847e-01 1.211192455976323856e+01 3.456857313003912714e+04
6.029340814217627464e-01 1.206439276181983011e+01 2.814511160598465358e+04
6.276485197972384578e-01 1.202087402811819139e+01 2.299221586240070246e+04
6.525545100424915423e-01 1.198052895576612187e+01 1.886203563548346210e+04
6.774354004534488549e-01 1.194236899424372389e+01 1.555091342162248657e+04
7.020337719265078436e-01 1.190535078043584605e+01 1.289621259433230807e+04
7.260247241793986728e-01 1.186830447673255051e+01 1.076857378012355730e+04
7.489807030963921974e-01 1.182999359931987371e+01 9.067559558078102782e+03
7.702633852973520545e-01 1.178901944453273209e+01 7.718546036344657296e+03
7.886806954797056513e-01 1.174389960148561407e+01 6.678867790590318691e+03
8.031494137496506536e-01 1.169151215502554564e+01 5.894753808346845290e+03
8.169895711519420400e-01 1.162897632279992344e+01 5.188684983047416608e+03
8.314680451679021811e-01 1.155908813720814976e+01 4.529852726571950370e+03
8.470570802107509900e-01 1.148430045872473926e+01 3.918851596661915210e+03
8.640006410699022643e-01 1.140663234385782054e+01 3.360366566732889623e+03
8.824284944443019363e-01 1.132775905200560196e+01 2.858066288875137616e+03
9.023992573136315754e-01 1.124906052450056926e+01 2.413397113149497272e+03
9.239238252846054822e-01 1.117165217893416340e+01 2.025379870652354839e+03
9.469785302929764059e-01 1.109640643903180646e+01 1.691103222170899471e+03
9.715129696854827301e-01 1.102397399876816309e+01 1.406267266729560333e+03
9.974601908765891034e-01 1.095482043415396589e+01 1.165811557136894180e+03
1.024737398722674664e+00 1.088923679301856495e+01 9.643644154004922484e+02
1.053251973386858165e+00 1.082737606890531978e+01 7.966369051842248155e+02
1.082904674694072700e+00 1.076927211758334479e+01 6.576472544310196326e+02
1.113589244453315308e+00 1.071486744166981708e+01 5.428806117508875104e+02
1.145200128881880053e+00 1.066403436985225461e+01 4.483625025292620307e+02
1.177627596052289283e+00 1.061659190987557544e+01 3.706449459646285050e+02
1.210761687077786419e+00 1.057231328724265929e+01 3.068008150453847520e+02
1.244492997595789463e+00 1.053095708001022501e+01 2.543615227884001513e+02
1.278713475148120171e+00 1.049225436480242379e+01 2.112821276158570640e+02
1.313316457700151929e+00 1.045594149096671366e+01 1.758584775445102082e+02
1.348197130314505943e+00 1.042174501567634692e+01 1.467006300138666290e+02
1.383253292910991528e+00 1.038939969740118130e+01 1.226652248594396042e+02
1.418385301419221367e+00 1.035864640579204377e+01 1.028188671966661190e+02
1.453495745031864850e+00 1.032923600917980345e+01 8.640161477209505847e+01
1.488491195852375881e+00 1.030093345691854978e+01 7.279210450647860853e+01
1.523280771151397150e+00 1.027351438021821473e+01 6.148651574154131794e+01
1.557759277340174719e+00 1.024676474848294205e+01 5.207710202805700561e+01
1.591795965064663143e+00 1.022045470119553379e+01 4.423387659530706628e+01
1.625258896658643426e+00 1.019433493738205776e+01 3.768504197681212275e+01
1.658019199653962383e+00 1.016815299431081598e+01 3.220639298318638311e+01
1.689953482186617784e+00 1.014165599803598283e+01 2.761212673877065527e+01
1.720940868400705259e+00 1.011460164666621608e+01 2.375165408871443518e+01
1.750865247521617096e+00 1.008674937930083892e+01 2.049920472132756188e+01
1.779614067184412729e+00 1.005786891599407618e+01 1.775236514159919565e+01
1.807080954398254891e+00 1.002774231103099822e+01 1.542686893035117279e+01
1.833161005664870391e+00 9.996159119057738351e+00 1.345319477166005662e+01
1.857752131520856942e+00 9.962909722482061525e+00 1.177397109232176398e+01
1.880758606737652050e+00 9.927809806087349642e+00 1.034179637104824678e+01
1.902084403663939050e+00 9.890669279373511813e+00 9.117485641136910957e+00
1.921637612051862121e+00 9.851315632493498953e+00 8.068431223937702512e+00
1.939326576607920627e+00 9.809579739326530046e+00 7.167884734937037372e+00
1.955061090831785142e+00 9.765302629083823405e+00 6.393376400495394130e+00
1.968751828156404704e+00 9.718333745214930985e+00 5.726131123242439003e+00
1.980307189119042688e+00 9.668526376116904686e+00 5.150746107227950787e+00
1.989637938409694939e+00 9.615760465656055800e+00 4.654174539490899321e+00
1.996663516397986005e+00 9.559887289486782791e+00 4.225157742036826036e+00
2.001399961902201152e+00 9.500782225775699530e+00 3.853106473073434124e+00
2.003920931105678260e+00 9.438436503128700750e+00 3.528623453362447648e+00
2.004320102538204473e+00 9.372936291350958626e+00 3.244413261311579255e+00
