2.191799393479931801e-01 1.550982551689759603e+01 3.683552447462830693e+06
2.284259836015491985e-01 1.518272240334338896e+01 3.034200178283712361e+06
2.381023331789388631e-01 1.484247893309741428e+01 2.466261661425653379e+06
2.482560220744264301e-01 1.456526786891089031e+01 2.028317827910038410e+06
2.588766007158425642e-01 1.429692493440518142e+01 1.655447285162052838e+06
2.699858272978912788e-01 1.406334336230357884e+01 1.356036173765521264e+06
2.815965912348237232e-01 1.384382598059418434e+01 1.109785509078392060e+06
2.937381548059304626e-01 1.364651644464600189e+01 9.088541639851579675e+05
3.063572828257378755e-01 1.346822600845558249e+01 7.449887912124057766e+05
3.195341749330196102e-01 1.330441567816331805e+01 6.108990997943683760e+05
3.332602709256812790e-01 1.315618107675028448e+01 5.021324561089925119e+05
3.475320881563467301e-01 1.301744078524431458e+01 4.118392072255794192e+05
3.623739395860885448e-01 1.289768607024740987e+01 3.385856426972380723e+05
3.778033622038561301e-01 1.278382531883278261e+01 2.776530714329960756e+05
3.937852636529388106e-01 1.268415383870618740e+01 2.284095830306714633e+05
4.103806772706403150e-01 1.258666667900314273e+01 1.878875629957799392e+05
4.275393365870964191e-01 1.250114717810421183e+01 1.545227174107598548e+05
4.453128695144335514e-01 1.242616678598990099e+01 1.272665496653440496e+05
4.636836066757621944e-01 1.235167739090504924e+01 1.041083553059622791e+05
4.826139118913047588e-01 1.228636248367956441e+01 8.669023194344149670e+04
5.021711611397970954e-01 1.222585276648155350e+01 7.153296260282717412e+04
5.223131212291094450e-01 1.217094190238238127e+01 5.908588023516480462e+04
5.430485896071500784e-01 1.212388517482538930e+01 4.886181281485595537e+04
5.643746739413618707e-01 1.207507848420271301e+01 4.048641146314360230e+04
5.862288986080642639e-01 1.203346005409157193e+01 3.358775029681526939e+04
6.086320442374298922e-01 1.199386899916334670e+01 2.783984960326775763e+04
6.314642125616046764e-01 1.195756977598760962e+01 2.316412520218472127e+04
6.545956666997344575e-01 1.192436356335102232e+01 1.935122998425615879e+04
6.779207453152512608e-01 1.189108897953319754e+01 1.617608706362035446e+04
7.013340492721570341e-01 1.186074554342614462e+01 1.356977096768952833e+04
7.246756181927832552e-01 1.182883388712740924e+01 1.142741513843957728e+04
7.478199250990414937e-01 1.180162780335955297e+01 9.666154036599928077e+03
7.706052125230544725e-01 1.177092950067380883e+01 8.215719685422105613e+03
7.929464326599137136e-01 1.174370492316958448e+01 7.012272972910820499e+03
8.147142323802654129e-01 1.170792517821501022e+01 6.024871687046814259e+03
8.356803627753409680e-01 1.167553216672543037e+01 5.193778573855675859e+03
8.558096939773445211e-01 1.164270849390216611e+01 4.501516454516779049e+03
8.749176682424834040e-01 1.160449964507249909e+01 3.930652643067633562e+03
8.929125699780599001e-01 1.156437370602646375e+01 3.450939237895093811e+03
9.096837286159422664e-01 1.152218983386329398e+01 3.046748536544042963e+03
9.250654502817317049e-01 1.148123606180702438e+01 2.708887399271254253e+03
9.390185941694504379e-01 1.143188543351321407e+01 2.428739183613788555e+03
9.516799027540691069e-01 1.138407930593536044e+01 2.168440430874082267e+03
9.650226796131475826e-01 1.132645399766888517e+01 1.950669624356895156e+03
9.798901175393915919e-01 1.126949261309342099e+01 1.724100568816248824e+03
9.964651297589124379e-01 1.120465170304258784e+01 1.507768343255264654e+03
1.014825163119979390e+00 1.114292830526864364e+01 1.305829957630594436e+03
1.034987211831426279e+00 1.107363475293234778e+01 1.121361067953659813e+03
1.056939605820303774e+00 1.101476008425903075e+01 9.569765244323493789e+02
1.080618454707351184e+00 1.094884941136865386e+01 8.118132642815145346e+02
1.105946481515680091e+00 1.088842419674638506e+01 6.850370813616956411e+02
1.132803430192014682e+00 1.083076069150068932e+01 5.760635294152447159e+02
1.161058156208679248e+00 1.077594920108559151e+01 4.825410082405360299e+02
1.190563640054898009e+00 1.072294654004997838e+01 4.038639640476294517e+02
1.221151496412016035e+00 1.067454597735100386e+01 3.372261466074950818e+02
1.252657301058731409e+00 1.062523405231221574e+01 2.818412819448914206e+02
1.284900564957916824e+00 1.058042914688337532e+01 2.353932506046957940e+02
1.317705149286772848e+00 1.054008211848091925e+01 1.961781304681742029e+02
1.350890685669372981e+00 1.049781089258719291e+01 1.651505147885316376e+02
1.384261307331117186e+00 1.045831428402150465e+01 1.386347537362657647e+02
1.417692357636911371e+00 1.042040138547772266e+01 1.166502559358774391e+02
1.450919868743698382e+00 1.038438152197153386e+01 9.847198451830435317e+01
1.483864268804957920e+00 1.034869326141215495e+01 8.332601475564027282e+01
1.516325123210362946e+00 1.031362791509921983e+01 7.073910633291015415e+01
1.548159986258491827e+00 1.027911359779011491e+01 6.025157267492826918e+01
1.579268785391876539e+00 1.024484399309268134e+01 5.150062721945017330e+01
1.609518301129963636e+00 1.020973030615298605e+01 4.417910877461588370e+01
1.638770749645530378e+00 1.017410215856693334e+01 3.792601429014910508e+01
1.666981097312590920e+00 1.013830380885750593e+01 3.286962849655498786e+01
1.693972316258877120e+00 1.010108570854827192e+01 2.861023579479022061e+01
1.719794781846792686e+00 1.006375891109922271e+01 2.485599986646900206e+01
1.744315104639909464e+00 1.002499751547960471e+01 2.162271870679630226e+01
1.767480995758539120e+00 9.985592298368473507e+00 1.903741720731675358e+01
1.789250237414606648e+00 9.945031249797567696e+00 1.672291476839030366e+01
1.809612117788519381e+00 9.903142186399639613e+00 1.476016022902255287e+01
1.828547695085691149e+00 9.860308768202960650e+00 1.309963247661502983e+01
1.846030189015388512e+00 9.815660327509526439e+00 1.168848954983054966e+01
1.862039625506271001e+00 9.770481846760175060e+00 1.044719150935553209e+01
1.876565645527142889e+00 9.724007712718080398e+00 9.347908346875126284e+00
1.889605826548113265e+00 9.676114321349155389e+00 8.425799611084231699e+00
1.901159320708289968e+00 9.627141376160947672e+00 7.627338805884558148e+00
1.911242937211203863e+00 9.577870140156269585e+00 6.900704944694409093e+00
1.919875469776169741e+00 9.525941271939478483e+00 6.289012878358851921e+00
1.927080524797558647e+00 9.474052714488106375e+00 5.748911217181721156e+00
1.932891460334649869e+00 9.421043933927954583e+00 5.287224713787736619e+00
1.937347328910259181e+00 9.367567555865180751e+00 4.860163966471763075e+00
1.940490432053330938e+00 9.312708623868163116e+00 4.492504548100114903e+00
1.942368840980599698e+00 9.257737957780141969e+00 4.169535308427668063e+00
1.943026220325738018e+00 9.201532460954640058e+00 3.881367114224875348e+00
1.942505586698164421e+00 9.144921324036809906e+00 3.650152555497314655e+00
1.940909237528939846e+00 9.088759260594446943e+00 3.399542141700807374e+00
1.938237272754473883e+00 9.031463167047645513e+00 3.201819562774701033e+00
1.934571443397832491e+00 8.974074594621058054e+00 3.022439147277402594e+00
1.929962460515401768e+00 8.916222262315246283e+00 2.863213131714477111e+00
1.924481245194286316e+00 8.858524991293583284e+00 2.726601759789884394e+00
1.918155028940865536e+00 8.800571943652506945e+00 2.595345792754047753e+00
1.911067634587395814e+00 8.742788992856375785e+00 2.481054034246668483e+00
1.903276342453460668e+00 8.685368386459535017e+00 2.381437349593793495e+00
1.894790983311255506e+00 8.628921722076050571e+00 2.298841798839823980e+00
1.885673103935111117e+00 8.572131270099864864e+00 2.216425157612119445e+00
