2.383731302914612049e-01 1.510646317623783297e+01 2.423116349867075216e+06
2.522139162680080982e-01 1.469770860441376570e+01 1.847353416492372518e+06
2.666475174065187637e-01 1.434512153327103867e+01 1.415923007009884110e+06
2.816765662881323129e-01 1.403943650886042072e+01 1.090771266781920567e+06
2.973035616317528662e-01 1.377320677976793739e+01 8.442562567134945421e+05
3.135302323170711669e-01 1.354044281636902625e+01 6.564189641405032016e+05
3.303583685158129057e-01 1.333622102550484279e+01 5.125315691519370885e+05
3.477890799133585009e-01 1.315647968208872065e+01 4.018317414010056527e+05
3.658220096363219431e-01 1.299783529523197600e+01 3.162606993048381410e+05
3.844572373030394341e-01 1.285744195430040016e+01 2.498295188421376515e+05
4.036927339483021293e-01 1.273289656476687526e+01 1.980568376856402028e+05
4.235259592479175828e-01 1.262216024578760099e+01 1.575481442363557580e+05
4.439531038454353484e-01 1.252347712608789720e+01 1.257330028259979299e+05
4.649691639231560147e-01 1.243532497076754595e+01 1.006581345874411345e+05
4.865680031098345570e-01 1.235639780812761224e+01 8.082662896224430006e+04
5.087406573991226644e-01 1.228554621911649036e+01 6.509310272797906509e+04
5.314776769296478687e-01 1.222175650562264337e+01 5.257042619675897731e+04
5.547670879385562248e-01 1.216414239027426625e+01 4.257307872703386238e+04
5.785971678728812906e-01 1.211192463905806349e+01 3.456856127213606669e+04
6.029400403629037175e-01 1.206439184856292890e+01 2.814363228854762201e+04
6.277058966305077981e-01 1.202088244177471310e+01 2.298337705859751441e+04
6.527803129924930614e-01 1.198065347742875275e+01 1.883497908044647920e+04
6.780418414678959227e-01 1.194292628825559888e+01 1.549438591907497721e+04
7.033608624953334720e-01 1.190689991070064124e+01 1.279927094219786522e+04
7.286011407741473933e-01 1.187179599654779949e+01 1.061901100500945722e+04
7.536178518729326203e-01 1.183685087124567126e+01 8.850952880339707917e+03
7.782565119579507584e-01 1.180131746123517011e+01 7.412884046756198586e+03
8.023517906235347885e-01 1.176448613457924530e+01 6.240116706278906349e+03
8.257256128897755287e-01 1.172565867802765283e+01 5.280913478947103613e+03
8.481834017455758268e-01 1.168417476925596965e+01 4.494551620697189719e+03
8.695090349968429555e-01 1.163938008420791270e+01 3.848447364171377103e+03
8.894635303064658549e-01 1.159065522466135967e+01 3.316871441058853634e+03
9.077734328006632492e-01 1.153742236714330360e+01 2.879403473787183430e+03
9.241137383056695631e-01 1.147911721255771411e+01 2.520082941627435503e+03
9.392277455702441324e-01 1.141386309135965860e+01 2.210695863986283257e+03
9.552915096242188264e-01 1.134188136662717739e+01 1.921179989486907743e+03
9.729736729694046238e-01 1.126613137052629199e+01 1.652007596160954790e+03
9.925382863991936144e-01 1.118897360528336549e+01 1.406503966957337980e+03
1.014088746123622986e+00 1.111226969698611100e+01 1.187018012414235045e+03
1.037641242432044253e+00 1.103745592469006631e+01 9.943735383671936461e+02
1.063155011657987981e+00 1.096562029514116610e+01 8.279815068783158267e+02
1.090548719591845739e+00 1.089755050647976020e+01 6.862109645082400675e+02
1.119680864603710413e+00 1.083378076619114516e+01 5.668624193323315694e+02
1.150370299587656575e+00 1.077456967517330000e+01 4.673814621540497569e+02
1.182426340455655422e+00 1.071995128893255078e+01 3.850769322137530253e+02
1.215651735002100109e+00 1.066978986905005655e+01 3.173322109056467752e+02
1.249849067941092962e+00 1.062382260496774222e+01 2.617706845729568386e+02
1.284821951897056724e+00 1.058170664346208412e+01 2.163014827840998464e+02
1.320377381815281970e+00 1.054305026927679911e+01 1.791216558557564440e+02
1.356327052851068027e+00 1.050742339550418869e+01 1.487214910991648367e+02
1.392484351432270007e+00 1.047437493515098517e+01 1.238469050062586376e+02
1.428668797537565371e+00 1.044345481120867447e+01 1.034641125803298820e+02
1.464701959688136546e+00 1.041420806499831997e+01 8.673232904834362955e+01
1.500409786763929887e+00 1.038619326291464517e+01 7.296961239358135742e+01
1.535620155591406855e+00 1.035897758695513637e+01 6.162007488911650199e+01
1.570161952681337292e+00 1.033213690200760659e+01 5.223836277540883799e+01
1.603865357364921751e+00 1.030526414545468938e+01 4.446074420575514807e+01
1.636557613779971110e+00 1.027795411868166653e+01 3.799680201085944020e+01
1.668064367281087979e+00 1.024981745435520430e+01 3.260942285909302285e+01
1.698202793351351270e+00 1.022046418647319577e+01 2.810886904498462613e+01
1.726780789479340772e+00 1.018950695383315797e+01 2.433999753384364695e+01
1.753601090452329592e+00 1.015654982277791873e+01 2.117708059190312753e+01
1.778475854208122264e+00 1.012120828563451447e+01 1.851631930270360371e+01
1.801206655934110890e+00 1.008310842131723817e+01 1.627383179839078764e+01
1.821570187963146514e+00 1.004187979778750694e+01 1.438198819729004718e+01
1.839302765586788624e+00 9.997139696905492201e+00 1.278691912146198106e+01
1.854075200831341252e+00 9.948510867078423914e+00 1.144686008955540757e+01
1.865429366562364244e+00 9.895588768403753122e+00 1.033084376005056981e+01
1.872624171409301708e+00 9.838093860358309684e+00 9.424451165586509305e+00
1.873444474275792748e+00 9.778423946386739729e+00 8.791745691851959421e+00
