2.191799393479931801e-01 1.550982551689759603e+01 3.683552447462830693e+06
2.265738915097673667e-01 1.522580527734270994e+01 3.134276036676304881e+06
2.342490919619951428e-01 1.496229097210576420e+01 2.665682218916797079e+06
2.422338032004903718e-01 1.472206506407692217e+01 2.272298777868313715e+06
2.505006538393543813e-01 1.449999334550171071e+01 1.934632103347865166e+06
2.590823735493359981e-01 1.429691722435546275e+01 1.648241518809593050e+06
2.679814125091319887e-01 1.410307435295397482e+01 1.400545007860139012e+06
2.772017019017538053e-01 1.392184480158826254e+01 1.194848600768225966e+06
2.867526810639767221e-01 1.376521429229103077e+01 1.020009872942548362e+06
2.966269514189856515e-01 1.360729653198549727e+01 8.686926699498116504e+05
3.068468287597166388e-01 1.346252698548360094e+01 7.395981767260727938e+05
3.174404520356188253e-01 1.332818092682491162e+01 6.300795729861645959e+05
3.283364895295733943e-01 1.320736575063631513e+01 5.385099279253870482e+05
3.396016723348452282e-01 1.309368392709053985e+01 4.590961036098864279e+05
3.512436161696068093e-01 1.298890636965058576e+01 3.917401157295905286e+05
3.632460867469262111e-01 1.289401338520086249e+01 3.346850518599444767e+05
3.755949752719681123e-01 1.280208435204451867e+01 2.833278653359910822e+05
3.883538224219810209e-01 1.271421827331245069e+01 2.440466060234862089e+05
4.014888740628193009e-01 1.263555364576901674e+01 2.083367291753143945e+05
4.149786644545690462e-01 1.256556924816610632e+01 1.779592929991975834e+05
4.288658930634934308e-01 1.249642007373921260e+01 1.520875862426354433e+05
4.431339503355558040e-01 1.243288748629419160e+01 1.304226960330681468e+05
4.577928854083141985e-01 1.237373684672326313e+01 1.115134112929970579e+05
4.728424117226192602e-01 1.231795362990346021e+01 9.577149126325733960e+04
4.882707560134955660e-01 1.226872604047648530e+01 8.193112291117355926e+04
5.040588663791571999e-01 1.222377715190319059e+01 7.014905226462511928e+04
5.202481688283522310e-01 1.217814308489097819e+01 6.029078116516420414e+04
5.368201533688161664e-01 1.213720174336738111e+01 5.169795597944723704e+04
5.537738925461391792e-01 1.209958124721469375e+01 4.447894798749242182e+04
5.710810228576931324e-01 1.206032889474244563e+01 3.820385463762957806e+04
5.887748037920864652e-01 1.202753790285515123e+01 3.269332725807376846e+04
6.067708913854590325e-01 1.199714131471245970e+01 2.831877371163549105e+04
6.250361397319489365e-01 1.196427782947383456e+01 2.443345176573139179e+04
6.434951354519119482e-01 1.194006321518662617e+01 2.104887224847807011e+04
6.620666508853105814e-01 1.191337944633824897e+01 1.822215888973576148e+04
6.806175397518108294e-01 1.188577608235232574e+01 1.584010294138716927e+04
6.991432086953135450e-01 1.186204661191371557e+01 1.376627878571923429e+04
7.174716935763746362e-01 1.183743645215392881e+01 1.203288869234982667e+04
7.355094122786245414e-01 1.181255075709334257e+01 1.054494771548282006e+04
7.531704022890206573e-01 1.178746694803417405e+01 9.261391658696677041e+03
7.703804780282270670e-01 1.176300771991677863e+01 8.175223953768995671e+03
7.869011180226441748e-01 1.173653778056085706e+01 7.257649275425691485e+03
8.026632820173009719e-01 1.171005639893836303e+01 6.468754142247801610e+03
8.174891360672701390e-01 1.168122855211017175e+01 5.791201720080583073e+03
8.312982658339114206e-01 1.164868166495262258e+01 5.233827188118899358e+03
8.438126286832390299e-01 1.161964558647674650e+01 4.754241905189815043e+03
8.548372123889480534e-01 1.158631793034495594e+01 4.352153763493279257e+03
8.641444634401989067e-01 1.155364344155015033e+01 4.022360890487474535e+03
8.729616815263785412e-01 1.151284610018134913e+01 3.717272549418349627e+03
8.824826431957625283e-01 1.146804578123732021e+01 3.413171383681274619e+03
8.930566037073324193e-01 1.142187085720830275e+01 3.105054352577340524e+03
9.048638964161941356e-01 1.137159663218160510e+01 2.804467828509105857e+03
9.179638347298662016e-01 1.132102033153755194e+01 2.512932166922298165e+03
9.324317189546781348e-01 1.126934925794726539e+01 2.234488133154256502e+03
9.482820664860824866e-01 1.121688202181696425e+01 1.973026667074059787e+03
9.655613200742130253e-01 1.116497901366280665e+01 1.733342756945980000e+03
9.842278618697725134e-01 1.111576478171075522e+01 1.513232046236800898e+03
1.004281455783939903e+00 1.106674118165251386e+01 1.314173191399733923e+03
1.025682208980528864e+00 1.102300573974657638e+01 1.137067441103279862e+03
1.048385275347368584e+00 1.097569860611742243e+01 9.807811757628418263e+02
1.072330182996027670e+00 1.093517198547415425e+01 8.428916727411991587e+02
1.097439326503143020e+00 1.089285534513480336e+01 7.245685399150100920e+02
1.123648065001976670e+00 1.085531297816048735e+01 6.162723648423225313e+02
1.150849361552960248e+00 1.082270635454933050e+01 5.307852427786655198e+02
1.178950885071776478e+00 1.078846895449192012e+01 4.541565434510172281e+02
1.207858057232635618e+00 1.076116904022467402e+01 3.862065145994896511e+02
1.237453610786252378e+00 1.073113087076047201e+01 3.311642434941371107e+02
1.267654974433084059e+00 1.070563974240036309e+01 2.843467546600426772e+02
1.298290618335443014e+00 1.068130015569179392e+01 2.437008199884007809e+02
1.329273557857382215e+00 1.066017352861094025e+01 2.081737048666861085e+02
1.360485851840286031e+00 1.063728593296760749e+01 1.800091891374896989e+02
1.391784465521975545e+00 1.061827084914935071e+01 1.550746192369309995e+02
1.423073020972951408e+00 1.060012084010946865e+01 1.337224249583512119e+02
1.454223632141553146e+00 1.058201364379879550e+01 1.157249947974322168e+02
1.485122056434551974e+00 1.056392676215740067e+01 1.004241597738541572e+02
1.515653302790007428e+00 1.054668388758876674e+01 8.732856877610264235e+01
1.545706334432933815e+00 1.052933200456668139e+01 7.612458535376170232e+01
1.575136839287927915e+00 1.051174166596857695e+01 6.635512547068576339e+01
1.603865215862867011e+00 1.049386215081902129e+01 5.843769854393300278e+01
1.631797641096755180e+00 1.047547000109594606e+01 5.143633243011014144e+01
1.658805087918210353e+00 1.045685463238696045e+01 4.544529138956798420e+01
1.684824105237441083e+00 1.043667726530642348e+01 4.024583850987598055e+01
1.709768664549393913e+00 1.041525777360708638e+01 3.579198863908391814e+01
1.733549797319976937e+00 1.039410922895241818e+01 3.194348088988511947e+01
1.756109141632000714e+00 1.037009996736708217e+01 2.860179399140371004e+01
1.777338008063285013e+00 1.034575285256232036e+01 2.570777291728614244e+01
1.797191834063617932e+00 1.031922747040141708e+01 2.318326436527815204e+01
1.815607815609634912e+00 1.029106715599025357e+01 2.099004179842489037e+01
1.832517099205123179e+00 1.026161069514491864e+01 1.908544049022318845e+01
1.847895768374707481e+00 1.023094375638166120e+01 1.737197520155426034e+01
1.861643115441159013e+00 1.019884932232842267e+01 1.597193451369928319e+01
1.873757237588415725e+00 1.016492182011393908e+01 1.470789869981285669e+01
1.884159322347529475e+00 1.012879731847298892e+01 1.356881569861944570e+01
1.892801384610721227e+00 1.009208711530765434e+01 1.261928838057077940e+01
1.899629237323765540e+00 1.005332105437448220e+01 1.182535336086419342e+01
1.904578234008379445e+00 1.001410201246341991e+01 1.109129588022626756e+01
1.907538059216611570e+00 9.973500447900390142e+00 1.051617556488100647e+01
1.908384717236645489e+00 9.933031217023700066e+00 1.003465129101429554e+01
1.906858882106014619e+00 9.893902833382158590e+00 9.667602973579908721e+00
1.902844032771370042e+00 9.860924100358587907e+00 9.452315796211614440e+00
