2.191799393479931801e-01 1.550982551689759603e+01 3.683552447462830693e+06
2.279809362881003720e-01 1.518453912297725239e+01 3.049307207287338097e+06
2.371866432104711708e-01 1.487480884671843739e+01 2.513296983864780050e+06
2.468177960645275837e-01 1.459162228870836486e+01 2.079149167894724058e+06
2.568722061384875466e-01 1.434305312580781155e+01 1.715683447262260132e+06
2.673674333611478771e-01 1.411341902741560794e+01 1.417351016716074198e+06
2.783174539587850438e-01 1.390635584961245996e+01 1.171308685929392464e+06
2.897339973633017984e-01 1.371244990872064307e+01 9.675208805961337639e+05
3.016256243799498304e-01 1.353517186115124638e+01 8.013041912677801447e+05
3.139804970842026699e-01 1.336893603605792613e+01 6.644390354243686888e+05
3.268346976252076153e-01 1.322123918906016016e+01 5.495410026099064853e+05
3.401873810228339123e-01 1.309125154282768655e+01 4.559812350072069676e+05
3.540575507323736604e-01 1.296647365758051151e+01 3.777034554984731949e+05
3.684383525431835227e-01 1.285145691520271782e+01 3.120114201452786219e+05
3.833531883637749660e-01 1.274989599039434474e+01 2.593823106503267190e+05
3.987765312266802198e-01 1.265162635114336531e+01 2.148774397449727112e+05
4.147470813134577217e-01 1.256569092325309178e+01 1.787857660571610904e+05
4.312581989987372966e-01 1.248479250375962835e+01 1.482770913276860665e+05
4.483231964211918386e-01 1.241110303505227463e+01 1.233189340604328172e+05
4.659182891058492593e-01 1.234586284128877054e+01 1.025683959272936481e+05
4.840310327421972203e-01 1.228212218323786331e+01 8.540186927281820681e+04
5.027079839234661618e-01 1.222436602479628753e+01 7.116748007046681596e+04
5.219195572754272705e-01 1.217419752048650317e+01 5.925117827941243740e+04
5.416700365132660622e-01 1.212457862359559790e+01 4.951154706476478168e+04
5.619573306078137209e-01 1.208093518145049039e+01 4.138416297145897261e+04
5.827265827116178132e-01 1.203957271667828088e+01 3.460510339356733311e+04
6.041351523539567614e-01 1.200064587746447486e+01 2.892582046312215607e+04
6.264901302886521917e-01 1.196540589370684948e+01 2.415049250029174800e+04
6.499055983284698357e-01 1.193571767317898136e+01 2.011518064333480288e+04
6.743445523944973097e-01 1.190657782569453360e+01 1.670321278926808736e+04
6.997153453565325698e-01 1.187946290985039788e+01 1.388533487656388570e+04
7.259374698993965591e-01 1.185767978873312245e+01 1.153962736471765857e+04
7.529128524671475642e-01 1.183586078050775292e+01 9.588316100134361477e+03
7.805176342580383286e-01 1.182116303469635454e+01 7.982567428290903990e+03
8.086438494051647607e-01 1.180175952242448290e+01 6.666157986757491926e+03
8.371831432248942884e-01 1.178692038066209413e+01 5.520870920933052730e+03
8.659719239635770283e-01 1.177389705566403499e+01 4.669503833577366095e+03
8.948651740642215024e-01 1.176024407228768887e+01 3.925981885907624928e+03
9.238099600683610246e-01 1.174581427517428800e+01 3.312465569797099761e+03
9.526311056518167453e-01 1.173191482816445408e+01 2.782027469095114157e+03
9.810640487016418776e-01 1.171971628864174342e+01 2.384572183672178198e+03
1.009042588764368586e+00 1.170576623525108850e+01 2.035154047696049929e+03
1.036450916944159584e+00 1.169238923916787343e+01 1.745383762976040998e+03
1.063174578700947448e+00 1.166906229183971355e+01 1.504449237531960989e+03
1.088986903488381230e+00 1.164943490878586019e+01 1.301214168736860074e+03
1.113798734842563753e+00 1.162536504474199361e+01 1.123857018223897057e+03
1.137539676724698579e+00 1.159959982705662718e+01 9.894031716177030376e+02
1.160015076573763126e+00 1.157252209756256534e+01 8.683037488489497946e+02
1.181153248584160487e+00 1.153929306249185238e+01 7.669464859116177422e+02
1.200815252541044931e+00 1.150620382446645706e+01 6.767167955444770087e+02
1.218917447920155661e+00 1.146836389690356128e+01 6.083016408433283004e+02
1.235379891143538078e+00 1.143138841237171199e+01 5.464517974969641045e+02
1.250113035347496959e+00 1.138461345127149293e+01 4.937757341036438561e+02
1.263022736641966848e+00 1.133860845034369547e+01 4.491291502360032268e+02
1.274077387925659499e+00 1.129169843554089958e+01 4.109733162411300214e+02
1.283355735145214060e+00 1.123783433111498553e+01 3.759879982991240581e+02
1.292599127474473475e+00 1.118323699434189145e+01 3.463266455840040976e+02
1.302629383577446287e+00 1.111839031371131981e+01 3.148807185012075820e+02
1.313662784279570506e+00 1.105162796675868364e+01 2.842310631879108200e+02
1.325791677973672700e+00 1.098202893359625953e+01 2.535129515842899082e+02
1.339071936283737774e+00 1.091116009861124425e+01 2.270199234250792699e+02
1.353450834230830457e+00 1.083954227266915638e+01 2.008906612170127630e+02
1.368921402006201715e+00 1.076719093678877748e+01 1.763075441732150921e+02
1.385391910668343218e+00 1.069536089292847159e+01 1.548119522641240451e+02
1.402765049494421490e+00 1.062376101432417208e+01 1.360441654364974511e+02
1.420922742122256999e+00 1.055293630644779590e+01 1.188229219116576871e+02
1.439752676295962042e+00 1.048263289763553097e+01 1.029974979140821318e+02
1.459121892802940579e+00 1.041463163540342762e+01 8.995830365214936819e+01
1.478908560626739588e+00 1.034804325840493355e+01 7.786375264249251416e+01
1.498945251511173415e+00 1.028248887369892550e+01 6.767039160097968420e+01
1.519109944652533128e+00 1.021697231020523056e+01 5.908682282502459771e+01
1.539256672512059554e+00 1.015302604603028058e+01 5.131020578956412947e+01
1.559293492200147346e+00 1.009061907239661871e+01 4.466692719262447042e+01
1.579065054337060792e+00 1.002937059945879561e+01 3.912988872102057059e+01
1.598467501412462966e+00 9.969432037676385860e+00 3.423392504647367929e+01
1.617352547503234428e+00 9.910688644727626340e+00 2.994162384024486911e+01
1.635738742001116020e+00 9.851532100078696175e+00 2.635673114966722963e+01
1.653431932019373773e+00 9.792904076898180321e+00 2.321856044972179944e+01
1.670390979208099091e+00 9.736075440203856957e+00 2.045163948408135113e+01
1.686554706529093561e+00 9.678870432631708098e+00 1.817079074632150082e+01
1.701858582302603118e+00 9.621997607847134759e+00 1.614213983251515216e+01
1.716259506308952076e+00 9.565537371341536144e+00 1.434220960042872584e+01
1.729717879950505743e+00 9.509109566022729609e+00 1.285591142068063242e+01
1.742202392987549864e+00 9.452899895433491295e+00 1.152572914072873012e+01
1.753700876351900639e+00 9.396411653562747546e+00 1.034994477513908784e+01
1.764160321670897424e+00 9.340359892517913210e+00 9.337370276841932437e+00
1.773637347937575770e+00 9.283684055442767757e+00 8.483968021377330970e+00
1.782116899833787294e+00 9.227839055316600536e+00 7.687038501694281045e+00
1.789565241500421733e+00 9.171677332766899227e+00 6.993705545532149515e+00
1.796012617411450796e+00 9.115322847583646748e+00 6.389046686575206024e+00
1.801476042823726198e+00 9.059116483718474555e+00 5.844702773669280482e+00
1.805975500259428435e+00 9.002636687313206210e+00 5.369324236153412144e+00
1.809512728941433890e+00 8.946391507905570251e+00 4.943584837741063609e+00
1.812062468337230614e+00 8.890121809480525883e+00 4.585117048885669178e+00
1.813583596375645701e+00 8.834277265070470619e+00 4.251072501485460897e+00
1.814031067107818807e+00 8.778910022873844810e+00 3.975446663360287847e+00
1.813319816882295266e+00 8.723880970658205669e+00 3.729667568502032626e+00
1.811463176508764317e+00 8.669794423329978628e+00 3.502442567399930429e+00
1.808330972642019141e+00 8.617383792672988818e+00 3.321432926442687616e+00
1.803841044312419761e+00 8.567156848168041350e+00 3.187820607414113994e+00
