2.191799393479931801e-01 1.550982551689759603e+01 3.683552447462830693e+06
2.265604253053309647e-01 1.522146247258244500e+01 3.132414449588260613e+06
2.342206647249491791e-01 1.496939584991390682e+01 2.671410218340880238e+06
2.421900147688719196e-01 1.472351892782373106e+01 2.268769246348533779e+06
2.504397816599304716e-01 1.450218602874744711e+01 1.944191488652049331e+06
2.590047529820994066e-01 1.429250757919758641e+01 1.647485961950406898e+06
2.678836868839357122e-01 1.410040638345833841e+01 1.408631220927268965e+06
2.770838715741989478e-01 1.392893343852070132e+01 1.198642715382426977e+06
2.866131278406408578e-01 1.375957712554372669e+01 1.019667473453279003e+06
2.964657077350999481e-01 1.360586366873561737e+01 8.715831712468416663e+05
3.066613949686923246e-01 1.346542590493491609e+01 7.415398857222726801e+05
3.172106586790512384e-01 1.333772733594038407e+01 6.334085921681995969e+05
3.281004342981140298e-01 1.321648217227150646e+01 5.351535364823199343e+05
3.393350703319459871e-01 1.309581032428791758e+01 4.606091026834148215e+05
3.509425031701935427e-01 1.300008837911334147e+01 3.924624614298627712e+05
3.629381468620971884e-01 1.289361564670777582e+01 3.356351208861614577e+05
3.752456341404230566e-01 1.280093333203544148e+01 2.871825484439117718e+05
3.879595388962500113e-01 1.271749409263458297e+01 2.449448747397682164e+05
4.010545478037328415e-01 1.263986506406748944e+01 2.091151038659438200e+05
4.145053200792961356e-01 1.256903013980519646e+01 1.773941902392453630e+05
4.283617656615351099e-01 1.249805921088566585e+01 1.532456772991222970e+05
4.425861882880346432e-01 1.243815155202772615e+01 1.309284341161152988e+05
4.572064103485672382e-01 1.237560472034043180e+01 1.124122855771789182e+05
4.722141517345751494e-01 1.232305547434207149e+01 9.605212254418728116e+04
4.876007225337417594e-01 1.227048681036797717e+01 8.235986504202039214e+04
5.033417257097221320e-01 1.222551362731045010e+01 7.067918973552266834e+04
5.194936163538724783e-01 1.218712912995954767e+01 6.005793340819686273e+04
5.360082225314597437e-01 1.213753426854883699e+01 5.220436410454798897e+04
5.529124902317819057e-01 1.210053129317687848e+01 4.480682856549093412e+04
5.701992516290788071e-01 1.206460692201080143e+01 3.819411973220144864e+04
5.877957193275263892e-01 1.202904644293958114e+01 3.314623492815208738e+04
6.057546107568667626e-01 1.199969075020080211e+01 2.853058464354169701e+04
6.239220772632327883e-01 1.196757618148006586e+01 2.449402910467963375e+04
6.422309651446120871e-01 1.194102705458573510e+01 2.128187428289738818e+04
6.605348267845806420e-01 1.191146095364133828e+01 1.848033407975995215e+04
6.786606674669757311e-01 1.189117379491650972e+01 1.605170628850368485e+04
6.964891769127824483e-01 1.186291150048691989e+01 1.403378820192715466e+04
7.137691318186827338e-01 1.183722489401706746e+01 1.232043969858389573e+04
7.303131061030759819e-01 1.181216258244091044e+01 1.088159534273988720e+04
7.457885899190818124e-01 1.178692325428132293e+01 9.682731026662570002e+03
7.596738585977852454e-01 1.175820708894546307e+01 8.711341491548862905e+03
7.703819606197203074e-01 1.173072381028452860e+01 7.996360714390039902e+03
7.800700565542005860e-01 1.169743530926478847e+01 7.353749724000292190e+03
7.899276846158024279e-01 1.166187756544082177e+01 6.747443995465596345e+03
8.000645825304184555e-01 1.162232671732770584e+01 6.177482795441655071e+03
8.108169488023908578e-01 1.158003023333464832e+01 5.613972947345047942e+03
8.222568631697787511e-01 1.153513851598215112e+01 5.037685089619443715e+03
8.344778980875974250e-01 1.148795266478320087e+01 4.576362670280891507e+03
8.475757056788787436e-01 1.144205548069747813e+01 4.095371857324638313e+03
8.615740347603098037e-01 1.139356895996362162e+01 3.650988905577660717e+03
8.765396723292878667e-01 1.134578321295071568e+01 3.241744509621060388e+03
8.924721982712991997e-01 1.129579642613156842e+01 2.858259507701388884e+03
9.094177014043349772e-01 1.125182967348037621e+01 2.512438683324579415e+03
9.273853204625466251e-01 1.120232481842943884e+01 2.189235075797040281e+03
9.463786583866198310e-01 1.115653374320435631e+01 1.921767065625643681e+03
9.663998668182679497e-01 1.111234921352369476e+01 1.671619728101153896e+03
9.874401920749659167e-01 1.106888063609010509e+01 1.449013364235169092e+03
1.009477684282861887e+00 1.102791498907030743e+01 1.252032385941134862e+03
1.032496237197428002e+00 1.098674443742150864e+01 1.083388212250867582e+03
1.056463838133179012e+00 1.095430860678553131e+01 9.338405014534362181e+02
1.081349373835951422e+00 1.091467268288795367e+01 8.040926913527147235e+02
1.107118878117448135e+00 1.088085897029412052e+01 6.908383472333196096e+02
1.133714414925709235e+00 1.084946332907820299e+01 5.932958056176549917e+02
1.161103505524294643e+00 1.082123579876951425e+01 5.094788417390104200e+02
1.189216933795295139e+00 1.079178697567878764e+01 4.376889177694330328e+02
1.217978733937731262e+00 1.076580096187818469e+01 3.759529466361433379e+02
1.247273061919767612e+00 1.074086899035921938e+01 3.231698879575798742e+02
1.276998162622410948e+00 1.071752360071719146e+01 2.780779173070613410e+02
1.307031869220413478e+00 1.069507979797802477e+01 2.391712009544629609e+02
1.337253175445154874e+00 1.067494367135147115e+01 2.061738965657315816e+02
1.367553864603733960e+00 1.065550710439913473e+01 1.775062270391488823e+02
1.397806641555946916e+00 1.063640808664442972e+01 1.541902978605417047e+02
1.427881911405000315e+00 1.061810705518211684e+01 1.338505570495159134e+02
1.457683875463076095e+00 1.059999517848983430e+01 1.164105991563470326e+02
1.487076035238294791e+00 1.058159747913886051e+01 1.011299234865742278e+02
1.515926957658480401e+00 1.056253911897575826e+01 8.883757317930727027e+01
1.544147518486432391e+00 1.054456277660080055e+01 7.789588905571915234e+01
1.571621645940737055e+00 1.052490002551838444e+01 6.858293474823412339e+01
1.598238752003764418e+00 1.050465174002315649e+01 6.039327449715785434e+01
1.623919818693257300e+00 1.048380552316607073e+01 5.362516539718505726e+01
1.648497707201081575e+00 1.046215675726490879e+01 4.765048852829148984e+01
1.671926730080128598e+00 1.043918666844296439e+01 4.252512106724460494e+01
1.694095166359493865e+00 1.041476922961413010e+01 3.809276031041962796e+01
1.714906347974188838e+00 1.038844245117426901e+01 3.425322542512123647e+01
1.734295329488632742e+00 1.036185722631351958e+01 3.080634114080742947e+01
1.752162317971487582e+00 1.033242952987272645e+01 2.802828103881043020e+01
1.768427962344469861e+00 1.030204462787976816e+01 2.551718169871788078e+01
1.783002896508897095e+00 1.026989294403978015e+01 2.329903186521623937e+01
1.795787954163452493e+00 1.023592619915877400e+01 2.147338881992012460e+01
1.806700179747813273e+00 1.020101097206374874e+01 1.984513700038375816e+01
1.815698849975605711e+00 1.016356978936473965e+01 1.846142931894971895e+01
1.822826632726979978e+00 1.012556044727440430e+01 1.720901547769366857e+01
1.828113674432233493e+00 1.008540472563372958e+01 1.621427793373797499e+01
1.831572653909530279e+00 1.004382232312182488e+01 1.528325439552885001e+01
1.833269469232674975e+00 1.000164339023263338e+01 1.455770586967756053e+01
1.833213259036288179e+00 9.958677009853156292e+00 1.391822247035091742e+01
1.831499811551935419e+00 9.914911997779597641e+00 1.334692164381360335e+01
1.828165297574962489e+00 9.871897480323069018e+00 1.295417060501485729e+01
1.823306428151119984e+00 9.830110459427483960e+00 1.263298877009845356e+01
1.817207951504776764e+00 9.792619432298316440e+00 1.243055486283114774e+01
