2.383731302914612049e-01 1.510646317623783297e+01 2.423116349867075216e+06
2.522139162680080982e-01 1.469770860441376570e+01 1.847353416492372518e+06
2.666475174065187637e-01 1.434512153327103867e+01 1.415923007009884110e+06
2.816765662881323129e-01 1.403943650886042072e+01 1.090771266781920567e+06
2.973035616317528662e-01 1.377320677976793739e+01 8.442562567134945421e+05
3.135302323170711669e-01 1.354044281636902625e+01 6.564189641405032016e+05
3.303583685158129057e-01 1.333622102550484279e+01 5.125315691519370885e+05
3.477890799133585009e-01 1.315647968208872065e+01 4.018317414010056527e+05
3.658220096363219431e-01 1.299783529523197600e+01 3.162606993048381410e+05
3.844572373030394341e-01 1.285744195430040016e+01 2.498295188421376515e+05
4.036927339483021293e-01 1.273289656476687526e+01 1.980568376856402028e+05
4.235259592479175828e-01 1.262216024578760099e+01 1.575481442363557580e+05
4.439531038454353484e-01 1.252347712608789720e+01 1.257330028259979299e+05
4.649691639231560147e-01 1.243532497076754595e+01 1.006581345874411345e+05
4.865680031098345570e-01 1.235639780812761224e+01 8.082662896224430006e+04
5.087406573991226644e-01 1.228554621911649036e+01 6.509310272797906509e+04
5.314776769296478687e-01 1.222175650562264337e+01 5.257042619675897731e+04
5.547670879385562248e-01 1.216414239027426625e+01 4.257307872703386238e+04
5.785971844177069112e-01 1.211192417057249138e+01 3.456840256950482581e+04
6.029339112137834800e-01 1.206439119347457556e+01 2.814507562130164661e+04
6.276463668987551925e-01 1.202087597010225117e+01 2.299265832022068935e+04
6.525448425449759116e-01 1.198051927966870167e+01 1.886310974001133582e+04
6.774096553027145751e-01 1.194234765242815577e+01 1.555342223701919647e+04
7.019743685057427962e-01 1.190528421725752395e+01 1.290055236946241348e+04
7.259033894456180525e-01 1.186815468564520515e+01 1.077582777766790787e+04
7.487449013900252526e-01 1.182967849185216025e+01 9.079068638386737803e+03
7.698087327240809019e-01 1.178843599213807458e+01 7.737078299915084244e+03
7.876991417803868023e-01 1.174294255031758638e+01 6.714151896944876171e+03
8.001115024164191514e-01 1.168977549248393011e+01 5.995548063560999253e+03
8.126124168818633642e-01 1.162322903962297893e+01 5.303264534981176439e+03
8.268083162482142701e-01 1.154873878477068772e+01 4.621229543029591696e+03
8.430837905941792609e-01 1.147013164117024075e+01 3.970319781204625087e+03
8.615989369137476706e-01 1.139027321580831931e+01 3.368338391078297263e+03
8.824051440265157087e-01 1.131139055163724727e+01 2.826841776969122293e+03
9.054878201493834489e-01 1.123520687203545165e+01 2.351173878719286222e+03
9.307883706415441827e-01 1.116301021669022120e+01 1.941531187016173817e+03
9.582075770944930015e-01 1.109571758156944910e+01 1.594534333641103558e+03
9.875994281578824863e-01 1.103391417987898038e+01 1.304625031940316831e+03
1.018797376414584566e+00 1.097785096237999269e+01 1.065032740330064144e+03
1.051628989000218395e+00 1.092753939874705971e+01 8.685785335078813887e+02
1.085918168293391384e+00 1.088280481000646382e+01 7.083752938723392845e+02
1.121489044981283323e+00 1.084333714666962400e+01 5.782373909186603669e+02
1.158168360226178306e+00 1.080874350551012952e+01 4.727446018331128244e+02
1.195785294459731807e+00 1.077857076716394324e+01 3.873070176099930109e+02
1.234173957461797810e+00 1.075233377838987181e+01 3.181089287270363002e+02
1.273169938338928553e+00 1.072954038987792913e+01 2.620120527259112464e+02
1.312615526245976882e+00 1.070969508843716511e+01 2.164712587245237501e+02
1.352354774579505925e+00 1.069230720520925715e+01 1.794260980845276094e+02
1.392238045421320347e+00 1.067691434948334717e+01 1.492212480152596186e+02
1.432118556840433987e+00 1.066306575720195937e+01 1.245305857301564458e+02
1.471853001932249105e+00 1.065033515100351913e+01 1.042918841861100105e+02
1.511302302730712199e+00 1.063831729796921266e+01 8.765217863846831392e+01
1.550330640499074653e+00 1.062663445321007671e+01 7.393043226488114783e+01
1.588806227522391090e+00 1.061492751817101876e+01 6.257960776839264128e+01
1.626598657929302805e+00 1.060285779824188523e+01 5.316177307773864413e+01
1.663583231099691195e+00 1.059011336608441667e+01 4.532339892264630521e+01
1.699637103901272539e+00 1.057639955651513475e+01 3.877872984356159236e+01
1.734640905437403902e+00 1.056144292786239802e+01 3.329814074530649748e+01
1.768474420360587329e+00 1.054496268995784725e+01 2.869438384144613607e+01
1.801024399522333175e+00 1.052671769154145487e+01 2.481621373310153089e+01
1.832177318982302072e+00 1.050647064342662063e+01 2.153889463081086575e+01
1.861822637235606592e+00 1.048399897852371154e+01 1.876252015522750582e+01
1.889850848596709598e+00 1.045908802521080538e+01 1.640376073992830896e+01
1.916153949720464489e+00 1.043153392541839786e+01 1.439462918276055525e+01
1.940624839087833786e+00 1.040114014191349590e+01 1.267921656247208162e+01
1.963156375795843678e+00 1.036771918711457019e+01 1.121109129101401081e+01
1.983641025464261132e+00 1.033109027110315381e+01 9.952007450282039258e+00
2.001969679401216506e+00 1.029107966517963391e+01 8.870507901448293708e+00
2.018030771065429274e+00 1.024751860487477018e+01 7.940111704133057557e+00
2.031708930974368776e+00 1.020024549136057956e+01 7.138760026994036778e+00
2.042881515043167617e+00 1.014910870826993516e+01 6.448622867652466617e+00
2.051417583365625408e+00 1.009396474058075022e+01 5.854340370984721709e+00
2.057172376191511720e+00 1.003468460791041039e+01 5.344053267575747945e+00
2.059981091646424289e+00 9.971163311726700229e+00 4.907609963254305541e+00
