2.383731302914612049e-01 1.510646317623783297e+01 2.423116349867075216e+06
2.522139162680080982e-01 1.469770860441376570e+01 1.847353416492372518e+06
2.666475174065187637e-01 1.434512153327103867e+01 1.415923007009884110e+06
2.816765662881323129e-01 1.403943650886042072e+01 1.090771266781920567e+06
2.973035616317528662e-01 1.377320677976793739e+01 8.442562567134945421e+05
3.135302323170711669e-01 1.354044281636902625e+01 6.564189641405032016e+05
3.303583685158129057e-01 1.333622102550484279e+01 5.125315691519370885e+05
3.477890799133585009e-01 1.315647968208872065e+01 4.018317414010056527e+05
3.658220096363219431e-01 1.299783529523197600e+01 3.162606993048381410e+05
3.844572373030394341e-01 1.285744195430040016e+01 2.498295188421376515e+05
4.036927339483021293e-01 1.273289656476687526e+01 1.980568376856402028e+05
4.235259592479175828e-01 1.262216024578760099e+01 1.575481442363557580e+05
4.439531038454353484e-01 1.252347712608789720e+01 1.257330028259979299e+05
4.649691639231560147e-01 1.243532497076754595e+01 1.006581345874411345e+05
4.865680031098345570e-01 1.235639780812761224e+01 8.082662896224430006e+04
5.087406573991226644e-01 1.228554621911649036e+01 6.509310272797906509e+04
5.314776769296478687e-01 1.222175650562264337e+01 5.257042619675897731e+04
5.547670879385562248e-01 1.216414239027426625e+01 4.257307872703386238e+04
5.785967158385488807e-01 1.211192058573861452e+01 3.456881044214936264e+04
6.029328105261094750e-01 1.206439558215540941e+01 2.814500292035837629e+04
6.276324616149545621e-01 1.202087431412807916e+01 2.299509457174710406e+04
6.524877888201137122e-01 1.198048752554733909e+01 1.887005403157720502e+04
6.772495311788402361e-01 1.194220836099825611e+01 1.556836591548372780e+04
7.016037975489967105e-01 1.190487941881265144e+01 1.292798160936854219e+04
7.251279349964397936e-01 1.186720746365340773e+01 1.082206191454850159e+04
7.471882942531240523e-01 1.182772922280901362e+01 9.155349175918905530e+03
7.665421243186540945e-01 1.178479452550434203e+01 7.874015093405398147e+03
7.809359624996855542e-01 1.173524163447848423e+01 6.957763958249072857e+03
7.950979274496599025e-01 1.167395985666801472e+01 6.110891311787127961e+03
8.107350297882555124e-01 1.160553743769760260e+01 5.297885916982833805e+03
8.282305991373957177e-01 1.153343833735390689e+01 4.536268923493814327e+03
8.477492620944517832e-01 1.146025023205197435e+01 3.840973978144363173e+03
8.693488218817875257e-01 1.138796949113298140e+01 3.221233004601016546e+03
8.930271153866353728e-01 1.131814633508522938e+01 2.679928889455115950e+03
9.187398313182868481e-01 1.125193270480569119e+01 2.215358293987163961e+03
9.464175528124034731e-01 1.119014177675600052e+01 1.822258820399680189e+03
9.759671140279303492e-01 1.113330743845280146e+01 1.493562880845863901e+03
1.007286329650754153e+00 1.108172422788632616e+01 1.221191143510397978e+03
1.040261758891544819e+00 1.103549089592699595e+01 9.971244996898401496e+02
1.074772456393081166e+00 1.099456040090764475e+01 8.137711670248329483e+02
1.110666919557458110e+00 1.095875676358296147e+01 6.643826479328159849e+02
1.147780297244892278e+00 1.092778205301725336e+01 5.430274578329444921e+02
1.185948576664573206e+00 1.090125181418988731e+01 4.446188300258627919e+02
1.225009982890530980e+00 1.087872786633685962e+01 3.648321118957539966e+02
1.264801643782301088e+00 1.085974723286462762e+01 3.001379263631657750e+02
1.305166363447444855e+00 1.084383411434168742e+01 2.476159003180378875e+02
1.345949062452612699e+00 1.083051403463987761e+01 2.049126134487105162e+02
1.386997284691014576e+00 1.081932423559916323e+01 1.701205001754494219e+02
1.428163152074385156e+00 1.080981659287089158e+01 1.417029476065433187e+02
1.469299537897185592e+00 1.080156073461457744e+01 1.184383645316297162e+02
1.510264038923421426e+00 1.079414679151402190e+01 9.933615303896583271e+01
1.550914670991045963e+00 1.078718366392345018e+01 8.360718116583842630e+01
1.591113892365561444e+00 1.078030307189559878e+01 7.061799288931158003e+01
1.630725004546687007e+00 1.077315314462800799e+01 5.985817677272512327e+01
1.669614551625232313e+00 1.076540336890304062e+01 5.091822608381811222e+01
1.707649142277180454e+00 1.075673718431352555e+01 4.346912789371481978e+01
1.744697833353317851e+00 1.074685399297372257e+01 3.724292508360328213e+01
1.780631182672897106e+00 1.073546882485077347e+01 3.202376713932603991e+01
1.815321963815187178e+00 1.072229952655205842e+01 2.763556498456737742e+01
1.848657089083162841e+00 1.070710291626360089e+01 2.393464688053911971e+01
1.880526335489529188e+00 1.068963965373526115e+01 2.080425103704908096e+01
1.910821686029002819e+00 1.066969264552933794e+01 1.814834099529484845e+01
1.939436141918069900e+00 1.064704809540061881e+01 1.588910701713534301e+01
1.966268858603848146e+00 1.062153009180619279e+01 1.396220987840157868e+01
1.991213225220238803e+00 1.059293072412323689e+01 1.231444603021341244e+01
2.014166616863387826e+00 1.056107816830663637e+01 1.090222594235451758e+01
2.035027244359646215e+00 1.052580533598121804e+01 9.689330716810820476e+00
2.053690009528464699e+00 1.048694474689247613e+01 8.645665299016187078e+00
2.070050345059663677e+00 1.044434295755953102e+01 7.746244459884983335e+00
2.083999936435894984e+00 1.039785190888204980e+01 6.970522107633962072e+00
2.095424909542446645e+00 1.034732718036556776e+01 6.300855844483097989e+00
2.104206351175542888e+00 1.029264139751021290e+01 5.723168445885722377e+00
2.110215397442384955e+00 1.023367950613643984e+01 5.225336814044356792e+00
2.113308976332509026e+00 1.017034678746511034e+01 4.798011596870846773e+00
2.113323750303533810e+00 1.010258302965607946e+01 4.433511227522664022e+00
