2.191799393479931801e-01 1.550982551689759603e+01 3.683552447462830693e+06
2.281546905888185151e-01 1.522139710525915923e+01 3.058256429441250861e+06
2.375462484732627499e-01 1.485686863819121228e+01 2.495090700497307815e+06
2.473781035438346043e-01 1.458387876666379235e+01 2.052362577912650304e+06
2.576524944543890361e-01 1.432030878761246484e+01 1.688389715821957448e+06
2.683860688704795550e-01 1.412302415155395430e+01 1.391832121750452090e+06
2.795926499635923435e-01 1.388273580683208053e+01 1.149011639228849439e+06
2.912850002095527802e-01 1.368662155788859458e+01 9.459077751236598706e+05
3.034533433173723926e-01 1.350704493497879177e+01 7.801368846298390999e+05
3.161373735056442480e-01 1.334424625240424334e+01 6.421424279141244479e+05
3.293265136125284598e-01 1.320837731093236478e+01 5.302661018918786431e+05
3.430417582354006734e-01 1.306497653041125773e+01 4.371845574984445702e+05
3.572877816298532516e-01 1.293339870531098157e+01 3.620707147946492769e+05
3.720582517423645097e-01 1.282609714905120590e+01 2.990845602564248256e+05
3.873874657468678318e-01 1.272174850385102118e+01 2.468158967278776690e+05
4.032700139593548005e-01 1.262739833478914342e+01 2.039842461460801424e+05
4.196940643243997626e-01 1.253901201242542918e+01 1.686993016388241085e+05
4.366949820866701804e-01 1.245948263420810243e+01 1.386363269842817390e+05
4.542499053906846052e-01 1.238602829756204926e+01 1.157106677401321067e+05
4.723834339317004027e-01 1.232050253066297962e+01 9.612476207673913450e+04
4.910607946973855054e-01 1.226061403867072030e+01 7.971666919260268332e+04
5.102904773168610575e-01 1.220448463809008466e+01 6.618141336828994099e+04
5.300903960924797653e-01 1.215281955702241490e+01 5.503100894221774797e+04
5.504476934044050251e-01 1.210850147128201293e+01 4.577492017720330477e+04
5.713357225229552805e-01 1.206191664560311239e+01 3.811460567420035659e+04
5.927611819973481744e-01 1.202260508248782678e+01 3.171935424640295969e+04
6.147139539623417415e-01 1.198472316551305283e+01 2.654002099329323755e+04
6.372217865393940972e-01 1.194958576899966296e+01 2.191601992018893725e+04
6.602820975431770156e-01 1.191723903002276685e+01 1.853644301329301379e+04
6.839335975595999262e-01 1.188622829899401978e+01 1.534839568610664173e+04
7.080854503067953720e-01 1.185884455026279483e+01 1.296139265231659192e+04
7.328480003108640561e-01 1.183125000475531330e+01 1.086625819332075662e+04
7.581375818646108877e-01 1.180744946945407037e+01 9.100694548468463836e+03
7.839839985225828256e-01 1.178265317860745398e+01 7.628467807389047266e+03
8.103599558292066130e-01 1.176060697345181794e+01 6.406580722015526590e+03
8.372150482232864066e-01 1.173965103845444169e+01 5.381908645636844994e+03
8.644135119101745701e-01 1.171827756300446666e+01 4.530740661748180173e+03
8.915980170607253896e-01 1.169899068477936943e+01 3.825420679388567351e+03
9.182249411657189553e-01 1.168089499723086355e+01 3.250554540253959203e+03
9.436282544180436549e-01 1.165465129629425078e+01 2.781849093702131995e+03
9.664165586701348731e-01 1.163118368649286971e+01 2.421815817277260521e+03
9.833083171496819208e-01 1.160334879480300430e+01 2.170285216107147789e+03
9.988192978571758252e-01 1.157460501620084159e+01 1.947504871798207432e+03
1.014541237176231236e+00 1.153437829913445611e+01 1.741270793356201466e+03
1.031032721510551919e+00 1.148795369170236924e+01 1.550263808089883923e+03
1.048527245270821862e+00 1.144324102410141819e+01 1.368236022954858299e+03
1.067184491635301269e+00 1.139544916333768221e+01 1.201315543046269795e+03
1.087119585806483935e+00 1.134422969660040792e+01 1.040988286466914360e+03
1.108399515289101966e+00 1.129703837543330991e+01 9.082661119194134471e+02
1.131066127269810817e+00 1.124306681881890668e+01 7.802402164569397200e+02
1.155141576907750434e+00 1.119428683743736030e+01 6.720540345349884319e+02
1.180614731673254036e+00 1.114337150205814098e+01 5.739552679474671777e+02
1.207457053060822183e+00 1.109670746181949497e+01 4.885469107137595870e+02
1.235625622825059278e+00 1.105017365424535214e+01 4.120500567377767993e+02
1.265057239861934413e+00 1.100501349106070315e+01 3.481731471142734335e+02
1.295677346370710081e+00 1.096293326242579624e+01 2.955431338931529694e+02
1.327397721982247925e+00 1.092184099140748010e+01 2.488856362467631982e+02
1.360100641011103173e+00 1.088493171055826814e+01 2.094003933076049861e+02
1.393623962197675370e+00 1.084561397869608612e+01 1.763379456296960939e+02
1.427778958503604478e+00 1.080925311461663441e+01 1.484160610946321412e+02
1.462371145546620843e+00 1.077662820481024397e+01 1.245658143263445652e+02
1.497200378053873626e+00 1.074381228922015552e+01 1.055274033013065207e+02
1.532083527188214500e+00 1.071273615750593855e+01 8.888364962484278919e+01
1.566806534436041121e+00 1.068242025748044099e+01 7.569548146314119208e+01
1.601211776094806138e+00 1.065260457339036648e+01 6.440294800150586241e+01
1.635095482660123167e+00 1.062350766537437963e+01 5.484619953299672090e+01
1.668306732856938757e+00 1.059439866153323351e+01 4.689574595648015531e+01
1.700674118763554121e+00 1.056499968846086546e+01 4.028131579336861989e+01
1.732063856581240513e+00 1.053553892512142554e+01 3.469553416915893962e+01
1.762319381626560322e+00 1.050490708310270982e+01 3.001464682035600617e+01
1.791347970530467570e+00 1.047430168446092758e+01 2.605282867691538229e+01
1.819002158358578036e+00 1.044191122634246405e+01 2.272683994805663943e+01
1.845211521572446500e+00 1.040853581906159420e+01 1.983793561824590057e+01
1.869888098832982459e+00 1.037332786139558216e+01 1.743244661286184538e+01
1.892966367634436153e+00 1.033696866942336889e+01 1.544138581283833389e+01
1.914406141974449804e+00 1.030016165935191275e+01 1.369143238490611125e+01
1.934150832215638216e+00 1.026103872393634653e+01 1.219118722122781762e+01
1.952169158178745700e+00 1.022061364965695951e+01 1.090842734460371410e+01
1.968457063270111718e+00 1.017858874132352476e+01 9.797867586967630160e+00
1.982997539065637360e+00 1.013463635994076917e+01 8.813085857334089113e+00
1.995801634832225613e+00 1.008983853726245705e+01 8.006048578239857605e+00
2.006863373621084801e+00 1.004264112429290279e+01 7.269974125103806806e+00
2.016228924796680033e+00 9.994440368448239909e+00 6.644131997177033178e+00
2.023912440858577355e+00 9.944994100156831607e+00 6.113763285195404684e+00
2.029951084890973423e+00 9.894318733481513917e+00 5.619221827673181124e+00
2.034394165919470421e+00 9.841843195747282280e+00 5.213517528007074020e+00
2.037284493661957629e+00 9.788833514976420958e+00 4.848690837940566212e+00
2.038675643825463624e+00 9.734661700113939276e+00 4.524368721776423463e+00
2.038616598490118559e+00 9.679225386105756002e+00 4.231220058013620999e+00
2.037182151220887860e+00 9.623320074829070592e+00 3.984106559334505970e+00
2.034426474031979293e+00 9.566640552531206154e+00 3.763185416010204065e+00
2.030410817457313666e+00 9.509736343936138425e+00 3.578721325156463795e+00
2.025211516882306384e+00 9.451878244848987976e+00 3.409980610327017825e+00
2.018898762167565586e+00 9.394525523692120572e+00 3.255892461701248131e+00
2.011542319558456970e+00 9.336934427263761549e+00 3.126393037505460271e+00
2.003221702264303072e+00 9.278984207100782200e+00 3.015524393260315517e+00
1.993992433902554096e+00 9.221622814527110634e+00 2.914922539484424924e+00
1.983941979349365337e+00 9.164321326613903196e+00 2.833811087308804932e+00
1.973149422825965171e+00 9.108199170777238507e+00 2.766584959649829312e+00
1.961707789466872409e+00 9.052638925800540193e+00 2.709608022132673710e+00
