2.191799393479931801e-01 1.550982551689759603e+01 3.683552447462830693e+06
2.272404104166279581e-01 1.519719193705982185e+01 3.091879027503308374e+06
2.356403573712214095e-01 1.491953216688955308e+01 2.595110398225358687e+06
2.444035448251479503e-01 1.468137430081422146e+01 2.187552789018172305e+06
2.535104193591345978e-01 1.443257589739769031e+01 1.834578639916477725e+06
2.629947576389211616e-01 1.420609059023458798e+01 1.533574964907355141e+06
2.728541514717440220e-01 1.402966414337372925e+01 1.286481395210248418e+06
2.831001022027133107e-01 1.382028786498056938e+01 1.081614038927698508e+06
2.937564946746060723e-01 1.365578843974105716e+01 9.082558084196957061e+05
3.047709585923814579e-01 1.348967756196435630e+01 7.643580343102948973e+05
3.162193163738269419e-01 1.334331821083297775e+01 6.429517365923150210e+05
3.280834135678833974e-01 1.321248921778382801e+01 5.367539765403469792e+05
3.403588525922983665e-01 1.309187640976196221e+01 4.548140806426740601e+05
3.530688072776003161e-01 1.297833981694269312e+01 3.795575234863993828e+05
3.662139108795085529e-01 1.286790378595769191e+01 3.216803132341997116e+05
3.798046681236535993e-01 1.277351325339181187e+01 2.706735353473810246e+05
3.938338866652486558e-01 1.268487854856074115e+01 2.285744687964459299e+05
4.083167011611816832e-01 1.259948608888475974e+01 1.924569401796608872e+05
4.232432511322939406e-01 1.252456125407000620e+01 1.621707020431178680e+05
4.386271730162368265e-01 1.245151269196109922e+01 1.369286991971134848e+05
4.544761151507339392e-01 1.238606530393497884e+01 1.154856193962158577e+05
4.707905008335993013e-01 1.232543549709749620e+01 9.768937998863773828e+04
4.875535235346158403e-01 1.227047558613241129e+01 8.270359667663631262e+04
5.047418064682107630e-01 1.221951975844149274e+01 6.968047749661868147e+04
5.224049151397774926e-01 1.217114923588418307e+01 5.910492487398516096e+04
5.405213970963967940e-01 1.212924723304545971e+01 5.014304199115945812e+04
5.590915236893244655e-01 1.208759866230542990e+01 4.236624487802983640e+04
5.780691480164942275e-01 1.204847144844984719e+01 3.598469892086705659e+04
5.974889587434719651e-01 1.201302499273626978e+01 3.055513185855763004e+04
6.173287779708918066e-01 1.198073425802400038e+01 2.599582843705705818e+04
6.375804027014551068e-01 1.194748333706913179e+01 2.211106168012664421e+04
6.582268833734659097e-01 1.192002747238118943e+01 1.863218196138732674e+04
6.792548590948846998e-01 1.189093580881895029e+01 1.596046543237646802e+04
7.006854434431881717e-01 1.186599632459288145e+01 1.367031401507410010e+04
7.224430244832498182e-01 1.184048796680264992e+01 1.157013529529355219e+04
7.445381426590413909e-01 1.181708539622582599e+01 9.968471496393265625e+03
7.669985409210278160e-01 1.179417394375266248e+01 8.536613239787891871e+03
7.897185322615274394e-01 1.177177264440881110e+01 7.311707625175332396e+03
8.127464991030040053e-01 1.175026566521413152e+01 6.277710100371783483e+03
8.360468740274678012e-01 1.172938091650841130e+01 5.380941785144312234e+03
8.595796800707831142e-01 1.170845327183357654e+01 4.631502037535691670e+03
8.833666718226402814e-01 1.168699517860500414e+01 3.979810601744200085e+03
9.073295681589063078e-01 1.166545689098397531e+01 3.427729007030893172e+03
9.314450429104620399e-01 1.164600860657658821e+01 2.959859568591052721e+03
9.557244387165120258e-01 1.162517950026646574e+01 2.553500925186003769e+03
9.801258300931062761e-01 1.160847180621776076e+01 2.207987711855618727e+03
1.004620339042004540e+00 1.158184477345735885e+01 1.910624327962146026e+03
1.029178665036071250e+00 1.155993745338928491e+01 1.656615588212337798e+03
1.053765863322123852e+00 1.153660947754304011e+01 1.437233893353321491e+03
1.078369017958902276e+00 1.151344713601831948e+01 1.249023742821359292e+03
1.102934314598672749e+00 1.148935364900233935e+01 1.086908228472691690e+03
1.127450004308847786e+00 1.146530013348617949e+01 9.403180548194951598e+02
1.151871722998831338e+00 1.143908919088327458e+01 8.259631944080144876e+02
1.176166277354292022e+00 1.141323734346076080e+01 7.205777398284069477e+02
1.200325166629458096e+00 1.138428260566292138e+01 6.303836922485817240e+02
1.224303292108130270e+00 1.135577515206739996e+01 5.519284246480710863e+02
1.248064164527392661e+00 1.132575194352178904e+01 4.841581826594031099e+02
1.271580150609468385e+00 1.129658229444414275e+01 4.250669892312496927e+02
1.294867442960747184e+00 1.126709727102030456e+01 3.737723282812775665e+02
1.317951891925865704e+00 1.123243454411598030e+01 3.288274440861120524e+02
1.340855241013813925e+00 1.119998855281265371e+01 2.884155460872224808e+02
1.363585325992167974e+00 1.116312848010876380e+01 2.552644092903185822e+02
1.386167587915654975e+00 1.112666280805475871e+01 2.252197721887289106e+02
1.408566743827794010e+00 1.109057170364586753e+01 1.987401240688839437e+02
1.430814599590610525e+00 1.105206163094483252e+01 1.755658484486883140e+02
1.452870714620758452e+00 1.101364486293025280e+01 1.549686904899206752e+02
1.474734989647356720e+00 1.097359773809061068e+01 1.369786730096178644e+02
1.496378440316950442e+00 1.093392865230810607e+01 1.210659382217658049e+02
1.517789198772210746e+00 1.089259879512275120e+01 1.072599730426554885e+02
1.538948736849664156e+00 1.085055112189032123e+01 9.498771509276500069e+01
1.559817258447272259e+00 1.080828749288951229e+01 8.418558617882746375e+01
1.580364052251309159e+00 1.076489306383641598e+01 7.468425645558428982e+01
1.600574442683067922e+00 1.072174913095954629e+01 6.629563259676308462e+01
1.620414924348328123e+00 1.067704781302044736e+01 5.895402400767626716e+01
1.639856410099540973e+00 1.063163474095965810e+01 5.242994830324223443e+01
1.658897526202170569e+00 1.058638526478138253e+01 4.657763161284620423e+01
1.677532239001508163e+00 1.054034725536318895e+01 4.146554417713493734e+01
1.695775803913879942e+00 1.049346522825091022e+01 3.699447157697443345e+01
1.713606246847377834e+00 1.044598666376438167e+01 3.314423683608595894e+01
1.731018778077397569e+00 1.039784554592564625e+01 2.952811309971643183e+01
1.747991104987422606e+00 1.035001096854255387e+01 2.650082680432305082e+01
1.764429083357067052e+00 1.030088696015966576e+01 2.373675621483518228e+01
1.780102603589655219e+00 1.025285087593769795e+01 2.125193876564983242e+01
1.794736389659428832e+00 1.020411711977753555e+01 1.920778946221498629e+01
1.807835319589506495e+00 1.015611898515461675e+01 1.740075545827530590e+01
1.818597608844111591e+00 1.010813921250461256e+01 1.586928829822964815e+01
1.826671153850501383e+00 1.006106308916144698e+01 1.470994920504847592e+01
1.832268642839937067e+00 1.001322847532740568e+01 1.370311304089027438e+01
1.835693487151388359e+00 9.964650065783358102e+00 1.286448262060050318e+01
1.837115798345835271e+00 9.915057352236802402e+00 1.214858629370072940e+01
1.836786546457078506e+00 9.864142776693885395e+00 1.154040339613560739e+01
1.834882259036421326e+00 9.812307035866982829e+00 1.100961820594168117e+01
1.831641910860733802e+00 9.759661878457585260e+00 1.054395531566586897e+01
1.827151001329822000e+00 9.705659017476916617e+00 1.011047340156332908e+01
1.821558687836903001e+00 9.652153718300391816e+00 9.757682088529184838e+00
1.815002342917504619e+00 9.597097856217992273e+00 9.461029667496429596e+00
1.807581749213402977e+00 9.540132482964494898e+00 9.155861345657365646e+00
1.799381298049519184e+00 9.484054921820581185e+00 8.904023648436645288e+00
1.790481572970970880e+00 9.426617432613923597e+00 8.670466674831150300e+00
1.780968100513909080e+00 9.369543108407492937e+00 8.489028115119293005e+00
