2.191799393479931801e-01 1.550982551689759603e+01 3.683552447462830693e+06
2.273643778253426340e-01 1.519558128335321356e+01 3.088860809541205410e+06
2.359021517560316306e-01 1.491745042739035476e+01 2.586668415131681133e+06
2.448079428358878040e-01 1.465702220611488471e+01 2.160132554163363762e+06
2.540750029885188721e-01 1.441814412342155372e+01 1.806800710931656184e+06
2.637242512196378286e-01 1.418972687602293803e+01 1.514413738908705534e+06
2.737641950205898511e-01 1.398486415545434625e+01 1.269269541850675829e+06
2.842038324603750610e-01 1.380666683686839313e+01 1.063871173084171722e+06
2.950410261409755486e-01 1.363295565071501692e+01 8.901115368284478318e+05
3.062981618729630484e-01 1.346892109170922858e+01 7.454518135489511769e+05
3.179833159651448971e-01 1.332229985917011206e+01 6.258242660363678588e+05
3.300845231766856847e-01 1.319348980214000910e+01 5.243120466721187113e+05
3.426414914879616358e-01 1.306457907885640957e+01 4.402512431121547706e+05
3.556259248766290848e-01 1.295372015555877176e+01 3.690860739335175022e+05
3.690468491756487834e-01 1.284888372247122668e+01 3.108838855975392507e+05
3.829445281238969545e-01 1.274924618209831273e+01 2.603311123607298650e+05
3.972976588036590817e-01 1.266196560446666908e+01 2.193104898978146666e+05
4.120906881980895275e-01 1.257256494250776591e+01 1.840514226835211448e+05
4.273777235255081797e-01 1.250327684830781827e+01 1.547639866935410828e+05
4.431214845539986902e-01 1.243152823840643073e+01 1.303001747245173465e+05
4.593671467179464840e-01 1.236700128621285799e+01 1.088081113820833416e+05
4.760422686662197367e-01 1.230802843110987688e+01 9.262893684468227730e+04
4.931928578421981846e-01 1.225217626222285006e+01 7.809403193891925912e+04
5.108113825660894891e-01 1.220329484874387127e+01 6.589150504526826262e+04
5.289044315087092496e-01 1.215451831880175959e+01 5.573377625626847293e+04
5.474635857169226627e-01 1.211168129662506843e+01 4.697281224479130469e+04
5.664983179336768870e-01 1.207078959835755683e+01 3.937588007813260629e+04
5.859214091282294312e-01 1.203414779530634959e+01 3.363049494419727125e+04
6.057861340547676665e-01 1.199792795537941359e+01 2.852846785362808805e+04
6.260147478857699399e-01 1.196648701805567860e+01 2.421745959077494263e+04
6.466056140258904517e-01 1.193577934086603065e+01 2.058347254235207220e+04
6.675564455766607175e-01 1.190575834259835730e+01 1.750543574977352910e+04
6.888449830359484327e-01 1.187703265396102559e+01 1.490726998336416727e+04
7.104819269810876969e-01 1.185275003700045282e+01 1.271260206241284322e+04
7.324135516178931216e-01 1.182768685057316382e+01 1.085161227616012729e+04
7.545886557675660633e-01 1.180302443515191868e+01 9.280543320146371116e+03
7.771423171981413081e-01 1.177866014811128714e+01 7.936831386291882154e+03
7.998789565265047585e-01 1.175623724178603169e+01 6.794410378476001824e+03
8.228982189961198124e-01 1.173361392392720326e+01 5.830346823370305174e+03
8.461470624282163566e-01 1.171049042842926902e+01 5.013004419841608978e+03
8.695567253873162095e-01 1.168611797145124420e+01 4.306113841269559089e+03
8.931705564746954540e-01 1.166398868071785166e+01 3.711117762709331146e+03
9.168940525573729960e-01 1.164020077010133214e+01 3.195082307630932974e+03
9.407943104171402338e-01 1.161930907464989282e+01 2.754167306951158935e+03
9.647483763895507991e-01 1.159584965080923169e+01 2.382543456194014198e+03
9.888049270352479159e-01 1.157160807220904708e+01 2.047449094534895039e+03
1.012905009646052346e+00 1.154757598217296710e+01 1.786364196711372188e+03
1.037027321542783431e+00 1.152269575579544814e+01 1.549955826748584741e+03
1.061111570279196670e+00 1.149735849798460130e+01 1.345778916865222527e+03
1.085181248775381802e+00 1.146995345406029188e+01 1.170048712712913812e+03
1.109175267237441087e+00 1.144361855817588669e+01 1.017631621592662782e+03
1.133061492664450221e+00 1.141496542413561954e+01 8.898175027952779601e+02
1.156826062869646732e+00 1.139012875459542151e+01 7.757112767017520127e+02
1.180436253103165578e+00 1.135706477351187615e+01 6.784360335236304991e+02
1.203847821171911026e+00 1.132780733389573591e+01 5.937358089613653647e+02
1.227065780095176972e+00 1.129658059581394092e+01 5.201758761972337197e+02
1.250008736843997381e+00 1.126061438682399363e+01 4.564871997434739797e+02
1.272691248909338269e+00 1.122617346996567989e+01 4.010092504816149130e+02
1.295061113889969029e+00 1.119137941276705384e+01 3.518319479195615713e+02
1.317104491086516616e+00 1.115714602821231516e+01 3.113021245987725365e+02
1.338782940168419699e+00 1.111850030439092762e+01 2.745927013726483210e+02
1.360077155469616494e+00 1.107867772652180705e+01 2.429176607605408265e+02
1.380957470719157865e+00 1.103758164962522947e+01 2.149600106215022493e+02
1.401404853303526599e+00 1.099719265069851737e+01 1.907605437954656509e+02
1.421562607192126793e+00 1.095421656130213073e+01 1.691082967748317003e+02
1.441882848790096538e+00 1.091096268770477273e+01 1.489821292915999038e+02
1.462534614394870536e+00 1.086616502740148071e+01 1.316967529295554584e+02
1.483470963508719542e+00 1.082071624975857382e+01 1.162603593905763972e+02
1.504585608834623001e+00 1.077435071786935872e+01 1.026124289356571069e+02
1.525825149965182481e+00 1.072848583000720701e+01 9.083913414156258170e+01
1.547048695022852138e+00 1.068193204578748912e+01 7.975745452704472882e+01
1.568128034135437776e+00 1.063589402791676619e+01 7.063606942383754017e+01
1.588952187504168556e+00 1.058929360504922457e+01 6.237424380021096226e+01
1.609411261848772368e+00 1.054279080073333397e+01 5.515859842961569370e+01
1.629407242072137718e+00 1.049488236269965569e+01 4.886961718924415266e+01
1.648804726831737399e+00 1.044849414890202688e+01 4.339636148382062686e+01
1.667523372547380589e+00 1.040065167863109963e+01 3.856834366793321323e+01
1.685450082141217276e+00 1.035364268211015037e+01 3.427276200834466380e+01
1.702501615441413207e+00 1.030492914265304449e+01 3.064656233420647879e+01
1.718590175434490108e+00 1.025643248174204558e+01 2.759509131554670347e+01
1.733667445577939281e+00 1.020766337835381243e+01 2.479075188093125348e+01
1.747648759729980350e+00 1.015788652034103201e+01 2.239089692737290349e+01
1.760490956430977194e+00 1.010712177842906634e+01 2.019695502803271481e+01
1.772144127973279693e+00 1.005704186817282419e+01 1.835736177829952354e+01
1.782579529747940539e+00 1.000518749634356119e+01 1.673743409929585724e+01
1.791759067121919013e+00 9.952760147623564535e+00 1.532547419683993084e+01
1.799666769458463600e+00 9.900151833410534508e+00 1.407413521210840912e+01
1.806288245060618802e+00 9.846615734291169986e+00 1.298923519570655571e+01
1.811611694073356649e+00 9.792537084441276463e+00 1.204700211303737767e+01
1.815644143471098593e+00 9.737794792771115482e+00 1.119040525422300014e+01
1.818383535599839895e+00 9.682576996811276260e+00 1.041481023271412454e+01
1.819853618991113420e+00 9.627749708729727018e+00 9.791973178806493650e+00
1.820064672383032267e+00 9.571143121442007740e+00 9.204682577988897663e+00
1.819049037981812056e+00 9.515789556121093895e+00 8.698613334239658101e+00
1.816826774279511447e+00 9.459132148101245363e+00 8.256140183487945094e+00
1.813436982712017143e+00 9.403668757001813816e+00 7.872183951477067509e+00
1.808921594567653557e+00 9.348342022789367434e+00 7.522823917345697886e+00
1.803337574561695966e+00 9.293467798154084747e+00 7.238325270741760242e+00
1.796734726915140579e+00 9.239251935712717412e+00 7.003027639573064178e+00
1.789191980184078323e+00 9.186749911102127797e+00 6.807925310029594002e+00
