2.191799393479931801e-01 1.550982551689759603e+01 3.683552447462830693e+06
2.269490857753166391e-01 1.521540652248332748e+01 3.109557527370644268e+06
2.350351734578914609e-01 1.494124663736443992e+01 2.627989068963169586e+06
2.434579922580914491e-01 1.469167753730282300e+01 2.218872962861756794e+06
2.521996523222487796e-01 1.445991400602930099e+01 1.873183561659397557e+06
2.612880653662160713e-01 1.424422507291596496e+01 1.581627263155628229e+06
2.707258767066504368e-01 1.404953713665458892e+01 1.337601474980296101e+06
2.805219054874880102e-01 1.386698889665476031e+01 1.130480281126980903e+06
2.906859310044124789e-01 1.369659449677591212e+01 9.542157601542552002e+05
3.012186627727623245e-01 1.353891128103533781e+01 8.063349185535862343e+05
3.121131445102940938e-01 1.339660048530840086e+01 6.830968444253320340e+05
3.234074407844654275e-01 1.327087140642537122e+01 5.772929044144253712e+05
3.350835403502072096e-01 1.314540011193238378e+01 4.887300998823753907e+05
3.471583231076094678e-01 1.302890900186670642e+01 4.135712569942967966e+05
3.596380114395807404e-01 1.292446380479891133e+01 3.499069443029972608e+05
3.725235001437459670e-01 1.282359832151687762e+01 2.971368732292994391e+05
3.858264672784301186e-01 1.273134820086295527e+01 2.515905454331765941e+05
3.995337828058873053e-01 1.264864965156768584e+01 2.129108580471570021e+05
4.136665893032540620e-01 1.257063217978217118e+01 1.810561561420191429e+05
4.282267577624484511e-01 1.249960703673874995e+01 1.535958177440185973e+05
4.432035706847593515e-01 1.243264297468590840e+01 1.300827925176044519e+05
4.586318000701439246e-01 1.237098546563019141e+01 1.104795983441622957e+05
4.744464443416175348e-01 1.231340142150903816e+01 9.396335048098213156e+04
4.906953769116539354e-01 1.226076786627722015e+01 8.005529089414625196e+04
5.073572765550561359e-01 1.221147153239123284e+01 6.801066978280412150e+04
5.244530321804704576e-01 1.216708827846324503e+01 5.798245671744195715e+04
5.419703486776108470e-01 1.212457717286163295e+01 4.932964700472777622e+04
5.599085625574413694e-01 1.208490641966968404e+01 4.212602982328122744e+04
5.782228648447426123e-01 1.204821762863588219e+01 3.592869602053886047e+04
5.969185449899190310e-01 1.201410113329063734e+01 3.067294229828863899e+04
6.155539916771123332e-01 1.198126518970020093e+01 2.638639407560611653e+04
6.316223057377924333e-01 1.195316823307450349e+01 2.287254176527522941e+04
6.453924727246941329e-01 1.192327860658108207e+01 2.058431617152703257e+04
6.590099350930624933e-01 1.189083308787178872e+01 1.833624210175907137e+04
6.728652178392239280e-01 1.185508127719560711e+01 1.630236771616531951e+04
6.871657193469357106e-01 1.181783157170420928e+01 1.446211180152345150e+04
7.020439243397105233e-01 1.177927857835060976e+01 1.278484802295619193e+04
7.176227404725570302e-01 1.174086456152701707e+01 1.123033718160973513e+04
7.339465277149499478e-01 1.170288340546116146e+01 9.846099646514376218e+03
7.510949073712650526e-01 1.166170331896401180e+01 8.531618475883289648e+03
7.691061188699788165e-01 1.162412247086636974e+01 7.483340765653430935e+03
7.880157366567668298e-01 1.158322394952201684e+01 6.491194703828928141e+03
8.078483692992630694e-01 1.154758485590064332e+01 5.617073882604425307e+03
8.286198019733536091e-01 1.151095668905092495e+01 4.818468304021017502e+03
8.503488723585513887e-01 1.147851144360958564e+01 4.172358074388639579e+03
8.730310745679882301e-01 1.144515268856335943e+01 3.575157413511405593e+03
8.966625959272994661e-01 1.141410911804612027e+01 3.060347744511568635e+03
9.212393170499917350e-01 1.138579003628294828e+01 2.617799313734043608e+03
9.467439879138050962e-01 1.135616055510345568e+01 2.236605809190950822e+03
9.731548923402303375e-01 1.133076191746335759e+01 1.905991800109662790e+03
1.000453983188233531e+00 1.130868022315342181e+01 1.613892662434491058e+03
1.028592559509793780e+00 1.128776090815125421e+01 1.385446639312577418e+03
1.057548796860858342e+00 1.126344560580109366e+01 1.178699542466655203e+03
1.087281402933245156e+00 1.125000770008872664e+01 1.003857599070256924e+03
1.117742080160291307e+00 1.123225323182537139e+01 8.537818899382510835e+02
1.148876120315453386e+00 1.121350595821404639e+01 7.269063945987669513e+02
1.180632250984918752e+00 1.120017322603446175e+01 6.192183780853507642e+02
1.212963159865555474e+00 1.118674057486618345e+01 5.271310479045151851e+02
1.245798558911280107e+00 1.117327642319702363e+01 4.503979893874417257e+02
1.279085845506709118e+00 1.116155845352913545e+01 3.845092589519282456e+02
1.312753168557990513e+00 1.115113688343945242e+01 3.288288385786125332e+02
1.346738158304594313e+00 1.114191759327194475e+01 2.813031209064463951e+02
1.380973274242817350e+00 1.113113295897939636e+01 2.412692581041636117e+02
1.415379790279587713e+00 1.112312366109176942e+01 2.068374943471215204e+02
1.449897269445897363e+00 1.111293110397768480e+01 1.778781906200041192e+02
1.484457810698029956e+00 1.110377541310511518e+01 1.528943646163994003e+02
1.518970354648230714e+00 1.109480389594457428e+01 1.319236978065060555e+02
1.553378415190933781e+00 1.108585367941007505e+01 1.137739478882919002e+02
1.587613665649716843e+00 1.107672675274133489e+01 9.851254570081536599e+01
1.621602047673289526e+00 1.106606031091336995e+01 8.531356471087759985e+01
1.655274858182826270e+00 1.105541913160588230e+01 7.415627919558502867e+01
1.688571309492062023e+00 1.104446401263233213e+01 6.442479225565034540e+01
1.721424551030525274e+00 1.103277686463796670e+01 5.618598679212698244e+01
1.753773535613152523e+00 1.101994386503365853e+01 4.884506770192790981e+01
1.785478707274644528e+00 1.100664012900987210e+01 4.270918141873152507e+01
1.815890144428341735e+00 1.099193589891999601e+01 3.776059745632964848e+01
1.836770564914467441e+00 1.097509441364143257e+01 3.431765950051770631e+01
1.849166314859634452e+00 1.095179712705540354e+01 3.199952092439724538e+01
1.857728755954633604e+00 1.092187478818122415e+01 3.012555471864151713e+01
1.863744529978846209e+00 1.088715622690915552e+01 2.846615738022071795e+01
1.867881937277321214e+00 1.084778253897648348e+01 2.697029417905515913e+01
1.870561019790528468e+00 1.080485298462367538e+01 2.557572574432369450e+01
1.872099492844142121e+00 1.075858460875234890e+01 2.430710168707018326e+01
1.872682809297803175e+00 1.070827009202400149e+01 2.311700889948788884e+01
1.872505530772706317e+00 1.065622777301719282e+01 2.189594841247868118e+01
1.871652828927141021e+00 1.060116218816347811e+01 2.087972878649887321e+01
1.870208386253614963e+00 1.054454214330088035e+01 1.984501553320013301e+01
1.868163266117751187e+00 1.048659072817946836e+01 1.887462364119637215e+01
1.865531772164047641e+00 1.042696575673699932e+01 1.790306459096140301e+01
1.862309628014389151e+00 1.036587586250080406e+01 1.709437898520434729e+01
1.858490492697413954e+00 1.030418618980516143e+01 1.631929589792811086e+01
1.854046602549183520e+00 1.024268539830270797e+01 1.559937250178953150e+01
1.848968508074409156e+00 1.018000429696017584e+01 1.489038565601878084e+01
1.843273490053974006e+00 1.011763891832625717e+01 1.431135072772908146e+01
1.836924134774447603e+00 1.005539152282848470e+01 1.377862983578399003e+01
1.829937941958301950e+00 9.993501343927594149e+00 1.329512780164212948e+01
1.822311557628776502e+00 9.933972957495186051e+00 1.286262258843200001e+01
1.814071396040378037e+00 9.874019662475559400e+00 1.249834171993685317e+01
1.805258501962494933e+00 9.816292513438300560e+00 1.219925857281034887e+01
1.795969406028504300e+00 9.761915600673933824e+00 1.192152592120252308e+01
