2.191799393479931801e-01 1.550982551689759603e+01 3.683552447462830693e+06
2.283868832162655182e-01 1.515606795837494047e+01 3.017628008071442135e+06
2.380227073334490462e-01 1.488287016574398613e+01 2.466787436037851498e+06
2.481360310217673726e-01 1.457221924049480144e+01 2.012067805061237887e+06
2.587016865515576192e-01 1.430064992757860409e+01 1.658430533702816581e+06
2.697573804322200286e-01 1.406762154398194298e+01 1.360916293079707539e+06
2.813110944726638918e-01 1.385148223681291135e+01 1.114400098957750015e+06
2.933865026105773044e-01 1.365371634721076788e+01 9.139912087834849954e+05
3.059445255917347950e-01 1.347621619569717311e+01 7.498017690373579971e+05
3.190611495146330467e-01 1.331792419169293673e+01 6.093774416096176719e+05
3.326971350365022784e-01 1.316549617759582880e+01 5.054122393750499468e+05
3.468894830111778904e-01 1.302899662175348716e+01 4.153559386086701415e+05
3.616478996442267779e-01 1.290413325168840331e+01 3.408676929384226678e+05
3.769695577352549787e-01 1.278934421769861807e+01 2.810221213155645528e+05
3.928689978692022078e-01 1.268959012457592905e+01 2.305358512464317319e+05
4.093577891503615840e-01 1.259307140289626226e+01 1.884844775281170441e+05
4.264225252223974305e-01 1.251116412941265565e+01 1.564058726486193191e+05
4.440878781079799498e-01 1.242822471603510159e+01 1.290067067493266222e+05
4.623365947177871527e-01 1.235757746829719395e+01 1.064338548802190198e+05
4.811571040473763827e-01 1.229216054660911972e+01 8.777508009832535754e+04
5.005797693421200067e-01 1.223247944500491435e+01 7.258156409223286028e+04
5.205920231233230888e-01 1.217738850692981956e+01 6.011230433526035631e+04
5.411929381346770596e-01 1.212894070763426413e+01 4.966617811416666518e+04
5.623796226609094617e-01 1.208041551168380678e+01 4.119631932123487786e+04
5.840700752472020030e-01 1.203933270877322137e+01 3.418812142411656532e+04
6.053015169383904048e-01 1.199792463829740008e+01 2.861528130947102545e+04
6.258854112118984458e-01 1.195964137217405465e+01 2.417452093215137575e+04
6.462068460226415567e-01 1.192325367740679454e+01 2.049144592260464560e+04
6.665919284830155167e-01 1.188490499264075417e+01 1.741418271628541333e+04
6.872374037042677797e-01 1.184987996414725231e+01 1.479076890218796871e+04
7.083210768414854863e-01 1.181478733909074386e+01 1.256305573666245618e+04
7.299699652323675680e-01 1.177765286844736714e+01 1.066603801164495962e+04
7.523002203677534583e-01 1.174234911811571358e+01 9.027195116094355399e+03
7.754103828332965520e-01 1.170493397360482923e+01 7.630426298396412676e+03
7.993837336716237418e-01 1.167170614719208643e+01 6.440533888983723045e+03
8.242802699581535109e-01 1.163741633242309170e+01 5.370394945374522649e+03
8.501543786570247008e-01 1.160478045953669302e+01 4.550795762423365886e+03
8.770500687400054618e-01 1.157376918814633626e+01 3.814804571930885686e+03
9.050052575367216745e-01 1.154342575129443738e+01 3.192339532315203542e+03
9.340296098905439548e-01 1.151711098995058080e+01 2.652843132476729807e+03
9.641426044342853441e-01 1.149217481438908095e+01 2.224713211704641253e+03
9.953446295646815045e-01 1.146200415215827384e+01 1.854208215477878866e+03
1.027633718559260778e+00 1.143952145751694260e+01 1.543727932181153847e+03
1.060990679879745047e+00 1.142064610486840159e+01 1.282338143347841196e+03
1.095395261510934359e+00 1.139727712495234790e+01 1.059682179378985211e+03
1.130795472632333265e+00 1.137884574644635549e+01 8.843826793670093593e+02
1.167164080070408394e+00 1.136247759460305851e+01 7.351249640523847120e+02
1.204447865009327767e+00 1.134899136088102800e+01 6.108469579850270748e+02
1.242582820055044390e+00 1.133219239652171950e+01 5.079015469328360837e+02
1.281498061129844768e+00 1.131876761736598525e+01 4.220829164385002059e+02
1.320362401595565505e+00 1.130721308796683111e+01 3.519753424848688041e+02
1.358723820921808878e+00 1.129468726595029793e+01 2.952407058077394595e+02
1.396572930938225987e+00 1.128197266963588952e+01 2.486879032948599502e+02
1.433793622568934722e+00 1.126734370991983170e+01 2.100547644162355709e+02
1.470460951990959275e+00 1.125158464548961845e+01 1.780567602735989965e+02
1.506532520378749407e+00 1.123438990019731776e+01 1.517281340674793171e+02
1.541966461043797310e+00 1.121635327517344827e+01 1.288117365458063546e+02
1.576754409155626258e+00 1.119753083732789989e+01 1.105156334506527713e+02
1.610814432853307165e+00 1.117504677883505693e+01 9.456335515326932750e+01
1.643856224121825971e+00 1.115162555781457598e+01 8.162805310088583610e+01
1.675266793409829313e+00 1.112546758633710198e+01 7.060993013651601302e+01
1.705567901354152482e+00 1.109802445314089958e+01 6.125880423836137112e+01
1.734586485858821803e+00 1.106851606603343718e+01 5.334175899865921622e+01
1.762343173472288971e+00 1.103635906654063703e+01 4.661648089278990881e+01
1.788827758267715229e+00 1.100187112078321938e+01 4.085254456749214569e+01
1.814096855440350708e+00 1.096592169791915339e+01 3.588986462428845670e+01
1.838239909040153552e+00 1.092839736892450908e+01 3.160806159327919218e+01
1.860913399469498630e+00 1.088645619174624990e+01 2.791702505456099459e+01
1.882572462985607986e+00 1.084452137168561414e+01 2.462704748788054943e+01
1.902884864474067461e+00 1.079995092710654525e+01 2.190192502832601562e+01
1.922027949288050319e+00 1.075421370624397888e+01 1.946764292725055512e+01
1.940028132802856575e+00 1.070641057161591192e+01 1.741154252204730568e+01
1.956836700017378083e+00 1.065678236729037742e+01 1.551617210177534822e+01
1.972516399089035977e+00 1.060623062548985729e+01 1.394585499226793246e+01
1.986962200370283593e+00 1.055358874293643545e+01 1.252468371434596150e+01
2.000216567895728215e+00 1.049985171098329850e+01 1.127327775286720346e+01
2.012444707151884948e+00 1.044477809215863395e+01 1.017148531028290925e+01
2.023535170217776624e+00 1.038908742178682765e+01 9.198239294380723408e+00
2.033427281906396100e+00 1.033196975777363669e+01 8.339130969910860003e+00
2.042317326932763688e+00 1.027373290077659540e+01 7.577563838261474061e+00
