1.550982551689759603e+01 2.191799393479931801e-01 3.683552447462830693e+06
1.522181405738386673e+01 2.265970451793341556e-01 3.133339659930440597e+06
1.498954320047535482e+01 2.342964861655815190e-01 2.688688301259905566e+06
1.472700881690798980e+01 2.423081844963079212e-01 2.273073129905483685e+06
1.449272603196630804e+01 2.506035255846971177e-01 1.931299148648335831e+06
1.428859982188688527e+01 2.592164778820839621e-01 1.643051014011492254e+06
1.409671448000969285e+01 2.681473391117886185e-01 1.400602424573691096e+06
1.392228007088569086e+01 2.774029952453375691e-01 1.190472516851853579e+06
1.375514967298086155e+01 2.869902804432095111e-01 1.015120441004953464e+06
1.360189838691175446e+01 2.969050134733954849e-01 8.636596114862232935e+05
1.345614572754901417e+01 3.071650850005626099e-01 7.367092918648998020e+05
1.333066718060691258e+01 3.178019662159937697e-01 6.278327592785486486e+05
1.321003885089583285e+01 3.287428378172946308e-01 5.346991837326863315e+05
1.309500695213246679e+01 3.400590330580404719e-01 4.558426493774255505e+05
1.298527957141535794e+01 3.517445777496543968e-01 3.880440637666021357e+05
1.288947526657194942e+01 3.638259545582752108e-01 3.313025896467583952e+05
1.279769313217760285e+01 3.762219753994746618e-01 2.831426801583204651e+05
1.270977042444839178e+01 3.890272654401306096e-01 2.418005674052983522e+05
1.263265168761631863e+01 4.022219634615102346e-01 2.065259053157701273e+05
1.255828209283284913e+01 4.157763741644147637e-01 1.765305033525718900e+05
1.249257287362356017e+01 4.297281631049838513e-01 1.509652773966528184e+05
1.242753609593844644e+01 4.440835636899807537e-01 1.290384386701641488e+05
1.237310545844455589e+01 4.588159070322411770e-01 1.102983616083720699e+05
1.231525073345176224e+01 4.739162493871784121e-01 9.445513698591117281e+04
1.226457330228709175e+01 4.894156155403261987e-01 8.102001564934616908e+04
1.221648401990302979e+01 5.052846320878817687e-01 6.948379043151739461e+04
1.217360463721298736e+01 5.215535775841527721e-01 5.955890883612954349e+04
1.213405486029056135e+01 5.382072223527651911e-01 5.107524887290490733e+04
1.209485887665938364e+01 5.552454112058938795e-01 4.388298447755951929e+04
1.205907983705270148e+01 5.726353236816810188e-01 3.770098088458832353e+04
1.202497625644124923e+01 5.902304478659035070e-01 3.247153443862956192e+04
1.199033023786397578e+01 6.072763101387042006e-01 2.819132752241896742e+04
1.196486001292453771e+01 6.239328445774244836e-01 2.455429562789059128e+04
1.193535215920837977e+01 6.404022490439663651e-01 2.147678764208914799e+04
1.190485146039248754e+01 6.568484924309131445e-01 1.880505162796777222e+04
1.187636314455805397e+01 6.734676691973208174e-01 1.647852456181357775e+04
1.184654850767241108e+01 6.901993980765269709e-01 1.446688712983169535e+04
1.181518685804884683e+01 7.072757436968994949e-01 1.264376908812638067e+04
1.178602923525741453e+01 7.247755461311747860e-01 1.108937886130692277e+04
1.175744798317355766e+01 7.426046162609332146e-01 9.691113311217259252e+03
1.172853413436521919e+01 7.609760526028694905e-01 8.467854553948773173e+03
1.169815493477430834e+01 7.798697857862102456e-01 7.386886205469367269e+03
1.167110582021328824e+01 7.993362076812267070e-01 6.439525800039098613e+03
1.164323067630625275e+01 8.194506937045803463e-01 5.598946675105416034e+03
1.161734051496774178e+01 8.401220236372544115e-01 4.865499684000279558e+03
1.159068772541940184e+01 8.614860483610037312e-01 4.220858022583908678e+03
1.156628956937914765e+01 8.835426045688044017e-01 3.662549799640099536e+03
1.154240510239576700e+01 9.062883219962935000e-01 3.167869382851702994e+03
1.151864896726643117e+01 9.297328935486318668e-01 2.738944316101649292e+03
1.149704722018075209e+01 9.538942561670001874e-01 2.366993880272713341e+03
1.147482891574524189e+01 9.787671083586546583e-01 2.041280020507344034e+03
1.145867283370574263e+01 1.004356136631560092e+00 1.759981831898321161e+03
1.143666768437747372e+01 1.030652702655632247e+00 1.517519360275769486e+03
1.141883504216931655e+01 1.057648050649071081e+00 1.305730927987152427e+03
1.140169701377923950e+01 1.085329973969398232e+00 1.124764753882198193e+03
1.138822940673768969e+01 1.113672815718006692e+00 9.673993536968152966e+02
1.137710582305177986e+01 1.142665949850042439e+00 8.321761807225476559e+02
1.135818241998024902e+01 1.172283451810948840e+00 7.165370776747582795e+02
1.134642042903330683e+01 1.202491211331425891e+00 6.130096732602912653e+02
1.133592322127367424e+01 1.233258453754189521e+00 5.305684937244034245e+02
1.132526268306932771e+01 1.264553324726995776e+00 4.543208552660216242e+02
1.131374210455262208e+01 1.296362923071359141e+00 3.932782065333067862e+02
1.130566173702003319e+01 1.328566475889211063e+00 3.391630287490171440e+02
1.129870593629473241e+01 1.361222054953845628e+00 2.921358571580217927e+02
1.128728572194718893e+01 1.394167612428351077e+00 2.523928568459999440e+02
1.127911072074586585e+01 1.427189149455629691e+00 2.180788439028037260e+02
1.127146474341119564e+01 1.460164288866345972e+00 1.890370563710649492e+02
1.126388650484350862e+01 1.493052901071782346e+00 1.636248532156391775e+02
1.125323841756127585e+01 1.525850644883819829e+00 1.423535563154283636e+02
1.124398590364940986e+01 1.558464135462742428e+00 1.239067383767959001e+02
1.123498079299086072e+01 1.590845085206121778e+00 1.081420829087581978e+02
1.122463222418145357e+01 1.622987176362751693e+00 9.428754862497598310e+01
1.121429911672047730e+01 1.654877919322290669e+00 8.257176081852985305e+01
1.120302628092122887e+01 1.686409631679143262e+00 7.233187439023446075e+01
1.119203423108116269e+01 1.717575074444348759e+00 6.347547889733728255e+01
1.117800931798090680e+01 1.748353283437258598e+00 5.581710932681770032e+01
1.116525009220225861e+01 1.778699025627448194e+00 4.889580459487728348e+01
1.115027046507757547e+01 1.808607017477941836e+00 4.319710659712582412e+01
1.113578982499168646e+01 1.837861653339583956e+00 3.810915009886568328e+01
1.111923213639837549e+01 1.866589495605349258e+00 3.372735865555056023e+01
