2.191799393479931801e-01 1.550982551689759603e+01 3.683552447462830693e+06
2.293571969881521844e-01 1.513361349430984504e+01 2.950249734161940403e+06
2.400731993658420105e-01 1.478546708854392122e+01 2.369055203747007996e+06
2.513548556203040740e-01 1.449598794696598425e+01 1.897681871238912456e+06
2.631995671384363411e-01 1.420320614630985290e+01 1.527959012499514734e+06
2.756465204601071251e-01 1.395356848829246843e+01 1.227446437399898656e+06
2.887080160801372974e-01 1.372925964098919493e+01 9.875217002493671607e+05
3.023837547485881405e-01 1.352404974750370314e+01 7.920678466398366727e+05
3.167146260762047083e-01 1.333890606011306801e+01 6.373333197871160228e+05
3.316866697424638577e-01 1.317856453487277157e+01 5.133130379301461508e+05
3.473298393357642233e-01 1.302404877179200859e+01 4.140063147661961848e+05
3.636676008910215696e-01 1.289007384737931972e+01 3.328327032676155213e+05
3.806966631719326255e-01 1.276414501467082374e+01 2.677978234121726709e+05
3.983987502348368404e-01 1.265439316052770380e+01 2.163543238672484003e+05
4.168486851159302620e-01 1.255644555450209943e+01 1.743480933193548117e+05
4.359868514835785747e-01 1.246649700950607276e+01 1.406167926509585232e+05
4.558398882205885183e-01 1.238358907514418483e+01 1.137844672566563240e+05
4.764345208131894882e-01 1.230692047600306083e+01 9.234798714514970197e+04
4.977227623018600222e-01 1.223886623768323467e+01 7.471162441650831897e+04
5.197348908966452630e-01 1.217800119938832104e+01 6.055325516051473824e+04
5.424647763320763483e-01 1.212268866248244414e+01 4.915327170362989273e+04
5.659077766470250737e-01 1.207139701357490580e+01 3.998174612482150405e+04
5.898542487923019717e-01 1.202531931163286316e+01 3.257118072420503813e+04
6.131340058822114525e-01 1.198402923196955427e+01 2.683662261956740622e+04
6.358752731819291570e-01 1.194439202979238601e+01 2.228705097509181360e+04
6.586145614838135876e-01 1.190238272156460120e+01 1.857134892189860329e+04
6.816673926598642019e-01 1.186435655726461569e+01 1.533722669712672723e+04
7.052995243603721320e-01 1.182496589406801313e+01 1.291558137728123620e+04
7.296157214316986162e-01 1.178557624250895763e+01 1.072727467105624055e+04
7.547550556424733603e-01 1.174684498703420488e+01 8.915095852321041093e+03
7.809615241487389836e-01 1.170897436301731886e+01 7.379509134894025010e+03
8.082801809439628116e-01 1.167114736140251630e+01 6.100523225626167005e+03
8.367900049928553852e-01 1.163714470096647347e+01 5.006483508837672161e+03
8.665686469846825002e-01 1.160356319583404883e+01 4.140335119500782639e+03
8.976687382695676121e-01 1.156998763684337561e+01 3.392369905611544709e+03
9.301184485235560739e-01 1.154316726973500096e+01 2.777166520753140048e+03
9.639319555266633310e-01 1.151486788891230262e+01 2.254540232279695829e+03
9.991163630566278764e-01 1.148873677650129288e+01 1.851961982353505846e+03
1.035664641293563948e+00 1.146619600506146952e+01 1.509556663917087462e+03
1.073548965929298049e+00 1.144544326097875420e+01 1.227962118417662168e+03
1.112738832920854293e+00 1.142881326219939275e+01 9.996741089210909195e+02
1.153180829202115065e+00 1.140886868324494507e+01 8.129745959174995278e+02
1.194816278848934932e+00 1.139788913543646487e+01 6.609413242450124244e+02
1.237554539045762958e+00 1.138110872643975213e+01 5.384240476296616862e+02
1.281319331622395197e+00 1.137167625838123897e+01 4.375204132100087691e+02
1.326008980228732925e+00 1.135911600446061165e+01 3.565626296130800483e+02
1.371504950626031505e+00 1.135250700921833200e+01 2.909619960269764647e+02
1.417699475330933323e+00 1.134082389899186971e+01 2.374846761068762646e+02
1.464458701960916320e+00 1.133360281003385239e+01 1.943817205284708791e+02
1.511646471134383107e+00 1.132741739752193944e+01 1.592966852330498284e+02
1.559130162444655410e+00 1.131938916092450498e+01 1.307931651064616290e+02
1.604226223464047196e+00 1.131154599418895224e+01 1.085286721433341768e+02
1.644149431615185897e+00 1.129841432338425022e+01 9.181300121319914354e+01
1.679427786761086727e+00 1.128034917159759232e+01 7.874317611090498303e+01
1.710586323531610775e+00 1.125577541382129532e+01 6.829307425245963259e+01
1.738051135014262893e+00 1.122517073540868715e+01 5.961862948620153446e+01
1.762200252337548845e+00 1.118939338324866739e+01 5.280743370287294169e+01
1.783379403945455355e+00 1.114827626833938723e+01 4.690854096272196472e+01
1.801851035241348153e+00 1.110222545078270606e+01 4.194865928324067994e+01
1.817856932747598631e+00 1.105167116805936978e+01 3.765591529410356486e+01
1.831613605293208158e+00 1.099671018856935945e+01 3.396494501469724270e+01
1.843293321566827458e+00 1.093819042253315210e+01 3.075248042920422620e+01
1.853058851397819895e+00 1.087541499886670415e+01 2.792324501203919240e+01
1.861051433022467227e+00 1.081020993431426902e+01 2.548522192978137468e+01
1.867419454157332348e+00 1.074145635430856061e+01 2.328980567568209636e+01
1.872222061952787397e+00 1.067090734153926590e+01 2.135812092890483882e+01
1.875608388197193888e+00 1.059728186330156063e+01 1.963006580437087933e+01
1.877662922833414072e+00 1.052084094588015617e+01 1.808040694607775478e+01
1.878461649064118388e+00 1.044405146072522328e+01 1.663937300238546868e+01
1.878094488420299468e+00 1.036393585422699815e+01 1.546393289328999288e+01
1.876616624344695783e+00 1.028347448809953768e+01 1.428972555694831925e+01
1.874108845486335495e+00 1.020148791022764989e+01 1.327412324919681019e+01
1.870630990043263386e+00 1.011768290475421850e+01 1.236787516577507873e+01
1.866233851719834025e+00 1.003336359691978608e+01 1.153515465557196151e+01
1.860984339737664639e+00 9.949389627031152372e+00 1.081297583850521349e+01
1.854927249944976042e+00 9.863464968364406005e+00 1.012225655577919525e+01
1.848105714574947767e+00 9.777069111816746982e+00 9.477178906317535123e+00
1.840586448644038198e+00 9.690602606154751442e+00 8.940807820534109496e+00
1.832403134139917844e+00 9.604765006251094306e+00 8.422919860107352719e+00
1.823749479615063951e+00 9.518898755680705648e+00 7.947098230381390849e+00
