1.550982551689759603e+01 2.191799393479931801e-01 3.683552447462830693e+06
1.524561997938822877e+01 2.265879391398123166e-01 3.153566183744694572e+06
1.496827629380750402e+01 2.342775480538180910e-01 2.668443920451990794e+06
1.473568802787368703e+01 2.422784073869061749e-01 2.285331598481476307e+06
1.450051022323998318e+01 2.505621349108104745e-01 1.932584281418559374e+06
1.428714832535199442e+01 2.591604056416687007e-01 1.645436189967774320e+06
1.409496263509597114e+01 2.680806162305074958e-01 1.404248490269532194e+06
1.394937401629989893e+01 2.773220336971511379e-01 1.190756258147543995e+06
1.375676537798775279e+01 2.868944553917417983e-01 1.017855924949651817e+06
1.360854974553615548e+01 2.967924412227023190e-01 8.654275191481645452e+05
1.347087845352432822e+01 3.070360793832069279e-01 7.370660231193590444e+05
1.333232445444170366e+01 3.176554987790632389e-01 6.287164109124207171e+05
1.320457617431293862e+01 3.285788082609059635e-01 5.369337336689254735e+05
1.309719620105466831e+01 3.398744536924150350e-01 4.567384426567658666e+05
1.298844651818849805e+01 3.515631092360815835e-01 3.894682611852261471e+05
1.289105008736179592e+01 3.635809097936419931e-01 3.328706908768238500e+05
1.279682887030414840e+01 3.759737142442208802e-01 2.841507300729312119e+05
1.271392145496615456e+01 3.887552224380851351e-01 2.425804125532507314e+05
1.263583937984777350e+01 4.019220919479223886e-01 2.070789847759909171e+05
1.256175868389480144e+01 4.154666623584916119e-01 1.771914790302931506e+05
1.249429232203256035e+01 4.293794226513676926e-01 1.516662148805374163e+05
1.242954711093425857e+01 4.436966935324833661e-01 1.297093619751757506e+05
1.237352783221825625e+01 4.584121315518085993e-01 1.108656544390884956e+05
1.231868649192546172e+01 4.734819071676583668e-01 9.483169169642815541e+04
1.226230750100229905e+01 4.889525445615313659e-01 8.141539073225126776e+04
1.221796261607222611e+01 5.047893561951363184e-01 6.971149229685206956e+04
1.217643857678195474e+01 5.210256829388536515e-01 5.981615013896945311e+04
1.213441285673057202e+01 5.376468881363344332e-01 5.136193521490955754e+04
1.209648710176171704e+01 5.546502834863329401e-01 4.409203086660224653e+04
1.206091914857118219e+01 5.720071512178009909e-01 3.785398295275736018e+04
1.202681675860499944e+01 5.895971772365221630e-01 3.266510090401134585e+04
1.199600085976557473e+01 6.067477702717435362e-01 2.830860766517822776e+04
1.196586337026529989e+01 6.236086835358413127e-01 2.461826486045227284e+04
1.193742791959494198e+01 6.402931393565979290e-01 2.150746607210633374e+04
1.190681807470911835e+01 6.570529172063863665e-01 1.880967910014911104e+04
1.187459800726830927e+01 6.739667314474216964e-01 1.648632628843943894e+04
1.184964938220401542e+01 6.911594312540143559e-01 1.438769393273300375e+04
1.181942211916642549e+01 7.086879844842685072e-01 1.259599056282949641e+04
1.179221941174069599e+01 7.266430613220199453e-01 1.098527311606125841e+04
1.176432444198139571e+01 7.451293245409912336e-01 9.575167391539269374e+03
1.173445406539862113e+01 7.640174329296212097e-01 8.359052059786017708e+03
1.170871872306099171e+01 7.835455150683307002e-01 7.269225313482383172e+03
1.168303280319519466e+01 8.036879592458451294e-01 6.316164523341576569e+03
1.165724623162458684e+01 8.244719172052271672e-01 5.480072804996877494e+03
1.163329310547891993e+01 8.459309750566129660e-01 4.745773499624746364e+03
1.160780192163119828e+01 8.680831595161587755e-01 4.116316601948758944e+03
1.158560743823854011e+01 8.909630865649449394e-01 3.556881072807024793e+03
1.156377075798043563e+01 9.145677537494731890e-01 3.070604659850915596e+03
1.154692156995288066e+01 9.389138777614721709e-01 2.649455027344232349e+03
1.152352411804383969e+01 9.640051149958231980e-01 2.282647980776640452e+03
1.150544007778189481e+01 9.898400984001903824e-01 1.965662420149273657e+03
1.148893747965443524e+01 1.016424518871924310e+00 1.692515381648939865e+03
1.147284282810450051e+01 1.043741811576364809e+00 1.454594254093469544e+03
1.145838280697547340e+01 1.071780160274011129e+00 1.250847226715445913e+03
1.144563679935081879e+01 1.100540749595380507e+00 1.067318990885706626e+03
1.143287298915448069e+01 1.129973384138289516e+00 9.228199371380679850e+02
1.142136310338346483e+01 1.159859504676548081e+00 7.934856462426914732e+02
1.141068954122422596e+01 1.190027054394400485e+00 6.789974549827791179e+02
1.140344569960879717e+01 1.220446986518068266e+00 5.894587115171085543e+02
1.139001151405094348e+01 1.251122278809616795e+00 5.089532871829904366e+02
1.138297065750439785e+01 1.281997880080419039e+00 4.399544234798897264e+02
1.137167358047298649e+01 1.313033091231210703e+00 3.806368187958309477e+02
1.136328415754716303e+01 1.344258355913839909e+00 3.298556988856499288e+02
1.135349136126510672e+01 1.375656804804925137e+00 2.858854407220927669e+02
1.134666952419745556e+01 1.407084952537483113e+00 2.482614261486574492e+02
1.133420135640426096e+01 1.438591758062225390e+00 2.158380865791440897e+02
1.132455484380138877e+01 1.470161812610559338e+00 1.876546818341353173e+02
1.131336846205200608e+01 1.501671496612495105e+00 1.637589231954287641e+02
1.130263397977535433e+01 1.533229924055119264e+00 1.425288956000420910e+02
1.129085296446513276e+01 1.564571008994398937e+00 1.247755481672924418e+02
1.128042167470297841e+01 1.595835132778543164e+00 1.089973761190538113e+02
1.126705042686236169e+01 1.626958043816961075e+00 9.541404852155093863e+01
1.125494801115492649e+01 1.657806836104078974e+00 8.367834465541871225e+01
1.124117683020644876e+01 1.688440836688883007e+00 7.341160771272859620e+01
1.122777329700496907e+01 1.718772553973877626e+00 6.452992826622600830e+01
1.121177593786815940e+01 1.748770844881929021e+00 5.679531100954569922e+01
1.119667910541211953e+01 1.778421476412417546e+00 5.004866257664504303e+01
1.118045791579628201e+01 1.807624700030134646e+00 4.416717944224057391e+01
1.116348214784675719e+01 1.836240870229107536e+00 3.893304918482087373e+01
1.114561020435579231e+01 1.864458195530670936e+00 3.456952505243894080e+01
