2.191799393479931801e-01 1.550982551689759603e+01 3.683552447462830693e+06
2.261968702152494792e-01 1.526147470812905205e+01 3.185408583331888076e+06
2.334592415364828422e-01 1.499844958770014358e+01 2.715311158166786190e+06
2.410037633776850596e-01 1.475372722047903906e+01 2.327661693719092291e+06
2.487938935257697770e-01 1.455360618186938026e+01 1.996468390359346522e+06
2.568721333987630806e-01 1.434365269473109095e+01 1.715348810788528994e+06
2.652329657721741452e-01 1.415736461042994776e+01 1.473507718945901375e+06
2.738834097706538406e-01 1.398933497082030364e+01 1.264369560259909369e+06
2.828280716152457019e-01 1.382664838055942802e+01 1.089445804076076485e+06
2.920778229536947768e-01 1.367466540793942897e+01 9.322774462677449919e+05
3.016259130966413293e-01 1.353774313360102433e+01 8.036168381874302868e+05
3.114612186889340606e-01 1.340211324449217045e+01 6.892593246695861453e+05
3.216298259432284756e-01 1.328967661153271251e+01 5.923388761754214065e+05
3.321148047258974945e-01 1.316829851672611262e+01 5.103889922844734392e+05
3.429282057337356693e-01 1.306407024787042737e+01 4.384247827055554371e+05
3.540581217588325003e-01 1.296832019439483652e+01 3.777128913748803898e+05
3.655221876257211955e-01 1.287550636245438263e+01 3.244627995941095287e+05
3.773199864390218705e-01 1.278865992750826663e+01 2.792551710306386231e+05
3.894536164820825985e-01 1.270696403456377865e+01 2.407024899379592680e+05
4.019385957833550571e-01 1.263373173055873977e+01 2.071764976697791426e+05
4.147476701789127862e-01 1.256697678662367323e+01 1.785131837073558418e+05
4.279176594514875753e-01 1.249993438479527796e+01 1.539906912421771849e+05
4.414197628875604629e-01 1.243946575719700753e+01 1.329512356020036095e+05
4.552834696440533624e-01 1.238440560317106431e+01 1.144918976912822109e+05
4.695005621798841733e-01 1.233077174646771113e+01 9.889993700094163069e+04
4.840325455429970170e-01 1.228171306548250996e+01 8.546411986969229474e+04
4.989334433344531083e-01 1.223591680411307792e+01 7.371400785831922258e+04
5.141702507859996496e-01 1.219406953181748499e+01 6.387209321013498266e+04
5.297573814825206062e-01 1.215318243658334474e+01 5.522638984111908212e+04
5.456860725758664321e-01 1.211626806973170289e+01 4.778096266702501453e+04
5.619592811328745219e-01 1.208130945782141019e+01 4.138381625151174376e+04
5.785391351647009017e-01 1.204910679781661287e+01 3.550929326374961238e+04
5.948172891902975268e-01 1.201563361262728691e+01 3.125910260648310577e+04
6.100325967825839246e-01 1.198846321293971684e+01 2.751728157441681469e+04
6.244868393639544379e-01 1.195901684656769248e+01 2.434207759612724112e+04
6.384237565655194180e-01 1.192947364220228934e+01 2.171338541380953757e+04
6.524773820571158067e-01 1.190110571188532163e+01 1.927484719162212787e+04
6.668583222187832726e-01 1.186830296399888418e+01 1.715505848743602837e+04
6.817123870714645317e-01 1.183816628621133304e+01 1.505642104402835503e+04
6.970671320025947360e-01 1.180688227427087966e+01 1.344749798380190259e+04
7.130511853055574445e-01 1.177620400355671215e+01 1.185618515991278582e+04
7.294918518170318000e-01 1.174513121297984064e+01 1.044511430230989390e+04
7.466615309843139814e-01 1.171474720582943618e+01 9.166377384833276665e+03
7.645192454884062183e-01 1.168499543638946037e+01 8.038980540246408964e+03
7.830641631953659809e-01 1.165434725047951758e+01 7.033204943174173422e+03
8.023470374908049374e-01 1.162777487561313450e+01 6.135936894651110379e+03
8.223895952170747758e-01 1.160012450208249923e+01 5.342981663975928313e+03
8.431840287276376467e-01 1.157509441476629952e+01 4.651148144264102484e+03
8.647792913126387537e-01 1.155264455161721848e+01 4.034444147167724623e+03
8.871732636009486139e-01 1.152802183367465894e+01 3.504261881834019732e+03
9.104139226593365164e-01 1.150565398388885363e+01 3.029728881760072454e+03
9.343850105770732384e-01 1.148754830063043642e+01 2.620205485517372381e+03
9.592004825447362215e-01 1.147024838155141069e+01 2.262456051232347818e+03
9.848259494413861281e-01 1.145266356921736595e+01 1.953980707855037053e+03
1.011247170472635348e+00 1.143770404466032353e+01 1.686020563215638504e+03
1.038476350048643360e+00 1.142454505124752728e+01 1.451827486253308962e+03
1.066471913439076324e+00 1.141471400881465570e+01 1.241807769379464617e+03
1.095217409577760037e+00 1.140433282044301500e+01 1.076831783569282607e+03
1.124719552477016382e+00 1.139424369775370138e+01 9.258173770593447216e+02
1.154929372345998795e+00 1.138710626921469604e+01 7.977287149639956851e+02
1.185821882951864303e+00 1.138006600239368460e+01 6.872879984579786878e+02
1.217366443963525224e+00 1.137840081930311875e+01 5.913898097838131207e+02
1.249276955928233956e+00 1.137066860639213672e+01 5.102749930291121245e+02
1.281426832659180892e+00 1.137123845349083595e+01 4.374929486606925479e+02
1.313782016491183091e+00 1.136528420430634334e+01 3.810162276866550428e+02
1.346331391593786453e+00 1.136236511986706610e+01 3.299725742036782208e+02
1.379038984010801050e+00 1.136107021572987641e+01 2.862364852996445279e+02
1.411827587662662919e+00 1.135854468273586981e+01 2.485499899116740323e+02
1.444732477669141923e+00 1.135632917466145031e+01 2.165732798885638317e+02
1.477709665739172618e+00 1.135360942982620180e+01 1.886068889158063655e+02
1.510633638728185790e+00 1.135153373327759319e+01 1.644417191266664133e+02
1.543561204271787224e+00 1.134981993794600719e+01 1.434355515744382785e+02
1.576431546075507617e+00 1.134547449054361579e+01 1.255185626928220444e+02
1.609215126705260568e+00 1.134311153535514016e+01 1.093185751348433570e+02
1.641843473588801672e+00 1.133826754085623101e+01 9.653426031817571129e+01
1.674294551194467129e+00 1.133365133966129257e+01 8.434490703359537633e+01
1.706530403323514689e+00 1.132913103996648552e+01 7.446300445649048072e+01
1.738495301815451421e+00 1.132336864187232450e+01 6.546482746824688093e+01
1.770165973761542055e+00 1.131779312082490030e+01 5.737044494140949524e+01
1.801508991849505525e+00 1.131071168027672336e+01 5.091793084412937986e+01
