1.550982551689759603e+01 2.191799393479931801e-01 3.683552447462830693e+06
1.523504806825314262e+01 2.262753172648841182e-01 3.152370264304395765e+06
1.498240999859342537e+01 2.336211259949423080e-01 2.701916159387289546e+06
1.476083360961560942e+01 2.412598156624008727e-01 2.324208772512098309e+06
1.454607764547144910e+01 2.491491615656652170e-01 1.997285342246687738e+06
1.433429883910683245e+01 2.573318924533831153e-01 1.703188599855222506e+06
1.414643904080188364e+01 2.658042351942576653e-01 1.462327439213542268e+06
1.397327056105661569e+01 2.745729537034452550e-01 1.249694501270593842e+06
1.381146904042855184e+01 2.836425600643178724e-01 1.071051711722298758e+06
1.365613926772072517e+01 2.930290429157464960e-01 9.195436782330723945e+05
1.352255544439594281e+01 3.026998198601189571e-01 7.902817477234936086e+05
1.338667379206184904e+01 3.126948843240516807e-01 6.766576988115074346e+05
1.326982450560317162e+01 3.230157109582657005e-01 5.818591377933609765e+05
1.315678542817477314e+01 3.336686898674915414e-01 4.991121103354652296e+05
1.305096260187591639e+01 3.446407278125906415e-01 4.286416801193543361e+05
1.294851045990398397e+01 3.559793004073781852e-01 3.677526654093238176e+05
1.285633170219353438e+01 3.676030922027281322e-01 3.163440201088640606e+05
1.277277477158451902e+01 3.796122818695246703e-01 2.713456867631557398e+05
1.269526955004486624e+01 3.919395356654671314e-01 2.317839097366303613e+05
1.261820553502669284e+01 4.046296839589900718e-01 2.005740094284810475e+05
1.254622188044314157e+01 4.176659074158250440e-01 1.729293108269272198e+05
1.248496501230900613e+01 4.310558843002525453e-01 1.486350660723605251e+05
1.242414000055601520e+01 4.448223529646700980e-01 1.281851059510601190e+05
1.237137658144950692e+01 4.589282399154955838e-01 1.102269578587049909e+05
1.231823355535627940e+01 4.733710738686400243e-01 9.509342746422972414e+04
1.226911993150461200e+01 4.881846827058239358e-01 8.200797146295387938e+04
1.222193566315842261e+01 5.033279522643083759e-01 7.077765235669982212e+04
1.218032803329317026e+01 5.188415738506361174e-01 6.099584937958140654e+04
1.214082701998545488e+01 5.347078859971891029e-01 5.275546192190641887e+04
1.210348122896081868e+01 5.509264862135019314e-01 4.551676758831812913e+04
1.206925947099398222e+01 5.674971304337297351e-01 3.940812509404295997e+04
1.203516296466411006e+01 5.843342092385821473e-01 3.412287081813217810e+04
1.200481191645470425e+01 6.009310187106373657e-01 2.968377408285310594e+04
1.197999003930769213e+01 6.171896695699092827e-01 2.592015016534944516e+04
1.194873738099222749e+01 6.332307361894417008e-01 2.278032111233571050e+04
1.192080260998352514e+01 6.493083590582415798e-01 1.999211217151853634e+04
1.189308819607066603e+01 6.654772555547161517e-01 1.758251246649399400e+04
1.186343066264798907e+01 6.818680366084346467e-01 1.546593898930656542e+04
1.183703820390718420e+01 6.985911283739574262e-01 1.358505988022292877e+04
1.181019343032795810e+01 7.155522120666595320e-01 1.194505688099871440e+04
1.178459212569851289e+01 7.330494004024434851e-01 1.048804267961535697e+04
1.175457512813224525e+01 7.508841189885554490e-01 9.181659918946534162e+03
1.173106555670085172e+01 7.692835993175936027e-01 8.049775793658314797e+03
1.170457401738843650e+01 7.882302100828577629e-01 7.043533212101258869e+03
1.167958688235586528e+01 8.077482555445675283e-01 6.158580597437040524e+03
1.165580221048990417e+01 8.278651433791192060e-01 5.371746080556372362e+03
1.163252466163124943e+01 8.486157181467643973e-01 4.687454928156896131e+03
1.161091097124216631e+01 8.700083603255386322e-01 4.074109672831876196e+03
1.158663822723809744e+01 8.920745204152757957e-01 3.543596320987259332e+03
1.156770572328193758e+01 9.148132539997240187e-01 3.079532787670555990e+03
1.154977411847002955e+01 9.382352876228688965e-01 2.671332639286385984e+03
1.153017848497281150e+01 9.623462105599558392e-01 2.314324207381525866e+03
1.151308667809281339e+01 9.871502686023058137e-01 2.005782856162722965e+03
1.149766949784369352e+01 1.012645607892056265e+00 1.737047561244195322e+03
1.148329589488081304e+01 1.038819411786041202e+00 1.502125418724544033e+03
1.146970080739615483e+01 1.065666940199105239e+00 1.300586482294582538e+03
1.145566005882348470e+01 1.093174174531111209e+00 1.123270287979162958e+03
1.144594104658396283e+01 1.121321658888440043e+00 9.713295634154394520e+02
1.143777569889621226e+01 1.150098824205132875e+00 8.384653162232937120e+02
1.142441138768571918e+01 1.179491918734819400e+00 7.204800916113792937e+02
1.141900356727189525e+01 1.209448838247005220e+00 6.267298548420795896e+02
1.140921983379549864e+01 1.239953673314071025e+00 5.416412095383086580e+02
1.139937926493034048e+01 1.270978596046163478e+00 4.682486650167888911e+02
1.139364460147000457e+01 1.302484603384409523e+00 4.052049248352754489e+02
1.138669526511989361e+01 1.334447690192364311e+00 3.507273264852346983e+02
1.138278178355708725e+01 1.366806185512571936e+00 3.037185254393504010e+02
1.137698202766033440e+01 1.399531757442886493e+00 2.632692729032323768e+02
1.137447190585803369e+01 1.432576572351971445e+00 2.283560243760551600e+02
1.137079613110276632e+01 1.465905766240940045e+00 1.980768077755179206e+02
1.136510902252707744e+01 1.499450671559902748e+00 1.720018669607273409e+02
1.136204598214180272e+01 1.533002036242847810e+00 1.496626285585001312e+02
1.135725984763464425e+01 1.566311393162108656e+00 1.299577528092404748e+02
1.135203318327285160e+01 1.599321039646921516e+00 1.141046798409985996e+02
1.134732676127785211e+01 1.632019276023287890e+00 9.988376667258943087e+01
1.134209696920990673e+01 1.664371371344681050e+00 8.764475818387613515e+01
1.133511638490702644e+01 1.696321035976553482e+00 7.711841001665395368e+01
1.132780265389911989e+01 1.727909690128073272e+00 6.785986313634509770e+01
1.132003768922296771e+01 1.758961794490236930e+00 5.957486555777914816e+01
1.131128367457214701e+01 1.789576851354522713e+00 5.286242964136924627e+01
1.130184699753411337e+01 1.819806898797884376e+00 4.659650836246390071e+01
