1.550982551689759603e+01 2.191799393479931801e-01 3.683552447462830693e+06
1.523568568352419028e+01 2.272830022461923283e-01 3.123716068309643771e+06
1.492741645490954205e+01 2.357311906026743342e-01 2.594107597188466694e+06
1.465832814061474565e+01 2.445442175217113767e-01 2.169841660860098433e+06
1.441647454010532314e+01 2.537081531875827189e-01 1.819931608472221997e+06
1.419644162811143673e+01 2.632483719434919323e-01 1.530953938484640326e+06
1.400341965614887663e+01 2.731704228708729532e-01 1.279975100259255618e+06
1.381742726946864508e+01 2.834836413218307927e-01 1.077063993262808537e+06
1.364308666591509933e+01 2.941932528696578064e-01 9.015267269933011848e+05
1.348891691802309545e+01 3.053025303006027258e-01 7.571153343680825783e+05
1.333629296377908879e+01 3.168335685883462705e-01 6.365011243942462606e+05
1.320941456779149981e+01 3.287755351994470776e-01 5.340836072282436071e+05
1.307798401064628457e+01 3.411487061361433981e-01 4.489625175600898219e+05
1.296592026009105858e+01 3.539505558350140024e-01 3.775300047820868203e+05
1.285887500566193786e+01 3.671943836320631926e-01 3.175299517324383487e+05
1.276147497481594861e+01 3.809068601114629637e-01 2.670608452305179089e+05
1.267402477526072779e+01 3.950353306862278147e-01 2.250817837880496227e+05
1.259399129969390607e+01 4.096347887035819424e-01 1.892939895185308415e+05
1.251460646235536878e+01 4.247009704751286141e-01 1.594313332954692887e+05
1.244431500228107801e+01 4.401846061925586695e-01 1.346020285717150255e+05
1.238143749134559890e+01 4.561668666503471692e-01 1.135459309898030479e+05
1.231809165069637224e+01 4.726133599180713518e-01 9.583758147614782501e+04
1.226665137524739890e+01 4.895087916277431339e-01 8.095811357419444539e+04
1.221429480655495503e+01 5.068481986215930268e-01 6.851260754997305048e+04
1.216719911786149133e+01 5.246604080827369510e-01 5.784887372751507792e+04
1.212249704194538857e+01 5.429309356175864298e-01 4.897173227882155334e+04
1.208120801996906657e+01 5.616587450020085193e-01 4.147048267064664833e+04
1.204279662542036888e+01 5.807920054038843150e-01 3.514641060211193690e+04
1.200810930777750229e+01 5.998225698992938337e-01 2.995534337558001062e+04
1.197416097451866790e+01 6.183514291124280193e-01 2.545688954866370841e+04
1.194360223226152584e+01 6.366868805718087776e-01 2.212259867014675183e+04
1.191109362430793617e+01 6.550754108933667386e-01 1.909042715293438960e+04
1.188009305604078669e+01 6.736688389626689366e-01 1.649251407215149084e+04
1.184784821093859719e+01 6.925842710914723588e-01 1.424306309500640600e+04
1.181777382298163737e+01 7.119448688173927176e-01 1.227070746356149903e+04
1.178405166219648059e+01 7.318265897668057018e-01 1.058562197592049051e+04
1.175562979511251172e+01 7.523039066061366631e-01 9.039443168360914569e+03
1.172724550773963159e+01 7.734535537126535631e-01 7.832590561117304787e+03
1.169718376822616079e+01 7.953208352757372701e-01 6.721621159131675086e+03
1.166986639444547968e+01 8.179657748461978128e-01 5.704320606993501315e+03
1.164223919216526149e+01 8.414037094467291533e-01 4.918641889721980078e+03
1.161709789165291973e+01 8.656879740898427711e-01 4.163834055459921728e+03
1.159090605724345835e+01 8.908330438122971096e-01 3.581583113984652300e+03
1.157598317872155924e+01 9.168658508562690379e-01 3.047547516126805931e+03
1.154836827838862590e+01 9.437916960839544123e-01 2.590335819119127336e+03
1.152851784307403094e+01 9.716222067085518166e-01 2.199847964614127704e+03
1.150954013920701868e+01 1.000356731518566189e+00 1.865818627458778337e+03
1.149636830521461839e+01 1.029991307638380871e+00 1.581956024356056787e+03
1.147701428643026844e+01 1.060507201448375625e+00 1.340335505959008515e+03
1.146237058938625708e+01 1.091889293252970239e+00 1.135850048298697175e+03
1.145064877627181410e+01 1.124122642538544881e+00 9.547371226929627710e+02
1.143890809449148094e+01 1.157160474122313820e+00 8.140791594942330676e+02
1.142713662693426535e+01 1.190986948968506987e+00 6.886590954019089850e+02
1.142150802008573862e+01 1.225564819808366845e+00 5.825452014443551434e+02
1.141170809081857485e+01 1.260828638338742813e+00 4.939847766082560270e+02
1.140291445621212851e+01 1.296748409025320958e+00 4.184767299734753010e+02
1.139519834568998569e+01 1.333260249628940297e+00 3.549829904677974355e+02
1.139142277203469789e+01 1.370313169750405624e+00 3.010501212052427036e+02
1.138615597466436036e+01 1.407830826232912447e+00 2.559360216656992577e+02
1.138132392669267823e+01 1.445155363830855633e+00 2.176212966872659820e+02
1.137501412285624625e+01 1.481882561054642666e+00 1.861970475888858516e+02
1.136963765419705297e+01 1.517974137983084226e+00 1.594021955531317474e+02
1.136159997425757595e+01 1.553411694572346402e+00 1.379394299379687254e+02
1.135448036957046902e+01 1.588199058140125519e+00 1.191154418358278662e+02
1.134351031801983467e+01 1.622312543857646228e+00 1.032370675023956892e+02
1.133236579487945228e+01 1.655733723887543363e+00 8.972132451888390392e+01
1.131891895399392922e+01 1.688435869705167791e+00 7.815100742907512199e+01
1.130498226050048416e+01 1.720412211788469259e+00 6.823326394301599862e+01
1.128865246420748392e+01 1.751651083780428442e+00 5.970240313798357334e+01
1.127062574097811520e+01 1.782101794687078300e+00 5.238709981128786097e+01
1.125175335180180092e+01 1.811763889799361316e+00 4.602357714889273410e+01
1.123102095804253686e+01 1.840635485476675326e+00 4.051967944426625223e+01
1.120892531428304650e+01 1.868655969319275245e+00 3.575395160091451174e+01
1.118500550913027958e+01 1.895801382251830702e+00 3.162454098708676753e+01
1.115993555579372121e+01 1.922085957455211602e+00 2.800868177966395578e+01
1.113308950049812651e+01 1.947489925872775585e+00 2.484789354620037116e+01
1.110504377464445369e+01 1.971983653780949419e+00 2.210765572343846586e+01
1.107549867533869659e+01 1.995680987277448803e+00 1.970101998193491966e+01
1.104474191677241990e+01 2.018182054429600747e+00 1.752773500386446415e+01
1.101228179617110392e+01 2.039877695614675801e+00 1.570476801384669940e+01
