2.191799393479931801e-01 1.550982551689759603e+01 3.683552447462830693e+06
2.279392061041404238e-01 1.519931101033470000e+01 3.058978348687095568e+06
2.371047801908175712e-01 1.487186388218629141e+01 2.517334004238801543e+06
2.466809307759345038e-01 1.460211422573448736e+01 2.092737642521501984e+06
2.566806622917027769e-01 1.434852535120443484e+01 1.723795117705415236e+06
2.671192712333481656e-01 1.412619279789604043e+01 1.426172353708589217e+06
2.780063502426686761e-01 1.393727037647241218e+01 1.177708165207120357e+06
2.893547217880913514e-01 1.371605567402399828e+01 9.763261961526332889e+05
3.011711344820278136e-01 1.353978398215217638e+01 8.074553603343951982e+05
3.134703109004183808e-01 1.341274034793899972e+01 6.685974813279442023e+05
3.262214102090537637e-01 1.323323125523479682e+01 5.538520092654390028e+05
3.394919995723861827e-01 1.309628824553407078e+01 4.597031640482994262e+05
3.532664097125652325e-01 1.297277772125156403e+01 3.812703434832218918e+05
3.675498757597616128e-01 1.285225508512485071e+01 3.161908272338642855e+05
3.823714261419684513e-01 1.275635308089841402e+01 2.620517052312069573e+05
3.977104544575702505e-01 1.265836404251214375e+01 2.177814525049017975e+05
4.135411736403586946e-01 1.257109481952582009e+01 1.811342633438748308e+05
4.299365304566062918e-01 1.249206720749170074e+01 1.506056850904047606e+05
4.468723317075508628e-01 1.241812665970502927e+01 1.252299285244173952e+05
4.643463838541067590e-01 1.235077841666121223e+01 1.041020137142297608e+05
4.823220471031435252e-01 1.228668526910762182e+01 8.683376738431262493e+04
5.008649024860354348e-01 1.223129081926551542e+01 7.256782627687856439e+04
5.199329181297710489e-01 1.217773465057906002e+01 6.060394329943697812e+04
5.395350685547209979e-01 1.213290968340205644e+01 5.052974311152746668e+04
5.596709115450922978e-01 1.208581705011471996e+01 4.219367320965740510e+04
5.802884305330391346e-01 1.204538839357447877e+01 3.532872481149959640e+04
6.010897122618049648e-01 1.200748566358176461e+01 2.964988183558076344e+04
6.218397995854831883e-01 1.197178507439127948e+01 2.498285572339315331e+04
6.427800742223219732e-01 1.193777864068348293e+01 2.114129830032269820e+04
6.642237772424405273e-01 1.190501291041991472e+01 1.788537939477307009e+04
6.862675587508403341e-01 1.187192373229086328e+01 1.508877616965579000e+04
7.091048430006883230e-01 1.184317387776392394e+01 1.275113412194117154e+04
7.320714725864261307e-01 1.181363573823420055e+01 1.077527973955237576e+04
7.555045919374314689e-01 1.178572481951391104e+01 9.131680499210786365e+03
7.794232610320520616e-01 1.175933119760372847e+01 7.732232278670549022e+03
8.039039202507541892e-01 1.173244349599072756e+01 6.532115121885047301e+03
8.290314544380457118e-01 1.170560406994836988e+01 5.521728006468390959e+03
8.548641806776698937e-01 1.168290142383668062e+01 4.674382322278214815e+03
8.814276432351839663e-01 1.165855052651559198e+01 3.952006623847767059e+03
9.087842570165929335e-01 1.163759350176635543e+01 3.333878958638165841e+03
9.369882031903314923e-01 1.161516004581747730e+01 2.789968948433096557e+03
9.660160043250228812e-01 1.159410044406199702e+01 2.368639223720086193e+03
9.959665596052776904e-01 1.157516693572548050e+01 1.992662523759385522e+03
1.026657708396396584e+00 1.155907991080381159e+01 1.677608084842119524e+03
1.058261483024701244e+00 1.153883960834697042e+01 1.411916611115452952e+03
1.090706362325859047e+00 1.152218726544907668e+01 1.185897763661770568e+03
1.123996741661855037e+00 1.150616800877220136e+01 9.978966819475441525e+02
1.158064314899718061e+00 1.149263102928467717e+01 8.375598721104342985e+02
1.192928358964372437e+00 1.147982161905212095e+01 7.043729213503874007e+02
1.228496674067774297e+00 1.146611249450966774e+01 5.879642670233570243e+02
1.264719814118667518e+00 1.145398800489821589e+01 4.943257826105934214e+02
1.301589646133805012e+00 1.144232801386848486e+01 4.187506299224800728e+02
1.339040391125644547e+00 1.143181774864243216e+01 3.521898088187109579e+02
1.377017472896955086e+00 1.142196137311737125e+01 2.962926028438679396e+02
1.415365034295245739e+00 1.141384386629466974e+01 2.503493670749746229e+02
1.454129538238696950e+00 1.140428442394438413e+01 2.114678556498319608e+02
1.493149876635339934e+00 1.139146348595811276e+01 1.784514152119968742e+02
1.532387157793765997e+00 1.138317077693680091e+01 1.506435796744294180e+02
1.571697568874030448e+00 1.137214426125322575e+01 1.279902265682444806e+02
1.610386933069513304e+00 1.136401425887776817e+01 1.083549044248463389e+02
1.644583609822775516e+00 1.134960550792356315e+01 9.374132978205541633e+01
1.674170919316974038e+00 1.133213475694252459e+01 8.246578379745055543e+01
1.699668345673661873e+00 1.130923029024704896e+01 7.351670116253033882e+01
1.721581044224429480e+00 1.128258664441084314e+01 6.579020882587947483e+01
1.740327090056573045e+00 1.124981045869335183e+01 5.966579653004863104e+01
1.756243325718208848e+00 1.121363519553240984e+01 5.405063486645649107e+01
1.769646655894875353e+00 1.117243332033236136e+01 4.972325776850680512e+01
1.780787243472319981e+00 1.112699140500787109e+01 4.574432840208409345e+01
1.789897271216658758e+00 1.107868454870064845e+01 4.226592121756371512e+01
1.797182218346739635e+00 1.102776337688873909e+01 3.922774007043033606e+01
1.802723571363386457e+00 1.097353432051473732e+01 3.647628948682748984e+01
1.806762670576947727e+00 1.091573185128532408e+01 3.397001778610681555e+01
1.809438242864255697e+00 1.085619112205527159e+01 3.182219477335322821e+01
1.810785950246813103e+00 1.079360006837852737e+01 2.992086240509399175e+01
1.810968902600789354e+00 1.072817101259138362e+01 2.804100432495734196e+01
1.810056885939658411e+00 1.066263143745987385e+01 2.642922361314264990e+01
1.808145032982472200e+00 1.059402065415302019e+01 2.502166664366294668e+01
1.805315016042496445e+00 1.052446554596334671e+01 2.364293461630477822e+01
1.801634495916759837e+00 1.045377028535536468e+01 2.239912044797603130e+01
1.797138944345333389e+00 1.038152643962364152e+01 2.118220507348440407e+01
