2.191799393479931801e-01 1.550982551689759603e+01 3.683552447462830693e+06
2.269528168251802314e-01 1.520916463170276067e+01 3.108730560743648559e+06
2.350412432314830935e-01 1.494228451763641274e+01 2.622963981246172916e+06
2.434687658162528190e-01 1.468605142981625988e+01 2.220080476745975204e+06
2.522147249221682874e-01 1.446343621119443412e+01 1.880186817206919193e+06
2.613067269938114667e-01 1.424637753789709471e+01 1.580184011815239443e+06
2.707493004052184404e-01 1.405191668236812497e+01 1.336880914269797271e+06
2.805501034527905224e-01 1.386430759487369002e+01 1.131767109062033473e+06
2.907194068795621034e-01 1.369795253704929117e+01 9.530815291402525036e+05
3.012579896449164574e-01 1.354321627354252833e+01 8.058153324213349260e+05
3.121573814148233539e-01 1.340245792072924758e+01 6.815125616759506520e+05
3.234612109510952571e-01 1.326283191008042905e+01 5.763906716806911863e+05
3.351409931781541007e-01 1.313779182191342088e+01 4.880994516834755195e+05
3.472232454625385212e-01 1.302266425119678850e+01 4.136178036048341310e+05
3.597196018897539926e-01 1.292354237994113397e+01 3.496297779934825958e+05
3.726023616718233678e-01 1.282026432511479008e+01 2.964771413612869219e+05
3.859136361415866912e-01 1.272967619868395417e+01 2.511163896109173365e+05
3.996305609148025351e-01 1.264658481073285934e+01 2.134323645038614632e+05
4.137703199067410686e-01 1.256715443540521093e+01 1.812074301238851913e+05
4.283400128158568743e-01 1.249692700213953067e+01 1.534073485580069246e+05
4.433306799188121428e-01 1.243113717037627097e+01 1.287602516200709651e+05
4.587637032366257972e-01 1.237505182894971689e+01 1.103826810630572145e+05
4.745896147889862582e-01 1.231614985355369107e+01 9.375410031867968792e+04
4.908480130127260144e-01 1.226185540570694421e+01 7.978900136378023308e+04
5.075207393756138163e-01 1.221204154552059506e+01 6.798855405961626093e+04
5.246276744283598914e-01 1.216546985780779089e+01 5.790871704544168460e+04
5.421562564108156623e-01 1.212377345849643717e+01 4.931274264436400699e+04
5.601063495633432643e-01 1.208444949316158734e+01 4.205969559826782643e+04
5.784402199622962204e-01 1.205044548833516238e+01 3.550500066242956382e+04
5.968258880378619624e-01 1.201452000712216162e+01 3.072757374378008899e+04
6.148213577867149837e-01 1.198239915883886120e+01 2.632106836495819880e+04
6.327095104468331010e-01 1.195217556974771433e+01 2.285990342065232471e+04
6.506487155685665158e-01 1.191917818209960522e+01 1.980890057649325536e+04
6.688334461713415502e-01 1.189075151266357899e+01 1.716960189736316534e+04
6.873393243410963471e-01 1.186072371733162534e+01 1.487017093103028856e+04
7.062876591562051720e-01 1.183185524492481910e+01 1.286866840115637024e+04
7.257443930347293737e-01 1.180325957999559350e+01 1.113244158982106637e+04
7.457810822054787847e-01 1.177485883325621607e+01 9.628024208863256717e+03
7.664512184311407239e-01 1.174872397162949866e+01 8.250545922551000331e+03
7.878327727220132415e-01 1.172092816393568349e+01 7.142459289380775772e+03
8.099497930063426221e-01 1.169541453336222681e+01 6.152540693577849197e+03
8.328398954188839243e-01 1.167217986106151351e+01 5.279161124859546362e+03
8.565342926744881069e-01 1.164708712752055142e+01 4.526521968654835291e+03
8.810636560760496394e-01 1.162684479447718822e+01 3.875827454163501898e+03
9.064469746403654993e-01 1.160517926530793709e+01 3.312434717576652019e+03
9.326869719029865502e-01 1.158844966085728068e+01 2.828301901234232901e+03
9.597989173648453498e-01 1.157052457725102990e+01 2.414832171001849474e+03
9.877817444067830133e-01 1.155480105344811292e+01 2.057582151083328426e+03
1.016646721963989419e+00 1.154058066346916078e+01 1.753333692197293203e+03
1.046373582119589640e+00 1.152810100800588877e+01 1.481994645957023522e+03
1.076940981005114262e+00 1.151911659208042238e+01 1.270235809083597132e+03
1.108350429925740510e+00 1.150531693170974989e+01 1.079030343751720238e+03
1.140421623901485493e+00 1.149802319050159305e+01 9.202216566257648083e+02
1.172593044565193976e+00 1.148970753563228619e+01 7.845013859224002317e+02
1.204799889974118354e+00 1.148553496980763455e+01 6.705483293238730766e+02
1.237029550792627441e+00 1.147731936953022824e+01 5.753909663561457819e+02
1.269224082975315193e+00 1.146681271082593234e+01 4.913499301863116102e+02
1.301448357981409121e+00 1.145919050205578493e+01 4.258841889456569447e+02
1.333644287609542456e+00 1.145048268470512021e+01 3.672405609248274345e+02
1.365816546317028646e+00 1.144172460726468721e+01 3.172534222680720291e+02
1.397923483302063064e+00 1.143310216304686833e+01 2.730095905866255634e+02
1.429966393745518705e+00 1.142162949744292000e+01 2.371357354823000492e+02
1.461891622705314475e+00 1.141047606535230408e+01 2.064011663959961140e+02
1.493658186061958215e+00 1.139908241563493618e+01 1.793885696230570375e+02
1.525359587802024963e+00 1.138757723229233854e+01 1.559477057223030272e+02
1.556712609509061318e+00 1.137234218474698544e+01 1.360801484043555263e+02
1.587855983381985192e+00 1.135844237472642781e+01 1.186266440930348693e+02
1.618826990126750243e+00 1.134524975325778762e+01 1.032837750287420278e+02
1.649334828229301886e+00 1.132712167736222320e+01 9.079439839738697060e+01
1.679568309741429344e+00 1.131023266635372870e+01 7.953671739788546802e+01
1.709417099276410612e+00 1.129198238105110619e+01 6.977227436757520707e+01
1.738949553518195135e+00 1.127359451833383375e+01 6.129079294266231415e+01
1.767805254258372649e+00 1.125372552274189708e+01 5.396665928634115517e+01
1.796259251696044279e+00 1.123246825879881072e+01 4.739567142935124622e+01
1.824180330732829480e+00 1.121017577618337668e+01 4.199614291892597606e+01
1.851530409328406845e+00 1.118709027739578588e+01 3.709178870530811167e+01
1.878255778495478756e+00 1.116321797574754626e+01 3.276218030130286252e+01
1.904446741973237378e+00 1.113916897706681652e+01 2.913474454648642009e+01
1.929772856672751891e+00 1.111329686556276286e+01 2.588771862950931890e+01
1.954585274489742952e+00 1.108662753855195859e+01 2.300987323259646189e+01
