2.191799393479931801e-01 1.550982551689759603e+01 3.683552447462830693e+06
2.263724419535799448e-01 1.523721630576420161e+01 3.158986509644221049e+06
2.338268005511241199e-01 1.497343107195932177e+01 2.690128038909694646e+06
2.415788193597703803e-01 1.474594233040904001e+01 2.309708052377876360e+06
2.495919020990511050e-01 1.452173144429245077e+01 1.970600140822814312e+06
2.579056504497992397e-01 1.432233568168793880e+01 1.682421734268447850e+06
2.665169846815791943e-01 1.413206975116621855e+01 1.440808766896414105e+06
2.754330743962237760e-01 1.395648244879439481e+01 1.231492360703725368e+06
2.846604373284996048e-01 1.379386915229602906e+01 1.056147182914415374e+06
2.941999971806250613e-01 1.364242839929605999e+01 9.027196068675252609e+05
3.040526352089713558e-01 1.350085731098561403e+01 7.719496208650749177e+05
3.142357176697443411e-01 1.336551223493854579e+01 6.613521212646409404e+05
3.247592228391915081e-01 1.324470050779394370e+01 5.652438731037052348e+05
3.356031283141532873e-01 1.313572909746597084e+01 4.853916625792090199e+05
3.467928256281931909e-01 1.302773306703388911e+01 4.158100539225832908e+05
3.583340844616965115e-01 1.293136120453393012e+01 3.563703196422233013e+05
3.702135999784649800e-01 1.283871423809167922e+01 3.063580586606937577e+05
3.824674340580421772e-01 1.275273276011943580e+01 2.617269774699689006e+05
3.950485543492425755e-01 1.268233705463603300e+01 2.227667175164271321e+05
4.080041084361992754e-01 1.260245543247879318e+01 1.930894090162185021e+05
4.213099613422334744e-01 1.253132042845572336e+01 1.656465461251056113e+05
4.350045270402681519e-01 1.246820286693070479e+01 1.424376663255039603e+05
4.490481243410964773e-01 1.240713241210887396e+01 1.224263735622064269e+05
4.634574666707854118e-01 1.234712084009948008e+01 1.053460830005839234e+05
4.782222017748163911e-01 1.230339560364727269e+01 9.045196312668989412e+04
4.933473492840142471e-01 1.224802428306868052e+01 7.801086040953580232e+04
5.088359820567925906e-01 1.220865348015097140e+01 6.715461068637804419e+04
5.246939392283916925e-01 1.216661576214627161e+01 5.779501451471006294e+04
5.409138258718083625e-01 1.212616920118536434e+01 4.988288094070334046e+04
5.574951020162105531e-01 1.208956837275494323e+01 4.299012334790925524e+04
5.744018363238350133e-01 1.205517967787886668e+01 3.709114880040901335e+04
5.915186396972329508e-01 1.202463544286289299e+01 3.212886531356032356e+04
6.082507162462731376e-01 1.199315323407542344e+01 2.794990634943384066e+04
6.247977292216982947e-01 1.196445686543649956e+01 2.437487928942095459e+04
6.412897756249882342e-01 1.193631579097693418e+01 2.135036284611756491e+04
6.579066822842390971e-01 1.190871224369386283e+01 1.869797607087935103e+04
6.747641314894143871e-01 1.187655099265263736e+01 1.642568262885363947e+04
6.919249289999639396e-01 1.185312065277603288e+01 1.434534243324299860e+04
7.094584336908684730e-01 1.182616429656886226e+01 1.257367435275649768e+04
7.274257121684600813e-01 1.179714975872891003e+01 1.099037512451632028e+04
7.459011132261134103e-01 1.177567114809296633e+01 9.593973903061747478e+03
7.649220424030996890e-01 1.174654297237654177e+01 8.374631759268298993e+03
7.845241844193684422e-01 1.172242041225668174e+01 7.297541842816596727e+03
8.047390568242250852e-01 1.169857734628130963e+01 6.350298319266121325e+03
8.255946076645935827e-01 1.167697799573933004e+01 5.519121654755844247e+03
8.471427556853743379e-01 1.165116435549944640e+01 4.793524321754115590e+03
8.693861976798783475e-01 1.163249063701932506e+01 4.121905152922607158e+03
8.923361526788922138e-01 1.161083427000914980e+01 3.595522390604033717e+03
9.160314989216332693e-01 1.159263960143251104e+01 3.113175768686659467e+03
9.404416212388423402e-01 1.157729755144777783e+01 2.689514598337609186e+03
9.656001794426446461e-01 1.155954786184914873e+01 2.318421415153048656e+03
9.914964551887621713e-01 1.154521165674859162e+01 2.003881846525820947e+03
1.018142055832266690e+00 1.153139733132868372e+01 1.728748658260023831e+03
1.045516454188673228e+00 1.151926594120494229e+01 1.489170637535770311e+03
1.073600705473344297e+00 1.150861310081605104e+01 1.283275165396962848e+03
1.102409600398964296e+00 1.149811126789936999e+01 1.104203463647781746e+03
1.131904890143527798e+00 1.148821877517586643e+01 9.510231936059690270e+02
1.162070364962142666e+00 1.148114274273385682e+01 8.188397720390254335e+02
1.192882492076665635e+00 1.147402313741364566e+01 7.007935782300692154e+02
1.224306020679001961e+00 1.147084323915004234e+01 6.042660273316674875e+02
1.256311403348498112e+00 1.146487615721752817e+01 5.204155047327305965e+02
1.288875154435937365e+00 1.145806975226882329e+01 4.507688208617780106e+02
1.321947570872737954e+00 1.145750619092422617e+01 3.885208252406067118e+02
1.355494213023865635e+00 1.145115998224485132e+01 3.354627028008774801e+02
1.389381962383022362e+00 1.144954219210640467e+01 2.889224193894669384e+02
1.422488987217217948e+00 1.144679558342368253e+01 2.497209516593911474e+02
1.454562200133091787e+00 1.144376368156279078e+01 2.179249967178486997e+02
1.486420190988458900e+00 1.143906464477779572e+01 1.915122371108579955e+02
1.518262496304715770e+00 1.143429086071297895e+01 1.674359546299031933e+02
1.550092121653572796e+00 1.142814415071315715e+01 1.465013404143378182e+02
1.581872501985037038e+00 1.142200299338776581e+01 1.283197539826652758e+02
1.613555830516079093e+00 1.141526341429295677e+01 1.125424178037084886e+02
1.645110505525532618e+00 1.140654080182166297e+01 9.887347418231875906e+01
1.676493923144996456e+00 1.139781423304911101e+01 8.685750459794392953e+01
1.707656430335467990e+00 1.138859816170538863e+01 7.640154093938859603e+01
1.738603429080191054e+00 1.137891246999688200e+01 6.731821654847352931e+01
1.769215726920942089e+00 1.136881630142881683e+01 5.932848427949378589e+01
1.799539763124379910e+00 1.135753792342310398e+01 5.239682945457420260e+01
1.829487955695255463e+00 1.134492951622574175e+01 4.634927613188523310e+01
1.859001182285112463e+00 1.133228373667508038e+01 4.099115246379612643e+01
