2.191799393479931801e-01 1.550982551689759603e+01 3.683552447462830693e+06
2.264461621267637170e-01 1.523823633940396505e+01 3.157862748052883428e+06
2.339804930047086062e-01 1.497236952016504041e+01 2.687776457550385967e+06
2.418193773688235015e-01 1.473340102519957284e+01 2.287852229164616670e+06
2.499251670474608167e-01 1.451794265128983774e+01 1.957922419291736791e+06
2.583378824511236571e-01 1.431221013647294704e+01 1.674385360031754244e+06
2.670535426917389765e-01 1.411953040938296944e+01 1.429128513011753326e+06
2.760813819482661469e-01 1.394821758452866689e+01 1.222143332042567898e+06
2.854276144614095179e-01 1.378027072166768185e+01 1.041950978378869826e+06
2.950855812937118738e-01 1.362846211883055325e+01 8.920591773084541783e+05
3.050786846246948958e-01 1.348534911152121829e+01 7.601228507081479765e+05
3.154006061179088216e-01 1.335359963454916787e+01 6.500496408587011974e+05
3.260615760880687386e-01 1.323320250745497972e+01 5.560613621610306436e+05
3.370724215766139342e-01 1.312563281279195593e+01 4.700899939123138902e+05
3.484195632839337531e-01 1.301363983044450201e+01 4.067835041599548422e+05
3.601519421445288915e-01 1.291457697717754449e+01 3.480197666826197528e+05
3.721868737628029611e-01 1.282314544151598135e+01 2.981331614494993119e+05
3.846182760958870572e-01 1.273869294838828381e+01 2.546509394278807740e+05
3.974167636402259340e-01 1.265946544102859939e+01 2.185039245290934923e+05
4.105706567215875458e-01 1.259019315751816848e+01 1.876570975590365997e+05
4.240796515614213003e-01 1.251552271720967902e+01 1.607110708739454858e+05
4.379646976529727453e-01 1.245530228923470162e+01 1.377757270162895438e+05
4.522352710793632879e-01 1.239600543663224741e+01 1.182887345118484081e+05
4.668896538411899666e-01 1.234075301855378903e+01 1.008691000562434638e+05
4.818751924818806542e-01 1.228867348287881889e+01 8.757854389639772126e+04
4.972625928334065137e-01 1.223983732868537366e+01 7.444005988938959490e+04
5.130065283501690221e-01 1.219604183624753269e+01 6.457533812128973659e+04
5.291255851119555098e-01 1.215399447805198108e+01 5.562773338574475929e+04
5.456128234616300920e-01 1.211527990507785191e+01 4.782285496369384782e+04
5.624695176327147994e-01 1.207957124061087661e+01 4.118553628538001794e+04
5.796462914035854785e-01 1.204594077481850611e+01 3.548650595301223802e+04
5.968368139034964104e-01 1.201211240771110766e+01 3.072466150075426776e+04
6.136589658095664701e-01 1.198419441576717581e+01 2.647427044602319074e+04
6.303445224004210479e-01 1.195693307168613018e+01 2.332789357642510004e+04
6.470429055231060600e-01 1.192298917791631752e+01 2.040473363748772681e+04
6.639326925051065587e-01 1.189763144471348255e+01 1.783758519737088864e+04
6.810670380655698963e-01 1.187009102931086524e+01 1.560998740042353165e+04
6.985630728900332764e-01 1.184263390687362616e+01 1.364202370481745129e+04
7.165010770042740118e-01 1.181581854221933803e+01 1.179575969953036474e+04
7.347884223730051234e-01 1.178899484080899640e+01 1.034850591368594178e+04
7.536818499723854092e-01 1.176310076986060871e+01 9.069066666442473434e+03
7.731492582227640353e-01 1.173609243398014890e+01 7.907136024789760995e+03
7.932212733814167915e-01 1.171091339197913683e+01 6.819563395005518032e+03
8.139441797883859575e-01 1.168951337378838495e+01 5.964457766218192774e+03
8.353555133106969066e-01 1.166526043333871598e+01 5.146892695106537758e+03
8.574425355679897720e-01 1.164525276181869451e+01 4.487675990772479054e+03
8.802657849153929792e-01 1.162376666910758338e+01 3.878834814730643757e+03
9.038282170557845330e-01 1.160263103410992436e+01 3.354299669066715978e+03
9.281403431199044540e-01 1.158550797928327647e+01 2.895571537497940426e+03
9.531946941369332515e-01 1.157407699087144337e+01 2.494875545663184766e+03
9.790085484007161609e-01 1.155356119870686271e+01 2.151429438660899905e+03
1.005590008827667470e+00 1.154236801679820523e+01 1.844333721956972113e+03
1.032912563577827125e+00 1.152493483693063325e+01 1.595026062793571782e+03
1.060987949696682309e+00 1.151284332581158765e+01 1.372604422642392137e+03
1.089792258346500731e+00 1.150310533747208552e+01 1.179962954882745407e+03
1.119308222690289512e+00 1.149468454734982714e+01 1.013145426040383200e+03
1.149522050889966174e+00 1.148557308323294635e+01 8.665324545400806073e+02
1.180402045219950624e+00 1.147739955765213793e+01 7.499898080624794829e+02
1.211920621208208093e+00 1.147495643812380450e+01 6.448359247812703643e+02
1.244057868001224421e+00 1.146905262831038996e+01 5.517627796449618245e+02
1.276769694659421583e+00 1.146464153569153943e+01 4.738338050209374046e+02
1.310016748937410824e+00 1.145678288934045419e+01 4.106663050793341654e+02
1.343765796549005076e+00 1.145677058904730750e+01 3.508370232605260526e+02
1.377972558874120290e+00 1.145151944361755092e+01 3.041751159081683795e+02
1.412579784399567995e+00 1.145022585757889111e+01 2.622678069495455020e+02
1.447548413045612214e+00 1.144911048387712249e+01 2.262929424850961482e+02
1.482822829634651507e+00 1.144982821401324458e+01 1.956318013292955413e+02
1.518364954886736840e+00 1.144644694846431143e+01 1.690018376620882918e+02
1.554095848280030223e+00 1.144578268290502088e+01 1.463916115617318781e+02
1.589975024019121719e+00 1.144393498889862215e+01 1.267169033438109835e+02
1.625793787488395870e+00 1.144400474247368926e+01 1.099885136989748418e+02
1.661235912899424516e+00 1.144241655492886522e+01 9.541822252076926247e+01
1.696233400820543302e+00 1.144013683712902285e+01 8.349065605235864496e+01
1.730771347256657267e+00 1.144040575779479774e+01 7.292818735359595905e+01
1.764813928065654736e+00 1.143379428467697245e+01 6.388396947037367823e+01
1.798333172853372464e+00 1.142971269143037283e+01 5.611269660896281408e+01
1.831224198826535643e+00 1.142385876767087716e+01 4.936176866677353559e+01
1.863534731446227388e+00 1.141742471596863595e+01 4.346429378327273696e+01
1.895256265459146050e+00 1.140935197859537276e+01 3.837366699289458438e+01
1.926247858751366948e+00 1.140084874679967264e+01 3.382844227955256855e+01
