2.191799393479931801e-01 1.550982551689759603e+01 3.683552447462830693e+06
2.294791418620077128e-01 1.512060008009613021e+01 2.949961635798898526e+06
2.403365480734279969e-01 1.477740380389659691e+01 2.360647115491980221e+06
2.517605083016186129e-01 1.446761792878003661e+01 1.886988529383102665e+06
2.637779432530609758e-01 1.418960700288103283e+01 1.511132510099244304e+06
2.764071219838956650e-01 1.393610939894450773e+01 1.210455144522712799e+06
2.896647595981151624e-01 1.370272033425423430e+01 9.705871100386326434e+05
3.035707306576893583e-01 1.350659083851690312e+01 7.704303939198157750e+05
3.181134409427908705e-01 1.332516164089149946e+01 6.243375967665020144e+05
3.333323184868980382e-01 1.315559315338039426e+01 5.007696862130938680e+05
3.492367533947346447e-01 1.300859117362225703e+01 4.021031080352597055e+05
3.658497106897259932e-01 1.287033605007867543e+01 3.227874963832784561e+05
3.831758489846461835e-01 1.274773908849132731e+01 2.598566062930199259e+05
4.012234837256044018e-01 1.263779633259197155e+01 2.088461143766056630e+05
4.199633415763063815e-01 1.253889887843938133e+01 1.682906568951477821e+05
4.394607169604646257e-01 1.244883203983035358e+01 1.356883692242023826e+05
4.597252267458753483e-01 1.236659391694671228e+01 1.094476795069699874e+05
4.806778041465426532e-01 1.229175467252632536e+01 8.834622747768498084e+04
5.023799532795967249e-01 1.222713684425156622e+01 7.072165990558381600e+04
5.248116109968771203e-01 1.216718692170172567e+01 5.781513742587697197e+04
5.479790498896823792e-01 1.211185594195849013e+01 4.667188199392850947e+04
5.718463544366134688e-01 1.206189440209046460e+01 3.792824439535516285e+04
5.961365565493261798e-01 1.201485233832723587e+01 3.058647600630213856e+04
6.201273368473809722e-01 1.197350967703964386e+01 2.510066984495216821e+04
6.440526380264939288e-01 1.193382179642875585e+01 2.091739912098798595e+04
6.682985330654738210e-01 1.189385571718533718e+01 1.727137195451635853e+04
6.931436045921163247e-01 1.185577990550432048e+01 1.418059750411655477e+04
7.188324402117366452e-01 1.181851041922334922e+01 1.165430490979627211e+04
7.454189172642220473e-01 1.178302824593192533e+01 9.693129492462649068e+03
7.731657116822595599e-01 1.175061897374354913e+01 7.953160063690806055e+03
8.021971479313447784e-01 1.171471019329067254e+01 6.520926474096781931e+03
8.324814768766261031e-01 1.168520247847711246e+01 5.337843837913522293e+03
8.642169120189019393e-01 1.165486379816604767e+01 4.354622790467989034e+03
8.974126821586581038e-01 1.163115533223076881e+01 3.541081695022970052e+03
9.321195988108521568e-01 1.160728472149662593e+01 2.873198633350506952e+03
9.683486971479701166e-01 1.158511913535761551e+01 2.329786914583448379e+03
1.006112194485860423e+00 1.156951568956396059e+01 1.885640502974176570e+03
1.045393394159522149e+00 1.155667630120485256e+01 1.524615425506614429e+03
1.086171468077003599e+00 1.154087767931674335e+01 1.230954632389517656e+03
1.128414464926561500e+00 1.152720089900656220e+01 9.935076758462500948e+02
1.172039112417771367e+00 1.151924784951800085e+01 8.025701854459611013e+02
1.216995343646636085e+00 1.151506235463371119e+01 6.476525843751285265e+02
1.263197701376110649e+00 1.151057378215891802e+01 5.210970376361029821e+02
1.309499513851362762e+00 1.150362517284545483e+01 4.249402996509302284e+02
1.353203767869354923e+00 1.149955183796045510e+01 3.496669269050602793e+02
1.394372779208658431e+00 1.149022411862527804e+01 2.909420796075501130e+02
1.433249296711596843e+00 1.147732872155399875e+01 2.446712649492800438e+02
1.470012113599422632e+00 1.145996571682004905e+01 2.069153363159564947e+02
1.504840456619974676e+00 1.143906933488904798e+01 1.759864463872046088e+02
1.537861706558980357e+00 1.141231730945739997e+01 1.508224961632337227e+02
1.569162189412826924e+00 1.138277388980720062e+01 1.296297289736961602e+02
1.598873281883002040e+00 1.134948341107055825e+01 1.115046314215289271e+02
1.627064108407946019e+00 1.131217799810496061e+01 9.706359119266031144e+01
1.653799473004479603e+00 1.127093957253290668e+01 8.418695327549460217e+01
1.679116505800200665e+00 1.122628571961042354e+01 7.342408657078475187e+01
1.703073410955879829e+00 1.117842751234855392e+01 6.414794033175137145e+01
1.725705418970282068e+00 1.112730670878222483e+01 5.620191365751718848e+01
1.747174711755975940e+00 1.107401454503190941e+01 4.932722354294642031e+01
1.767228671969260034e+00 1.101735995215350883e+01 4.343262337323512412e+01
1.785921955549044426e+00 1.095843577878627428e+01 3.820285951821961845e+01
1.803501533837654769e+00 1.089672650831498402e+01 3.393857155562534444e+01
1.820052210879220977e+00 1.083389594022107438e+01 3.004837982227547144e+01
1.835208418883180759e+00 1.076919599382133796e+01 2.666327579904918110e+01
1.849177599677652273e+00 1.070108576638542353e+01 2.373813150881927214e+01
1.861797254327905549e+00 1.063193075626707973e+01 2.116753372657053234e+01
1.873415175308954739e+00 1.056093792377272145e+01 1.893654035833834826e+01
1.883894322799668952e+00 1.048867200347256023e+01 1.694120854119482189e+01
1.893231536173514362e+00 1.041511892175028997e+01 1.517190183464556519e+01
1.901448646194717318e+00 1.034034714281009926e+01 1.369294060283100656e+01
1.908705400872588998e+00 1.026542023165481510e+01 1.231751594318080834e+01
1.914759507987042086e+00 1.018945910265401800e+01 1.110636087218985324e+01
1.919710840838826371e+00 1.011168349868797200e+01 1.009940657349366155e+01
1.923480046619217010e+00 1.003347440305940630e+01 9.148368166506822163e+00
1.926385367196854492e+00 9.955587255774418054e+00 8.351973736818742111e+00
1.928287602261614220e+00 9.875542795993723644e+00 7.615056565943061351e+00
1.929229098477168947e+00 9.796535344904626186e+00 6.952311257020016733e+00
1.929217912140237301e+00 9.717630860773654788e+00 6.374777235869743208e+00
1.928311749994179536e+00 9.638548089053367462e+00 5.875688695454326371e+00
1.926505714443777606e+00 9.558799234209891083e+00 5.409633928529559377e+00
1.923850346145640433e+00 9.480074219112308853e+00 4.995934628722162429e+00
