2.191799393479931801e-01 1.550982551689759603e+01 3.683552447462830693e+06
2.264694621990404055e-01 1.522476197610975213e+01 3.139436972759617958e+06
2.340304215168227120e-01 1.497737330913599330e+01 2.688243844474299811e+06
2.418945651980656808e-01 1.473671712544043366e+01 2.285763897698210552e+06
2.500294981435567387e-01 1.451082689252803171e+01 1.952858442380695837e+06
2.584815084960372378e-01 1.430568726902189169e+01 1.654788057987782406e+06
2.672223300940033686e-01 1.411452384221619738e+01 1.423972178678301629e+06
2.762842382350946813e-01 1.394608992675850878e+01 1.216670465762187261e+06
2.856680665643224759e-01 1.377934816488997782e+01 1.035560758293909719e+06
2.953648520914526898e-01 1.362164956665971971e+01 8.858345046147131361e+05
3.053999530293551312e-01 1.349166941547854393e+01 7.561670435313719790e+05
3.157674776047386667e-01 1.335350706029017864e+01 6.461777180349165574e+05
3.264742733526092011e-01 1.323715003146237024e+01 5.517608102953307098e+05
3.375264495233991080e-01 1.311409293074932059e+01 4.722965361685560201e+05
3.489294130179781406e-01 1.301289909405278777e+01 4.036293142477293150e+05
3.606969332945362261e-01 1.291141352528315167e+01 3.453909424697046052e+05
3.728064329509822028e-01 1.282232562841298318e+01 2.955122316356534138e+05
3.852939680132496103e-01 1.273411331210238195e+01 2.530343680889189418e+05
3.981417967069317831e-01 1.265736337324001504e+01 2.165376565997204161e+05
4.113579662570169271e-01 1.258383970268926966e+01 1.855410425376307976e+05
4.249622017721119693e-01 1.251599450326823515e+01 1.589478805939127342e+05
4.388980812035639389e-01 1.245159067648060969e+01 1.364802065487872460e+05
4.532379475693160686e-01 1.239073925246520957e+01 1.171486571255612653e+05
4.679646584102357676e-01 1.233783042421141651e+01 1.003940576855764084e+05
4.830263657497682606e-01 1.228471729900289411e+01 8.626378028235245438e+04
4.984907010066026434e-01 1.223688609756433188e+01 7.402476943233885686e+04
5.143169517724440754e-01 1.219357644230542093e+01 6.354720166108960984e+04
5.305177825511442347e-01 1.215268248384230532e+01 5.475231098154016217e+04
5.470895487983765682e-01 1.211185124886683440e+01 4.713501159025976085e+04
5.640329608764774738e-01 1.207622020121151785e+01 4.060563045332409820e+04
5.812935072261541380e-01 1.204370451448779100e+01 3.500381894497546455e+04
5.985260992340337705e-01 1.200736257292797049e+01 3.032285129965448141e+04
6.155226169920288148e-01 1.198078571383760860e+01 2.628903451244097596e+04
6.324550586204727987e-01 1.195135020700538675e+01 2.296338173301620191e+04
6.495043796377293344e-01 1.192514499629598212e+01 2.001711281407482602e+04
6.667872289183948142e-01 1.189594278821110862e+01 1.733870680017425912e+04
6.843899240522902661e-01 1.186912163137843024e+01 1.522602373917732984e+04
7.024283350783414592e-01 1.184122786903241753e+01 1.329733860507885765e+04
7.209171593026155733e-01 1.181459590920993286e+01 1.157177854285583089e+04
7.398867570367653190e-01 1.178752750334222732e+01 1.008184342419103268e+04
7.594730237627798086e-01 1.176480737421645806e+01 8.757136488237645608e+03
7.797047883473520180e-01 1.174102558382050354e+01 7.541275119171413280e+03
8.005757826909014607e-01 1.171669711692131344e+01 6.592232745425251778e+03
8.221657906773348623e-01 1.169524865682753578e+01 5.709998630989470257e+03
8.444661949519272071e-01 1.167427024293230886e+01 4.896952055733201632e+03
8.675235621727601654e-01 1.165261363857320553e+01 4.264857702570074252e+03
8.913476456668015802e-01 1.163600654363950149e+01 3.680083003982372702e+03
9.159938283725095332e-01 1.161842363452229776e+01 3.169023550115291073e+03
9.413450118505652942e-01 1.160390749680950329e+01 2.727331404428401129e+03
9.675320571723302621e-01 1.158899499819634826e+01 2.347272414184247737e+03
9.945166004449100816e-01 1.157684356734208109e+01 2.017717708018490839e+03
1.022299292547640182e+00 1.156539234432834995e+01 1.732041049896643244e+03
1.050861897467253669e+00 1.155518021393695527e+01 1.486320351528610217e+03
1.080205394613280134e+00 1.154666987925520871e+01 1.275225012522403858e+03
1.110299975487430979e+00 1.153818238694233500e+01 1.094702074687509594e+03
1.141140019797008298e+00 1.153260050469615905e+01 9.386530496443494940e+02
1.172697701846038498e+00 1.152702056540450215e+01 8.053865881177250685e+02
1.204946808470708675e+00 1.152407495848958696e+01 6.906294879634667723e+02
1.237857003314351001e+00 1.151939208095793354e+01 5.925792987484910554e+02
1.271134244603510322e+00 1.152059085447443998e+01 5.097709293694454118e+02
1.304514804473100975e+00 1.151746981682618731e+01 4.382925015334458863e+02
1.337971654800366395e+00 1.151380614451453432e+01 3.780081039921500974e+02
1.371465548907930154e+00 1.151203521266611851e+01 3.268467656415824649e+02
1.404971534993982418e+00 1.151273647339441375e+01 2.813373027704461151e+02
1.438479615977791282e+00 1.150890660866724247e+01 2.454074906438066250e+02
1.471910083527969926e+00 1.150567519351058898e+01 2.133346680854034787e+02
1.505354223947122705e+00 1.150352070490007605e+01 1.853891608867216121e+02
1.538573674864823992e+00 1.149998711126971784e+01 1.616545266394511771e+02
1.571724974394534513e+00 1.149648369055407038e+01 1.410357906096298848e+02
1.604714225523478976e+00 1.149015350159114135e+01 1.231746174522468635e+02
1.637489568093275727e+00 1.148465506830986094e+01 1.078137062811733813e+02
1.670000754956595168e+00 1.147849449856381199e+01 9.449223854566281489e+01
1.702250806329315136e+00 1.147101720068915220e+01 8.251257936117647773e+01
1.734184208970215080e+00 1.146336872514883964e+01 7.286623456993962122e+01
1.765751308344531090e+00 1.145383953599951532e+01 6.413293930859302350e+01
1.796930321606843517e+00 1.144453681571592796e+01 5.647996222492813700e+01
1.827800965617488282e+00 1.143379682103771877e+01 4.982739611629893517e+01
1.857939796202847438e+00 1.142131176194443754e+01 4.409573397117068794e+01
1.887704340978525686e+00 1.140850966001523581e+01 3.903908392695275609e+01
1.916939501195013662e+00 1.139488357474437841e+01 3.461015400552046373e+01
