1.550982551689759603e+01 2.191799393479931801e-01 3.683552447462830693e+06
1.512386693665244408e+01 2.293604314869801541e-01 2.965344761100814212e+06
1.479909717112876422e+01 2.400833642979429416e-01 2.383524054296970367e+06
1.448652182104623165e+01 2.513703210319802595e-01 1.896302745278794318e+06
1.420219883873552824e+01 2.632208919218025356e-01 1.526634420564905740e+06
1.395117167199816066e+01 2.756754746277235713e-01 1.226953501343665877e+06
1.372833602672888809e+01 2.887435097987984256e-01 9.862656062488078605e+05
1.352257797788413995e+01 3.024268170633771513e-01 7.914319068523469614e+05
1.334340007470980005e+01 3.167667906153855961e-01 6.371198353867025580e+05
1.317384540396745152e+01 3.317549396549471785e-01 5.072765832933104248e+05
1.302215161504792995e+01 3.474005869276329261e-01 4.127279661816767184e+05
1.288991383872271790e+01 3.637491225765496217e-01 3.324023125723429257e+05
1.276518573090155151e+01 3.807944249514368940e-01 2.645343234191028751e+05
1.265309752127226872e+01 3.985013080416658360e-01 2.154909880368009326e+05
1.255178024196887421e+01 4.169601856380715232e-01 1.742615096934928733e+05
1.246500212995622192e+01 4.361140491019189214e-01 1.404313200459332438e+05
1.237972801805604028e+01 4.559829554757844350e-01 1.138561291919310461e+05
1.230694871931598122e+01 4.765920857112255771e-01 9.203395824011378863e+04
1.224007975975633578e+01 4.978950531132851909e-01 7.457607007557191537e+04
1.217820826310585858e+01 5.199231630540853688e-01 6.043745083741671260e+04
1.212390456701264796e+01 5.426692171106592966e-01 4.908814043677760492e+04
1.207307022265836238e+01 5.661292032399966034e-01 3.983011579861838254e+04
1.202593233247808158e+01 5.901245572804084683e-01 3.249597728405786620e+04
1.198263665937314393e+01 6.137900054409685113e-01 2.669925199136509036e+04
1.194393474539696243e+01 6.373735438090878391e-01 2.204184673874520377e+04
1.190392981189773280e+01 6.612369204503428799e-01 1.824587441591791503e+04
1.186651916102824345e+01 6.857112045919693255e-01 1.510207559586141360e+04
1.183031961659332332e+01 7.110296569591066929e-01 1.247207616302907081e+04
1.179334477033807005e+01 7.372241861494651660e-01 1.029939731775110886e+04
1.176036082589586940e+01 7.645963609325162613e-01 8.464409652681997613e+03
1.172722262680418304e+01 7.932140956085447225e-01 6.944290867057797186e+03
1.169952921439346127e+01 8.231771749648317815e-01 5.680690605047009740e+03
1.166924038179855572e+01 8.545281615819706467e-01 4.647330044363809066e+03
1.164434404750871543e+01 8.873728624240693197e-01 3.780508679404482336e+03
1.161915801853303698e+01 9.217144539788458824e-01 3.072575218915053483e+03
1.160109239100065182e+01 9.576078835478586404e-01 2.493466333503002716e+03
1.158320460209119673e+01 9.950267474255980460e-01 2.020098313083246239e+03
1.157030678378717070e+01 1.034001604271212793e+00 1.635138554878080640e+03
1.155701211477114754e+01 1.074489352454614632e+00 1.322260614012384622e+03
1.154690590927825689e+01 1.116459297953723784e+00 1.069886960674927423e+03
1.154190992868458210e+01 1.159865051819370496e+00 8.626440830331414418e+02
1.153402287261356918e+01 1.204633027124693445e+00 6.974984973324319526e+02
1.153124379005094546e+01 1.250688315776007142e+00 5.633406628782702228e+02
1.153308689563719724e+01 1.297928974689948944e+00 4.555738435589413484e+02
1.152988510268377098e+01 1.345209830046566468e+00 3.683211918335737209e+02
1.152659230690297854e+01 1.389429519497445531e+00 3.057529208024196237e+02
1.152111790410574343e+01 1.430674186726648589e+00 2.551661851843837781e+02
1.151054400000821332e+01 1.469218660010577659e+00 2.146039704728014499e+02
1.149264042618207959e+01 1.505294985125740226e+00 1.834951849069166769e+02
1.147402657821282901e+01 1.539146359676653697e+00 1.569582073120492112e+02
1.144639753261581028e+01 1.570923445102524907e+00 1.353246935929651613e+02
1.141598945868893544e+01 1.600788470965908372e+00 1.171264384677230765e+02
1.138212726401923547e+01 1.628886550063117999e+00 1.011952786912896300e+02
1.134435297652440511e+01 1.655202310107982244e+00 8.886767719152409484e+01
1.130085618073144360e+01 1.679956336442971265e+00 7.782213228679695760e+01
1.125500662852751788e+01 1.703186129050859421e+00 6.834714724013117859e+01
1.120565042208943041e+01 1.724948842587162856e+00 6.013688744649734730e+01
1.115318280111962146e+01 1.745307179128606778e+00 5.303670853880326774e+01
1.109781208395020080e+01 1.764292656432577378e+00 4.694885322189127663e+01
1.103910951160834664e+01 1.781962308580167687e+00 4.162822483517349781e+01
1.097810264021596183e+01 1.798349727318915292e+00 3.700234611033100407e+01
1.091528726732568089e+01 1.813479989147315008e+00 3.295618332803833539e+01
1.084901104343837019e+01 1.827392257431073919e+00 2.929115830206469440e+01
1.078282030771021738e+01 1.840322884704649997e+00 2.627118202568196637e+01
1.071156897097555216e+01 1.851643756981305122e+00 2.358135008021772094e+01
1.063987777720528172e+01 1.862027988885974539e+00 2.110154422855070422e+01
1.056778450721792062e+01 1.871300732203681871e+00 1.903865223592615052e+01
1.049292887768262084e+01 1.879439875487397105e+00 1.718028385950569259e+01
1.041699421232897116e+01 1.886517909885183197e+00 1.546820700067838850e+01
1.034070422099515696e+01 1.892518917413877011e+00 1.404894545045101317e+01
1.026254470982256706e+01 1.897497691321450741e+00 1.275306990106015448e+01
1.018419697211823305e+01 1.901449691292882216e+00 1.159638374438309683e+01
1.010459769122720708e+01 1.904407177005438934e+00 1.053641780339032330e+01
1.002426824295551455e+01 1.906401620467504499e+00 9.623029639229809362e+00
9.944117447752935490e+00 1.907449228745218273e+00 8.835218221583497566e+00
9.863629207448978420e+00 1.907741326613490829e+00 8.078030498223148115e+00
9.782244447450221259e+00 1.906834143356805233e+00 7.449071945094928537e+00
9.701222858703939522e+00 1.905234038775835526e+00 6.864232226775674128e+00
9.619598492973885584e+00 1.902787284138595103e+00 6.331090479810202787e+00
9.538777013959766293e+00 1.899552599425851085e+00 5.861621518432280631e+00
