2.191799393479931801e-01 1.550982551689759603e+01 3.683552447462830693e+06
2.289669951757059285e-01 1.515722922494046543e+01 3.003721990147252567e+06
2.392590167746108387e-01 1.482003116917549335e+01 2.406922388526306953e+06
2.500683097497533036e-01 1.451234915664852920e+01 1.953884302089981735e+06
2.614082505754420915e-01 1.424138195608337476e+01 1.578291414109720849e+06
2.732986863971735847e-01 1.399975500122392091e+01 1.281954938793634996e+06
2.857566162200834703e-01 1.376814604873789882e+01 1.036808462971268338e+06
2.987998823718495678e-01 1.357285211349981857e+01 8.383287221649941057e+05
3.123993153011251911e-01 1.339430948413040845e+01 6.794148562658829615e+05
3.266263299732154457e-01 1.323276201717917822e+01 5.510301468794479733e+05
3.414858658473304276e-01 1.307539167594652341e+01 4.470851660427080933e+05
3.569381978824056612e-01 1.294171162909865203e+01 3.630150603466893081e+05
3.730340981454872695e-01 1.281751789157787869e+01 2.945359549231366836e+05
3.897878386180044230e-01 1.270485957770810614e+01 2.397995778876745317e+05
4.071967485834929179e-01 1.260515061817659799e+01 1.948259298120674212e+05
4.252776232013646962e-01 1.251345065257966915e+01 1.583947938810437336e+05
4.440116301394834153e-01 1.242804315120823233e+01 1.292438319206698652e+05
4.634031315066738377e-01 1.235223178973077296e+01 1.046693631728645560e+05
4.834566868569397102e-01 1.228562421030339813e+01 8.509819531434963574e+04
5.041864861903386785e-01 1.221915443755076858e+01 7.025783759916796407e+04
5.255789309290140876e-01 1.216570709008727924e+01 5.740728316506189731e+04
5.476332638081322646e-01 1.211132501508540393e+01 4.701266885537227790e+04
5.703497623347754120e-01 1.206327464353330114e+01 3.845040543358374271e+04
5.934302931110047030e-01 1.202006587114085256e+01 3.162330834527363186e+04
6.161867643221874413e-01 1.197942757337603226e+01 2.591481821407372991e+04
6.388482521837701711e-01 1.194177587022861786e+01 2.180876885130493247e+04
6.618325730008064456e-01 1.190394015056117816e+01 1.816520704833506170e+04
6.853559575362950795e-01 1.186888479894643744e+01 1.498468773028335818e+04
7.096339498373613885e-01 1.182965985692966271e+01 1.259985451304941307e+04
7.347347588311857747e-01 1.179495673540067280e+01 1.037869268307958191e+04
7.608905291991504560e-01 1.176450926956317034e+01 8.691353490672616317e+03
7.881989852392844442e-01 1.173231635508860826e+01 7.116447141653437939e+03
8.167083818298318532e-01 1.170291329372550315e+01 5.928610121934932977e+03
8.465162580819405314e-01 1.167482290644511522e+01 4.885100563009132202e+03
8.776702908065573405e-01 1.165001032482178189e+01 4.010027322250962243e+03
9.102149398454386642e-01 1.162785490286840506e+01 3.290995887733356540e+03
9.441661362958587711e-01 1.160582045824515163e+01 2.690870126196021829e+03
9.795393559707552544e-01 1.158759432835912939e+01 2.199678853670503941e+03
1.016350907133339643e+00 1.157157682577446600e+01 1.796225182062599742e+03
1.054567864106153996e+00 1.156151094873716545e+01 1.462407693339881916e+03
1.094181728018220001e+00 1.154887406730753874e+01 1.192633925614372629e+03
1.135127601357371896e+00 1.154034091028875864e+01 9.648619680723486454e+02
1.177375960844552427e+00 1.153321614944047369e+01 7.858805740875848187e+02
1.220854511634656303e+00 1.153006481398314875e+01 6.443483046570671604e+02
1.265494857353004932e+00 1.152797507793363962e+01 5.252058755833343184e+02
1.311194804548978077e+00 1.152561293428037281e+01 4.278990854746157879e+02
1.357864975771987393e+00 1.152632495175195793e+01 3.495510832892188660e+02
1.405405087263130293e+00 1.152938797882415933e+01 2.857902059884349910e+02
1.453681301924998559e+00 1.152988599379045986e+01 2.337793768312393183e+02
1.502575255787859110e+00 1.153148854211607599e+01 1.917069498317734428e+02
1.551959351815763721e+00 1.153544841647325114e+01 1.575033315991246923e+02
1.600267563528080750e+00 1.153797981583520738e+01 1.302274699938783158e+02
1.645479592625513687e+00 1.153653515286840658e+01 1.090158719904728741e+02
1.687779622602937790e+00 1.153432981404275992e+01 9.211799167438582003e+01
1.727349804911640030e+00 1.152297194418967585e+01 7.854778037229479537e+01
1.764365037869445763e+00 1.150896474769201028e+01 6.740611019861047737e+01
1.798999120487896120e+00 1.149044921766769534e+01 5.819958546377381481e+01
1.831355725773794685e+00 1.146803325928503270e+01 5.049575753056988248e+01
1.861593440905707331e+00 1.144053334959165369e+01 4.404128699869193042e+01
1.889752370574399487e+00 1.140982578694979033e+01 3.856843098746146836e+01
1.915987084604160229e+00 1.137527103961094888e+01 3.389186247700693855e+01
1.940354716042709260e+00 1.133683917175102529e+01 2.989780520081510673e+01
1.962932037160759258e+00 1.129553005718221925e+01 2.645250133974300155e+01
1.983788970973487276e+00 1.125051939700728454e+01 2.349684614729375554e+01
2.002974966900558318e+00 1.120229715765519352e+01 2.092295486969375062e+01
2.020559343967770705e+00 1.115174768395042015e+01 1.867085665467465105e+01
2.036585391926106325e+00 1.109884195049588662e+01 1.666755669980722132e+01
2.051105235062229415e+00 1.104205338492870681e+01 1.501772879918150316e+01
2.064164359094727619e+00 1.098414513238280321e+01 1.351261642062277524e+01
2.075813888452425537e+00 1.092415724867886873e+01 1.219589599774858790e+01
2.086266851818229018e+00 1.086287666910034666e+01 1.099423779850210892e+01
2.095022903464019759e+00 1.079859711566780867e+01 9.994942598547810420e+00
2.102673132847421744e+00 1.073276983250488570e+01 9.089389785711576408e+00
2.109114617287269677e+00 1.066598331719383097e+01 8.274878729577638481e+00
2.114272573875195071e+00 1.059795408319011933e+01 7.559302763445979068e+00
2.118316669545744269e+00 1.052840441992131737e+01 6.904370688236772580e+00
2.121420242009953050e+00 1.045903705987211474e+01 6.344396030381964202e+00
2.123026056315913568e+00 1.038684593664834566e+01 5.841515385966808083e+00
2.123791856431879843e+00 1.031521547369003855e+01 5.384256976708948095e+00
2.123737210771220685e+00 1.024401102514171136e+01 4.982043603724833680e+00
