1.550982551689759603e+01 2.191799393479931801e-01 3.683552447462830693e+06
1.523079635398470977e+01 2.261699507494140116e-01 3.159323871579781175e+06
1.501033543818302718e+01 2.334010742293944063e-01 2.726164784632470924e+06
1.477425484585629079e+01 2.409113919942050819e-01 2.343991927509337664e+06
1.454294556643710123e+01 2.486679782156162311e-01 2.000863860027682269e+06
1.434854179885673275e+01 2.567093115907388423e-01 1.719509836639108136e+06
1.415754804529355049e+01 2.650311500221733674e-01 1.477985070673702285e+06
1.399635786855472297e+01 2.736399565012001545e-01 1.273066311926503200e+06
1.382854565248322665e+01 2.825406789285155318e-01 1.092984492285143584e+06
1.368202197505862294e+01 2.917418691691716637e-01 9.409206924700844102e+05
1.354039091477311807e+01 3.012380779858395141e-01 8.071298714843827765e+05
1.340966882391056281e+01 3.110323727988519860e-01 6.947810418597906828e+05
1.328436207893875221e+01 3.211473382638580509e-01 5.971393465957073495e+05
1.317966077082705745e+01 3.315678735679249423e-01 5.137237024751234567e+05
1.307156120906575048e+01 3.423150214920401835e-01 4.418972992379770149e+05
1.297284154678135337e+01 3.533828573948794016e-01 3.805164214895736077e+05
1.287816561405512950e+01 3.647948075351235553e-01 3.274813446667505777e+05
1.279264509568878339e+01 3.765118644882540222e-01 2.822704870686548529e+05
1.271150418286345918e+01 3.885785899719805814e-01 2.430394877161219774e+05
1.263933688452504178e+01 4.009871528372093152e-01 2.096124116787379608e+05
1.257103415403322266e+01 4.137200229770279236e-01 1.807432962227959943e+05
1.250718581282710851e+01 4.268148256307509048e-01 1.559825511382291734e+05
1.244585144437349378e+01 4.402295955139368111e-01 1.346437886988515675e+05
1.238808733899946724e+01 4.540068126076589050e-01 1.159337235576215899e+05
1.233863016603024398e+01 4.681386008502553264e-01 1.002193152075915423e+05
1.228719805082499406e+01 4.825756403710125264e-01 8.682814301478223933e+04
1.223837294029699763e+01 4.973870313228689888e-01 7.499983907187335717e+04
1.219833966085411348e+01 5.125277879176752815e-01 6.481194844465814822e+04
1.215661526652442248e+01 5.280144797956340952e-01 5.614495300199775374e+04
1.211932771898472083e+01 5.438418284594925822e-01 4.858153596419225505e+04
1.208457001555485455e+01 5.600107636497672070e-01 4.208819056876636751e+04
1.205300667979111751e+01 5.764882950223317870e-01 3.614024266509788140e+04
1.202148930244943337e+01 5.931015046197144480e-01 3.138453773445208935e+04
1.199167823589935011e+01 6.095113237854443700e-01 2.761807398563776223e+04
1.196242240064948348e+01 6.258435477577130035e-01 2.417071104696813563e+04
1.193640896831159459e+01 6.422588270702261903e-01 2.120884797535771577e+04
1.190856835954621218e+01 6.588629617206521738e-01 1.859868275668706701e+04
1.188332829293873516e+01 6.757586236973339711e-01 1.630638613409174468e+04
1.186620126281596654e+01 6.930095338733576193e-01 1.428395533328659440e+04
1.182892510339289949e+01 7.107584393159041003e-01 1.255826761126331803e+04
1.180701354812228843e+01 7.288599428581020723e-01 1.094958924813982230e+04
1.178311380752122339e+01 7.475524848274647249e-01 9.562370093090643422e+03
1.175903247265195972e+01 7.668196652568568528e-01 8.353925601181308593e+03
1.173860640169244718e+01 7.866873515241397108e-01 7.285163084205169071e+03
1.171605956589463204e+01 8.071987838844231211e-01 6.338847879713031944e+03
1.169676926851814969e+01 8.283792618346593750e-01 5.520054000106799322e+03
1.167816178498236646e+01 8.502535714519935395e-01 4.787789138312335126e+03
1.166161977019911866e+01 8.728361366028911661e-01 4.156037458101159245e+03
1.164502331023371617e+01 8.961492626747575851e-01 3.603374313629801691e+03
1.162811540907825147e+01 9.201972842789339913e-01 3.118510463674400853e+03
1.161567847605579828e+01 9.449874922875514116e-01 2.697852812438224191e+03
1.160348608057093678e+01 9.705314660894094336e-01 2.318791394840891826e+03
1.159222269012482265e+01 9.968189076279261318e-01 2.012937367566549028e+03
1.158686620986270910e+01 1.023855243922143776e+00 1.737914322619416907e+03
1.157679355362855134e+01 1.051636596244083899e+00 1.489893507566939661e+03
1.156798628877778867e+01 1.080145080001451152e+00 1.294477284534454157e+03
1.156112887408238876e+01 1.109366528241967575e+00 1.117524694975995772e+03
1.155624555063220704e+01 1.139284988162174050e+00 9.627520213407505025e+02
1.155176563761160580e+01 1.169888306562642422e+00 8.307781313379480252e+02
1.155063483857996864e+01 1.201145434224224040e+00 7.153725497449208888e+02
1.154878394057354996e+01 1.233031853220994289e+00 6.175966240039558670e+02
1.155130209548575060e+01 1.265518914443623855e+00 5.297360312968825156e+02
1.155101201299070013e+01 1.298573455065761273e+00 4.571454891916106362e+02
1.154928733137023222e+01 1.332149095107847847e+00 3.972586461442294308e+02
1.155023311337864556e+01 1.366223055316313495e+00 3.430193738239544246e+02
1.155430399410366427e+01 1.400737199706887814e+00 2.967687039693530551e+02
1.155345171016709926e+01 1.435667843000001387e+00 2.554215782733124911e+02
1.155762929252161975e+01 1.470950233949000596e+00 2.223059820145923311e+02
1.155976197769575542e+01 1.506541861890557943e+00 1.928011634681385544e+02
1.156381934398396361e+01 1.542385097357698021e+00 1.672200545826697180e+02
1.156758719800557778e+01 1.578195126097458934e+00 1.451741294049367070e+02
1.156980418477317585e+01 1.613750338975113996e+00 1.266055978935392829e+02
1.157282295486317203e+01 1.649084227740929443e+00 1.099203229594256612e+02
1.157625007808124273e+01 1.684152459469886898e+00 9.655337904755772627e+01
1.157664743602695268e+01 1.718896922466666588e+00 8.459930541547706184e+01
1.157655919735097072e+01 1.753274644276321848e+00 7.426134156720618762e+01
1.157623595008112005e+01 1.787274886062235835e+00 6.534899591209503456e+01
1.157504708509678615e+01 1.820854197683864362e+00 5.754417271111967125e+01
1.157290785950539203e+01 1.854008060382353218e+00 5.075927316908588693e+01
1.156961299595942272e+01 1.886611072076112450e+00 4.487236591134909958e+01
