2.191799393479931801e-01 1.550982551689759603e+01 3.683552447462830693e+06
2.276339683587045304e-01 1.521476982152906032e+01 3.061140983796389308e+06
2.364679697960473115e-01 1.489795278298140069e+01 2.558948515128519386e+06
2.456875178418304606e-01 1.464717496209927283e+01 2.143434032018864062e+06
2.552982134718972396e-01 1.438949364457418767e+01 1.764502215289248619e+06
2.653172182645728849e-01 1.416197513944024777e+01 1.469985525607099989e+06
2.757534234213703250e-01 1.397909370236824067e+01 1.224151847695698263e+06
2.866174544888887565e-01 1.376230327048282298e+01 1.021858019354849472e+06
2.979114661387691210e-01 1.359069920634509465e+01 8.500306476140129380e+05
3.096450839522112419e-01 1.341936754022872691e+01 7.080862383694563759e+05
3.218318686289322050e-01 1.328272737089999467e+01 5.903162761290634517e+05
3.344899216073902726e-01 1.314383539262091460e+01 4.929420321156192222e+05
3.475967125380431955e-01 1.302344266388539396e+01 4.110013821737146936e+05
3.611867670730245505e-01 1.290779181233006234e+01 3.431571725914129056e+05
3.752582906288512432e-01 1.280168541924152059e+01 2.864430824997505988e+05
3.898186598423428739e-01 1.270473196993169651e+01 2.395237747725124354e+05
4.048782223994170648e-01 1.261914974833870673e+01 1.998860188635254453e+05
4.204126714252066632e-01 1.253785515505495418e+01 1.671856559229289414e+05
4.364677586220557792e-01 1.245946862222847606e+01 1.397612444612855033e+05
4.530061738761930190e-01 1.238934857452819038e+01 1.174323654473129718e+05
4.700694224421858025e-01 1.232880695949020478e+01 9.845983162490457471e+04
4.876233048818478522e-01 1.227140870403240314e+01 8.246077301311441988e+04
5.056480511951053636e-01 1.221740668259822016e+01 6.909577634806551214e+04
5.241926339343557784e-01 1.216730341923657477e+01 5.798143268810202426e+04
5.432342510982380857e-01 1.212090655546175277e+01 4.883582700157610088e+04
5.627732748615721370e-01 1.207937047505290629e+01 4.109336720551681356e+04
5.827699276568999442e-01 1.204052540741638921e+01 3.453822742980895418e+04
6.019101991955875253e-01 1.200370515680153538e+01 2.942227719893417452e+04
6.197486238744914777e-01 1.196806651675866462e+01 2.537213214050260285e+04
6.367755531641938749e-01 1.193459903826181367e+01 2.201251031282412805e+04
6.533435063358810080e-01 1.190010005864082565e+01 1.918032382774902362e+04
6.696391113854048838e-01 1.186155349504380396e+01 1.672570507804665249e+04
6.858698514450236594e-01 1.182459759036438207e+01 1.465716392624586661e+04
7.021696846430937056e-01 1.178637399000833241e+01 1.280568824726427192e+04
7.186553635894910030e-01 1.174677805325169722e+01 1.120331539775990495e+04
7.354258914607814113e-01 1.170234251621292643e+01 9.788286797653399844e+03
7.525750410650525746e-01 1.166286393060539694e+01 8.509957111335110312e+03
7.701348419174470772e-01 1.162025935126800213e+01 7.421332510669717522e+03
7.882005182267519672e-01 1.157712541816867713e+01 6.450833622809665940e+03
8.068101814342231171e-01 1.153129909834522948e+01 5.599236337909121175e+03
8.260125052398900047e-01 1.149140224917988817e+01 4.843301003729377044e+03
8.458337324460482032e-01 1.144855824144067391e+01 4.184706622491614326e+03
8.663087283792528792e-01 1.140605326976636924e+01 3.617155674499949328e+03
8.874614956241717589e-01 1.136839716782335685e+01 3.107750042572479742e+03
9.093032475041470386e-01 1.132387458636950051e+01 2.652759299151634877e+03
9.318454512778981957e-01 1.128194513672327837e+01 2.292309572901720458e+03
9.550967345489382865e-01 1.124284937062544643e+01 1.953456187595593065e+03
9.790511700160686726e-01 1.120608950262785442e+01 1.684820350550813373e+03
1.003707195868165813e+00 1.116665177558768818e+01 1.439155422970443851e+03
1.029043250942388799e+00 1.112925004919511096e+01 1.229487931152093552e+03
1.055051348369401065e+00 1.109321306262021700e+01 1.049630837902868961e+03
1.081707018854620506e+00 1.105797789248152085e+01 8.917583463962023416e+02
1.108973962562743942e+00 1.102283178568064415e+01 7.639035589246739164e+02
1.136838563867113905e+00 1.099067092701661608e+01 6.474300491167201699e+02
1.165248281594816415e+00 1.095834103797191261e+01 5.530486735213034990e+02
1.194192872362465963e+00 1.092643780168108592e+01 4.733556382047593161e+02
1.223546887163904140e+00 1.089589107785752198e+01 4.040352956735735006e+02
1.253346880877222791e+00 1.086554481004011485e+01 3.449722357930031080e+02
1.283503120813805909e+00 1.083612569291376282e+01 2.945530759659861815e+02
1.313967661655594643e+00 1.080753498006204794e+01 2.515226153762314141e+02
1.344679661859388142e+00 1.077855745156148970e+01 2.152534907642783821e+02
1.375577081216742936e+00 1.075248410077970895e+01 1.840365119253512773e+02
1.406599960870408728e+00 1.072404785216629186e+01 1.572458620873056248e+02
1.437684604649376308e+00 1.069673171648267918e+01 1.353087162997408086e+02
1.468765539697226119e+00 1.066962292248255828e+01 1.161908221905471805e+02
1.499774782776914561e+00 1.064247737887751377e+01 9.953627362867864292e+01
1.530644909477351101e+00 1.061534480266252345e+01 8.575714441868504423e+01
1.561308993627302133e+00 1.058793873854938283e+01 7.430236768920728707e+01
1.591706163358264536e+00 1.056133875150767309e+01 6.416844719825277821e+01
1.621765365309996376e+00 1.053343364995208375e+01 5.556248115140210331e+01
1.651431607226982123e+00 1.050602392038710775e+01 4.813887663854426791e+01
1.680639326983744963e+00 1.047778305727676162e+01 4.181035356529586267e+01
1.709324166415018720e+00 1.044933419731055579e+01 3.637271453123878473e+01
1.737250552930243552e+00 1.042022683052663012e+01 3.173861430755950153e+01
1.764169921333561097e+00 1.039132108804606425e+01 2.769548854512335012e+01
1.790057284557831974e+00 1.036107638694623923e+01 2.441384200586023923e+01
1.814882247524503223e+00 1.032892240021329044e+01 2.150354280297693776e+01
1.838611265297841912e+00 1.029686666212047541e+01 1.898674080446403067e+01
1.861223143885684106e+00 1.026434660584624048e+01 1.682696309749385932e+01
1.882782001450537424e+00 1.022900878139681424e+01 1.496130443017712963e+01
