2.191799393479931801e-01 1.550982551689759603e+01 3.683552447462830693e+06
2.266502050860978446e-01 1.522844989767347990e+01 3.130722395408054348e+06
2.344095833506101012e-01 1.495686177650456727e+01 2.665051295871973969e+06
2.424850471607041813e-01 1.471639770907604650e+01 2.256381584952803794e+06
2.508479936390297094e-01 1.448590176897860360e+01 1.922326621205165749e+06
2.595345818000883154e-01 1.428015256850688708e+01 1.633919768348754849e+06
2.685429834325024911e-01 1.409805707169263833e+01 1.387602632984437980e+06
2.778812021087710415e-01 1.390977381687832626e+01 1.180958999984831549e+06
2.875558737529336772e-01 1.374746694949601533e+01 1.003375735765645513e+06
2.975637671578914567e-01 1.358453737551088025e+01 8.552078698507014196e+05
3.079304664203200148e-01 1.345045253261971396e+01 7.272510960453061853e+05
3.186405153214815211e-01 1.331349106061718857e+01 6.197260620123633416e+05
3.297107364616870262e-01 1.320166392518610543e+01 5.268123933158959262e+05
3.411480195698351481e-01 1.308252755343612783e+01 4.495185361771658645e+05
3.529471427282525609e-01 1.297668455733510484e+01 3.834090463057669112e+05
3.651359571736561560e-01 1.287924255701745935e+01 3.259411919996973593e+05
3.776981105264090033e-01 1.278660271320298492e+01 2.780125834900299669e+05
3.906300436872692239e-01 1.269880270551306545e+01 2.358355385750359274e+05
4.039529388597835613e-01 1.262420014373715915e+01 2.022647732500638813e+05
4.176734913116153525e-01 1.254938485617464039e+01 1.726031706597344019e+05
4.317786255398868289e-01 1.248230129518611342e+01 1.475887087670265173e+05
4.462855793723097819e-01 1.242110355456862258e+01 1.260112367794801976e+05
4.611921800285709305e-01 1.236108475505064597e+01 1.077379184093180957e+05
4.764695903849663905e-01 1.230679615860649001e+01 9.219341754835870233e+04
4.921409770485789537e-01 1.225732273468785216e+01 7.894746567644238530e+04
5.081995785864908965e-01 1.221082995934755999e+01 6.750629209139806335e+04
5.246581811428208120e-01 1.216642799162590549e+01 5.782964059125586209e+04
5.415071972408590506e-01 1.212571032926442527e+01 4.960972743794020062e+04
5.587450603267170024e-01 1.208721374195145870e+01 4.251026976283949625e+04
5.763408100329466821e-01 1.205504357036377705e+01 3.614191638308802794e+04
5.941063768171377379e-01 1.201896303132031640e+01 3.145497346082293734e+04
6.116546729276147731e-01 1.198722062121924026e+01 2.719116549637294520e+04
6.291790828950030168e-01 1.195872173420214679e+01 2.355130256706042928e+04
6.468639293420166414e-01 1.192809696982183887e+01 2.047104051589582741e+04
6.648160753217159380e-01 1.189876715615227454e+01 1.758536561383444860e+04
6.831306777831712695e-01 1.187440788400353497e+01 1.540410296739483056e+04
7.019172668684536820e-01 1.184561626667869660e+01 1.336740624464549001e+04
7.213243125574766434e-01 1.181879418920173030e+01 1.158848710411675529e+04
7.411639472388147354e-01 1.179457546263456003e+01 1.003465145067230878e+04
7.617468101544575543e-01 1.176785050265157828e+01 8.682073663388777277e+03
7.830140208087350562e-01 1.174667907294113611e+01 7.507203164025821025e+03
8.050375311578423787e-01 1.172462428943638280e+01 6.457923245944110022e+03
8.278228874801222270e-01 1.170521655946306971e+01 5.519790315275271496e+03
8.514184399476013576e-01 1.168440816469644616e+01 4.754734476176779026e+03
8.758390744081264723e-01 1.166614893161505861e+01 4.098038458293041003e+03
9.010958072255154105e-01 1.165012147157504074e+01 3.517674323372630624e+03
9.272089260928653154e-01 1.163276163053963330e+01 3.005570618301360810e+03
9.541916429051306991e-01 1.162124770363127091e+01 2.575972557542002505e+03
9.820397088630609117e-01 1.160811710075856951e+01 2.199848065798152675e+03
1.010770505539186237e+00 1.159826090342160398e+01 1.880317107015206830e+03
1.040351097533082303e+00 1.158995773298434173e+01 1.606308291710168533e+03
1.070792822637672170e+00 1.158230106290884542e+01 1.371250202081608450e+03
1.102067964608477890e+00 1.157712459246337744e+01 1.168786142551212379e+03
1.134161482441859325e+00 1.157297046666655049e+01 9.971367652660816248e+02
1.167041130044127906e+00 1.157290975329361693e+01 8.511741670225123926e+02
1.200688873197675033e+00 1.156606064502974007e+01 7.261220371334999300e+02
1.235069570543229522e+00 1.156686919250246071e+01 6.201124915053188715e+02
1.270153549042024821e+00 1.156628219764396626e+01 5.255776485906558264e+02
1.305888036727476109e+00 1.156625006775095166e+01 4.518239705918292657e+02
1.342233337267338289e+00 1.157245431038522021e+01 3.858223383956154180e+02
1.379142781865792422e+00 1.157091921715130489e+01 3.299552112992021762e+02
1.416551146689130070e+00 1.157591744617906393e+01 2.808100555487120005e+02
1.454427226924921213e+00 1.157910047127858277e+01 2.419608263532219041e+02
1.492306102910690546e+00 1.158411327842850014e+01 2.076831850856445953e+02
1.529798710731328226e+00 1.158770048067458625e+01 1.788593148301583540e+02
1.566839356949935924e+00 1.159034580917891866e+01 1.545117129665955531e+02
1.603436763966759049e+00 1.159294963136718337e+01 1.339827932306115486e+02
1.639589482653256658e+00 1.159356925286812512e+01 1.161660997121328194e+02
1.675145371573538711e+00 1.159431180911602333e+01 1.012395143749958635e+02
1.710233969756592476e+00 1.159448063818008912e+01 8.829661399356206175e+01
1.744758030846152330e+00 1.158938376054142694e+01 7.728899538017698490e+01
1.778698944121344550e+00 1.158549536181393158e+01 6.777124340855773710e+01
1.812025153313327142e+00 1.158038280675842024e+01 5.949131842833072170e+01
1.844713014079960800e+00 1.157316490641863993e+01 5.234177841385755414e+01
1.876757004649758143e+00 1.156505208418564656e+01 4.611721143910936860e+01
1.908106272939273929e+00 1.155575007200341808e+01 4.071821894486681259e+01
1.938733369135425155e+00 1.154472011696889133e+01 3.605516209294125929e+01
1.968630064856702777e+00 1.153279610804235311e+01 3.182369918912127460e+01
1.997767312494909575e+00 1.151873994708319948e+01 2.836160600448656410e+01
2.026107911838273878e+00 1.150366398255135536e+01 2.525609764470815577e+01
