2.191799393479931801e-01 1.550982551689759603e+01 3.683552447462830693e+06
2.291053572741435784e-01 1.513463156671825693e+01 2.978716160753192846e+06
2.395565027681184900e-01 1.479987419752290734e+01 2.396969404623194598e+06
2.505354455626993548e-01 1.450012548843060678e+01 1.932115680761083029e+06
2.620628996284643519e-01 1.422930958219109066e+01 1.559423072725789621e+06
2.741569995320279340e-01 1.397865121256908516e+01 1.259704343766279984e+06
2.868338064192710868e-01 1.376327807458489083e+01 1.016341736911750282e+06
3.001034393690415469e-01 1.355573814116710629e+01 8.198874969075926347e+05
3.139787775576609596e-01 1.336903817660985538e+01 6.643710589083313243e+05
3.284768002161372324e-01 1.320797325234676833e+01 5.362175820039657410e+05
3.436044935153950153e-01 1.305653274584220824e+01 4.348737099336893298e+05
3.593931766506806014e-01 1.292219622580166671e+01 3.512280856483210227e+05
3.758189674983483664e-01 1.280055756539516310e+01 2.845010997959101223e+05
3.929258491915662566e-01 1.268619694215602500e+01 2.308352750987065374e+05
4.107248392608034981e-01 1.258510117948499918e+01 1.871109261283277301e+05
4.291626361114696531e-01 1.249512372571762064e+01 1.520883421742510982e+05
4.483191720379009482e-01 1.241003026777660700e+01 1.232918936898563843e+05
4.681502530546010066e-01 1.233453027278040182e+01 1.003590442723703600e+05
4.886650713166166282e-01 1.226758996339331631e+01 8.155445548909119680e+04
5.098440177160118436e-01 1.220573241523143793e+01 6.642247828639962245e+04
5.317219166434944411e-01 1.214884568846766122e+01 5.422276033769363130e+04
5.542808469472755295e-01 1.209765248222410605e+01 4.425589667105831904e+04
5.774765957266096983e-01 1.205072393851803980e+01 3.614003953917342733e+04
6.009198109308406810e-01 1.200782156008712320e+01 2.942546876039782001e+04
6.242049601390519120e-01 1.196733423401566832e+01 2.453589607964431343e+04
6.477381949775586900e-01 1.192810638791360844e+01 2.031985476334617852e+04
6.717949711808325342e-01 1.189136320479581066e+01 1.668480968522551120e+04
6.966597747152541986e-01 1.185540946727847178e+01 1.384242917667659276e+04
7.224448827693036312e-01 1.182172333296630029e+01 1.151304954526298206e+04
7.493495810816309666e-01 1.178939173939380503e+01 9.501582001797834891e+03
7.774574096762312259e-01 1.175882115703991104e+01 7.807808099607909753e+03
8.068951192265365613e-01 1.173042041944964176e+01 6.408616445172689964e+03
8.377281644539474881e-01 1.170473021112810663e+01 5.245911787733507481e+03
8.700293651091391967e-01 1.168133186733613549e+01 4.282073059762967205e+03
9.038164727596615933e-01 1.166271577912348079e+01 3.490351135613640054e+03
9.391632210931082358e-01 1.164174340057306800e+01 2.835905969652389103e+03
9.760451390270792338e-01 1.162782867981309742e+01 2.305600923511487508e+03
1.014502223011310544e+00 1.161680877713833127e+01 1.868635197822737382e+03
1.054501556089866288e+00 1.160688409450498249e+01 1.513965953663974915e+03
1.096012185221755697e+00 1.159993247684467654e+01 1.225446260690353483e+03
1.139006759465531760e+00 1.159715413730374145e+01 9.914214365867999277e+02
1.183410292577335987e+00 1.159592026518612151e+01 7.978330020876395565e+02
1.229163925096474541e+00 1.159490128067470138e+01 6.504864466700752246e+02
1.276139765788802949e+00 1.159735516635495145e+01 5.239208733100289237e+02
1.321781915724175915e+00 1.160370816735571076e+01 4.312473146306926424e+02
1.364966651425158162e+00 1.160360363118369165e+01 3.573153500874485644e+02
1.405899021513845826e+00 1.159692870776290263e+01 2.993675164096215440e+02
1.444792251777922587e+00 1.158756762015039676e+01 2.525092436073927047e+02
1.481822223058714583e+00 1.157647104935574056e+01 2.144379449459950422e+02
1.517112390768271757e+00 1.156058221703164968e+01 1.830567117618206794e+02
1.550774377808154414e+00 1.154037824623602226e+01 1.570983971208160597e+02
1.582895160721507155e+00 1.151658661057137678e+01 1.353181650779017957e+02
1.613564834286103755e+00 1.148719701967358375e+01 1.170670262744495744e+02
1.642872485947586059e+00 1.145536943350432324e+01 1.010693847310683537e+02
1.670791083549459488e+00 1.142018116865154909e+01 8.837085264654916728e+01
1.697440463645516928e+00 1.138158222470430125e+01 7.699073642799956474e+01
1.722829607461077828e+00 1.133933303271277637e+01 6.705808473475853759e+01
1.746982627019197265e+00 1.129477740196487545e+01 5.908039758035508271e+01
1.769923113567821948e+00 1.124711996651259938e+01 5.187958292377209091e+01
1.791670904312798518e+00 1.119731911003832892e+01 4.549835253600138429e+01
1.812231805929880313e+00 1.114413567017127527e+01 4.031566623571407604e+01
1.831623651208743153e+00 1.108904067401427085e+01 3.564107471444317099e+01
1.849851426652168396e+00 1.103176460042225671e+01 3.157516334243651457e+01
1.866928336151870038e+00 1.097246035452973878e+01 2.800686459604529688e+01
1.882857385587680010e+00 1.091133953680386171e+01 2.484978435522803863e+01
1.897648086446040328e+00 1.084781636571410068e+01 2.214068266647507599e+01
1.911297122819068273e+00 1.078289522675639489e+01 1.984749608884372307e+01
1.923843613641784023e+00 1.071658588815941648e+01 1.769552893564436502e+01
1.935253080319478736e+00 1.064946532164620940e+01 1.589455792673810741e+01
1.945564183107697076e+00 1.058041438382582200e+01 1.432105921861380615e+01
1.954786409795692625e+00 1.050997734292715080e+01 1.286334353973544786e+01
1.962942184872329854e+00 1.043890525956108029e+01 1.160902870999715830e+01
1.970175289417923636e+00 1.036787093208776156e+01 1.051255911362810913e+01
1.976172502141157805e+00 1.029468401168020897e+01 9.542147321589993680e+00
1.981022665446359188e+00 1.022045527042448221e+01 8.683148292715664240e+00
1.985010779897186994e+00 1.014631512785162570e+01 7.917691951609023171e+00
1.988020715219639412e+00 1.007180955025850366e+01 7.204744397754026863e+00
1.990056073431548000e+00 9.996602673621010737e+00 6.604215594188178606e+00
1.991156811399686921e+00 9.921815477143466566e+00 6.050077167934214017e+00
1.991472225768738502e+00 9.847071289989518306e+00 5.571017270052823989e+00
