1.550982551689759603e+01 2.191799393479931801e-01 3.683552447462830693e+06
1.523369660402585879e+01 2.277972706838335415e-01 3.110440188956439029e+06
1.487961519990866499e+01 2.368198197538056438e-01 2.527284030477895867e+06
1.461177634672583103e+01 2.462193349418894117e-01 2.097135447663163766e+06
1.436284321578873957e+01 2.560380228973299643e-01 1.744439003499187296e+06
1.413367813617441193e+01 2.662814900187606137e-01 1.445128282638573553e+06
1.392949077144318615e+01 2.769586729143697079e-01 1.199462560207776027e+06
1.373892096563815812e+01 2.880809998890534462e-01 9.990225315253745066e+05
1.356174400176413464e+01 2.996513980548794476e-01 8.281618802821013378e+05
1.340091558528788518e+01 3.116774636786336927e-01 6.873951462952711154e+05
1.325702617524194160e+01 3.241800399849947278e-01 5.660389216368836351e+05
1.311776189594692177e+01 3.371594820763616496e-01 4.747404406921842601e+05
1.299877383492682625e+01 3.506261688561024825e-01 3.947007713013514876e+05
1.288375446575827965e+01 3.646025973933400000e-01 3.282531505575121846e+05
1.277549374325157494e+01 3.790716930297662879e-01 2.731034368089515483e+05
1.268102535207455617e+01 3.940218552728623203e-01 2.274345365354983660e+05
1.259263674513676712e+01 4.095093766931603430e-01 1.897733746390957967e+05
1.251300625162284597e+01 4.255120347238520173e-01 1.582764011806593044e+05
1.243577469113447620e+01 4.420077081691231591e-01 1.320155637682087254e+05
1.236982790567452462e+01 4.590733615702800585e-01 1.099846336006543861e+05
1.230659250917324421e+01 4.766171784799503319e-01 9.202707067162981548e+04
1.224793130326849955e+01 4.946825211986428661e-01 7.695902225121334777e+04
1.219507290105083186e+01 5.132686828469683604e-01 6.434179849528608611e+04
1.214618809906306396e+01 5.323767706437158020e-01 5.387648150274948421e+04
1.210301539002256277e+01 5.520010952554648131e-01 4.514619779224960803e+04
1.206072554218780368e+01 5.721102908122498443e-01 3.782768650970854651e+04
1.202222578541298859e+01 5.923361628179474314e-01 3.157688958248758354e+04
1.198643524071472122e+01 6.111157982152572998e-01 2.723562419841872543e+04
1.195228912027077328e+01 6.288013757609726140e-01 2.351153755352346707e+04
1.191650675661268366e+01 6.458756480548718537e-01 2.039888098838754740e+04
1.187938398723681210e+01 6.625921950905389046e-01 1.776199286839978595e+04
1.184037051649604599e+01 6.791563972192615761e-01 1.546033212083205399e+04
1.180223571543968575e+01 6.957275765899287867e-01 1.350706539512663585e+04
1.175909177891298718e+01 7.125221369398746507e-01 1.177404326014754588e+04
1.171720536750933128e+01 7.294415629818479241e-01 1.026292514607602061e+04
1.167530550498190856e+01 7.467828337577959719e-01 8.928291421799918680e+03
1.163351090370016117e+01 7.645446753568109211e-01 7.758620724023137882e+03
1.159155274050943341e+01 7.828092990244408522e-01 6.723217935437582128e+03
1.154633394748795894e+01 8.016265541290990004e-01 5.817491381841768089e+03
1.150237048318006039e+01 8.210361881933336825e-01 5.032126347115042336e+03
1.146034585380118109e+01 8.410903096489595887e-01 4.334878195307713213e+03
1.141698858875250799e+01 8.618130935759071853e-01 3.731207962934428451e+03
1.137376976745724733e+01 8.832373516378454470e-01 3.203248755637122031e+03
1.133509259128354785e+01 9.053754681124099868e-01 2.746855117108081231e+03
1.128910495483516563e+01 9.282392487793251767e-01 2.352135353105822105e+03
1.125309412487832539e+01 9.518400106680571238e-01 2.010456394122912570e+03
1.121195133984963910e+01 9.761730114079760767e-01 1.703298438713403129e+03
1.117092664058998253e+01 1.001234404645958698e+00 1.463369132514992089e+03
1.113448940167910273e+01 1.027002206995164757e+00 1.245940982760013412e+03
1.110039059751241020e+01 1.053472143273693096e+00 1.061179285850130555e+03
1.106006825258277182e+01 1.080618148076106788e+00 9.035743167980670023e+02
1.102499192969034247e+01 1.108411218658597708e+00 7.666673026760792027e+02
1.099244719483130162e+01 1.136808630970671308e+00 6.524173902318304954e+02
1.095960180108392201e+01 1.165775362831047435e+00 5.548950780131118563e+02
1.092754769111041924e+01 1.195280043208347465e+00 4.715604613840549746e+02
1.089810403882509959e+01 1.225253401874951020e+00 4.011893304218462504e+02
1.086561048227382820e+01 1.255664503325827575e+00 3.413918301926504455e+02
1.083695469052648797e+01 1.286443575715873422e+00 2.905234571680947511e+02
1.080570770428612093e+01 1.317536719825470826e+00 2.476572785151582821e+02
1.077763836254163898e+01 1.348881260901705126e+00 2.110584319218683049e+02
1.075013982452024486e+01 1.380412977169065192e+00 1.793070779810302326e+02
1.072196955987178768e+01 1.412063600420086162e+00 1.538446250065864263e+02
1.069456397703760508e+01 1.443768294486503123e+00 1.315724193161425717e+02
1.066647808806682995e+01 1.475455005906923134e+00 1.127927406388759692e+02
1.063946616540124346e+01 1.507054762515175339e+00 9.671276521007480653e+01
1.061187598060508108e+01 1.538498902137340085e+00 8.278035632473034866e+01
1.058391167885178241e+01 1.569698121381809530e+00 7.156958142182043048e+01
1.055622085931850407e+01 1.600249369754183748e+00 6.173128370245267149e+01
1.052817544895380486e+01 1.629974599569351090e+00 5.347711037548984336e+01
1.049926213969868272e+01 1.658815165598833463e+00 4.647467822145437566e+01
1.047016907256141671e+01 1.686723955041234069e+00 4.048071745491155582e+01
1.043850403047046349e+01 1.713706402295786413e+00 3.538198207805980644e+01
1.040708183494145089e+01 1.739691557165790936e+00 3.102155062184689882e+01
1.037362723780474738e+01 1.764723778859595971e+00 2.716625785970732920e+01
1.034054176157844651e+01 1.788768190670535052e+00 2.397304657069379985e+01
1.030456396073902781e+01 1.811779391102307457e+00 2.122098500131147958e+01
1.026912485430801070e+01 1.833747961019284833e+00 1.879458146851963818e+01
1.023123011918127290e+01 1.854703194423528601e+00 1.667623912197154468e+01
1.019295438685030319e+01 1.874618130939934346e+00 1.480811454597312959e+01
1.015304615244436626e+01 1.893505454278430644e+00 1.324757011329612233e+01
