2.191799393479931801e-01 1.550982551689759603e+01 3.683552447462830693e+06
2.262496465994603967e-01 1.525883897819547386e+01 3.171505202475336846e+06
2.335676452630031374e-01 1.499009584674873707e+01 2.706762359303446487e+06
2.411764321781588172e-01 1.475768669518414811e+01 2.322689673970337957e+06
2.490336220686230062e-01 1.453782434653450473e+01 1.994155411578449421e+06
2.571823036375937566e-01 1.433974161673004311e+01 1.715081881743975449e+06
2.656190955052714631e-01 1.413672759011782887e+01 1.462920923144996865e+06
2.743486967481579275e-01 1.398068251555896957e+01 1.255360478697647108e+06
2.833790279806310264e-01 1.382046796713191128e+01 1.078962775250843959e+06
2.927203366935149376e-01 1.367139179179626396e+01 9.229271084404109279e+05
3.023429074976354269e-01 1.352364289866861213e+01 7.945314591518973466e+05
3.122945128258493575e-01 1.338958068011170255e+01 6.829352441066649044e+05
3.225663260304509894e-01 1.327257285884756399e+01 5.851028976558226859e+05
3.331642512744225071e-01 1.316082653645484335e+01 5.030714741709970403e+05
3.440852525119470484e-01 1.305235604564144580e+01 4.266828181280626450e+05
3.553490223927976976e-01 1.295409357677506001e+01 3.713305361982709728e+05
3.669261295538834844e-01 1.285607482086300557e+01 3.187198536608656868e+05
3.788826504944199369e-01 1.277630140680271609e+01 2.739599004272479215e+05
3.911331868654321364e-01 1.269570279396139689e+01 2.344005422970867075e+05
4.037494359990134729e-01 1.262262207555131788e+01 2.028235992887068132e+05
4.167439594794548063e-01 1.255336313142561977e+01 1.745179303963342099e+05
4.300370496083886218e-01 1.249103831685541088e+01 1.504814108399793622e+05
4.437141812348139314e-01 1.243208863511359574e+01 1.294123766827356594e+05
4.577315193518269876e-01 1.237375075601466357e+01 1.116919585437322239e+05
4.721143922961552053e-01 1.232074232517947898e+01 9.629988215558172669e+04
4.868501871077893228e-01 1.227476349696940616e+01 8.288928899473312777e+04
5.019012021354969377e-01 1.222655352706303411e+01 7.180409528777276864e+04
5.173255958291406165e-01 1.218472994227266959e+01 6.194298177247054264e+04
5.331010127185317193e-01 1.214453381686486466e+01 5.351773792141621379e+04
5.492245139490421479e-01 1.210858652425386772e+01 4.640287406194126379e+04
5.656990676077643387e-01 1.207180833630312833e+01 4.002211929813368624e+04
5.824623239619988180e-01 1.204060650630074747e+01 3.469064752865704213e+04
5.992556403521257513e-01 1.200863342508371012e+01 3.012923780756749329e+04
6.159905426215016577e-01 1.198111774298191712e+01 2.623594163930545619e+04
6.328024842874141465e-01 1.195335793050542605e+01 2.288143076060898966e+04
6.497707653097846148e-01 1.192547676970540138e+01 2.001456447582771943e+04
6.670877853492903631e-01 1.189732648349787247e+01 1.747020137270218038e+04
6.848083905121856718e-01 1.187187253251518904e+01 1.510673815277569702e+04
7.030392589612785015e-01 1.184993044372723325e+01 1.330293326882409019e+04
7.216819091997768165e-01 1.182595550439326537e+01 1.157824758095364996e+04
7.409548887151122809e-01 1.180102543514552771e+01 1.009570537667380268e+04
7.608606164919275994e-01 1.178069088620775240e+01 8.776508335323984284e+03
7.814161806773559649e-01 1.175802039353574457e+01 7.550305326731287096e+03
8.026698182064455622e-01 1.173907989654141026e+01 6.609248362259117130e+03
8.246535623832537132e-01 1.171943118228379710e+01 5.673260772937082038e+03
8.473830889056745974e-01 1.170274710328547485e+01 4.950785562488170399e+03
8.708784663568871487e-01 1.168471172261852686e+01 4.275736159495479114e+03
8.951578965855543357e-01 1.167303397081356131e+01 3.693870942876770187e+03
9.202433172016788454e-01 1.165977768435230466e+01 3.185997642667942728e+03
9.461343507812677300e-01 1.164771560468704159e+01 2.742493820326437799e+03
9.728343619691782740e-01 1.163658235770641802e+01 2.359963967941612282e+03
1.000343723516825767e+00 1.162997061494425388e+01 2.031236773152028263e+03
1.028663819802880575e+00 1.162303828532063044e+01 1.745347105344442753e+03
1.057786187468951145e+00 1.161834890435106082e+01 1.499686085885391776e+03
1.087695002727633975e+00 1.161366678677917896e+01 1.289473459564234645e+03
1.118381005225444591e+00 1.161166943791360140e+01 1.106893193677749878e+03
1.149816610728420452e+00 1.160971401182102447e+01 9.511589680762299395e+02
1.181997335663679927e+00 1.161377537777691238e+01 8.165052739008344815e+02
1.214878693351362005e+00 1.161196313604115637e+01 7.014513157520583491e+02
1.248436396241027646e+00 1.161307771779407183e+01 6.026938359617277001e+02
1.282632861132274371e+00 1.161849175356469210e+01 5.181787952993179260e+02
1.317443656052364132e+00 1.162212992248044330e+01 4.453007462219631520e+02
1.352825290302249739e+00 1.162592203172563821e+01 3.833573948653860839e+02
1.388733946333503999e+00 1.163043996047755080e+01 3.301725263462183193e+02
1.425122205874473469e+00 1.163565682986626548e+01 2.843892268590959702e+02
1.461945007084643144e+00 1.164475141902184774e+01 2.437679098347232127e+02
1.499031973347755953e+00 1.164864841021347885e+01 2.117605087251149030e+02
1.535949341959835346e+00 1.165633783298694404e+01 1.830854791513189070e+02
1.572621880850348486e+00 1.166166644291902799e+01 1.590264484773425693e+02
1.609043347824490100e+00 1.166686314478109132e+01 1.383101484236349847e+02
1.645146005351563190e+00 1.167300549477567095e+01 1.205800485104062858e+02
1.680943786661692085e+00 1.167630365026943196e+01 1.052389997572730778e+02
1.716355073493079031e+00 1.167933723043623040e+01 9.209778260062302024e+01
1.751394204760566620e+00 1.168155754269534263e+01 8.077827223316019456e+01
1.785973425031403661e+00 1.168273913555771948e+01 7.094644141609352062e+01
1.820112812941421909e+00 1.168281085596836455e+01 6.243847644122985940e+01
1.853763953459621749e+00 1.168166779304251079e+01 5.506304425690771609e+01
1.886901422595085975e+00 1.167961541489917821e+01 4.859525224610467120e+01
1.919503313123731125e+00 1.167630466451808857e+01 4.280570478938322765e+01
1.951495216507838526e+00 1.167144773740540487e+01 3.808916105197124580e+01
