2.191799393479931801e-01 1.550982551689759603e+01 3.683552447462830693e+06
2.267672484576387926e-01 1.522744117304409173e+01 3.133712572065137792e+06
2.346549046149696005e-01 1.495633455343952356e+01 2.649716895113025326e+06
2.428654716657199231e-01 1.470825798660795591e+01 2.244397581341972575e+06
2.513851797428101609e-01 1.447615043332917928e+01 1.888493966762115713e+06
2.602198427723114715e-01 1.426712224795622141e+01 1.614120914891464403e+06
2.693968765310043034e-01 1.407024995788286148e+01 1.367267553856401006e+06
2.789133623281667695e-01 1.390182383831414548e+01 1.161618647331827553e+06
2.887779126383221984e-01 1.372692674124546031e+01 9.847078845065655187e+05
2.990025230694881020e-01 1.357110334495483706e+01 8.356790272916299291e+05
3.095626061881232016e-01 1.343284773982439972e+01 7.093093684169936460e+05
3.205188091705014064e-01 1.329816349538955755e+01 6.019969306067625294e+05
3.318066480522751105e-01 1.317774712946988025e+01 5.117332125049777678e+05
3.434924162278932269e-01 1.305878477050992181e+01 4.348145908858911134e+05
3.555744400005746986e-01 1.295459949650945219e+01 3.695529959721231717e+05
3.680122319878214587e-01 1.285736870189979619e+01 3.143251145956643159e+05
3.808778708911247368e-01 1.276429283436830175e+01 2.675730865584325511e+05
3.941031464818441910e-01 1.268034332428874755e+01 2.272978728708192357e+05
4.077446179279719529e-01 1.260300043652843982e+01 1.935400216132228961e+05
4.217948895352789940e-01 1.253058151667377373e+01 1.648474794697979523e+05
4.362372898319530901e-01 1.246156029851285751e+01 1.403913754563988477e+05
4.510887985308592585e-01 1.240161337054144397e+01 1.197300335821398476e+05
4.663523649484409006e-01 1.234238603805663637e+01 1.020883284524384508e+05
4.819908575582865229e-01 1.228719136597612582e+01 8.709310348389837600e+04
4.980623521901199058e-01 1.223724134233867566e+01 7.450686898129813198e+04
5.145266051396820695e-01 1.219290448242635883e+01 6.362815004667136964e+04
5.313971165216179182e-01 1.214832019714807565e+01 5.436337725737496658e+04
5.486689581212337297e-01 1.210856140385404700e+01 4.655167490419249953e+04
5.663433228861070035e-01 1.207045801087055459e+01 3.983462460076726711e+04
5.843496671167190959e-01 1.204229399091386021e+01 3.407568210374306364e+04
6.023766577606544104e-01 1.200477327628700053e+01 2.936127769100355363e+04
6.204067675442233032e-01 1.197248411851822603e+01 2.530757948524511812e+04
6.385843004850362270e-01 1.194402304868189546e+01 2.185895575405663840e+04
6.570870931168315554e-01 1.191407268371581196e+01 1.890961270080940449e+04
6.760334219123397270e-01 1.188664527419235029e+01 1.634652233071550654e+04
6.955030497899420405e-01 1.186076365197150473e+01 1.409874402189205284e+04
7.156388106616430322e-01 1.183563291483590163e+01 1.215439990336921073e+04
7.363166344999171331e-01 1.180969727032751848e+01 1.044962884944744474e+04
7.577761017268545007e-01 1.178653973728008530e+01 8.989957503380659546e+03
7.800200356008236691e-01 1.176440734856679349e+01 7.718525726474585099e+03
8.030838986120880651e-01 1.174392423161111410e+01 6.612634020411926031e+03
8.269969108841689343e-01 1.172497850575225975e+01 5.664950137029120924e+03
8.518084468232941520e-01 1.170874911691780085e+01 4.840330963364031959e+03
8.775235312883894467e-01 1.169043947097657288e+01 4.134265185006203865e+03
9.041767483236533565e-01 1.167895322153107784e+01 3.494791331547886330e+03
9.317648298246535843e-01 1.166703634293119762e+01 3.001598480535272756e+03
9.603104774904157592e-01 1.165551553855210365e+01 2.555907111491485921e+03
9.898132105402119851e-01 1.165366867699282416e+01 2.171098004575863797e+03
1.020258019291457208e+00 1.164074043718922091e+01 1.842061678543907192e+03
1.051655883609748710e+00 1.163589784589822251e+01 1.567104112664903369e+03
1.083988118346239427e+00 1.163647098892703013e+01 1.329408280882192685e+03
1.117227375825721181e+00 1.163028523585347429e+01 1.128912676841054008e+03
1.151365805732732062e+00 1.162995098179606579e+01 9.578211531846307025e+02
1.186363514195297064e+00 1.163318234468180101e+01 8.124250596530055191e+02
1.222197179780330600e+00 1.163367628750570226e+01 6.903430077399046922e+02
1.258827473371108230e+00 1.163820815990791502e+01 5.856536466889809844e+02
1.296206978691854195e+00 1.164705025463199384e+01 4.974893715680054811e+02
1.334290750399583558e+00 1.164966318738559714e+01 4.230114245802659525e+02
1.373023359726796455e+00 1.165792157041132526e+01 3.599255630993266664e+02
1.412362672347424963e+00 1.166419657297119272e+01 3.061535985123889532e+02
1.452246942056936163e+00 1.167213639035896300e+01 2.607929399467583949e+02
1.492547272968425709e+00 1.168144246467229763e+01 2.224809723072420127e+02
1.532474440340664934e+00 1.168940095673080037e+01 1.904601814712814871e+02
1.571762711086669206e+00 1.169974751129990587e+01 1.636387586744539249e+02
1.610384485888540995e+00 1.170401038680707018e+01 1.412162700550555314e+02
1.648339123880655510e+00 1.170928105303227085e+01 1.222382736078657217e+02
1.685617381659973324e+00 1.171290797583474586e+01 1.060854251456196096e+02
1.722208029190662071e+00 1.171454686085154862e+01 9.248210392674559444e+01
1.758089188579688988e+00 1.171539367645096341e+01 8.066030123728025103e+01
1.793239144158017773e+00 1.171376892198935415e+01 7.052432423085528512e+01
1.827649329819128310e+00 1.171098839807837599e+01 6.185243923500492258e+01
1.861312724203175728e+00 1.170623587845352986e+01 5.436738416116807571e+01
1.894189934247546780e+00 1.169961876414535240e+01 4.789069785409078861e+01
1.926280146355466849e+00 1.169143562080852483e+01 4.225929324623336214e+01
1.957550748745322755e+00 1.168120999309162045e+01 3.734991191014435685e+01
1.987989859022639028e+00 1.167017033141232396e+01 3.296282210126619105e+01
2.017620042324113072e+00 1.165711251140814220e+01 2.936605353432623033e+01
2.046462211778989904e+00 1.164248819992281092e+01 2.613040558268045288e+01
2.074432529101771117e+00 1.162659695883880140e+01 2.324944977784171130e+01
2.101060425398702858e+00 1.160893380496258409e+01 2.077081417705731781e+01
