2.191799393479931801e-01 1.550982551689759603e+01 3.683552447462830693e+06
2.271953741450425113e-01 1.520369861609867890e+01 3.094962357843371574e+06
2.355506196881959891e-01 1.492781782403170254e+01 2.600646747457395308e+06
2.442625908199032303e-01 1.466654287500019116e+01 2.181207168948371429e+06
2.533170284383469140e-01 1.442980908158981279e+01 1.833447135342288995e+06
2.627387416946425081e-01 1.421104548833044134e+01 1.542655415952278301e+06
2.725349946250561484e-01 1.401242429319854743e+01 1.295798851289189886e+06
2.827133092239688117e-01 1.382672631567960586e+01 1.090649731097919866e+06
2.932933909793278282e-01 1.365944779889444405e+01 9.184073618211231660e+05
3.042347951092692071e-01 1.349919687773864929e+01 7.693062889176289318e+05
3.155992454748917098e-01 1.335903862406362919e+01 6.479614579937908566e+05
3.273830316371317828e-01 1.321749146012316167e+01 5.412218317245417275e+05
3.395628665407935398e-01 1.309613997552273013e+01 4.598329232308911742e+05
3.521807803870624642e-01 1.298515941169717358e+01 3.868833414213059586e+05
3.652293899751623552e-01 1.287560138327183346e+01 3.255754625552850775e+05
3.787123795296259976e-01 1.278036819387538436e+01 2.747725048924849834e+05
3.926266904975749816e-01 1.269153863593513165e+01 2.318615576378207188e+05
4.069931558712075459e-01 1.260837570832463861e+01 1.952063168495209829e+05
4.218122965926919821e-01 1.252905609812498433e+01 1.649519933958249458e+05
4.370649666000536171e-01 1.245869535711336695e+01 1.391155480833438050e+05
4.527754788570131361e-01 1.239241466387460022e+01 1.177250029180282727e+05
4.689566705029286076e-01 1.233356938832029215e+01 9.941420281189243542e+04
4.855599418302565806e-01 1.227747632366740760e+01 8.417408582147950074e+04
5.026228830770324008e-01 1.222514138539078843e+01 7.124698553192894906e+04
5.201361012155809593e-01 1.217813712207800236e+01 6.039036526563701773e+04
5.380988889821578525e-01 1.213344168862272454e+01 5.117593398608420102e+04
5.565087778807682461e-01 1.209238381858929401e+01 4.333536373197116336e+04
5.753292562687319922e-01 1.205388177532850236e+01 3.679083744852402742e+04
5.944368668446857740e-01 1.201859614352898298e+01 3.139046525510456195e+04
6.134783579457865343e-01 1.198389001205633342e+01 2.677682201942669781e+04
6.326399641150002306e-01 1.195298199754386026e+01 2.291854888706265774e+04
6.521400503492423839e-01 1.192180897223418690e+01 1.965284797427635203e+04
6.721176828443948814e-01 1.189239353885996309e+01 1.667686517263713540e+04
6.927432912330001580e-01 1.186489644340484695e+01 1.440565600109453408e+04
7.139846510293190729e-01 1.183825666064105775e+01 1.230549083034702926e+04
7.359000436431517578e-01 1.181174669951762901e+01 1.050410468728512933e+04
7.587023928395213446e-01 1.178711504625284867e+01 8.955967493701986314e+03
7.823978523677016517e-01 1.176475768635436836e+01 7.610651197360494734e+03
8.070282638822494636e-01 1.174332622926207925e+01 6.469219567969139462e+03
8.326286762982039180e-01 1.172471663323979385e+01 5.481299301106465464e+03
8.592380562297265989e-01 1.170863546285689694e+01 4.639748590064170457e+03
8.868783077219828392e-01 1.169199438767614474e+01 3.917458941453439820e+03
9.155836630807973053e-01 1.167907638085087108e+01 3.310453158904688280e+03
9.453425351030366741e-01 1.166663345326017875e+01 2.781401121627590783e+03
9.761924064483292751e-01 1.165787908581411436e+01 2.350649337803662092e+03
1.008108468552193049e+00 1.165172259487340867e+01 1.977750325112835526e+03
1.041097023548267941e+00 1.164608447463363738e+01 1.664081229014552264e+03
1.075143827218289383e+00 1.164450268558484147e+01 1.400162426913509307e+03
1.110223886997491194e+00 1.164283007202639197e+01 1.176710104397489886e+03
1.146327019058243968e+00 1.164123771512583083e+01 9.892567690659068376e+02
1.183411237020917772e+00 1.164340251134775528e+01 8.306944748244580978e+02
1.221305912487598899e+00 1.164694220733647967e+01 6.987252531907125785e+02
1.259380810783845561e+00 1.165449623165105208e+01 5.890645599599225761e+02
1.297552504756249059e+00 1.165617034166418797e+01 4.955607436856598724e+02
1.335793335123477421e+00 1.166339527983700997e+01 4.234531184365617378e+02
1.374075425961309938e+00 1.166598715173507905e+01 3.597430035164622950e+02
1.412365795737982044e+00 1.166793979291815653e+01 3.067204690442423498e+02
1.450480839348831097e+00 1.167095863148558266e+01 2.620372454114062180e+02
1.487996371781118654e+00 1.167607832054727446e+01 2.246333044156144183e+02
1.524892494760566208e+00 1.167386350304692755e+01 1.932728155634741256e+02
1.561208398546769294e+00 1.167186169631568404e+01 1.659593699123017814e+02
1.596714612923402443e+00 1.167101614122383246e+01 1.445516991437752665e+02
1.631695196962037908e+00 1.166582459959608720e+01 1.254362314897512078e+02
1.666012549820770738e+00 1.165969439582702805e+01 1.091611488490635509e+02
1.699665346539648514e+00 1.165092366854763206e+01 9.533153898839630358e+01
1.732627591950335999e+00 1.164082543465835506e+01 8.318765102327873251e+01
1.764900561324188155e+00 1.162951015776904917e+01 7.282858901861908407e+01
1.796421291150684940e+00 1.161550786408811220e+01 6.395293346228273634e+01
1.827309622445382864e+00 1.159994312368880465e+01 5.618864745511719150e+01
1.857267121561578804e+00 1.158259627280221338e+01 4.950463048991968407e+01
1.886543331538450330e+00 1.156325590585805685e+01 4.368526821276850569e+01
1.914993469499935097e+00 1.154298640272106091e+01 3.862248419484413375e+01
1.942656868081699573e+00 1.152031993215608274e+01 3.421593407453230640e+01
1.969450100964416306e+00 1.149686440871544235e+01 3.035521008162346135e+01
1.995381176725927741e+00 1.147171041394545732e+01 2.696573860260629019e+01
2.020448632674149980e+00 1.144472148813669854e+01 2.401511537204242330e+01
2.044696594646735921e+00 1.141610076821054420e+01 2.140709245915217096e+01
2.067953047117647269e+00 1.138692436304251743e+01 1.905518614336674688e+01
2.090315785647248958e+00 1.135504299032235664e+01 1.711296335940549795e+01
2.111710964433781257e+00 1.132263690479674878e+01 1.534480780550579304e+01
