2.191799393479931801e-01 1.550982551689759603e+01 3.683552447462830693e+06
2.291990803633116025e-01 1.517375835068888001e+01 3.003182098046253435e+06
2.397543566714441798e-01 1.479063744664764535e+01 2.386113472998092417e+06
2.508456218879482891e-01 1.449254711656054440e+01 1.920780264188345056e+06
2.624974055721698285e-01 1.421872510980917781e+01 1.548745522045776714e+06
2.747262985683410208e-01 1.397105650936542887e+01 1.246677614914464531e+06
2.875499792674020005e-01 1.374554495478254168e+01 1.005676126900026924e+06
3.009804454960408604e-01 1.354429773646091739e+01 8.115197325213551521e+05
3.150149378968952196e-01 1.335978350420914040e+01 6.547047524058112176e+05
3.297004835698855163e-01 1.320047084099445378e+01 5.275045806820585858e+05
3.450240804457068156e-01 1.304279325215741814e+01 4.268379027590465848e+05
3.610148222032693588e-01 1.290806847955285974e+01 3.443000354313440621e+05
3.776822828085162898e-01 1.278534531902293381e+01 2.782585091018742532e+05
3.950163695218965598e-01 1.267344516844993763e+01 2.252451817520469194e+05
4.130347537816981274e-01 1.257363122206066031e+01 1.823517582976910053e+05
4.317567556332602696e-01 1.248636819797557429e+01 1.474671642375426891e+05
4.511836312996236331e-01 1.239998510865934200e+01 1.195596566482067137e+05
4.713050608233649297e-01 1.232546675167127681e+01 9.693312766902659496e+04
4.921116117100574061e-01 1.226053881550484093e+01 7.880843096907805011e+04
5.136095244208701560e-01 1.219327224773348206e+01 6.416665055210881110e+04
5.358132603581354791e-01 1.213828064876886437e+01 5.227077771168376785e+04
5.587078849012410142e-01 1.208731192179527980e+01 4.255759553651686292e+04
5.822609546101680245e-01 1.204052862563036896e+01 3.475876986009752000e+04
6.044356361400903266e-01 1.199877189938189481e+01 2.859359726656638668e+04
6.244596998821961842e-01 1.195923927548594357e+01 2.411993737943535598e+04
6.432156226296055213e-01 1.191656294830145946e+01 2.079048506478791751e+04
6.612036216048946535e-01 1.187213902773088492e+01 1.784066235413353934e+04
6.787834089726880737e-01 1.182541391988800683e+01 1.536092329474584039e+04
6.962372058256045548e-01 1.177810992817544111e+01 1.312449868323905503e+04
7.137407292404875925e-01 1.172697433462979255e+01 1.141303743834836314e+04
7.314881161245408991e-01 1.167494718247582952e+01 9.812643470531296771e+03
7.496067019251966279e-01 1.162029621846095395e+01 8.419649176422113669e+03
7.682108206701835362e-01 1.156063801515724698e+01 7.219437789566270112e+03
7.873932796284048852e-01 1.150545766592434305e+01 6.171789629674300159e+03
8.072370812339360047e-01 1.144992051307625580e+01 5.256359158534794005e+03
8.277916310124546762e-01 1.139044753969800361e+01 4.465422788420916731e+03
8.491284580887900058e-01 1.133684134076668570e+01 3.784488794183524988e+03
8.712706548555230190e-01 1.127552073347095885e+01 3.200347313429761925e+03
8.942486324399512299e-01 1.121744881471000710e+01 2.702844794848579568e+03
9.180901738746480856e-01 1.116253674518351247e+01 2.269851331986395962e+03
9.428022167529651609e-01 1.110515623324457479e+01 1.905879443133003406e+03
9.683760716559444148e-01 1.105239320439603468e+01 1.596675259053820810e+03
9.947937193414252421e-01 1.100133624083346007e+01 1.336802372761782635e+03
1.022053214301704038e+00 1.094430959684691373e+01 1.117378546354671244e+03
1.050104714514888737e+00 1.089257137510844409e+01 9.328031675864730232e+02
1.078895274586620490e+00 1.084196738437101537e+01 7.733161260194372062e+02
1.108354923494943689e+00 1.079361863854210490e+01 6.489707703555377520e+02
1.138424896079174964e+00 1.074519998916407282e+01 5.406785457700980260e+02
1.169047560870930758e+00 1.070183664635612963e+01 4.513722990795774308e+02
1.200161265378449471e+00 1.065317205172351400e+01 3.768438984051477973e+02
1.231666639344126013e+00 1.060874803504402308e+01 3.130325962926890497e+02
1.263528984178589942e+00 1.056325617922824023e+01 2.629128776941666956e+02
1.295630221718817809e+00 1.051934536104126394e+01 2.191924188135309919e+02
1.327894277952792690e+00 1.047604732741378264e+01 1.843279973941981780e+02
1.360243172968970793e+00 1.043409478077483499e+01 1.545788701975802155e+02
1.392555753353807990e+00 1.039099967336530206e+01 1.298562560308481864e+02
1.424780398678020310e+00 1.034928830174282766e+01 1.092575756055262701e+02
1.456791324958148559e+00 1.030738054608298526e+01 9.213274167378185098e+01
1.488504747827522845e+00 1.026531353752417353e+01 7.780904147204854837e+01
1.519171200802273747e+00 1.022382690926123594e+01 6.603818853299770808e+01
1.548202966749127052e+00 1.018111991418184203e+01 5.624261115480374684e+01
1.575599070148822944e+00 1.013812007761220890e+01 4.855070675666878088e+01
1.601291896058768538e+00 1.009431411999662664e+01 4.192774321669716642e+01
1.625454512329753243e+00 1.004800551763638872e+01 3.636250027411865204e+01
1.647995605944942765e+00 9.999609354594118926e+00 3.163676814551866912e+01
1.669030322656631649e+00 9.949846209259417762e+00 2.780292813858837420e+01
1.688573308546087226e+00 9.899218482698660893e+00 2.441678226776119232e+01
1.706618446991842175e+00 9.845405459012887661e+00 2.147996170550217698e+01
1.723259249258264125e+00 9.791744324995381277e+00 1.900247637232466502e+01
1.738493451509857124e+00 9.735605535192110693e+00 1.687409547429242451e+01
1.752482690667630072e+00 9.677822232409759806e+00 1.506095777420481063e+01
1.765040703824551249e+00 9.619703664407314392e+00 1.345964293081607366e+01
1.776196951234974231e+00 9.559404732935865567e+00 1.203232546250197643e+01
1.786175132689339584e+00 9.497873303196886496e+00 1.080974644772019921e+01
1.794947246468737490e+00 9.435713767197819735e+00 9.773542791439300714e+00
1.802514831006585716e+00 9.372587208826224980e+00 8.805795257435875101e+00
1.808936900713899121e+00 9.308217902226740392e+00 8.000882805354695648e+00
1.814242345283729962e+00 9.243645854579630949e+00 7.255043186457825755e+00
1.818447371078031338e+00 9.178353466868935939e+00 6.621945354662775785e+00
1.821716266636143722e+00 9.113347581600695690e+00 6.040310240895097493e+00
