1.550982551689759603e+01 2.191799393479931801e-01 3.683552447462830693e+06
1.513325008843538200e+01 2.292095355740757789e-01 2.960807624027206562e+06
1.479397740442638920e+01 2.397792232747482377e-01 2.382060587120215409e+06
1.449749182332331010e+01 2.508838696454537831e-01 1.932870210018553538e+06
1.421257896526189057e+01 2.625506137295640641e-01 1.546696069241608726e+06
1.397220140576937553e+01 2.747958999457955631e-01 1.245739952572882874e+06
1.374189700692310900e+01 2.876374230074080218e-01 1.003450080271516577e+06
1.354289150585826285e+01 3.010882774025138708e-01 8.089205282267534640e+05
1.336318773573714758e+01 3.151427133434871464e-01 6.527730187940880423e+05
1.319816592766386520e+01 3.298510094366090550e-01 5.265706239355853759e+05
1.304677462338325178e+01 3.451984419201862275e-01 4.253771321103700320e+05
1.291251413984833185e+01 3.612116192259847702e-01 3.431461637115660706e+05
1.278519744840153116e+01 3.779205024676640101e-01 2.772419214393117581e+05
1.267502625006265404e+01 3.952734559799245262e-01 2.242835617237497936e+05
1.256633289838660694e+01 4.133200140982624671e-01 1.813483978832715075e+05
1.248140598544785185e+01 4.320752071594532451e-01 1.470975696702751738e+05
1.239932625351957540e+01 4.515331032255124333e-01 1.191837853669596952e+05
1.232444811166899257e+01 4.717024883552897729e-01 9.562895859096190543e+04
1.225434624630592140e+01 4.925349753139929843e-01 7.852543101125613612e+04
1.219395836302046909e+01 5.140716469011236134e-01 6.389160536749017774e+04
1.213842047467989005e+01 5.363149506861918381e-01 5.196179763584482862e+04
1.208612652426139178e+01 5.592511183118262785e-01 4.233830486897512310e+04
1.204106705778668385e+01 5.828418073130851029e-01 3.454076397372036445e+04
1.199877059918134670e+01 6.054566302278248102e-01 2.853896922777694272e+04
1.195711964498231161e+01 6.267008811417149605e-01 2.398269982992712539e+04
1.191580769778047433e+01 6.471537694262746720e-01 2.024392645540390004e+04
1.187274708827688663e+01 6.672979905733905648e-01 1.717641034437087001e+04
1.182926253087967261e+01 6.874223651856201656e-01 1.442698190516927752e+04
1.178620171896889346e+01 7.078038456485845620e-01 1.234078295862065534e+04
1.174058073836647154e+01 7.284551946900778008e-01 1.047044460821811845e+04
1.169341274501374173e+01 7.497123634399835979e-01 8.870770036475880261e+03
1.164708358071983874e+01 7.716411712291755265e-01 7.487276614179187163e+03
1.159994715852826985e+01 7.943360613772519896e-01 6.316075543350913904e+03
1.155254146441702190e+01 8.178839604121942441e-01 5.306416468661012004e+03
1.150754844097928675e+01 8.423530219898844873e-01 4.446238607057602167e+03
1.145864750126103893e+01 8.677948603738160349e-01 3.695267762434606539e+03
1.141636942636404584e+01 8.942590927053173377e-01 3.099527052799180638e+03
1.137164766191245668e+01 9.217534884846833032e-01 2.580853284860465919e+03
1.133339794804470024e+01 9.503074243423731415e-01 2.143295177593978678e+03
1.128796658645804740e+01 9.799333929166591517e-01 1.779632581712801311e+03
1.124742845384341905e+01 1.010603422616525027e+00 1.462906734176461669e+03
1.120942499067108145e+01 1.042310511960095720e+00 1.216679569175745883e+03
1.117671432843936508e+01 1.075018015764658275e+00 1.005888882141712770e+03
1.114104088357828637e+01 1.108700824450285172e+00 8.309051209326381695e+02
1.110628840818644569e+01 1.143283356092621217e+00 6.821569440052111304e+02
1.107157341833508823e+01 1.178724742043412377e+00 5.658245434964500191e+02
1.104038766615256506e+01 1.214948578151116676e+00 4.666394385607918025e+02
1.101043598370402066e+01 1.251875122890103498e+00 3.857534754613592440e+02
1.098353993211834734e+01 1.289423287989615474e+00 3.187159027924008683e+02
1.095258685070580462e+01 1.327489184588058313e+00 2.637398613750327740e+02
1.092482622608387466e+01 1.365981879407655253e+00 2.182270958135572982e+02
1.089776146376103760e+01 1.404784672492182196e+00 1.810672145295369830e+02
1.087085208081260390e+01 1.443190987222502164e+00 1.507006142014131171e+02
1.084371066317901899e+01 1.480282330569771432e+00 1.262371495921585876e+02
1.081557228973737139e+01 1.516067869247263333e+00 1.064281226319546789e+02
1.078534432510356034e+01 1.550459473997968685e+00 9.033189326473585368e+01
1.075356843716108379e+01 1.583537085714881609e+00 7.663049345321077510e+01
1.071876191198195016e+01 1.615298692318320795e+00 6.576613560416765836e+01
1.068318157955538794e+01 1.645710377972029015e+00 5.625903844075899940e+01
1.064509903692452752e+01 1.674810840088230668e+00 4.865005571280220664e+01
1.060535098459064862e+01 1.702584752323149875e+00 4.205494234033456280e+01
1.056287303064947913e+01 1.729039641000329697e+00 3.644192294310594349e+01
1.051903871440286053e+01 1.754100877727684082e+00 3.172050069319596233e+01
1.047425854547810253e+01 1.774754511680791014e+00 2.803236261100250815e+01
1.042801198769399207e+01 1.789650513488445505e+00 2.523479383861587166e+01
1.037790113602428832e+01 1.799651451841590033e+00 2.317481131510497505e+01
1.032353404083065662e+01 1.805500246152760724e+00 2.148133727741824117e+01
1.026694129333155203e+01 1.807858445966987082e+00 2.011844724400167550e+01
1.020670104220669749e+01 1.807224586816748690e+00 1.892407112785316059e+01
1.014539359827353593e+01 1.804076398714578922e+00 1.799675411445074857e+01
1.008008080611022450e+01 1.798899885069268789e+00 1.723198339312880734e+01
1.001341154294865277e+01 1.791637582275143581e+00 1.656450997823126770e+01
9.945158859515691674e+00 1.782903221154803486e+00 1.593456561102080116e+01
9.873889570227087020e+00 1.772716814978627875e+00 1.541801950783126429e+01
9.796310236501291513e+00 1.761512144050313200e+00 1.488494351998442156e+01
9.714754847868780629e+00 1.749403729507714056e+00 1.436362126792758254e+01
9.628615674429342519e+00 1.737112622064250544e+00 1.379596739868178723e+01
9.540443631450015616e+00 1.724629149882777712e+00 1.322642903302780937e+01
9.447557235023277045e+00 1.711835673390488921e+00 1.266395829712869237e+01
9.355075237412945555e+00 1.699401378259937756e+00 1.202748670467866710e+01
