2.191799393479931801e-01 1.550982551689759603e+01 3.683552447462830693e+06
2.273830066342523160e-01 1.519264570263053216e+01 3.077939750477236696e+06
2.359429069862574724e-01 1.490845134287598661e+01 2.581991605921478011e+06
2.448705320515792427e-01 1.465022251025701117e+01 2.154210146281931549e+06
2.541610428304227898e-01 1.440558323566464338e+01 1.803266134820960928e+06
2.638376136404883554e-01 1.418969908584108275e+01 1.511860475832116092e+06
2.739055510971556417e-01 1.401395968624746047e+01 1.263640458314853022e+06
2.843753395656615779e-01 1.380106382281851474e+01 1.058316968079260085e+06
2.952439268495927194e-01 1.362614503643778541e+01 8.876994688281923300e+05
3.065344288764413339e-01 1.347325704284267900e+01 7.431166595870034071e+05
3.182556247984600906e-01 1.331994901996727165e+01 6.236140778784806607e+05
3.303966085118947849e-01 1.318910210868161670e+01 5.221486703555653221e+05
3.429823391498308394e-01 1.306272267700345502e+01 4.386110167970113689e+05
3.560299423616478109e-01 1.295164834950207222e+01 3.679702883467876818e+05
3.694821929527953297e-01 1.284623540050505852e+01 3.084675439907287946e+05
3.834297281065829344e-01 1.274599897484150723e+01 2.593545480420127278e+05
3.978447213621423284e-01 1.265920591292241859e+01 2.172572803112234396e+05
4.126901651658437808e-01 1.257686139482154708e+01 1.828321294236819667e+05
4.280178637203009839e-01 1.250077725266612916e+01 1.538037212721121323e+05
4.438307841811165999e-01 1.242908723890075251e+01 1.294495861085966462e+05
4.601199421242692100e-01 1.236456965111516304e+01 1.089618508721560793e+05
4.768596426907948937e-01 1.230509374925498989e+01 9.167391495387628675e+04
4.940717517405293080e-01 1.225109159054973773e+01 7.734697110357346537e+04
5.117560558909942658e-01 1.219882127769516877e+01 6.522790561719304242e+04
5.299157206601599057e-01 1.215696305962678281e+01 5.505531289505377936e+04
5.485440347427682495e-01 1.211085424049875314e+01 4.656077423231020657e+04
5.676413244633559119e-01 1.206949553940568087e+01 3.935821945409665932e+04
5.870344096481051599e-01 1.203240953399866520e+01 3.331775269366532302e+04
6.055178141475262565e-01 1.199667043543062128e+01 2.855917411748855011e+04
6.230610064487187572e-01 1.196061361633668341e+01 2.471604969392885687e+04
6.400428458954066091e-01 1.193115466244014478e+01 2.144963544883910799e+04
6.567297510147431794e-01 1.189623305065279801e+01 1.870465210110402040e+04
6.733138090198536041e-01 1.186123436889536720e+01 1.632215091294072226e+04
6.900055775098242750e-01 1.182587499239030393e+01 1.426501414567521533e+04
7.067860278017082942e-01 1.178911252143854860e+01 1.246245864307632655e+04
7.237883970525741395e-01 1.175237203298133259e+01 1.088489373309040820e+04
7.411909491392221216e-01 1.171405317239747923e+01 9.442451145283373990e+03
7.590278043196706514e-01 1.167671319933770846e+01 8.265498322034249213e+03
7.773530161820332296e-01 1.163906100238793151e+01 7.188093751104994226e+03
7.962118889201702521e-01 1.159937089029767066e+01 6.243719776879331221e+03
8.157665734131667179e-01 1.156189163657758279e+01 5.397162913978708275e+03
8.357314865982284902e-01 1.152175070260744860e+01 4.678963294736107855e+03
8.564564801106355763e-01 1.148560852424685486e+01 4.006852971329327829e+03
8.778633090587938392e-01 1.144807026646915382e+01 3.482761024429047211e+03
8.999664878279399760e-01 1.141348170992790934e+01 2.996266478534602811e+03
9.227754919149515622e-01 1.137713049821721611e+01 2.556272608700026922e+03
9.463166682018356868e-01 1.134334144384902032e+01 2.194844321613939428e+03
9.705680430759545674e-01 1.130988379206818983e+01 1.895730866246577079e+03
9.955438400002069033e-01 1.127588834917659000e+01 1.622976340122405190e+03
1.021228469663881366e+00 1.124461716072646311e+01 1.389577045944481597e+03
1.047612988692845803e+00 1.121289652861952391e+01 1.188477921236784368e+03
1.074677415911468925e+00 1.118516900923677326e+01 1.016017890092202492e+03
1.102398260760419246e+00 1.115875082534737039e+01 8.671381144003513555e+02
1.130758212519041406e+00 1.112712530167719471e+01 7.401753969742703703e+02
1.159698718882555379e+00 1.110048311598112569e+01 6.282250242113873355e+02
1.189212998535161603e+00 1.107528353807281540e+01 5.400192356523423314e+02
1.219248741896978849e+00 1.105009249916850500e+01 4.582733239392566702e+02
1.249759210661549602e+00 1.102581548667837730e+01 3.938799612041783007e+02
1.280690118157602253e+00 1.100484948861280188e+01 3.367114469014451856e+02
1.311871543295865195e+00 1.098124577717194761e+01 2.882039485326525892e+02
1.342992598337773957e+00 1.095565258814276177e+01 2.469706350944534279e+02
1.373977140966317290e+00 1.093358137558894505e+01 2.124735477930331626e+02
1.404826068099639835e+00 1.091087250204724590e+01 1.830073590742013607e+02
1.435439948987268455e+00 1.088837073805627753e+01 1.577186857725458538e+02
1.465894523562743634e+00 1.086965756978935360e+01 1.361614804881085377e+02
1.495922630658832020e+00 1.084141282021621855e+01 1.181893852563788982e+02
1.525717216422151301e+00 1.081851971265902002e+01 1.025065859687652647e+02
1.555105335359494356e+00 1.079311703762853725e+01 8.913499328124738952e+01
1.584107204423379045e+00 1.076720446591182245e+01 7.758148576533923801e+01
1.612676130056770463e+00 1.074142445257607648e+01 6.734311115078021714e+01
1.640726922696513324e+00 1.071423392554809517e+01 5.911574447657189069e+01
1.668258164741214244e+00 1.068647721754305557e+01 5.159569997415579223e+01
1.695244485331421913e+00 1.065870277870739002e+01 4.532706176889998062e+01
1.721590838090561348e+00 1.062955104191890676e+01 3.984412907228903578e+01
1.747304414511507087e+00 1.059974681029040688e+01 3.511305963399914987e+01
1.772421661594461018e+00 1.056859419744015582e+01 3.091052517153084622e+01
1.796690341963765425e+00 1.053649922301967479e+01 2.733338393843359171e+01
1.820290650285055989e+00 1.050452525136087267e+01 2.417636214459423627e+01
1.843147741197159961e+00 1.047089834762287630e+01 2.145664269090852372e+01
1.865094275964237269e+00 1.043681279006549723e+01 1.905166308247957474e+01
