1.550982551689759603e+01 2.191799393479931801e-01 3.683552447462830693e+06
1.521633013934185463e+01 2.269199168813233192e-01 3.113899242467304226e+06
1.494176921443944295e+01 2.349813194970548358e-01 2.607455607270405162e+06
1.469682651570152210e+01 2.433625120696563948e-01 2.227168845968458802e+06
1.446142243369540736e+01 2.520668641675759547e-01 1.875788619837103412e+06
1.424821433958347683e+01 2.611148117222329423e-01 1.589482628151710611e+06
1.404791464385013100e+01 2.705105936546337575e-01 1.340740744603044819e+06
1.387134596972748568e+01 2.802605191789382388e-01 1.136561388983639423e+06
1.369832242491478347e+01 2.903761466437687622e-01 9.606488022607427556e+05
1.354527117674383696e+01 3.008615156594345308e-01 8.032420969147788128e+05
1.340375199249836946e+01 3.116964416430648699e-01 6.885486877636446152e+05
1.328070647664364223e+01 3.229287896475904751e-01 5.808420021078174468e+05
1.314435382423947374e+01 3.345588141896310708e-01 4.922932438825062127e+05
1.303216376821384870e+01 3.465617349546617487e-01 4.176356597006212687e+05
1.292459853719671869e+01 3.589777248281800226e-01 3.498134887717695674e+05
1.282717056628796648e+01 3.717892916885905952e-01 2.997642356466290657e+05
1.273604196694883584e+01 3.850210140188728425e-01 2.538288414998819062e+05
1.265272401392194723e+01 3.986496817981244889e-01 2.155927179061546631e+05
1.257424891517329613e+01 4.127043169075033657e-01 1.817341843706858053e+05
1.250210291043423361e+01 4.271814454140540063e-01 1.552267786328552465e+05
1.243609542932185086e+01 4.420627928400174822e-01 1.318829403499866894e+05
1.237507551976483455e+01 4.573840644217562756e-01 1.119489952094848559e+05
1.231839521253814773e+01 4.731288819000827872e-01 9.528388851724268170e+04
1.226600792871914258e+01 4.892844802497471890e-01 8.122485612933943048e+04
1.221502083228955371e+01 5.058429729717746071e-01 6.908804791438810935e+04
1.216946660270811265e+01 5.228362127419935446e-01 5.875540175027542136e+04
1.212934891893617362e+01 5.402475284524941301e-01 5.018420890732947737e+04
1.208760329101415287e+01 5.580775683813120613e-01 4.278879427691425371e+04
1.205124389842586119e+01 5.762931502349223356e-01 3.619509282167261699e+04
1.201618251855739672e+01 5.944651328560449643e-01 3.132760791522276122e+04
1.198578435025695299e+01 6.117145244308407337e-01 2.711345892233505583e+04
1.195332925613515229e+01 6.283659417609454012e-01 2.365141670376310503e+04
1.192237385930382310e+01 6.446786651776575949e-01 2.069302351210214692e+04
1.189181831495041131e+01 6.608956984752516473e-01 1.811889788366961147e+04
1.185724921768989226e+01 6.770227049531936103e-01 1.590476118319429042e+04
1.182576465345594841e+01 6.933113357418767553e-01 1.395817058515925055e+04
1.179266391593698415e+01 7.098202830799348328e-01 1.224409470847113516e+04
1.175953414705058186e+01 7.267038974329493861e-01 1.072857980583312383e+04
1.172444762548816044e+01 7.437984430710986583e-01 9.405280731132052097e+03
1.169122611489133767e+01 7.613980575289133190e-01 8.220737736253566254e+03
1.165348614832351615e+01 7.794853856028196581e-01 7.194087906164865672e+03
1.162221358195095178e+01 7.980862957390290058e-01 6.268684437152264763e+03
1.158823903942433731e+01 8.172530059538313241e-01 5.457511002399105564e+03
1.155377842712645098e+01 8.370104025872738829e-01 4.744707260215297538e+03
1.152291516208626732e+01 8.573895185712451239e-01 4.120378961409651311e+03
1.148863303564726657e+01 8.784152238230824583e-01 3.572098163602776367e+03
1.145766386280267390e+01 9.000971214911063223e-01 3.092489889596221929e+03
1.142726298724095635e+01 9.224510513304366999e-01 2.672383276227915758e+03
1.139889677155287195e+01 9.454834030053806959e-01 2.308754073826618423e+03
1.136794526316555931e+01 9.691979978503103554e-01 1.989520107958316203e+03
1.133929322448271826e+01 9.935916934880933971e-01 1.717113763991344968e+03
1.131501479619880968e+01 1.018660491218178699e+00 1.476854991875739188e+03
1.128648144615419469e+01 1.044398580530999210e+00 1.273341846101529882e+03
1.126218224767182896e+01 1.070787117685752410e+00 1.093099903160778467e+03
1.123773853762062025e+01 1.097802883347444025e+00 9.404875103065345456e+02
1.121520666477124983e+01 1.125428533500835604e+00 8.087462833463955576e+02
1.119294766908462613e+01 1.153651318293005712e+00 6.946040027847864167e+02
1.117417742021078730e+01 1.182416145131863328e+00 5.973371126185436424e+02
1.115029282930078480e+01 1.211705730658611202e+00 5.132961080652650026e+02
1.113008967367551882e+01 1.241474222032243002e+00 4.415858379373781872e+02
1.111104027871392752e+01 1.271691685354286117e+00 3.796705866810632983e+02
1.109583485291271465e+01 1.302307372476772418e+00 3.271309263793746140e+02
1.107677370935850369e+01 1.333283351688431040e+00 2.812915651246605648e+02
1.105825632642102185e+01 1.364562724502391466e+00 2.422894230525458852e+02
1.103994980285427019e+01 1.396093567368478006e+00 2.089222884938463096e+02
1.102356021064045954e+01 1.427830029328672312e+00 1.803268733846881844e+02
1.100746179248405809e+01 1.459716745681582273e+00 1.558430709830343233e+02
1.099046457530031340e+01 1.491699481950969464e+00 1.347217309024399299e+02
1.097461690939126910e+01 1.523713563530221471e+00 1.166700894743728156e+02
1.095857453166366113e+01 1.555574490715003089e+00 1.011802470620961145e+02
1.094134602152645286e+01 1.587112550965644742e+00 8.793041562245348075e+01
1.092379105433954223e+01 1.618274824770850273e+00 7.666235738826193824e+01
1.090665833628820280e+01 1.649035368369079713e+00 6.682255003516526415e+01
1.088860750584786707e+01 1.679279263950916867e+00 5.843355354658047673e+01
1.086990300600977655e+01 1.709086136945503931e+00 5.118569968364777623e+01
1.085034352286425552e+01 1.738308422277772047e+00 4.492153865102746835e+01
1.083055948538713587e+01 1.766923356371972620e+00 3.953490341543366782e+01
1.080968848037170460e+01 1.794986249607011031e+00 3.481855884273476676e+01
1.078787139583130283e+01 1.822359069162730050e+00 3.070015648606674574e+01
1.076582257311462243e+01 1.849038287843622008e+00 2.718770305884726923e+01
