1.550982551689759603e+01 2.191799393479931801e-01 3.683552447462830693e+06
1.519955740055337046e+01 2.272505303062276605e-01 3.088682097941006534e+06
1.492447839534744425e+01 2.356619274253484164e-01 2.598575412896169350e+06
1.466721436886562202e+01 2.444365616973468436e-01 2.176311738222518004e+06
1.442193548310200413e+01 2.535583156270176386e-01 1.830640185158300214e+06
1.420706767288683992e+01 2.630534112643521105e-01 1.530381935133857653e+06
1.399262504381873562e+01 2.729275329288548546e-01 1.288806392823695904e+06
1.381761377805252700e+01 2.831891511656139948e-01 1.080586929625162622e+06
1.364485530808219593e+01 2.938462894608427911e-01 9.075705090705050388e+05
1.349062683536093665e+01 3.048933631649023424e-01 7.617369232899835333e+05
1.334463661506073073e+01 3.163687704222934993e-01 6.346106341436329531e+05
1.321933216568278979e+01 3.282432114839901605e-01 5.381559391125473194e+05
1.308466664588283024e+01 3.405435879873116023e-01 4.529063355082871276e+05
1.297319304946151064e+01 3.532718626316949107e-01 3.811460538706406369e+05
1.287024189421250497e+01 3.664408966262366896e-01 3.200817898895406397e+05
1.276945199185332136e+01 3.800526873435890463e-01 2.700717604493900435e+05
1.268210085249432062e+01 3.941018918577734453e-01 2.259371357596631278e+05
1.259721614537646772e+01 4.086219339830340913e-01 1.916988720505284437e+05
1.252392516157427593e+01 4.235782621352900956e-01 1.618170672790202079e+05
1.244929951559846515e+01 4.389883395758193974e-01 1.363033867971515283e+05
1.238650865298899717e+01 4.548685881560866062e-01 1.149559839293647383e+05
1.232665545500402082e+01 4.712239353426283528e-01 9.618190795196233375e+04
1.226901639425946478e+01 4.880067005360806953e-01 8.213542129918611317e+04
1.221672571807420837e+01 5.052301589141676708e-01 6.954131852130794141e+04
1.217256175783485794e+01 5.229277827553280300e-01 5.879943474597368186e+04
1.212558783460179335e+01 5.410807167979755361e-01 4.983060972245643643e+04
1.208580608052197469e+01 5.596868556742150558e-01 4.214488052610231534e+04
1.204886138410154928e+01 5.787085285958061265e-01 3.545442178645205422e+04
1.201165986646843997e+01 5.979100249114885912e-01 3.045868531726096990e+04
1.197902881961812049e+01 6.171195143320774568e-01 2.601793577289535096e+04
1.194772149976228270e+01 6.364990830676980904e-01 2.222939722335382976e+04
1.191714847052711868e+01 6.562566816936399317e-01 1.903334639058821995e+04
1.188597111333396228e+01 6.765796116467855947e-01 1.627429948050001803e+04
1.185871253012695448e+01 6.974251825328379173e-01 1.391018158838227282e+04
1.183300559067744828e+01 7.188527489946826554e-01 1.187356445876393263e+04
1.180702281324585279e+01 7.399060940575559187e-01 1.020178840496467456e+04
1.178147599636328202e+01 7.606919820161276435e-01 8.722670159858251282e+03
1.175749391527290122e+01 7.813795683626261201e-01 7.610808045914780450e+03
1.173137565814785432e+01 8.020530722070923213e-01 6.535717071338676760e+03
1.170605991773967069e+01 8.227833432493767418e-01 5.716594779486301377e+03
1.167733108661600561e+01 8.436602941900156472e-01 4.963059225662956123e+03
1.165134142117058502e+01 8.647208998689407400e-01 4.308234828966778878e+03
1.162037906316886016e+01 8.860652974845681928e-01 3.741204900261039711e+03
1.159528910747273578e+01 9.076812505304320267e-01 3.250722266549384585e+03
1.156681983787003354e+01 9.296772895495371003e-01 2.826163492070612392e+03
1.153933909298458893e+01 9.518909460963395075e-01 2.434045298121171982e+03
1.150961193562595675e+01 9.745702014511102851e-01 2.110017291654684414e+03
1.148088971243327450e+01 9.976545648198164029e-01 1.843024790088951477e+03
1.145085305995224090e+01 1.021133719997211253e+00 1.599807829111731053e+03
1.142196789217202024e+01 1.045047613972416745e+00 1.375193767794098676e+03
1.139537622673844552e+01 1.069440300542327416e+00 1.190871791213675806e+03
1.136535691856871466e+01 1.094100270739143621e+00 1.038687560701466509e+03
1.133591516363466312e+01 1.119238948108254306e+00 8.982914582826585956e+02
1.131064457210609753e+01 1.144764410231668306e+00 7.782271254959674707e+02
1.127874302483131963e+01 1.170671091295624411e+00 6.734646386791266650e+02
1.125327275318193720e+01 1.196935352276280895e+00 5.825474547974315556e+02
1.122074947402158962e+01 1.223572693080798190e+00 5.031968182027341072e+02
1.119222255690133849e+01 1.250425429971757874e+00 4.364551103380542827e+02
1.116412152037080396e+01 1.277595385138498685e+00 3.754974378175448919e+02
1.113535452934753067e+01 1.304996823409603657e+00 3.270157822668750214e+02
1.110648074587973966e+01 1.332609343483446729e+00 2.826490972830653163e+02
1.107839325655783291e+01 1.360373254972109258e+00 2.457532484478920196e+02
1.105066079426773662e+01 1.388259594389186669e+00 2.132680139236687751e+02
1.102068938574089074e+01 1.416214859068371634e+00 1.851921467375094608e+02
1.099191321161157475e+01 1.444205925116112343e+00 1.598228657299459883e+02
1.096301611383194796e+01 1.472170486479023932e+00 1.397642522721503155e+02
1.093378029164990117e+01 1.500073771179753157e+00 1.215193855172260839e+02
1.090395744980527581e+01 1.527855876077929054e+00 1.059588129449444978e+02
1.087423052821129055e+01 1.555477768837228547e+00 9.237432917647120689e+01
1.084389695655421804e+01 1.582876615467865289e+00 8.067941358061648316e+01
1.081352433887536790e+01 1.610018007741472745e+00 7.054184948136825994e+01
1.078262415471771440e+01 1.636839947345959834e+00 6.162788866668537224e+01
1.075097642684566956e+01 1.663295658596116722e+00 5.413504917845700959e+01
1.071943817482737771e+01 1.689345082272854404e+00 4.751981102963124926e+01
1.068722237922078477e+01 1.714935897232648720e+00 4.179919624664509570e+01
1.065498798694734894e+01 1.740029236559615500e+00 3.681203763396495532e+01
1.062118063459837103e+01 1.764573115122920699e+00 3.246719530967129685e+01
1.058683340600915912e+01 1.788535398475958660e+00 2.872037717659228306e+01
1.055320117508123445e+01 1.811877183290211191e+00 2.540239905990727820e+01
1.051811743436176094e+01 1.834556711495085590e+00 2.250935232401705122e+01
