2.191799393479931801e-01 1.550982551689759603e+01 3.683552447462830693e+06
2.269311997518025370e-01 1.525671394486121279e+01 3.165466359549218789e+06
2.349978144390944268e-01 1.494555070449795409e+01 2.629723366185416002e+06
2.434007246924489443e-01 1.470087250345607544e+01 2.221787279111105949e+06
2.521194095427846116e-01 1.446010191915701526e+01 1.880274969366197707e+06
2.611828338022595952e-01 1.424518476387564725e+01 1.584645321101526730e+06
2.705954245981611050e-01 1.405239590348903711e+01 1.342956898384924978e+06
2.803680572822991879e-01 1.386752938796535517e+01 1.120893843329440570e+06
2.904975913565698842e-01 1.370030664887381278e+01 9.570417752444186481e+05
3.009988219066624393e-01 1.354518673939221252e+01 8.090173597768676700e+05
3.118866431210978174e-01 1.339801460675459843e+01 6.847984067151258932e+05
3.231149929737541782e-01 1.326579627752468582e+01 5.803257747811564477e+05
3.347687838427401141e-01 1.314140809847299707e+01 4.912536904776546289e+05
3.467971646236208683e-01 1.302766262615435267e+01 4.163720409529815661e+05
3.592397300629779910e-01 1.292604508524616058e+01 3.515632056879699812e+05
3.720788103035186367e-01 1.282421101505057770e+01 2.984094468535369961e+05
3.853377786065290134e-01 1.273352618180466500e+01 2.527983469291941437e+05
3.990083574653133791e-01 1.265271419257664220e+01 2.125259137178850069e+05
4.130890626839745505e-01 1.257242645429780659e+01 1.819171338082799630e+05
4.275930712373609555e-01 1.250118430983308215e+01 1.544996536668142362e+05
4.425110629392113304e-01 1.243421093657284437e+01 1.310827202439849498e+05
4.578669617709943962e-01 1.237213299395469690e+01 1.119269788054394012e+05
4.736473997974972039e-01 1.231779933806385152e+01 9.466884675213375886e+04
4.898395188963341473e-01 1.226332890444457391e+01 8.072959389000252122e+04
5.064394413209772905e-01 1.221301948315008268e+01 6.881859567242546473e+04
5.234726028580911628e-01 1.216985394525973518e+01 5.846959078015397245e+04
5.409258992498239271e-01 1.212602775271481725e+01 4.991018304962992261e+04
5.587981976147609053e-01 1.208743172874767602e+01 4.250990718866982206e+04
5.770477867243201109e-01 1.205146812145823532e+01 3.625923120289751387e+04
5.952223720220977121e-01 1.201653881360968512e+01 3.113015167506329090e+04
6.125871861840138655e-01 1.198478293605857736e+01 2.695701244603249143e+04
6.293586952164702542e-01 1.195297167877277644e+01 2.324289551315285644e+04
6.458739969930619162e-01 1.192269155901381161e+01 2.048430767814819410e+04
6.622845537240980018e-01 1.189056331367762809e+01 1.794324563201298224e+04
6.787324170659588818e-01 1.185636663438606675e+01 1.570232295573042211e+04
6.953382135822601118e-01 1.182687842492901353e+01 1.379120516629271333e+04
7.122661458700121351e-01 1.179159194733876070e+01 1.206190289091800878e+04
7.293968952901023206e-01 1.175932769409171286e+01 1.053707442463472034e+04
7.469866900435374601e-01 1.172518304941484146e+01 9.224827385990098264e+03
7.650395370331356526e-01 1.169260086600803739e+01 8.047488337572901401e+03
7.836015224812096225e-01 1.165799225658705396e+01 7.027853992583744912e+03
8.026959904230592802e-01 1.162553472723204528e+01 6.111180412373970285e+03
8.223274507771093367e-01 1.159279149239524820e+01 5.311637700042853794e+03
8.425292738132171833e-01 1.155991978772280326e+01 4.608813176420398122e+03
8.633363649067635759e-01 1.152860731979913567e+01 4.000391456485026083e+03
8.847658462472324237e-01 1.149750571130525323e+01 3.464779238765351693e+03
9.068470769051543146e-01 1.146722531627259301e+01 2.996756863045326099e+03
9.295775704645425908e-01 1.144427055995292619e+01 2.594157360965100906e+03
9.529446448395486602e-01 1.140933269204760236e+01 2.234285185926460144e+03
9.769925522766138570e-01 1.138105809904828725e+01 1.928716855396806068e+03
1.001705100309302043e+00 1.135490049343315633e+01 1.661458904420713679e+03
1.027055472951651449e+00 1.132862284735322156e+01 1.432385852954410893e+03
1.053064326680437590e+00 1.130244088094468857e+01 1.232605684770347352e+03
1.079698082261873360e+00 1.127926493540732089e+01 1.058760696577502131e+03
1.106961109123802967e+00 1.125582820659415972e+01 9.108013278541699265e+02
1.134790756819758384e+00 1.123500120966122040e+01 7.782068809350365655e+02
1.163033204167222445e+00 1.121160706564002751e+01 6.744936509748139315e+02
1.191568142307664724e+00 1.119017737315848215e+01 5.802884927871714353e+02
1.220390864284438992e+00 1.117131212198808576e+01 4.971314918731847001e+02
1.249474259603017057e+00 1.115099758969129340e+01 4.282285097347915439e+02
1.278762560914527446e+00 1.113416637102925044e+01 3.724051075735338259e+02
1.308218307287166038e+00 1.111249513717631920e+01 3.218547053458382834e+02
1.337870390083236050e+00 1.109398189450470085e+01 2.784512104706152513e+02
1.367591886287324865e+00 1.107182276917330910e+01 2.412388379307856781e+02
1.397399518925037665e+00 1.105390105989235039e+01 2.091499595372814042e+02
1.427273087066605273e+00 1.103275289149227234e+01 1.814645527721370684e+02
1.457080191130144975e+00 1.101358956423828239e+01 1.577093402873283878e+02
1.486888959754159911e+00 1.099369088740150957e+01 1.370604346585603253e+02
1.516602043483762152e+00 1.097261033389850660e+01 1.188789891916047310e+02
1.546100503568066165e+00 1.095268675363211131e+01 1.041446092364602549e+02
1.575470294507566260e+00 1.093169187883640170e+01 9.094538136999341305e+01
1.604620540079968238e+00 1.091094123580110065e+01 7.946965558750956404e+01
1.633407496566567474e+00 1.088761907760194170e+01 6.967826135768875417e+01
1.661951302363259719e+00 1.086636946618631150e+01 6.096208363976915479e+01
1.690072733023206597e+00 1.084263027979383054e+01 5.359377542747122902e+01
1.717821072410155248e+00 1.081916634958764867e+01 4.710744452322256137e+01
1.745080310003864543e+00 1.079559717653529560e+01 4.132317392765093444e+01
1.771919188565015180e+00 1.077111081934758730e+01 3.657258030225603562e+01
1.798112685909686537e+00 1.074500947519420180e+01 3.220956955759061913e+01
1.823762632496908731e+00 1.071929304503856706e+01 2.855085356178133793e+01
