1.550982551689759603e+01 2.191799393479931801e-01 3.683552447462830693e+06
1.513559320687598841e+01 2.291643475840136057e-01 2.974901121546426322e+06
1.480978494754565666e+01 2.396844489193733219e-01 2.397819182622782886e+06
1.449350604460551395e+01 2.507397918435235185e-01 1.906944222153452691e+06
1.421670850171013001e+01 2.623430684894233478e-01 1.552858520821635379e+06
1.397430580204620654e+01 2.745240811167213857e-01 1.251134806209512055e+06
1.375136607281932122e+01 2.872957409766639936e-01 1.009735840466574067e+06
1.354359932145181844e+01 3.006689543354056360e-01 8.135925845357842045e+05
1.335323722686733205e+01 3.146514290109326262e-01 6.577437498852327699e+05
1.320280566395105382e+01 3.292650174281498421e-01 5.309701112531902036e+05
1.305063733915917901e+01 3.445194266680161599e-01 4.280918835594205884e+05
1.291759597807327609e+01 3.604332392380916184e-01 3.459472797045277548e+05
1.279206812485698563e+01 3.770152675445652135e-01 2.808088216863609268e+05
1.268003651905721263e+01 3.942733742857376655e-01 2.269489114040007116e+05
1.257848650735978069e+01 4.122049244054900030e-01 1.836851056076271925e+05
1.248595567412525043e+01 4.308367552588970861e-01 1.479998687278536090e+05
1.240671197500896561e+01 4.501704123169861793e-01 1.207457371846955793e+05
1.232826859204581282e+01 4.701844693258058760e-01 9.815659002527517441e+04
1.226157561824240183e+01 4.908881548023548702e-01 7.933619737824639014e+04
1.219816402052042115e+01 5.122734392002018522e-01 6.494963814915757393e+04
1.214184722455275356e+01 5.343602436415442192e-01 5.289714408094852843e+04
1.209137157002312968e+01 5.571357909154097676e-01 4.310418910738500563e+04
1.204307670489215276e+01 5.805489713929815609e-01 3.526328841753846791e+04
1.200191770380461875e+01 6.034586974290251371e-01 2.905692255134194784e+04
1.196124483655371762e+01 6.251316808152270754e-01 2.427052053232986873e+04
1.192145760191171355e+01 6.462096126301519750e-01 2.043028886826742746e+04
1.187881148012205479e+01 6.671027909775788522e-01 1.723636339153157314e+04
1.183885499517028350e+01 6.881028786401404140e-01 1.455598664756602739e+04
1.179648748094859023e+01 7.094767418112183366e-01 1.229947506994267133e+04
1.175236273809265874e+01 7.312445119737328580e-01 1.038090802951706610e+04
1.170882556811406161e+01 7.537212978147622700e-01 8.742036148440618490e+03
1.166734539547435467e+01 7.769698816709964539e-01 7.341836197661095866e+03
1.162256610103661991e+01 8.010906299045174039e-01 6.158566305944975284e+03
1.157979479286742652e+01 8.261552057050803866e-01 5.150012507091595580e+03
1.153648935142791032e+01 8.522339308635937805e-01 4.259066206164923642e+03
1.149813309788851612e+01 8.793795150852122822e-01 3.556604824241254391e+03
1.145739729216903413e+01 9.076274802328958557e-01 2.968209942397866143e+03
1.141976679248669591e+01 9.369941858515065114e-01 2.457031065008861788e+03
1.138326532559599080e+01 9.675158408432715795e-01 2.016901096324662831e+03
1.135077984605853096e+01 9.991637746266299747e-01 1.677013709414591858e+03
1.131493850129283452e+01 1.031931484685253864e+00 1.383308617718035521e+03
1.128396345872713979e+01 1.065805212901022481e+00 1.138958859245807162e+03
1.125781308234635247e+01 1.100744938954404395e+00 9.382069812992781408e+02
1.122773440903639930e+01 1.136705031452690529e+00 7.718783427412718083e+02
1.119840217678864924e+01 1.173627291469654388e+00 6.352840312040909794e+02
1.117328400154937462e+01 1.211442034885625629e+00 5.186506499045990495e+02
1.114932551556956319e+01 1.250071401376946056e+00 4.301514544419711683e+02
1.112635744240755109e+01 1.289437243233577002e+00 3.529322388899021803e+02
1.110691139540974426e+01 1.329436869434750257e+00 2.920201130467370945e+02
1.108282432680484320e+01 1.369972433651753807e+00 2.411949812283513950e+02
1.106135955801540582e+01 1.410942465904831966e+00 1.993723238614076081e+02
1.104229355919253130e+01 1.452222104769299360e+00 1.648976054961165687e+02
1.102133248948670641e+01 1.492244184167192955e+00 1.375028480163865368e+02
1.099919145463233860e+01 1.529437682082820160e+00 1.156080445202780282e+02
1.097384053932934833e+01 1.563958763260508755e+00 9.889893731501842922e+01
1.094553322052074051e+01 1.595980885145191541e+00 8.486739530321654001e+01
1.091381661099607214e+01 1.625704036650682083e+00 7.292075391767296821e+01
1.087840980502800825e+01 1.653185637352730497e+00 6.371966083940601067e+01
1.083930294625532120e+01 1.678631120116675923e+00 5.575250675306512704e+01
1.079702054664775268e+01 1.702142704908398807e+00 4.891917612081945066e+01
1.075180582220769665e+01 1.723818869933498865e+00 4.309783566631935514e+01
1.070390554328284693e+01 1.743758841740033816e+00 3.817081819793714459e+01
1.065124412076353089e+01 1.762033710622445515e+00 3.387760709071121568e+01
1.059710606917593090e+01 1.778742029188386198e+00 3.015553375788249113e+01
1.054067507093914813e+01 1.793894444445743197e+00 2.695062323270579796e+01
1.048104167194777858e+01 1.807608698165442451e+00 2.406579209744464976e+01
1.041925758043453953e+01 1.819922503587451112e+00 2.159755329352802278e+01
1.035636976779224483e+01 1.830884894995489454e+00 1.944962231829079968e+01
1.029059846858385718e+01 1.840550019836135087e+00 1.761168075017644696e+01
1.022350587714344350e+01 1.848995062524454447e+00 1.593330334864770670e+01
1.015392984430349443e+01 1.856420058553920560e+00 1.440460242028989235e+01
1.008370137535557909e+01 1.862896245252554817e+00 1.304876197374002444e+01
1.001179761224514841e+01 1.868513406797360110e+00 1.188003155063585226e+01
9.938634017029553291e+00 1.873208373750975264e+00 1.078070616017373951e+01
9.864779450762053870e+00 1.877063037424462122e+00 9.818552770013164732e+00
9.790565938839799642e+00 1.880220542982556919e+00 8.977587591231293018e+00
9.715684160433687211e+00 1.882233660935654695e+00 8.191024227035908822e+00
9.639524727107165347e+00 1.883609465880183853e+00 7.504924267201860566e+00
9.563807306917327722e+00 1.884217232859963342e+00 6.899246987874771975e+00
9.488330646992132245e+00 1.884013468309610584e+00 6.328481769352467978e+00
