1.550982551689759603e+01 2.191799393479931801e-01 3.683552447462830693e+06
1.519996140711379340e+01 2.276729756744165778e-01 3.081534692173064686e+06
1.489332275045430798e+01 2.365486081122692430e-01 2.544473198574837763e+06
1.462218059982909679e+01 2.458133310305808394e-01 2.122590953170565888e+06
1.437755731532554471e+01 2.554730999390296131e-01 1.758697031675083563e+06
1.415172087812288915e+01 2.655447076152985808e-01 1.466000208718491718e+06
1.395171945215927956e+01 2.760379322370056787e-01 1.221844217822343111e+06
1.375494209536255852e+01 2.869691627278886381e-01 1.004954687188262120e+06
1.358449347397679574e+01 2.983258106489810046e-01 8.446443244202769129e+05
1.342176360334839380e+01 3.101294200452512917e-01 7.032689248580523999e+05
1.327209406068497799e+01 3.223849185351040925e-01 5.868077387446279172e+05
1.313844695985376454e+01 3.351117690114764347e-01 4.879973201322123641e+05
1.301507772310735511e+01 3.483095969458674945e-01 4.072269853572768625e+05
1.290606585964993513e+01 3.619915900226423622e-01 3.404121710862054606e+05
1.279770652068755332e+01 3.761502920001247863e-01 2.832398325200248510e+05
1.270076492730498074e+01 3.908087745319447914e-01 2.351865457261663978e+05
1.261302449833271488e+01 4.059630023829255419e-01 1.977269090129574470e+05
1.252900740368302479e+01 4.216125551684589690e-01 1.655998048056610569e+05
1.245566864017565933e+01 4.377640696532692499e-01 1.383570422183139017e+05
1.238685433164933869e+01 4.544288674252022209e-01 1.157133345574624836e+05
1.232447656413473602e+01 4.716201767462326888e-01 9.579268981010175776e+04
1.226603779165501429e+01 4.892818457135424959e-01 8.104090860580398294e+04
1.222046806756982384e+01 5.074404441819772016e-01 6.801366412633670552e+04
1.216396651703234610e+01 5.261174448066525677e-01 5.706029571678431967e+04
1.211713512234441481e+01 5.452960453432397214e-01 4.791287152024515672e+04
1.207344442243116411e+01 5.649763776904515034e-01 4.031363981249617791e+04
1.203638603525008577e+01 5.850746370587986966e-01 3.389433116736059310e+04
1.199924543608278071e+01 6.044363020539467168e-01 2.882373877246410120e+04
1.196198604801418952e+01 6.229692636166233033e-01 2.477011082827704740e+04
1.193151430672594060e+01 6.410270234975186110e-01 2.131230657022910236e+04
1.189642958151576302e+01 6.588938947820101033e-01 1.840729999564779428e+04
1.186191431696802390e+01 6.767572558130636740e-01 1.593415054814971882e+04
1.182702441447346153e+01 6.947909093424985416e-01 1.380503257692780062e+04
1.178907680121613843e+01 7.131035170642567866e-01 1.186373387281967553e+04
1.175091230118372998e+01 7.318054748178225433e-01 1.034010459066771909e+04
1.171489829679547334e+01 7.509868054857313791e-01 8.927129194993845886e+03
1.167754586005545114e+01 7.707218992088513687e-01 7.645250015187708414e+03
1.164109605738880404e+01 7.910903751549436258e-01 6.625634181690098558e+03
1.160219718606623651e+01 8.121021115043438598e-01 5.695872481736131704e+03
1.156731534235435355e+01 8.338356231044803391e-01 4.879630354651306334e+03
1.153076546873749031e+01 8.563302920282045427e-01 4.180856107250438072e+03
1.149804597231153203e+01 8.796150697495348503e-01 3.542362070040313029e+03
1.146517694298312051e+01 9.036857158749137531e-01 3.045355704950820837e+03
1.143287226593594852e+01 9.285858868752353557e-01 2.593832357099522596e+03
1.140394930078829283e+01 9.543129846699899277e-01 2.206302937709056550e+03
1.137148734005243789e+01 9.809129213936690350e-01 1.874645840614594363e+03
1.134124061893317581e+01 1.008257384352466035e+00 1.591840584220972232e+03
1.131338567784232652e+01 1.036465131539539897e+00 1.347910180103919629e+03
1.128778797256161504e+01 1.065471077683355361e+00 1.143059733262731470e+03
1.126238968066510004e+01 1.095259260479069852e+00 9.686887353251470358e+02
1.123752086050705046e+01 1.125797386453070370e+00 8.198822473939814017e+02
1.121612195931460754e+01 1.157040751339777573e+00 6.942781439110854080e+02
1.119195853672339247e+01 1.188972043473822016e+00 5.876938153879449374e+02
1.117031295273240410e+01 1.221529933937200108e+00 4.976503201899188298e+02
1.115288174283262812e+01 1.254673794042784341e+00 4.214960756743253114e+02
1.113248641254125637e+01 1.288343061152570579e+00 3.566316044590126921e+02
1.111439970548585343e+01 1.322474605806237102e+00 3.030116602922979041e+02
1.109230268905717587e+01 1.357024058365305486e+00 2.569595538242415387e+02
1.107486361861247737e+01 1.391907500156726707e+00 2.183447930722233536e+02
1.105766155912439785e+01 1.426833691431472984e+00 1.858812627616007660e+02
1.104029620296148195e+01 1.460364795045303365e+00 1.591997303051487336e+02
1.102111806298014507e+01 1.492263753305931306e+00 1.374851857636005832e+02
1.100117970346225071e+01 1.522586912021562267e+00 1.192855962664024361e+02
1.097801857995859187e+01 1.551432508991906323e+00 1.042146299473189686e+02
1.095399661676838399e+01 1.578824064514563474e+00 9.098541833443262306e+01
1.092649548953851379e+01 1.604687289522362503e+00 8.046771749536097218e+01
1.089607905164694479e+01 1.628875470119010016e+00 7.119930406853579541e+01
1.086405639315125882e+01 1.651461417715559321e+00 6.330079984774221913e+01
1.082972617862143316e+01 1.672570771792757816e+00 5.649290022989508486e+01
1.079257334328140416e+01 1.692205231112790864e+00 5.061644285945172328e+01
1.075333041186664396e+01 1.710511871566589459e+00 4.542157351809062504e+01
1.071220284876468831e+01 1.727494101962691486e+00 4.096183810032771078e+01
1.066730401803047279e+01 1.743205731496500599e+00 3.698964135662197350e+01
1.062217660936420316e+01 1.757710713295927762e+00 3.352067818841159408e+01
1.057411996648124486e+01 1.771089793361393161e+00 3.028580432093217567e+01
1.052501332019975777e+01 1.783374024643934908e+00 2.756171841340472284e+01
1.047311072608605187e+01 1.794581165940363210e+00 2.510619797940186970e+01
1.042039965023091064e+01 1.804715718667386781e+00 2.293844034779966279e+01
1.036607023890348245e+01 1.813926364744858244e+00 2.098258582316264764e+01
1.031014526086091010e+01 1.822115690330697202e+00 1.931102548808006603e+01
