2.191799393479931801e-01 1.550982551689759603e+01 3.683552447462830693e+06
2.291760444242747496e-01 1.519109765741974272e+01 3.031471974279134534e+06
2.397072454751824067e-01 1.478945305437814994e+01 2.393276791254851036e+06
2.507724133343692818e-01 1.448708089426509638e+01 1.926791472052296624e+06
2.623947412321423478e-01 1.421631112688108978e+01 1.551225237284496659e+06
2.745922432208542929e-01 1.397468558651993931e+01 1.249759048809755826e+06
2.873814168056230134e-01 1.375075527836649059e+01 1.008322822349339142e+06
3.007739546479178405e-01 1.354698966848443398e+01 8.110468424552722136e+05
3.147714034821474383e-01 1.336924366925532226e+01 6.553655366864091484e+05
3.294113884330047148e-01 1.319865837629467542e+01 5.291382637780761579e+05
3.446885461764118141e-01 1.304940907507429237e+01 4.278502041520895436e+05
3.606204663315124015e-01 1.291452371646468933e+01 3.439991350206373609e+05
3.772374545623550790e-01 1.278797750540445932e+01 2.795489872322262381e+05
3.945223605831849056e-01 1.268206728582787335e+01 2.260560146705522202e+05
4.124845823171136017e-01 1.257975536368906155e+01 1.836317496263948269e+05
4.311446792016240259e-01 1.248650016830144871e+01 1.487812284474927874e+05
4.505105983297283956e-01 1.240263708273682397e+01 1.205595146247927478e+05
4.705605062271033812e-01 1.232860809363505794e+01 9.774538718203731696e+04
4.912986237232804809e-01 1.226109181628914691e+01 7.940475948448240524e+04
5.127227542677962324e-01 1.219836123707443321e+01 6.465167036640039441e+04
5.348485073654624111e-01 1.214150916608920383e+01 5.261767422027570137e+04
5.576634716513219070e-01 1.209147253259215127e+01 4.289414868285926059e+04
5.811161662520372140e-01 1.204334223203935572e+01 3.507729224733786396e+04
6.040530335296313558e-01 1.199988944184723927e+01 2.887142507532234595e+04
6.258853248458122742e-01 1.195947202998366166e+01 2.415566073611742831e+04
6.471956342757371194e-01 1.192011440630738939e+01 2.028576174858560626e+04
6.683563596725292655e-01 1.187902047241647452e+01 1.708006926028992166e+04
6.896912928970223566e-01 1.183695293300573503e+01 1.442472545366276063e+04
7.114068249779438302e-01 1.179225718391513489e+01 1.217764665349281677e+04
7.336869109264938515e-01 1.175305342241486528e+01 1.022055938205479652e+04
7.566564398203617925e-01 1.171088201611382651e+01 8.605069732431114971e+03
7.804471039909143260e-01 1.166998490253944532e+01 7.205104022654232722e+03
8.051494782600542299e-01 1.162506448813831561e+01 6.027729575073293745e+03
8.308422212263149031e-01 1.158523355765419360e+01 5.027395230087283380e+03
8.575924730394702822e-01 1.154509551451124949e+01 4.175912258488591760e+03
8.854415971135828345e-01 1.150532736180697313e+01 3.471816989074335197e+03
9.144302206010797018e-01 1.146837485425129266e+01 2.876580174447513400e+03
9.446079653512190477e-01 1.143234943202711129e+01 2.375376365450753838e+03
9.759028732639000170e-01 1.139725613845160090e+01 1.961903679258033435e+03
1.008392199552567758e+00 1.136664739125472323e+01 1.614593877805268221e+03
1.042036434820472035e+00 1.133391584566976640e+01 1.322141982781664638e+03
1.076794643104284965e+00 1.130482116655665514e+01 1.094475562568731675e+03
1.112649217900191223e+00 1.127701903817466800e+01 8.994754235971566914e+02
1.149539658682406484e+00 1.125141457876061502e+01 7.387128988698325429e+02
1.187401608656271979e+00 1.122561484535921217e+01 6.067615381310895373e+02
1.226169815057163381e+00 1.120385725404232780e+01 4.986324342005526660e+02
1.265760523542243332e+00 1.118463783754229723e+01 4.076020587840041571e+02
1.306086135870390796e+00 1.116109155802336517e+01 3.373803658355540733e+02
1.346945058369788173e+00 1.114393016299358941e+01 2.780394676704269159e+02
1.386414252109583467e+00 1.112138815098998457e+01 2.303101455928040480e+02
1.423840155743611335e+00 1.110129794615582455e+01 1.938591953075046206e+02
1.459315966860506242e+00 1.107644041864634588e+01 1.636591808208267480e+02
1.492970184351901208e+00 1.104957417124225394e+01 1.396400758699809899e+02
1.524884500689436706e+00 1.102043282752413056e+01 1.196826783652080906e+02
1.555134293519715216e+00 1.098790635514873948e+01 1.029696028518486060e+02
1.583805119963018537e+00 1.095231909092134437e+01 8.853065616440021302e+01
1.610965257373837778e+00 1.091355992311618017e+01 7.712149484061545479e+01
1.636652505201439345e+00 1.087200960414711659e+01 6.690995656667058711e+01
1.660933473161629426e+00 1.082764602788463648e+01 5.867001610382465060e+01
1.683839441519371372e+00 1.078062691223915692e+01 5.141172071311651592e+01
1.705399157534271293e+00 1.073127549728879693e+01 4.499939865393593408e+01
1.725655263700688336e+00 1.067927686062563097e+01 3.965536018252709027e+01
1.744829651523723157e+00 1.062570503705160441e+01 3.499245352274079579e+01
1.762341834024909293e+00 1.056833351416256939e+01 3.108285076940648395e+01
1.778801969938537786e+00 1.050963148231068089e+01 2.764076370265663485e+01
1.794054973741753489e+00 1.045029238096444679e+01 2.450108562837003134e+01
1.808104842095509701e+00 1.038750221476846214e+01 2.190921781259810430e+01
1.821135207243702592e+00 1.032384608544535531e+01 1.951000422336285212e+01
1.832688834945915168e+00 1.025826494362421926e+01 1.755573627653420843e+01
1.843263321330491200e+00 1.019171721956929488e+01 1.569308556611010097e+01
1.852915942294397045e+00 1.012465440056817378e+01 1.414443690518854702e+01
1.861181708307413585e+00 1.005549007903913150e+01 1.277717810357354722e+01
1.868290485745354834e+00 9.985028789419187589e+00 1.154971429886487222e+01
1.874614857635778398e+00 9.914564704818381813e+00 1.042857835022636337e+01
1.879798885424201815e+00 9.843708320119064936e+00 9.486904038346580137e+00
1.883761717266496660e+00 9.770982029416686032e+00 8.634107475265256681e+00
1.886907533192907938e+00 9.697158568425123804e+00 7.897856719442643225e+00
1.889089575037714797e+00 9.623857470347612519e+00 7.219419190658985741e+00
1.890327619747292021e+00 9.550422448599636738e+00 6.610381029986240442e+00
1.890662378948866573e+00 9.476671443580457321e+00 6.073879450177811279e+00
