2.191799393479931801e-01 1.550982551689759603e+01 3.683552447462830693e+06
2.273412889043835983e-01 1.519475761894104515e+01 3.082331529741634149e+06
2.358520970276907214e-01 1.490884773648347661e+01 2.583699192525908351e+06
2.447321167947502651e-01 1.465247468756015259e+01 2.163058165257466957e+06
2.539682806436046048e-01 1.441552236713917345e+01 1.808953976838646922e+06
2.635869113209785009e-01 1.419268055909219406e+01 1.516061896345590707e+06
2.735929428329467727e-01 1.399215495814496357e+01 1.272184843284517992e+06
2.839960867011867007e-01 1.380414080289826373e+01 1.065004798901098780e+06
2.947964407891973115e-01 1.363155057624309308e+01 8.953058127079415135e+05
3.060108932184085195e-01 1.347538290691738716e+01 7.487868862334341975e+05
3.176688222250403371e-01 1.332534635895563291e+01 6.284347778676865855e+05
3.297060808918615415e-01 1.319362899122462807e+01 5.270016663349331357e+05
3.421946444431901435e-01 1.307316182477801725e+01 4.425236437727069715e+05
3.551378220801495456e-01 1.296123946561327678e+01 3.716478334611037280e+05
3.685150500511685800e-01 1.285171548891347193e+01 3.126411798390784534e+05
3.823558858263720328e-01 1.275313220306210127e+01 2.620697275282150658e+05
3.966410038619171408e-01 1.266271222430789578e+01 2.207753348493351659e+05
4.113839640104945405e-01 1.258316260337466908e+01 1.854979182564317016e+05
4.266019542916958951e-01 1.250793398736981032e+01 1.561995581847398134e+05
4.422705333902456903e-01 1.243524958847786621e+01 1.315756087230358971e+05
4.584482522756440082e-01 1.237220386255670590e+01 1.106583287177104503e+05
4.750508204268602541e-01 1.231028539447134129e+01 9.360890447145317739e+04
4.921273899011152642e-01 1.225564465904251854e+01 7.892342098784567497e+04
5.096658485612456380e-01 1.220515785147331478e+01 6.650400553498469526e+04
5.276776043703857999e-01 1.215920920305470432e+01 5.617833145664125186e+04
5.461529253008629015e-01 1.211531940193651380e+01 4.757209432125839521e+04
5.650930450421233209e-01 1.207276564914504213e+01 4.027750858539452747e+04
5.844083476265937716e-01 1.203649262303695266e+01 3.405990556267100328e+04
6.031589311439823353e-01 1.200185940909890547e+01 2.911912141733685348e+04
6.211773844536682132e-01 1.196892252935064427e+01 2.509692790274334402e+04
6.387691278628998548e-01 1.193656314870317381e+01 2.150847546831735599e+04
6.562246717163153775e-01 1.190240098846933314e+01 1.882193164979186258e+04
6.736789481298486315e-01 1.186807669112929098e+01 1.638119639419682426e+04
6.912892331857506401e-01 1.183501036942183759e+01 1.423084136268662041e+04
7.092441305415759789e-01 1.180080606978332725e+01 1.236588702520839252e+04
7.274490362492063156e-01 1.176635834618841336e+01 1.074635487157108946e+04
7.461655969875349292e-01 1.173183670635544829e+01 9.303697351829885520e+03
7.654016500689493352e-01 1.169789828043786883e+01 8.058612812209840740e+03
7.852338381755045171e-01 1.166173436225955840e+01 6.974044614021233429e+03
8.056800594792199455e-01 1.162962597942607701e+01 6.016857587828159922e+03
8.268056432317949511e-01 1.159640861669563350e+01 5.186692621468504512e+03
8.486559136759085353e-01 1.156258303530109011e+01 4.457072836573283894e+03
8.712224195878175426e-01 1.153095114972355617e+01 3.834055168395113469e+03
8.945579836177539601e-01 1.149921060469966250e+01 3.284102732109048247e+03
9.186712964753187549e-01 1.147126955312269203e+01 2.812155743975588848e+03
9.435684246891592464e-01 1.144089465251081350e+01 2.403231262092493125e+03
9.692703633867857382e-01 1.141264181256979882e+01 2.053565046322501075e+03
9.957643214353493200e-01 1.138655077494441414e+01 1.753032545555837032e+03
1.023039138091169864e+00 1.136204559278436044e+01 1.492612578363024795e+03
1.051089357268239155e+00 1.133572115855953477e+01 1.271146361890285789e+03
1.079899877755290838e+00 1.131106761716483788e+01 1.083011212286280852e+03
1.109440231955596268e+00 1.129086875146616187e+01 9.225595267252741678e+02
1.139693591840784892e+00 1.126899178574398164e+01 7.847809118708835285e+02
1.170619201931223596e+00 1.124968689740458139e+01 6.676019852299056083e+02
1.202186067392225999e+00 1.123236774388379722e+01 5.650800819347643937e+02
1.234346824691263667e+00 1.121249490132052884e+01 4.834425702089279753e+02
1.267059713551635713e+00 1.119767099101984975e+01 4.110716127454065827e+02
1.300270446160927351e+00 1.117796920461839427e+01 3.506459076616413313e+02
1.333927196257815417e+00 1.116223591044048113e+01 2.989523416933974431e+02
1.367970912790102744e+00 1.114698272165722237e+01 2.547893927946038559e+02
1.402353368417331936e+00 1.113166190088056062e+01 2.164943270245606186e+02
1.436990985171365809e+00 1.111707738522315125e+01 1.860801494081603664e+02
1.471834416316829985e+00 1.110468922230426791e+01 1.590269452050920052e+02
1.506804583882850102e+00 1.108920902554011256e+01 1.362113169645222968e+02
1.541843513127969967e+00 1.107493480982765455e+01 1.167991581336435303e+02
1.576873164985771902e+00 1.106118264440815402e+01 1.004822169002398340e+02
1.611698452240922119e+00 1.104654479265675349e+01 8.641149009099972034e+01
1.645552064732781705e+00 1.103164078635509426e+01 7.467789704518311567e+01
1.678272454775763034e+00 1.101672353627168732e+01 6.479856625243907331e+01
1.709873645085008942e+00 1.099899733320918926e+01 5.627635006941961393e+01
1.740276881330266256e+00 1.098021349471475006e+01 4.942284870369714866e+01
1.769576035577528739e+00 1.096064113363565440e+01 4.336730692387270381e+01
1.797748047836391416e+00 1.093820860237663517e+01 3.814221016681781151e+01
1.824771359365738865e+00 1.091510033347272035e+01 3.369837571882445815e+01
1.850686859450940913e+00 1.088999852115926714e+01 2.985507609512749738e+01
1.875504153199673452e+00 1.086270574098118225e+01 2.651569471928266353e+01
1.899172232858595377e+00 1.083438532029581225e+01 2.357453501573995069e+01
1.921760405113456471e+00 1.080451809500127247e+01 2.096330146758251090e+01
1.943244045283658128e+00 1.077192765088797621e+01 1.874338190209706312e+01
1.963650196855693419e+00 1.073939143183964440e+01 1.680148211172693706e+01
