2.191799393479931801e-01 1.550982551689759603e+01 3.683552447462830693e+06
2.284532579780766126e-01 1.516053351692874074e+01 3.009625298503263388e+06
2.381567402208453477e-01 1.484597790390808747e+01 2.471128015670238063e+06
2.483415509938083354e-01 1.455522347676754613e+01 2.015423102820388507e+06
2.589965234565470564e-01 1.429758107373812415e+01 1.650101512533924310e+06
2.701427387538872238e-01 1.405708477828030922e+01 1.350582109153565718e+06
2.817927078633638560e-01 1.384271981529833084e+01 1.105606523319208063e+06
2.939611711982952347e-01 1.364760867861868832e+01 9.087899349729729583e+05
3.066419814317777881e-01 1.346562581081906629e+01 7.430513663449004525e+05
3.198720099677657691e-01 1.330215377286249634e+01 6.094353309770632768e+05
3.336474472723030549e-01 1.315601104960571632e+01 4.991336882093249005e+05
3.479737629958696843e-01 1.301792628867636203e+01 4.095493767027279828e+05
3.629044099297715764e-01 1.289749968549490688e+01 3.355364781567880418e+05
3.783507542425393333e-01 1.277944237409162298e+01 2.759817580089582480e+05
3.944165271873050771e-01 1.267879119023654333e+01 2.264743113442121830e+05
4.110700389735660876e-01 1.258819870748923186e+01 1.863052333099534153e+05
4.283095448290340501e-01 1.249706453896675384e+01 1.534927062852302042e+05
4.461569605085347612e-01 1.242067133014227132e+01 1.261232868423935724e+05
4.646093169189388639e-01 1.234722664175224516e+01 1.040135946075080428e+05
4.836262356416591301e-01 1.228377560876815267e+01 8.581246171523648081e+04
5.032672678396533650e-01 1.222275660509966499e+01 7.081557486663253803e+04
5.234992190837218784e-01 1.216841953563166534e+01 5.842619111209113908e+04
5.443264984676372542e-01 1.211789553042486922e+01 4.841076653699708550e+04
5.657479846064437101e-01 1.207165795589947699e+01 4.001364077183904737e+04
5.875326134998187788e-01 1.203024945034455229e+01 3.321254821599658317e+04
6.078037830780359529e-01 1.199298099337423196e+01 2.770520230243325204e+04
6.265109304703133652e-01 1.195525918073303728e+01 2.394065969055425376e+04
6.442894661658581379e-01 1.191693326672769260e+01 2.064093546426063767e+04
6.615202916319904425e-01 1.187520877244354089e+01 1.786296022336110036e+04
6.784728808181451631e-01 1.183313263490335032e+01 1.549154033370129036e+04
6.953512825466009462e-01 1.179059617608867150e+01 1.344779128415081686e+04
7.123359699322640015e-01 1.174518848856532038e+01 1.166566773654039389e+04
7.295445501596634630e-01 1.169814960057825282e+01 1.009944902060219101e+04
7.471111085328441259e-01 1.165102753812727698e+01 8.742052384601229278e+03
7.651165845502676532e-01 1.160047465940012934e+01 7.545528657592648415e+03
7.836435271519409662e-01 1.155055914368780279e+01 6.509346991844087825e+03
8.027583554232091689e-01 1.149839145747031921e+01 5.596922264057885513e+03
8.225663204202543488e-01 1.145018299512043036e+01 4.808129294647086681e+03
8.429463492838209504e-01 1.139883237953045025e+01 4.108060378917917660e+03
8.641127169853314305e-01 1.135073230640712971e+01 3.515651434061349846e+03
8.860345814458552294e-01 1.129895618349700470e+01 2.990810654614021587e+03
9.087222316681936585e-01 1.124911694031888310e+01 2.547292756818544149e+03
9.321911624393349749e-01 1.120369036145703667e+01 2.161206218524703218e+03
9.564565131365176942e-01 1.115575374904256734e+01 1.831438282191797725e+03
9.814936657925148467e-01 1.110684613151881628e+01 1.550934454332156292e+03
1.007307544138736688e+00 1.106082537227713125e+01 1.310642586150599072e+03
1.033878354337261385e+00 1.101617774782685011e+01 1.100193737216142608e+03
1.061160549494794214e+00 1.097337930383927862e+01 9.341784269301332415e+02
1.089147204661749191e+00 1.092867112900425752e+01 7.873466284106457351e+02
1.117787228160766588e+00 1.088680434131409136e+01 6.642163627634662362e+02
1.147039214703341914e+00 1.084909403045857879e+01 5.594133336388092630e+02
1.176849205349835836e+00 1.080766872756127306e+01 4.712569309802027533e+02
1.207169007785272807e+00 1.077217486474244268e+01 3.973801594419406911e+02
1.237927684412821305e+00 1.073119556932132923e+01 3.351353531629583813e+02
1.269060437398222829e+00 1.069479813573586746e+01 2.828580835374925186e+02
1.300500781867583555e+00 1.066006599021861589e+01 2.378099454791116329e+02
1.332176388048504245e+00 1.062129759013297381e+01 2.020526559380506910e+02
1.364011503131522973e+00 1.058644673756977284e+01 1.703009124432801116e+02
1.395925891420572773e+00 1.055133241651313369e+01 1.447628198055622022e+02
1.427842879973312940e+00 1.051692638282519177e+01 1.223588896542480313e+02
1.459676365620319771e+00 1.048225797016640648e+01 1.045171167307502884e+02
1.491347483542053265e+00 1.044759926582305276e+01 8.898318890239228551e+01
1.522776528788991390e+00 1.041369914681202680e+01 7.588415339565000295e+01
1.553883769510402413e+00 1.037869052203673448e+01 6.480797079310336528e+01
1.584590413225450689e+00 1.034418319396989716e+01 5.548446299547016736e+01
1.614817490250307186e+00 1.030962696777616117e+01 4.743051573744500615e+01
1.644488539287721096e+00 1.027417408128677501e+01 4.093859420861003429e+01
1.673538087760531035e+00 1.023812398094210252e+01 3.524271563249878625e+01
1.701893757628669457e+00 1.020198446674377557e+01 3.045456768871219921e+01
1.728905619218110035e+00 1.016656845979405510e+01 2.641723825101025014e+01
1.752814765843755174e+00 1.012961483481396563e+01 2.319163535650809038e+01
1.773620539626602932e+00 1.009081315229579978e+01 2.046987772104284531e+01
1.791535502930526214e+00 1.004917489080530935e+01 1.832944977645628271e+01
1.806774472503390738e+00 1.000567692586872681e+01 1.655409077593194311e+01
1.819581054957780664e+00 9.960244912045171262e+00 1.500080809851965036e+01
1.830142053426319082e+00 9.912130753165897090e+00 1.363881568901750718e+01
1.838640873483637916e+00 9.861141972646299436e+00 1.249297484210701370e+01
1.845251525678011539e+00 9.807926467083568411e+00 1.150169063676039727e+01
1.850147586631013530e+00 9.753136928543263195e+00 1.061944546272991019e+01
1.853385378668591432e+00 9.695879708580253720e+00 9.864056061811758980e+00
