1.550982551689759603e+01 2.191799393479931801e-01 3.683552447462830693e+06
1.518728567718389044e+01 2.278057329315635315e-01 3.059023221196111757e+06
1.488999183684745198e+01 2.368376252421998951e-01 2.536255276505880058e+06
1.464650667652376015e+01 2.462455114868742079e-01 2.123043940836027730e+06
1.437245651407765301e+01 2.560739320352020121e-01 1.747313684755318100e+06
1.414152552375925254e+01 2.663279225206630629e-01 1.447745619509688113e+06
1.393116624538319037e+01 2.770168128722404477e-01 1.198770663588287076e+06
1.373554667268375518e+01 2.881512830583028983e-01 9.964940812024344923e+05
1.356204398409015077e+01 2.997352093551696739e-01 8.268961583061262500e+05
1.340419925106596999e+01 3.117770477875544954e-01 6.859495122452647192e+05
1.325281017095284142e+01 3.242937644775731321e-01 5.703674008659084793e+05
1.312343527863920656e+01 3.372877678067067175e-01 4.743625311723976629e+05
1.299377143670148982e+01 3.507719946420104762e-01 3.940110000502656912e+05
1.288031318408869907e+01 3.647634470118116257e-01 3.277394293355303816e+05
1.277409330755685346e+01 3.792397163007162342e-01 2.724508573729431373e+05
1.268222267942547887e+01 3.942243650869440841e-01 2.269064159364860097e+05
1.258848849088783339e+01 4.097337260483976396e-01 1.892672254143957689e+05
1.251051529704410470e+01 4.257539853887722936e-01 1.577731722733752104e+05
1.243636281639761343e+01 4.422759845689342439e-01 1.314748338587535254e+05
1.236821591807268561e+01 4.593658796691471591e-01 1.085197516339900176e+05
1.230561792551177902e+01 4.769329463922048484e-01 9.153494541189310257e+04
1.224615938773726320e+01 4.950225714863382698e-01 7.664770580000309565e+04
1.219714124882569628e+01 5.136351749149664636e-01 6.407808316715018736e+04
1.214542805576888362e+01 5.327709590818003882e-01 5.367773019761084288e+04
1.210229907939127614e+01 5.524230943655712434e-01 4.494720155046625587e+04
1.205924557975708744e+01 5.725608491828182434e-01 3.769342169807516620e+04
1.202096403027044147e+01 5.928885497033212770e-01 3.171378158748185160e+04
1.198583668560742055e+01 6.124107889264895910e-01 2.697781238662102987e+04
1.194990636657859362e+01 6.313988029039608874e-01 2.307939165598704494e+04
1.191637554720292513e+01 6.501631459095570387e-01 1.983126283585357305e+04
1.188014140064176338e+01 6.689533602649390120e-01 1.704365926338531426e+04
1.184477624135890039e+01 6.879394463140802163e-01 1.466538579568165369e+04
1.181037987920457866e+01 7.072618719705859869e-01 1.262148789692537866e+04
1.177549567819666798e+01 7.271049508605773593e-01 1.083697673582396419e+04
1.173991925761620791e+01 7.473602955395520775e-01 9.301859429209715017e+03
1.170450229865937786e+01 7.683103145025875769e-01 7.899520573112626153e+03
1.167066220987380376e+01 7.899557571997837258e-01 6.747306897660587310e+03
1.163779353799736249e+01 8.123513099162162909e-01 5.812682813320517198e+03
1.160192120678165928e+01 8.355524059007450877e-01 4.954857040347405018e+03
1.157268836276011115e+01 8.595916352701100660e-01 4.206899134760444213e+03
1.153795207455098115e+01 8.845139736102148875e-01 3.571572760882128023e+03
1.150979311545564343e+01 9.103304107355124630e-01 3.029798107350001374e+03
1.148367077391884372e+01 9.370593807908653705e-01 2.564484621096881256e+03
1.145412898013781877e+01 9.647109652749611408e-01 2.166447748109071654e+03
1.142787232771911121e+01 9.932817627987060582e-01 1.829110951548633238e+03
1.140326357121445966e+01 1.022770651164703004e+00 1.542956094206471107e+03
1.138081149411002713e+01 1.053162845388074587e+00 1.298352138772134822e+03
1.136184825837619350e+01 1.084442514370207888e+00 1.094415897074147097e+03
1.133828793216886943e+01 1.116582460290852952e+00 9.146032072210606430e+02
1.132239620319029072e+01 1.149525169017434401e+00 7.750900642680741157e+02
1.130294632142592448e+01 1.183276020871310452e+00 6.523641593556861835e+02
1.128373935636727410e+01 1.217749085158148281e+00 5.461943184273093266e+02
1.126812259660396265e+01 1.252920893760050003e+00 4.622387598084414435e+02
1.125375791380307788e+01 1.288528081446521867e+00 3.903487305786541697e+02
1.123887712317939247e+01 1.323731692449559461e+00 3.303961129899510070e+02
1.122682973836625031e+01 1.358364889367538408e+00 2.808527409576863647e+02
1.120750506678710678e+01 1.392440806368483441e+00 2.397176083189960991e+02
1.119249257359061467e+01 1.425909544704345056e+00 2.052594407843960482e+02
1.117401570459238513e+01 1.458808515007428142e+00 1.766292722321513793e+02
1.115494319639102727e+01 1.491129042114803349e+00 1.520766948257060847e+02
1.113343742471711018e+01 1.522851809580129334e+00 1.313224236445838358e+02
1.111161122224074305e+01 1.553893200677690878e+00 1.137629761446394809e+02
1.108890429851646076e+01 1.584338654024625370e+00 9.866980052757959641e+01
1.106439166652129202e+01 1.614093604576537944e+00 8.584633248769242186e+01
1.103672581758024229e+01 1.643170099523075578e+00 7.470808895670403160e+01
1.100892917803892246e+01 1.671547363620058180e+00 6.538452842085317229e+01
1.097994326781540764e+01 1.699165429102670100e+00 5.694167613003787665e+01
1.094903370805889331e+01 1.726062491610011129e+00 4.993898333609626405e+01
1.091690972897053236e+01 1.752157843808651583e+00 4.388957339357194343e+01
1.088353463324965453e+01 1.777428548188146218e+00 3.877479672782631326e+01
1.084885334247240074e+01 1.801886430769825020e+00 3.419999110183618285e+01
1.081161236530487635e+01 1.825507562847056509e+00 3.021057497704150663e+01
1.077472120756787710e+01 1.848246066880542715e+00 2.666886104316524353e+01
1.073593381634939448e+01 1.870207903012563788e+00 2.371506571276432851e+01
1.069601342882635642e+01 1.891137726153094611e+00 2.106341798036812207e+01
1.065439691274371548e+01 1.911145488814895543e+00 1.877061806832904978e+01
1.061160079891691765e+01 1.930103092022778855e+00 1.675087177122761872e+01
1.056760817218553150e+01 1.948236656216074003e+00 1.497875037049359648e+01
1.052309978779234179e+01 1.965393657118805981e+00 1.342305969942243316e+01
1.047785126755669971e+01 1.981596011798005597e+00 1.204947496370906102e+01
