2.191799393479931801e-01 1.550982551689759603e+01 3.683552447462830693e+06
2.277722348292018639e-01 1.518624852282134619e+01 3.066677165727811866e+06
2.367613876728706379e-01 1.487892420431795060e+01 2.534014689955651294e+06
2.461361054402219917e-01 1.461594121176377215e+01 2.103509832046512514e+06
2.559222335831988215e-01 1.437180385355209822e+01 1.746923194076263579e+06
2.661298285958087484e-01 1.414011354832560841e+01 1.449739710565060843e+06
2.767690228606574654e-01 1.393298570202377284e+01 1.204522449502026197e+06
2.878511393986198930e-01 1.374241853680769232e+01 9.994963453583515948e+05
2.993762293717198708e-01 1.356979014983273224e+01 8.313025630259700119e+05
3.113811495099484961e-01 1.340052812648667491e+01 6.916989764525971841e+05
3.238072208866233925e-01 1.326422489002184157e+01 5.740312559469529660e+05
3.367355100293333292e-01 1.312356284777525772e+01 4.775331625245823525e+05
3.501478607733822246e-01 1.300029495242019628e+01 3.965798558671376086e+05
3.640763462427787922e-01 1.288427352916119162e+01 3.303017816266716109e+05
3.784522375452028520e-01 1.277946813183799080e+01 2.756935647437801817e+05
3.933574270822536301e-01 1.268613885399544117e+01 2.294118960369999695e+05
4.087750883230885646e-01 1.259544645690760944e+01 1.911759282324627275e+05
4.247170801434194676e-01 1.251847662736079592e+01 1.592964678104156046e+05
4.411286163051134079e-01 1.244283900789604402e+01 1.331631687847572321e+05
4.580983095014803941e-01 1.237581957903701024e+01 1.112085971621087083e+05
4.755825390339717962e-01 1.231093581342544496e+01 9.284847182211324980e+04
4.935655817995662775e-01 1.225175618474866468e+01 7.782458446043310687e+04
5.120653607108619498e-01 1.220083606051173497e+01 6.462459731616979116e+04
5.310834470680154684e-01 1.214905270446277186e+01 5.452456878995790612e+04
5.506146499999087229e-01 1.210572636593590445e+01 4.579015669016919855e+04
5.706376692869217226e-01 1.206552816134275474e+01 3.837696312792785466e+04
5.909236550321289583e-01 1.202499883309777928e+01 3.228911096484634254e+04
6.104439301050943456e-01 1.198870924263462889e+01 2.740432050566592443e+04
6.293975956561714824e-01 1.195471490523123137e+01 2.348063994385759725e+04
6.480792702787911974e-01 1.191954689082120034e+01 2.015863444878373411e+04
6.667866158033428636e-01 1.188673433463276119e+01 1.734925205040076980e+04
6.856397245567826815e-01 1.185128867540489672e+01 1.494177858586291586e+04
7.048373697614882527e-01 1.181353372964498938e+01 1.285547019387389082e+04
7.244408477520608569e-01 1.177964073365363440e+01 1.105660573292273875e+04
7.445876676880976985e-01 1.174383611928515236e+01 9.488269771300298089e+03
7.653448300608931554e-01 1.170930132554527425e+01 8.139936761834149365e+03
7.867840170225920415e-01 1.167657275633418301e+01 6.959338087753876607e+03
8.089769768173329378e-01 1.164174891252238808e+01 5.940133128441248118e+03
8.319300432038098103e-01 1.160786306893255215e+01 5.072719419606738484e+03
8.557253626310137307e-01 1.157540370760203707e+01 4.315088035985716488e+03
8.803834008126503186e-01 1.154208005307860319e+01 3.671401489691997085e+03
9.059246174859272305e-01 1.151393112914682959e+01 3.115710748582502220e+03
9.323724631833845145e-01 1.148545118102241602e+01 2.636921432526782610e+03
9.597282338464829810e-01 1.145733195803584081e+01 2.230842775553572210e+03
9.880010319202171543e-01 1.143109502038872982e+01 1.885455066197783935e+03
1.017182865201828879e+00 1.140558598290188463e+01 1.589565025075996346e+03
1.047268016435083160e+00 1.138229315436036337e+01 1.341447774389676397e+03
1.078229929550609700e+00 1.136107496579047371e+01 1.131297240626631265e+03
1.110042236797511572e+00 1.134395863161486417e+01 9.521984262174262312e+02
1.142676163111660870e+00 1.132085721832397596e+01 8.023312615756217383e+02
1.176104326673092393e+00 1.130209313219882006e+01 6.757934945973344156e+02
1.210258582430375984e+00 1.128515640240926210e+01 5.693722832198818651e+02
1.245121110577740664e+00 1.126952782063735015e+01 4.795821710779796376e+02
1.280607504081776593e+00 1.125350549947215129e+01 4.042264272104339966e+02
1.316675251452714468e+00 1.123988198148817297e+01 3.412699687758170626e+02
1.353256078480693958e+00 1.122649830434420437e+01 2.876640813944816841e+02
1.390272228485258887e+00 1.121260637239005575e+01 2.431048217659302964e+02
1.427630575118816525e+00 1.120196449005727324e+01 2.055826216382167217e+02
1.464486285982341318e+00 1.118872889344929433e+01 1.747196509767731811e+02
1.500491241884598592e+00 1.117627738764048217e+01 1.482794064142648551e+02
1.535614189103257754e+00 1.116113474279840823e+01 1.277089654278353805e+02
1.569825867339965209e+00 1.114558234394048952e+01 1.099654836525767791e+02
1.603168383950182019e+00 1.112817079119046682e+01 9.493064580136608299e+01
1.635608822963700248e+00 1.111006803397964049e+01 8.214066583452081716e+01
1.667073526812916651e+00 1.109017212238800987e+01 7.129363741238420005e+01
1.697640097877586296e+00 1.106689583580059377e+01 6.216268020651347825e+01
1.727276143350152005e+00 1.104382918685845105e+01 5.428656021965658596e+01
1.755981128243324418e+00 1.101823588154723943e+01 4.753431072355817832e+01
1.783711624633188553e+00 1.099047654501782922e+01 4.167650852505062176e+01
1.810464729253419280e+00 1.096176470729226615e+01 3.665934803725157565e+01
1.836255069819552554e+00 1.093154370732114700e+01 3.232767288751762891e+01
1.861036222764122838e+00 1.089910954867198889e+01 2.842625117500211118e+01
1.884828318091436916e+00 1.086610437013982100e+01 2.528797906054727562e+01
1.907594120120433834e+00 1.083019901277077857e+01 2.243971704528256694e+01
1.929456611908203056e+00 1.079378650419653063e+01 1.996234269934133465e+01
1.950158326623545380e+00 1.075562822704703336e+01 1.780166459032974657e+01
1.969728406132040810e+00 1.071563649243056560e+01 1.589690138067014047e+01
1.988348255156090261e+00 1.067502902191975345e+01 1.417761517930528825e+01
2.005974871631634127e+00 1.063285748203380976e+01 1.274912017969425548e+01
2.022561787787004128e+00 1.058982663748500563e+01 1.142812698943003547e+01
