2.191799393479931801e-01 1.550982551689759603e+01 3.683552447462830693e+06
2.272440079373939381e-01 1.521830776426883247e+01 3.111116216938941274e+06
2.356496122486886891e-01 1.492907949899638176e+01 2.598744434038212057e+06
2.444169186608815547e-01 1.466712462109481585e+01 2.186712854626059998e+06
2.535323076087212524e-01 1.442535737366011261e+01 1.828530891949390061e+06
2.630188547810571320e-01 1.420754461826888715e+01 1.531378083831066266e+06
2.728921081059585974e-01 1.400718482118011643e+01 1.274315962051207433e+06
2.831364057967359349e-01 1.381980439363546154e+01 1.081966210154524073e+06
2.938004637111310546e-01 1.364554214290334500e+01 9.080570852266850416e+05
3.048207301241785405e-01 1.348857029922390183e+01 7.634706676903880434e+05
3.162774488070754786e-01 1.334484353744597840e+01 6.416268456094324356e+05
3.281473400708299071e-01 1.321387388760783743e+01 5.392804919678373262e+05
3.404337261699822981e-01 1.308647737653008036e+01 4.531689276920893462e+05
3.531522700750807098e-01 1.297309967481854720e+01 3.786449021301330067e+05
3.663061547805976925e-01 1.286995449350497189e+01 3.214167362239130307e+05
3.799051611473080459e-01 1.276961939686396263e+01 2.707012639503421960e+05
3.939471908093445940e-01 1.268039094274583434e+01 2.279474534344577696e+05
4.084407341596763552e-01 1.259962609314506565e+01 1.918697016137545870e+05
4.233821261039877326e-01 1.252305955012365501e+01 1.606041564108750608e+05
4.387740610010527065e-01 1.245061786195594244e+01 1.366975352741263341e+05
4.546357528448521923e-01 1.238716073754374669e+01 1.152620640981462493e+05
4.709624150741594240e-01 1.232657737059200720e+01 9.744806690202685422e+04
4.877375720197894560e-01 1.227116023485718799e+01 8.226770436576081556e+04
5.049403702138094419e-01 1.221887026357677009e+01 6.962284176117007155e+04
5.226180878838297961e-01 1.217094211031489337e+01 5.895084480588739825e+04
5.407495734250604702e-01 1.212801524258931529e+01 4.996925932555818872e+04
5.593338262676514905e-01 1.208804650681829429e+01 4.234757636521753739e+04
5.783338826993883464e-01 1.204847327997132567e+01 3.557963241612177808e+04
5.972674172997776143e-01 1.201234260457905734e+01 3.057844431279585478e+04
6.154912495324935673e-01 1.198154257311643534e+01 2.626803623347425309e+04
6.333385801741376886e-01 1.194721217281582071e+01 2.273164550973318183e+04
6.510994395136766588e-01 1.191777109512825916e+01 1.967550029910323428e+04
6.688982309189615005e-01 1.188341926336394572e+01 1.705428340857409057e+04
6.869000928840697240e-01 1.184985369295343460e+01 1.480793760823128105e+04
7.052225042927360299e-01 1.181745665885562424e+01 1.284003573994790531e+04
7.239560095860726463e-01 1.178487166925919460e+01 1.112577083920680525e+04
7.431829042254044504e-01 1.175330896996999286e+01 9.629610517639752288e+03
7.629610881434135683e-01 1.172034198522176851e+01 8.319829037358833375e+03
7.833609403889957301e-01 1.169138169806894290e+01 7.181277054206865614e+03
8.044307245652321248e-01 1.165859402294485569e+01 6.184896652895249645e+03
8.262074969432362526e-01 1.162807707949587410e+01 5.325487475758692199e+03
8.487315458063870999e-01 1.159679272784851634e+01 4.567119140332281859e+03
8.720331165499914938e-01 1.156765179887632833e+01 3.885462971844082404e+03
8.961302131708379637e-01 1.154214124524352947e+01 3.353367909076563137e+03
9.210290835300510848e-01 1.151665620026311032e+01 2.864493208863550080e+03
9.467662358795628785e-01 1.149419607278460198e+01 2.447333216406392239e+03
9.733296459520442978e-01 1.146745183540664037e+01 2.087968007171970839e+03
1.000720893430099290e+00 1.144408098445185296e+01 1.777691730967316744e+03
1.028932110363071972e+00 1.142292740312484689e+01 1.514370045131721781e+03
1.057957177093477252e+00 1.140402877046952312e+01 1.279866192356644206e+03
1.087774943956212770e+00 1.138524134284847023e+01 1.095377986392249795e+03
1.118357054627955538e+00 1.136993405899979237e+01 9.316067273835716378e+02
1.149689484528868988e+00 1.135008908876351441e+01 7.918932002606561582e+02
1.181729806777428227e+00 1.133709217101947075e+01 6.731149768603481789e+02
1.214416953978510127e+00 1.132134465672278978e+01 5.725898414519391508e+02
1.247238494222685734e+00 1.130778807404172603e+01 4.879332050670168428e+02
1.279967967824041208e+00 1.129349042595061903e+01 4.170588193930562397e+02
1.312578672074544484e+00 1.128065539195123002e+01 3.571210140711575605e+02
1.345047476155971200e+00 1.126980145809793221e+01 3.064910829929454508e+02
1.377335543594849110e+00 1.125401899828965924e+01 2.625558228642112795e+02
1.409448763188702713e+00 1.123854993002037794e+01 2.278197666182420562e+02
1.441342493773842826e+00 1.122281228019530985e+01 1.969460381849155226e+02
1.473034343660104106e+00 1.120677215255006764e+01 1.694252720967194819e+02
1.504390888583017505e+00 1.118958393063324941e+01 1.477994647817836835e+02
1.535485475153095969e+00 1.117267575978677030e+01 1.281332275188589449e+02
1.566240730697634698e+00 1.115373540185684398e+01 1.115587357136901261e+02
1.596596484442772912e+00 1.113438844086955370e+01 9.728556860706773080e+01
1.626544312584631724e+00 1.111365121934454159e+01 8.492539373578199502e+01
1.656068758515452988e+00 1.109232252993028034e+01 7.425856222882934787e+01
1.685097547880201496e+00 1.106944749413997009e+01 6.501446349466442598e+01
1.713612151185121668e+00 1.104587794500197795e+01 5.703625020590678218e+01
1.741574566449041184e+00 1.102147371883249960e+01 5.011786274914548756e+01
1.768944490555572457e+00 1.099616253080876582e+01 4.409011681909401403e+01
1.795694299726931398e+00 1.096917120270864388e+01 3.885680285147666524e+01
1.821892136786767757e+00 1.094217999695774424e+01 3.431059065678726228e+01
1.847205280159784913e+00 1.091307199556361063e+01 3.036310866959405175e+01
1.871870644771688630e+00 1.088303565669417772e+01 2.685140007988211153e+01
1.895902473758120932e+00 1.085310716818204391e+01 2.386488247354646219e+01
1.918966358934212080e+00 1.082118075292447301e+01 2.122699942822321617e+01
1.941332025759178848e+00 1.078812237944529961e+01 1.887306804194614784e+01
