2.191799393479931801e-01 1.550982551689759603e+01 3.683552447462830693e+06
2.267255672132763300e-01 1.523814309993857563e+01 3.151803625663343351e+06
2.345650294147489656e-01 1.495897409653312948e+01 2.652828868085223716e+06
2.427262098810482605e-01 1.473538141745921592e+01 2.255143760641925968e+06
2.511838778730093868e-01 1.448883864621745055e+01 1.914184120674418518e+06
2.599689887413549894e-01 1.427211779657960733e+01 1.623242207260335796e+06
2.690839727617275190e-01 1.407893920546093369e+01 1.375989831149400445e+06
2.785346574741007220e-01 1.392565775812532358e+01 1.167326642489173217e+06
2.883299256836757141e-01 1.373706266871433002e+01 9.915967048304068157e+05
2.984871475146800290e-01 1.358219928839283241e+01 8.416921056350826984e+05
3.089631472358891906e-01 1.343287554155308960e+01 7.158919428945323452e+05
3.198172400489076583e-01 1.329986000706279548e+01 6.084132925463843858e+05
3.310370477908148867e-01 1.318013104079154729e+01 5.176963407220733934e+05
3.426478114792156915e-01 1.306820659549121899e+01 4.405890113638690091e+05
3.546052579630931678e-01 1.296293810726820617e+01 3.740852451886555646e+05
3.669532892697459636e-01 1.286498393459273082e+01 3.183866874317630427e+05
3.797034927521745762e-01 1.277129851019476803e+01 2.712062987832254148e+05
3.928273664310752977e-01 1.269845617683853156e+01 2.308863799280249514e+05
4.063555638099082268e-01 1.260802394735910426e+01 1.970245367743070528e+05
4.202703479671858200e-01 1.253901468967250032e+01 1.675190510816812166e+05
4.346040446945119706e-01 1.246842716772226822e+01 1.431384418358772818e+05
4.493339307676336158e-01 1.240612101147635116e+01 1.218476712947039196e+05
4.644583559330941469e-01 1.234397824953052059e+01 1.040369836274946865e+05
4.799662269571633444e-01 1.229550139885107285e+01 8.835024014386224735e+04
4.958882741357201196e-01 1.224495370083216095e+01 7.594758104490845290e+04
5.122069760765185498e-01 1.219783966077648252e+01 6.431053626578417607e+04
5.289235654588888558e-01 1.215395958350829453e+01 5.569550701982033206e+04
5.460399852010360267e-01 1.211623609890722086e+01 4.757934649097792862e+04
5.635539029915725973e-01 1.207631955641984334e+01 4.073921505828345835e+04
5.814120845720350816e-01 1.204074224720323194e+01 3.498244674057587690e+04
5.996782447892712309e-01 1.200977109979933566e+01 2.999247699174858644e+04
6.183671583258769644e-01 1.197758216400009346e+01 2.575153273974480908e+04
6.375303459620547120e-01 1.194957536485859428e+01 2.210444999844431004e+04
6.571975572936540333e-01 1.192282700279944407e+01 1.896514398921198517e+04
6.774097658029074598e-01 1.189758179444143416e+01 1.627018198910431602e+04
6.981688731815646198e-01 1.186906383408071264e+01 1.397448903389099905e+04
7.195276640753357489e-01 1.184844545403357507e+01 1.198169154823898680e+04
7.414707174157872949e-01 1.182934026153835383e+01 1.026901726052195772e+04
7.640140804554906850e-01 1.181025773605437479e+01 8.791611814694431814e+03
7.871831397006270326e-01 1.179117123082925289e+01 7.540680015301841195e+03
8.109515423021963487e-01 1.177609030346226859e+01 6.474245814696593698e+03
8.353237188251172451e-01 1.176185963441497329e+01 5.531229971494528399e+03
8.603116948979074863e-01 1.174813154403425308e+01 4.736661531282883516e+03
8.858934278428896025e-01 1.173587734266883231e+01 4.060828573056075129e+03
9.120555969999900592e-01 1.172370134099935335e+01 3.483697491782994803e+03
9.387785563569220892e-01 1.171066385553033662e+01 2.983621406128323542e+03
9.660587883667138831e-01 1.170457632158872130e+01 2.557747142026054917e+03
9.938540861038180907e-01 1.170173995621153118e+01 2.194180963063261515e+03
1.022157511019461396e+00 1.169061330898459339e+01 1.882984336189863825e+03
1.050922807443095630e+00 1.168217931562276313e+01 1.616435341000355947e+03
1.080139050080955787e+00 1.167177533617500984e+01 1.389263293583641826e+03
1.109757323128286899e+00 1.166590597613224745e+01 1.195470440818753104e+03
1.139740502437029734e+00 1.165964696047526772e+01 1.028849537474335193e+03
1.170065134615996705e+00 1.165320707521765087e+01 8.847945488677713684e+02
1.200685788071098159e+00 1.164787821285110780e+01 7.642321823666973160e+02
1.231557735232486461e+00 1.164271053625635943e+01 6.599264408118076517e+02
1.262626693949146395e+00 1.163498554173391319e+01 5.694397234966450014e+02
1.293873734109395546e+00 1.163110681562054793e+01 4.933079588783188569e+02
1.325224869144513873e+00 1.162341848965880509e+01 4.272476196384951663e+02
1.356666386289519188e+00 1.161455855068412291e+01 3.705183615781634785e+02
1.388114850262449185e+00 1.160920237033693780e+01 3.216854833695288107e+02
1.419552030193016456e+00 1.160049715954377980e+01 2.796998352227595888e+02
1.450889527359694453e+00 1.158913686164153134e+01 2.422694780532575294e+02
1.482121190430846669e+00 1.157982618692722987e+01 2.123898910296160807e+02
1.513174691727668941e+00 1.156985201566032018e+01 1.854970103980589329e+02
1.544000625065913068e+00 1.155658154518918401e+01 1.621449435029992401e+02
1.574554865648379431e+00 1.154524400381165350e+01 1.420491882461143689e+02
1.604791222743856993e+00 1.153107469747897973e+01 1.246856780160643012e+02
1.634657819089869957e+00 1.151700128329999195e+01 1.094537752677178162e+02
1.664111206462206116e+00 1.150088967236291637e+01 9.644971641004418927e+01
1.693115360103320199e+00 1.148499445086231319e+01 8.499840396503751094e+01
1.721614391267344724e+00 1.146644443988234485e+01 7.481008797911772490e+01
1.749568975292622230e+00 1.144802932060211909e+01 6.630967278192589731e+01
1.776957987084018864e+00 1.142703254979203997e+01 5.876644305529483603e+01
1.803721390180501150e+00 1.140575289022767436e+01 5.214616655975265758e+01
1.829833475925530584e+00 1.138255229847115046e+01 4.636847535510239737e+01
1.855262113119745315e+00 1.135873187224487779e+01 4.127099911727157888e+01
1.879977001133311010e+00 1.133344422412599251e+01 3.682909404884111382e+01
1.903948603193601929e+00 1.130739835371145219e+01 3.276587117270809557e+01
1.927150573985269455e+00 1.127958604570675938e+01 2.936325474362400811e+01
1.949572214334937437e+00 1.125080264326026658e+01 2.640255716338443293e+01
1.971175807877286745e+00 1.122109444430657810e+01 2.372215376500786022e+01
1.991949021934841024e+00 1.118939021479111950e+01 2.133883759143627401e+01
2.011878047852502682e+00 1.115679332391479939e+01 1.923562859028987049e+01
2.030959069080437551e+00 1.112327728862930876e+01 1.738125626531033774e+01
2.049168101208814541e+00 1.108888702576978602e+01 1.571692254440458747e+01
2.066501968649720133e+00 1.105272025470530650e+01 1.424167743410508891e+01
2.082953204064429631e+00 1.101580928219788902e+01 1.289712074484285687e+01
2.098350124770777647e+00 1.097818242196896676e+01 1.177602374971266030e+01
2.111777439232628506e+00 1.094004336047781756e+01 1.079245460951080737e+01
2.119717857037012099e+00 1.090472803976822647e+01 1.011097840184868168e+01
2.122269849262883756e+00 1.086910539397131004e+01 9.653660011862571722e+00
2.120725915605599532e+00 1.083270543409803821e+01 9.323216617426389519e+00
2.116105823396456032e+00 1.079501517989566750e+01 9.152711018102161589e+00
2.109140642800743759e+00 1.075666798007592817e+01 9.024994316541567585e+00
2.100377826640034140e+00 1.071784789986318387e+01 8.954173697593088121e+00
2.090240637459234829e+00 1.067809971039971728e+01 8.930442816352332613e+00
2.079012122404793939e+00 1.063836003204892044e+01 8.934470948252638323e+00
2.066943190243015760e+00 1.059901130646110268e+01 8.972593582211130681e+00
2.054182260115963388e+00 1.055977235817364246e+01 9.041880421303272186e+00
