2.191799393479931801e-01 1.550982551689759603e+01 3.683552447462830693e+06
2.273463715789539874e-01 1.520672079110993025e+01 3.081079226305468474e+06
2.358627550345839263e-01 1.491261811803552639e+01 2.587948211606475525e+06
2.447478423881783716e-01 1.465145470062304334e+01 2.159309478632415645e+06
2.539905292239126866e-01 1.441264802605396689e+01 1.809620288223697571e+06
2.636154796615403084e-01 1.419757167799709485e+01 1.518947548472680850e+06
2.736284148665835136e-01 1.399448546975552254e+01 1.270594147795550292e+06
2.840393810355409943e-01 1.380778454574641145e+01 1.064346931027514627e+06
2.948473699095113809e-01 1.363224736401758896e+01 8.929456186039738823e+05
3.060709747235717537e-01 1.348081972862653544e+01 7.478722345136506483e+05
3.177383033063962969e-01 1.332692259784478850e+01 6.284011455328328302e+05
3.297852707809746931e-01 1.319991796514641536e+01 5.279224911006072070e+05
3.422857714928752570e-01 1.307062392464050582e+01 4.421522921605453594e+05
3.552398358724186411e-01 1.295496874725555614e+01 3.715129134442369104e+05
3.686460425528847451e-01 1.285167069511085813e+01 3.115386789982134942e+05
3.824786745232360841e-01 1.275159259787450772e+01 2.619225933267479413e+05
3.967779872665143093e-01 1.266508722487081506e+01 2.203022185579896905e+05
4.115311301453410397e-01 1.258149152964817574e+01 1.851698654239728639e+05
4.267638955291936931e-01 1.250611937601912160e+01 1.560538642955569958e+05
4.424475949065664326e-01 1.243421289939171537e+01 1.313451753609213629e+05
4.586399222631135086e-01 1.237192252141295334e+01 1.106408880206238246e+05
4.752585950584866104e-01 1.230563973213568474e+01 9.330494363013375551e+04
4.923502622084462987e-01 1.225439834958519647e+01 7.861540461650573707e+04
5.099050474354837048e-01 1.220453917902783658e+01 6.645981733039482788e+04
5.279339280113622968e-01 1.215500073234332135e+01 5.613451297815709404e+04
5.464268283314145380e-01 1.211410647092185755e+01 4.747096779066768067e+04
5.653850364368480097e-01 1.207261273776343202e+01 4.016795226407637529e+04
5.847787720239151499e-01 1.203561835186087947e+01 3.398738801667135704e+04
6.046102781656013114e-01 1.200062673794504775e+01 2.879092758184667764e+04
6.249498934743170642e-01 1.196670061166480181e+01 2.443692334303401367e+04
6.458829037861697486e-01 1.193400412903908858e+01 2.072758525145860040e+04
6.674237013715318412e-01 1.190954897730911632e+01 1.738435958415678033e+04
6.896439327071256509e-01 1.188193924321389794e+01 1.486057596304605067e+04
7.125171628683434344e-01 1.185799151143858943e+01 1.259202514672827056e+04
7.360983550804248710e-01 1.183497930436838885e+01 1.065514724369712349e+04
7.604221553440337900e-01 1.181233981875584504e+01 9.017456495841775904e+03
7.854438935640262187e-01 1.179250384840658938e+01 7.632934147327945539e+03
8.112185383930073934e-01 1.177730955714029193e+01 6.446087682048733768e+03
8.377104763451598268e-01 1.175890423087496295e+01 5.455182522728169715e+03
8.649265815354225673e-01 1.174442526843731116e+01 4.611804520299167052e+03
8.928496864973913816e-01 1.173462088815019122e+01 3.901012868408583472e+03
9.214779676629237803e-01 1.172340711781848555e+01 3.272313433550384161e+03
9.507669774511413596e-01 1.171241144416932478e+01 2.790205068285473772e+03
9.806906972204568751e-01 1.170288532055139186e+01 2.362923637246421094e+03
1.011242657343409901e+00 1.169295389731390777e+01 2.002107497635631034e+03
1.042372762161941635e+00 1.169005245801693071e+01 1.683622846988889705e+03
1.074045209476928608e+00 1.167871174757713426e+01 1.439621706574333302e+03
1.106216980582648501e+00 1.167662550639912844e+01 1.221484505331419314e+03
1.138863579008466242e+00 1.166968855816436701e+01 1.037736651304523093e+03
1.171903257336344373e+00 1.166195638394146172e+01 8.828076848573333564e+02
1.205307103579214001e+00 1.165419917942305084e+01 7.520165086936474381e+02
1.239018847621527808e+00 1.165004020099168791e+01 6.409075272696559296e+02
1.272962681093265491e+00 1.164320530790017116e+01 5.467875096771429071e+02
1.307118726784863849e+00 1.163954678214280136e+01 4.673576616903513923e+02
1.341400558346774519e+00 1.163072589046883110e+01 4.000993467339687868e+02
1.375748924298383802e+00 1.162274441879161024e+01 3.431366203396574974e+02
1.410107957995287098e+00 1.161730084645269123e+01 2.946827304907604912e+02
1.444411599403611079e+00 1.160703670008499344e+01 2.534264299377425971e+02
1.478594423834702187e+00 1.159900136127433257e+01 2.182327700613284662e+02
1.512595064494566488e+00 1.158629854248550650e+01 1.883838847970349661e+02
1.546352702682441516e+00 1.157441708153263171e+01 1.628409201907655017e+02
1.579799699045219441e+00 1.156265262754394563e+01 1.409217511500741011e+02
1.612873801979054278e+00 1.154816057812913144e+01 1.217291681868298951e+02
1.645527943222284906e+00 1.153329534488053376e+01 1.063823283024598112e+02
1.677687470568028916e+00 1.151710572368832786e+01 9.261124070111161188e+01
1.709304648093444179e+00 1.149949261944049717e+01 8.080677576003179752e+01
1.740318581845261559e+00 1.148081367352539672e+01 7.057986552433973770e+01
1.770677647542558519e+00 1.146009808196693847e+01 6.181841468246589244e+01
1.800347549807358005e+00 1.143876673710305703e+01 5.426208309373418359e+01
1.829260890639511583e+00 1.141533275734487241e+01 4.770104262714698962e+01
1.857352614881569552e+00 1.139068057055933991e+01 4.185165788486476401e+01
1.884507422119415576e+00 1.136440318099969460e+01 3.713956800273878400e+01
1.910618681865764223e+00 1.133678112478582456e+01 3.288296565370688285e+01
1.935567528363222545e+00 1.130792473396557973e+01 2.921201516576769563e+01
1.959263829073276675e+00 1.127694374916487341e+01 2.602337272822513725e+01
1.981616855356057583e+00 1.124452600643327571e+01 2.325992441993106397e+01
2.002526194649168367e+00 1.121051935788131715e+01 2.079286781434813847e+01
2.021927409830835742e+00 1.117370167008124326e+01 1.877820765394322677e+01
2.039781316112601051e+00 1.113610195984473705e+01 1.696114089672779102e+01
2.055992625856908340e+00 1.109604096217645086e+01 1.537870308446482781e+01
2.070529903327182453e+00 1.105475497104338878e+01 1.401177257057276471e+01
2.083340576841215874e+00 1.101139922611015365e+01 1.280760700394220919e+01
2.094391361390722128e+00 1.096630452137594247e+01 1.175590736604401343e+01
2.103687631756967047e+00 1.091888050667957977e+01 1.080054318229656118e+01
2.111193553173865922e+00 1.087068659191107400e+01 1.003211603241227756e+01
2.116878913714436816e+00 1.082050449743180032e+01 9.336064729507604909e+00
2.120764511370548888e+00 1.076950875987209244e+01 8.727760839832106043e+00
2.122846148033263880e+00 1.071705814424596959e+01 8.203597131026167943e+00
2.123113883264245327e+00 1.066378851763420954e+01 7.754540671574162936e+00
2.121584719331544910e+00 1.060932629332425670e+01 7.345425566799094419e+00
2.118261205562958160e+00 1.055478384686833238e+01 7.022193978980433293e+00
2.113199380523458348e+00 1.050133833265755534e+01 6.784941202581137532e+00
2.106444111183769952e+00 1.044947235697121712e+01 6.585713368723264516e+00
2.098534941615900706e+00 1.040702845645327024e+01 6.476523321116927079e+00
2.088621566429667009e+00 1.036641537013525216e+01 6.429409951118837618e+00
2.076643601497812242e+00 1.032261565129366510e+01 6.440841465543951649e+00
2.063123135881153036e+00 1.027404927148593039e+01 6.440380821086889362e+00
2.048382192242508726e+00 1.022252073992112464e+01 6.449747472327690190e+00
2.032645649249478659e+00 1.016685033343916089e+01 6.454001568781112752e+00
2.016089092397673088e+00 1.010776267034026787e+01 6.455287323512567177e+00
