2.191799393479931801e-01 1.550982551689759603e+01 3.683552447462830693e+06
2.281704307888871575e-01 1.516946669848729812e+01 3.026587741199060809e+06
2.375788042896536667e-01 1.486122913330648565e+01 2.493770075870458968e+06
2.474310048541803198e-01 1.457261675908387843e+01 2.053034083936222829e+06
2.577258593856256996e-01 1.433017591063375207e+01 1.692101662077641580e+06
2.684823653248238351e-01 1.408921543714366109e+01 1.390865697040087543e+06
2.797126200837764531e-01 1.391123876335829301e+01 1.143917737593188649e+06
2.914318186845991088e-01 1.368258236067058675e+01 9.425849128198577091e+05
3.036261023976100093e-01 1.351299395635770573e+01 7.765295798098199302e+05
3.163420961237609630e-01 1.334554186664284714e+01 6.405609056595197180e+05
3.295627074768404663e-01 1.320209973528939429e+01 5.281292970003968803e+05
3.433087980560240449e-01 1.306035207393444786e+01 4.364251255231315154e+05
3.575913215687726576e-01 1.293975565765181912e+01 3.559156562190750265e+05
3.724012154096504323e-01 1.282148926496053498e+01 2.971707398904304719e+05
3.877707757886478257e-01 1.271732269639225521e+01 2.457062917531324201e+05
4.036886580469285501e-01 1.262273910541807531e+01 2.030070087656601099e+05
4.201635756078713202e-01 1.254078610051416476e+01 1.678411305414986564e+05
4.372081988625444171e-01 1.245823326042866519e+01 1.392201508345023321e+05
4.548140877759594969e-01 1.238525959514467267e+01 1.153329306893831963e+05
4.729965609618717037e-01 1.231890898461609751e+01 9.546828743753692834e+04
4.917244621019173367e-01 1.225659207822684849e+01 7.918429090529216046e+04
5.110096295578280268e-01 1.220026839742938307e+01 6.588677187650054111e+04
5.308653488344605709e-01 1.214957490259291717e+01 5.463689743238488882e+04
5.512809746194088367e-01 1.210372728996405733e+01 4.549545623632550269e+04
5.722255307605804697e-01 1.206235985122971321e+01 3.780910300411428034e+04
5.937397620971067713e-01 1.201977047124522535e+01 3.152306796005390061e+04
6.157812609655362035e-01 1.198169893583248680e+01 2.630779945613339805e+04
6.385239509053903806e-01 1.194797018425808943e+01 2.191807593173070563e+04
6.620111277964493279e-01 1.191504465648357680e+01 1.830707242553869219e+04
6.862645776997112756e-01 1.188390175783680469e+01 1.528123632098403687e+04
7.113675660270601941e-01 1.185822785258823586e+01 1.270368706553090851e+04
7.373238771041659145e-01 1.183437786995513541e+01 1.056593909110812638e+04
7.641877168791221253e-01 1.180968792058245853e+01 8.795601894318846462e+03
7.919187721440004157e-01 1.179107917914522297e+01 7.310712294859951726e+03
8.205665996730184819e-01 1.177207603096805144e+01 6.042198286461118187e+03
8.500982146614491919e-01 1.175437018924135657e+01 5.055422218647931913e+03
8.805226452001712056e-01 1.174080067849962994e+01 4.206894189168428056e+03
9.118034582861005433e-01 1.172633463594014636e+01 3.495989666338041388e+03
9.439247314339203054e-01 1.171638342891024465e+01 2.910261735311011762e+03
9.768563625196391431e-01 1.170794475560342818e+01 2.418306425490815400e+03
1.010553402909049048e+00 1.169678408632208289e+01 2.015079438583741421e+03
1.044973123893210953e+00 1.168967212244101006e+01 1.678209239515633499e+03
1.080062954106806306e+00 1.168286352925097304e+01 1.400449364320549648e+03
1.115766662766045414e+00 1.167658908005728335e+01 1.169905349393754250e+03
1.152040413532885443e+00 1.167178151876947823e+01 9.768649180642819374e+02
1.188794197397821106e+00 1.166438891222186847e+01 8.128417743171518168e+02
1.225966867278405203e+00 1.165801747642290387e+01 6.849580281854600798e+02
1.263439439923364382e+00 1.165657966399522749e+01 5.750287417705543476e+02
1.301057159967190291e+00 1.164643546561356224e+01 4.846170570254827226e+02
1.338687887499320217e+00 1.164232080862428909e+01 4.056846430054089296e+02
1.376190843662911556e+00 1.163189547576532767e+01 3.430000621422283302e+02
1.413450484466210577e+00 1.162332199453152626e+01 2.924585548134925830e+02
1.450313427602482941e+00 1.161574068896379508e+01 2.486549056778123941e+02
1.486675625783852928e+00 1.160154189767821009e+01 2.119540117034119930e+02
1.522400913312548232e+00 1.158838102695811045e+01 1.812691410626744641e+02
1.557362978152797561e+00 1.157321035164763856e+01 1.556106801918678002e+02
1.591491254737805283e+00 1.155607407451834234e+01 1.338753510592310931e+02
1.624689365494992321e+00 1.153681108086263585e+01 1.155294533819623695e+02
1.656856378545358277e+00 1.151539998825630740e+01 1.000621554102753663e+02
1.687892657723912171e+00 1.149158642298368527e+01 8.695585617955146063e+01
1.717780002588029875e+00 1.146525200872748051e+01 7.547986566292233590e+01
1.746416931180130305e+00 1.143649823390560272e+01 6.610759084558932841e+01
1.773781346043606488e+00 1.140496623357365635e+01 5.817842243513747036e+01
1.799801023497038521e+00 1.137173510453492042e+01 5.092458867641800424e+01
1.824464160671076751e+00 1.133537842316470545e+01 4.517625407541936511e+01
1.847736224001051530e+00 1.129728725490793195e+01 4.003442119675204935e+01
1.869607138165876092e+00 1.125756837662285292e+01 3.556345957040703354e+01
1.890059404925297892e+00 1.121396399209162276e+01 3.169951268411328371e+01
1.909086099379306622e+00 1.116874187366108906e+01 2.821419250590928840e+01
1.926680226480084634e+00 1.112096580605566309e+01 2.539897598251103261e+01
1.942879093861239026e+00 1.107162491624227130e+01 2.278360334319667402e+01
1.957669908971778616e+00 1.102031812507295960e+01 2.059785467140318715e+01
1.971074015377832778e+00 1.096665520092236434e+01 1.863005749857983773e+01
1.983117868684415530e+00 1.091170972202854905e+01 1.689466904055347385e+01
1.993818838170656083e+00 1.085494369421352268e+01 1.531311744126326069e+01
2.003211896298180417e+00 1.079637513921003134e+01 1.400199346306616910e+01
2.011343293681611133e+00 1.073633729222273026e+01 1.280904764098517923e+01
2.018218214456816373e+00 1.067470318608714841e+01 1.174137295286336524e+01
2.023893446320417677e+00 1.061187271371931651e+01 1.078973195184711820e+01
2.028405369792897428e+00 1.054792570005051822e+01 9.935987796308964448e+00
2.031790995015435808e+00 1.048331820738629538e+01 9.179842664518497841e+00
2.034084768871345261e+00 1.041738974145134655e+01 8.495796832285572364e+00
2.035337799203490228e+00 1.035013755582054173e+01 7.887416912878179254e+00
2.035591609536146152e+00 1.028190436063967539e+01 7.306565375378044180e+00
2.034854872347963362e+00 1.021470154827310672e+01 6.844494788103349769e+00
2.033160068626739481e+00 1.014513230051353609e+01 6.400560172313817020e+00
2.030525677660182549e+00 1.007642697596218362e+01 5.986951463933835704e+00
2.026964147224396218e+00 1.000719696645854206e+01 5.626378183297135571e+00
2.022509129728180088e+00 9.938377836911330476e+00 5.306934024647305570e+00
2.017188812199672387e+00 9.868890555465080539e+00 5.023683260814174822e+00
2.011033657637776528e+00 9.800142617351326635e+00 4.763928261224280369e+00
2.004084816576601646e+00 9.731338724661110717e+00 4.541756022514850777e+00
1.996364731381018665e+00 9.662856421366395665e+00 4.336455666953340504e+00
1.987913491983296588e+00 9.594771355139412705e+00 4.150749211666494354e+00
1.978792551860528715e+00 9.527640905687320583e+00 3.975987918284977329e+00
1.969033117685928369e+00 9.460915644420886395e+00 3.831886917178290997e+00
1.958662095158020033e+00 9.394857651385853714e+00 3.698506585408992020e+00
1.947738144078295042e+00 9.328981579006644154e+00 3.595306755025761358e+00
1.936303085941786906e+00 9.265044656402979584e+00 3.486806066787956127e+00
1.924437971642298129e+00 9.202257550385798623e+00 3.407698306216259354e+00
