2.191799393479931801e-01 1.550982551689759603e+01 3.683552447462830693e+06
2.277394028705677642e-01 1.519522393753786993e+01 3.068146961848655716e+06
2.366895627696961046e-01 1.489272992869306123e+01 2.540468475579481106e+06
2.460296645103048074e-01 1.461842144760377771e+01 2.105838440897717141e+06
2.557816180897215519e-01 1.437128949673483724e+01 1.733194282952209003e+06
2.659364079610154752e-01 1.414293762640634000e+01 1.454316539420985384e+06
2.765274368934158566e-01 1.394330275516783679e+01 1.211311327860140475e+06
2.875575500844311239e-01 1.374833795849021989e+01 1.003339167782849050e+06
2.990399456589162841e-01 1.357392349230891426e+01 8.346861591835402651e+05
3.109664267878760602e-01 1.340828179444491752e+01 6.946289091380669270e+05
3.233417409268281029e-01 1.326059046885194981e+01 5.785435777982953005e+05
3.362000112832267962e-01 1.313007705477276232e+01 4.821218402929692529e+05
3.495407421307381579e-01 1.300411778807062468e+01 4.003513342740694643e+05
3.633788091017425836e-01 1.289209843969219449e+01 3.339912171538963448e+05
3.777028291637676283e-01 1.278413223434787760e+01 2.778661039173405152e+05
3.925156113873935482e-01 1.268742865743555015e+01 2.301543117400115589e+05
4.078440894900330349e-01 1.259729161176684542e+01 1.933426079905737715e+05
4.236771711158618392e-01 1.252142126702617908e+01 1.615361539161320834e+05
4.400167091417879206e-01 1.244590543577105457e+01 1.348838687866946566e+05
4.568854430062416205e-01 1.237699035498751599e+01 1.127500960471706057e+05
4.742696183394334852e-01 1.231408373671386336e+01 9.407781884838305996e+04
4.921486524117631434e-01 1.225722682155526755e+01 7.876029938260928611e+04
5.105360275046749718e-01 1.219932045995750514e+01 6.607413457801743061e+04
5.294421041839558750e-01 1.215613912766287363e+01 5.531119599426865898e+04
5.488563275569624533e-01 1.211036267971082303e+01 4.645496221673800756e+04
5.687819154593485305e-01 1.206749719907795360e+01 3.899818028042049991e+04
5.891514044561686481e-01 1.202897530529802594e+01 3.281186926731750282e+04
6.100510912101337890e-01 1.199154056951822511e+01 2.755375588740012608e+04
6.315455897838035959e-01 1.195489734738842103e+01 2.295915973304233921e+04
6.536879251691839476e-01 1.192662053538806610e+01 1.949036948229375048e+04
6.765296026563254461e-01 1.189602924695685893e+01 1.639076347161483500e+04
7.001195206340639077e-01 1.186902296345247620e+01 1.377463076523071140e+04
7.244693610390037231e-01 1.184454156608228281e+01 1.156536358871370430e+04
7.496179933361504233e-01 1.182145216093519480e+01 9.708836492759870453e+03
7.755720073224524613e-01 1.180293084291375649e+01 8.150971170057151539e+03
8.023306491371371418e-01 1.178358886724263854e+01 6.838523067885144883e+03
8.299223176646612909e-01 1.176627056207696498e+01 5.729104846923156401e+03
8.583034066753512104e-01 1.175137848800922491e+01 4.805590318730744002e+03
8.874791888218357405e-01 1.173834411197412742e+01 4.029599170112522188e+03
9.174391333168762097e-01 1.172550896293564371e+01 3.381619713933496314e+03
9.481417682397137447e-01 1.171503481840934668e+01 2.819565590085302574e+03
9.795743633557797425e-01 1.170502207073616674e+01 2.382907970264089727e+03
1.011700149483434785e+00 1.169561672567400734e+01 2.000900092213455082e+03
1.044473111926481401e+00 1.169251256946138007e+01 1.682542909850780234e+03
1.077852537972587843e+00 1.168156435038114793e+01 1.414941839291851238e+03
1.111788449537804757e+00 1.167831970098570871e+01 1.190652523894872729e+03
1.146247343835291810e+00 1.166939343962409836e+01 1.005022568773279204e+03
1.181143904111031429e+00 1.166503524209083587e+01 8.473939635701879070e+02
1.216435755560075993e+00 1.165967614227889371e+01 7.121965616265620156e+02
1.252059809360379194e+00 1.165262575725491168e+01 6.060421999311714671e+02
1.287939073892190756e+00 1.164703854673711270e+01 5.099449975837952707e+02
1.324018888306320418e+00 1.164257364272698325e+01 4.354449250982203807e+02
1.360215403591257033e+00 1.163439546131259661e+01 3.701300820140879750e+02
1.396467978047461367e+00 1.162680661194281306e+01 3.147805421351446284e+02
1.432710479417690363e+00 1.161916333741154794e+01 2.687888408163715326e+02
1.468839495911366644e+00 1.160962857464633657e+01 2.297062609055648181e+02
1.504819177991156831e+00 1.160033143410090517e+01 1.954521794234635195e+02
1.540553991610015716e+00 1.158986900632796946e+01 1.685332571676253792e+02
1.575969884155125955e+00 1.157813252329237841e+01 1.447926684683555436e+02
1.611003108442752962e+00 1.156375384857280864e+01 1.246720809606425604e+02
1.645575884754920892e+00 1.154880687183358567e+01 1.075148028976014132e+02
1.679626075477388625e+00 1.153352328516774072e+01 9.260456838309886507e+01
1.713082072113209620e+00 1.151534473409916615e+01 8.058057865020441568e+01
1.745880673981813791e+00 1.149662417605366116e+01 6.991573472335922190e+01
1.777958994722759645e+00 1.147602447056579500e+01 6.085179083302891456e+01
1.809278391685539500e+00 1.145295435061145284e+01 5.306107924213143434e+01
1.839759919530201460e+00 1.142918523798945607e+01 4.640136713595081375e+01
1.869364082968939300e+00 1.140392265606828914e+01 4.062655013517072433e+01
1.898041293709272548e+00 1.137730536897397116e+01 3.568023398338472418e+01
1.925755309834733087e+00 1.134878198335968058e+01 3.137441849799448690e+01
1.952463504060747645e+00 1.131868074366856192e+01 2.767076875892011145e+01
1.978136623399914917e+00 1.128641971122571874e+01 2.445786955033844023e+01
2.002743519262193850e+00 1.125319425842965337e+01 2.165892855398732664e+01
2.026256341196916111e+00 1.121827130731911382e+01 1.923245140559949107e+01
2.048645757073164209e+00 1.118181852908060137e+01 1.711769625159118036e+01
2.069822205108203583e+00 1.114372912330065013e+01 1.523551872773126448e+01
2.089716796980530589e+00 1.110492156221985383e+01 1.367374937817587544e+01
2.108247130727440410e+00 1.106361279583200741e+01 1.223897188393189950e+01
2.125359674110916863e+00 1.102159353393619767e+01 1.102135617640511533e+01
2.140992191097697894e+00 1.097817824713512636e+01 9.989432655069476752e+00
2.155103746882943483e+00 1.093293478369737315e+01 9.059331774852578789e+00
2.167658408439183670e+00 1.088626687137975146e+01 8.244814838368016652e+00
2.178634618478336726e+00 1.083810011883981339e+01 7.533059954215231002e+00
2.188007037526207288e+00 1.078899100708280656e+01 6.905831055312527944e+00
2.195757155464036714e+00 1.073846610523026257e+01 6.361270976610933658e+00
2.201907641597229848e+00 1.068672099641173645e+01 5.881087379014306116e+00
2.206433463090911928e+00 1.063362949218501008e+01 5.457547299488956227e+00
2.209377789112467738e+00 1.057949126210217727e+01 5.078706382548535458e+00
2.210748241173175810e+00 1.052411197462809156e+01 4.764471486636472797e+00
2.210562941376695623e+00 1.046788219683011434e+01 4.469218016995107234e+00
2.208872121547788225e+00 1.041171616726853166e+01 4.224118872366489974e+00
2.205720230295363127e+00 1.035404537884068610e+01 4.018339834699117041e+00
2.201107596406218114e+00 1.029660077613444003e+01 3.831793053943758132e+00
2.195135936126048737e+00 1.023895737084685109e+01 3.663301728877238705e+00
2.187837877139879428e+00 1.018176672327672705e+01 3.533430454473541538e+00
2.179297863546833636e+00 1.012523078986198577e+01 3.430294165335933787e+00
2.169621886832564073e+00 1.006985570242266625e+01 3.335178867959778248e+00
2.158928444522157264e+00 1.001686144510837551e+01 3.272477236540629608e+00
2.147414571319419707e+00 9.966495761835714617e+00 3.231620579409890670e+00
2.135513634916643255e+00 9.920597693319605170e+00 3.211553018856939445e+00
