2.191799393479931801e-01 1.550982551689759603e+01 3.683552447462830693e+06
2.274275179533422897e-01 1.519440467825346275e+01 3.079604280058089644e+06
2.360379428328931717e-01 1.492095510282242188e+01 2.578955342429571785e+06
2.450138266671147425e-01 1.466672509707834315e+01 2.162674503474037163e+06
2.543602996290212914e-01 1.440680695762773667e+01 1.797765301184888929e+06
2.640955141704580678e-01 1.418729023818971946e+01 1.505164115568131208e+06
2.742284111330279828e-01 1.398467373476331588e+01 1.256494456385810627e+06
2.847673643250318576e-01 1.379750813680823107e+01 1.052380556222005747e+06
2.957181534282271596e-01 1.361954277827910254e+01 8.810231595530873165e+05
3.070758289109309369e-01 1.345637299301102630e+01 7.374429078431002563e+05
3.188763912313564153e-01 1.331351887319311977e+01 6.170681863241781248e+05
3.311073042143781175e-01 1.318179056242389890e+01 5.169809772654963890e+05
3.437824878189036926e-01 1.305865887672690562e+01 4.322492962732617743e+05
3.569144265809899297e-01 1.294364347285665851e+01 3.625229068814109196e+05
3.704887661354888118e-01 1.283737803697364654e+01 3.049472564177924651e+05
3.845412280504905689e-01 1.273958169918071093e+01 2.553835658309954451e+05
3.990441550907614654e-01 1.265254762404030409e+01 2.143132299436745525e+05
4.140256770852039914e-01 1.256096224957277663e+01 1.799092105756679957e+05
4.294875898777137380e-01 1.249263529219310875e+01 1.511399060113956511e+05
4.454305595306707333e-01 1.242490715817236691e+01 1.271404730973487458e+05
4.618525989901601236e-01 1.236135225957033867e+01 1.070676607510397007e+05
4.787338242904626284e-01 1.230005033918454416e+01 9.014942866660580330e+04
4.960866746664828186e-01 1.224617665188510607e+01 7.576609053707045678e+04
5.139210664588814703e-01 1.218968717883141117e+01 6.383241153450059937e+04
5.322340654933973569e-01 1.214648830591754169e+01 5.394858919791001972e+04
5.510202088718659796e-01 1.210499117157766946e+01 4.558933991323123337e+04
5.702815178435231003e-01 1.206358775629216495e+01 3.850350125124333135e+04
5.899397424928504163e-01 1.202697736396495465e+01 3.254150015051665468e+04
6.101160381099651753e-01 1.199195938346292500e+01 2.751462335860058738e+04
6.308330559551190708e-01 1.195988337603822771e+01 2.331798839777875764e+04
6.521583693313491858e-01 1.192767054961394280e+01 1.969923784297223756e+04
6.741237241625753773e-01 1.190029541969022198e+01 1.668297256867272517e+04
6.967884422134736910e-01 1.187406466388290127e+01 1.411258296982059801e+04
7.201732373487144123e-01 1.185052071879822755e+01 1.190445288266772150e+04
7.442744946131391037e-01 1.182785085914598611e+01 1.007221818479543617e+04
7.691267560249250845e-01 1.180730591924027451e+01 8.519066127549154771e+03
7.947348747433357063e-01 1.178967252972474533e+01 7.186861666039652846e+03
8.211090195496251187e-01 1.177342970967314706e+01 6.056166384346111954e+03
8.482251684617819754e-01 1.175692015651649491e+01 5.115284111768506591e+03
8.761089478993722146e-01 1.174233964750598069e+01 4.315874402390182695e+03
9.046985149851871633e-01 1.173182487472589486e+01 3.641335505632504464e+03
9.340105354395314974e-01 1.171933819111352548e+01 3.076077974222399916e+03
9.640086777116670946e-01 1.170821225807935129e+01 2.595765997454077933e+03
9.946574720597410879e-01 1.170038360265296618e+01 2.194192343849746976e+03
1.025943009122618932e+00 1.169222568833578535e+01 1.854914229642369492e+03
1.057817638101442137e+00 1.168648158384399594e+01 1.569188369579853315e+03
1.090240490952629093e+00 1.168204608570164460e+01 1.328523273063826991e+03
1.123165655236666671e+00 1.167366111502911252e+01 1.125633235117522418e+03
1.156544797599517116e+00 1.166817644044281188e+01 9.545650960588516227e+02
1.190334719035883282e+00 1.166316097632944526e+01 8.102561295693805050e+02
1.224473522580974416e+00 1.165658839780047451e+01 6.895714862494268118e+02
1.258909547114058114e+00 1.165216468465837529e+01 5.870272702894225176e+02
1.293576684534721855e+00 1.164614414495640382e+01 5.004128763821347547e+02
1.328406970777489038e+00 1.164107410052017855e+01 4.270826452080125364e+02
1.363349096371709201e+00 1.163378517580840565e+01 3.654201151545117341e+02
1.398337699101992015e+00 1.162751203564011426e+01 3.126418322267741132e+02
1.433315133565171040e+00 1.162061639695907722e+01 2.682714653331260024e+02
1.468185820724998036e+00 1.161120997967614699e+01 2.303788740947207145e+02
1.502920617312567320e+00 1.160238396292387897e+01 1.983792203556748461e+02
1.537430640523009151e+00 1.159123336908694135e+01 1.710400022782634437e+02
1.571653908255005616e+00 1.158001186802904847e+01 1.472214643150533959e+02
1.605535433717883320e+00 1.156688830437484761e+01 1.278426194465527033e+02
1.638992663349898127e+00 1.155323287561784262e+01 1.108241470249976288e+02
1.671973069407447943e+00 1.153795787816529739e+01 9.622168789654202214e+01
1.704421130133241036e+00 1.152331642865000738e+01 8.338557296808686203e+01
1.736271946397703658e+00 1.150352572575680199e+01 7.281353382492989113e+01
1.767471442441316931e+00 1.148415238875228894e+01 6.378636130872835253e+01
1.797981384233021007e+00 1.146356031854624291e+01 5.583820672612701230e+01
1.827724624268871834e+00 1.144114786745690360e+01 4.878998896667985008e+01
1.856614729949495279e+00 1.141773505845200454e+01 4.290567044748639347e+01
1.884540665198283227e+00 1.139253268860721313e+01 3.798419432849559740e+01
1.911396668021163592e+00 1.136543940602576264e+01 3.358631825568030393e+01
1.937092985432380177e+00 1.133650354642209912e+01 2.976414698090410127e+01
1.961528843620813145e+00 1.130646298429692642e+01 2.646314066337166437e+01
1.984648019177279510e+00 1.127448320956528427e+01 2.360247775174133267e+01
2.006354073990194387e+00 1.124082785197715317e+01 2.112138348717074976e+01
2.026602940098463534e+00 1.120502238372906767e+01 1.889585420012679862e+01
2.045364686669660426e+00 1.116780138353591134e+01 1.707703446244356371e+01
2.062560832424276569e+00 1.112829013796995170e+01 1.538629553738913813e+01
2.078170368504342669e+00 1.108740968747877531e+01 1.401704659072428960e+01
2.092186929799735307e+00 1.104371903991211212e+01 1.276267544552796807e+01
2.104588329520223677e+00 1.099963254505390431e+01 1.166728846125388408e+01
2.115384597674065503e+00 1.095284769786980306e+01 1.069996413646636846e+01
2.124557724377789558e+00 1.090495847849620148e+01 9.857057295835767619e+00
2.132131427760531661e+00 1.085509205321221593e+01 9.107686680006688462e+00
2.138127583615448302e+00 1.080402940705442205e+01 8.453893576522949260e+00
2.142567083640323222e+00 1.075149225805149200e+01 7.851029803871756307e+00
2.145461046843878172e+00 1.069778692412294063e+01 7.343188224653967922e+00
2.146883331000287942e+00 1.064266471442420325e+01 6.910375310846386121e+00
2.146845853316588837e+00 1.058648990493152908e+01 6.512374204698702762e+00
2.145390304813350024e+00 1.053043834372185295e+01 6.145454117813001105e+00
2.142583596551086877e+00 1.047282549459530721e+01 5.852664061438953347e+00
2.138472905832943027e+00 1.041400198291534274e+01 5.582057859596514682e+00
2.133126133092366317e+00 1.035517848787552531e+01 5.346419456761748457e+00
2.126578472419205390e+00 1.029700139363165512e+01 5.129104398609566573e+00
2.118935805047182264e+00 1.023878838618107423e+01 4.951119643219255906e+00
2.110248154739009507e+00 1.018036314064724834e+01 4.818341763840369829e+00
2.100629390721060918e+00 1.012368454087240366e+01 4.697454167669913971e+00
2.090230225195944147e+00 1.007023696929297252e+01 4.594452124364881485e+00
2.079523498478800470e+00 1.002213112321226696e+01 4.541594571716743189e+00
