2.191799393479931801e-01 1.550982551689759603e+01 3.683552447462830693e+06
2.269573738073163427e-01 1.522253109358248402e+01 3.114628733605693094e+06
2.350523796131007148e-01 1.494335260592046133e+01 2.634772867028819863e+06
2.434847124960130005e-01 1.468989992043779402e+01 2.218652136172879022e+06
2.522371151138095291e-01 1.445723538587343171e+01 1.869484733770197956e+06
2.613361737688791875e-01 1.424513685977998456e+01 1.579811207502460573e+06
2.707858647954887177e-01 1.404858235879262551e+01 1.335669971772651887e+06
2.805948904265745947e-01 1.386216352793747930e+01 1.128893044079729356e+06
2.907720252367723135e-01 1.369874176772796304e+01 9.551879686732076807e+05
3.013200073880250018e-01 1.353829677892704986e+01 8.063432458679792471e+05
3.122264418637174521e-01 1.339188653180311306e+01 6.827331119485371746e+05
3.235476227529929805e-01 1.326613997512930254e+01 5.762925327217860613e+05
3.352308120842350525e-01 1.314410522373727908e+01 4.877488843820081674e+05
3.473291105518887534e-01 1.302343292695194066e+01 4.081881187722521136e+05
3.598318219213870739e-01 1.291938343001218747e+01 3.492314112543638912e+05
3.727272237564647761e-01 1.282036886154721422e+01 2.958408992535792640e+05
3.860507648477166653e-01 1.272939852286290652e+01 2.510194401298135926e+05
3.997832133820420353e-01 1.264745936387954650e+01 2.123276952148925338e+05
4.139344608034989381e-01 1.257187739939557858e+01 1.802377184751111490e+05
4.285180703432627247e-01 1.249811293507054444e+01 1.526987861910763895e+05
4.435274030703684756e-01 1.243165097041966405e+01 1.285538456840388972e+05
4.589717686506808447e-01 1.236860063393626596e+01 1.101359365679781185e+05
4.748134916216312784e-01 1.231110377835043046e+01 9.370744130311258778e+04
4.910882230268291959e-01 1.225929060123645975e+01 7.970960838013664761e+04
5.077785271492301078e-01 1.221161339711673577e+01 6.788989161576829792e+04
5.249024496066728718e-01 1.216662658765601002e+01 5.770688710659057688e+04
5.424490713435583533e-01 1.212270888740344787e+01 4.916007721405795019e+04
5.604173082493772995e-01 1.208429868263162454e+01 4.194111159160757234e+04
5.787699724104495846e-01 1.204728177826069135e+01 3.544623189692965389e+04
5.975294964236133044e-01 1.201140106220071679e+01 3.055771450025709419e+04
6.167562876234937708e-01 1.198062778828220587e+01 2.610370626448663097e+04
6.365030938080188383e-01 1.194905123002003045e+01 2.206730376598456496e+04
6.568134072374477439e-01 1.192352760721496097e+01 1.903088344913354376e+04
6.777265286220498508e-01 1.189551881035012748e+01 1.625922270190432573e+04
6.992906062357784336e-01 1.187318477207281830e+01 1.384648381012961545e+04
7.215173920594952772e-01 1.184935281551964970e+01 1.180642226025657692e+04
7.444094094702295994e-01 1.182914077286830334e+01 1.007409643863067140e+04
7.680075716259596730e-01 1.181008308618649316e+01 8.577092035861427576e+03
7.923176909924430911e-01 1.179146095514655102e+01 7.309043574399616773e+03
8.173257835667648852e-01 1.177489349776366900e+01 6.214260900058918196e+03
8.430347434732204936e-01 1.176269856729494201e+01 5.290216546882652437e+03
8.694531828922579253e-01 1.175135609669987247e+01 4.498465935241803891e+03
8.965461429691647943e-01 1.173823868984454322e+01 3.831055964396836771e+03
9.243299949887140432e-01 1.172800037994282185e+01 3.261729324262988030e+03
9.527449606110200975e-01 1.172030161116571101e+01 2.777246071078774094e+03
9.818073066220980305e-01 1.171183035093227787e+01 2.365118707767864635e+03
1.011475636697114711e+00 1.170374927768189721e+01 2.015905353036948782e+03
1.041714351864974741e+00 1.169879590019898608e+01 1.717706928718062045e+03
1.072499231879424197e+00 1.169331011237200713e+01 1.465836227744849566e+03
1.103790725345914492e+00 1.168921241293417701e+01 1.252003006530115272e+03
1.135543668580445198e+00 1.168438530910984952e+01 1.068733945356262666e+03
1.167736259718722858e+00 1.168124878770283992e+01 9.138790940958284637e+02
1.200300855875773065e+00 1.167704411182441504e+01 7.828331944244506531e+02
1.233197577942047429e+00 1.167292655035238447e+01 6.703716074117362496e+02
1.266379884933309885e+00 1.167092554624709244e+01 5.750441287028786519e+02
1.299802612391638856e+00 1.166821948359369543e+01 4.938045678666924800e+02
1.333378580891521503e+00 1.166253675101249243e+01 4.249985630792572806e+02
1.367091151655079662e+00 1.165964192915744491e+01 3.657490051454295781e+02
1.400864042891068806e+00 1.165489150182934353e+01 3.151393825381595661e+02
1.434654513062598502e+00 1.165115422322377903e+01 2.725876242207247628e+02
1.468394275260430870e+00 1.164219576637694331e+01 2.358718180304855991e+02
1.502023484737554204e+00 1.163559123500750658e+01 2.042338470584226968e+02
1.535487382226247588e+00 1.162752361299048864e+01 1.771731022232831378e+02
1.568732572320829410e+00 1.161918481838891637e+01 1.539952514700871404e+02
1.601675464356291378e+00 1.161155977411213946e+01 1.340701405975268869e+02
1.634206591544873577e+00 1.159948503453521695e+01 1.169791435196824239e+02
1.666196804599708203e+00 1.158749382221955848e+01 1.022327238972967365e+02
1.697530607349142739e+00 1.157434895942722619e+01 8.968305562974461509e+01
1.728103718974181024e+00 1.155961543265262037e+01 7.874471354104601062e+01
1.757788343308201995e+00 1.154355551234056243e+01 6.905327068736852425e+01
1.786509525937161058e+00 1.152602546085716284e+01 6.121662319084592241e+01
1.814150501055088460e+00 1.150519271015434697e+01 5.406540319996525312e+01
1.840645243169106715e+00 1.148347553570475199e+01 4.828655664780699652e+01
1.865904860785668751e+00 1.145985305166786006e+01 4.299963755697323364e+01
1.889842171108997659e+00 1.143398962398694252e+01 3.846927861992302411e+01
1.912399488168024186e+00 1.140648749773030879e+01 3.451940140227676324e+01
1.933533208220134858e+00 1.137660408737792750e+01 3.110120484914514094e+01
1.953208529716064845e+00 1.134473177466081673e+01 2.807250173264755588e+01
1.971339202793316092e+00 1.131143842824370438e+01 2.547206887369334893e+01
1.987936246629129267e+00 1.127584169952897319e+01 2.308967446323607930e+01
2.002972714516027875e+00 1.123684294020954688e+01 2.116023502070436635e+01
2.016422813601507436e+00 1.119719633230094757e+01 1.939590592161462013e+01
2.028265554026805084e+00 1.115567813433528421e+01 1.778571158839227095e+01
2.038516333761153376e+00 1.111098500188584204e+01 1.647475125051190759e+01
2.047160294151980420e+00 1.106579402735010476e+01 1.521832340303294018e+01
2.054230817996829828e+00 1.101867490019225571e+01 1.415991857490075390e+01
2.059738580117820739e+00 1.096955844340250330e+01 1.326662248240374353e+01
2.063684706885484665e+00 1.091888345600232135e+01 1.243532363271237351e+01
2.066124083459753180e+00 1.086740671558021276e+01 1.170176696781587289e+01
2.067064836179708820e+00 1.081410255564168565e+01 1.105875258762638502e+01
2.066549360948838565e+00 1.076025643152721578e+01 1.049177332903384929e+01
2.064620994679037036e+00 1.070585893059526406e+01 1.000484184901906382e+01
2.061331367273838477e+00 1.065055600531905711e+01 9.566315064528925660e+00
2.056730231776371820e+00 1.059479375383778255e+01 9.196824251023587138e+00
2.050870740045202201e+00 1.053953230197818414e+01 8.855352776698055095e+00
2.043836640410389371e+00 1.048454397480591993e+01 8.614822687473854046e+00
2.035707083979901633e+00 1.043074272841346684e+01 8.381247087246682881e+00
2.026636079772960120e+00 1.037863929563248888e+01 8.218323255803584360e+00
2.016807634459770071e+00 1.033017857271124029e+01 8.107515514638476972e+00
2.006769327110923484e+00 1.028708740917987541e+01 8.054337825930810268e+00
