2.191799393479931801e-01 1.550982551689759603e+01 3.683552447462830693e+06
2.282494535821772697e-01 1.523389725033498010e+01 3.072905924861805979e+06
2.377199727939244556e-01 1.486688412344228283e+01 2.501758486822917592e+06
2.476546359174145728e-01 1.457192457939685681e+01 2.047289946251658956e+06
2.580378122146456121e-01 1.431718324801553699e+01 1.679054261332996655e+06
2.688898000191959348e-01 1.408758645459771586e+01 1.380240313236052869e+06
2.802236737486961116e-01 1.387011200933710064e+01 1.133789792034001555e+06
2.920552193762238069e-01 1.367183756229953850e+01 9.340923703498983523e+05
3.043668218615484533e-01 1.349415796703482684e+01 7.704223598025646061e+05
3.172112773425428411e-01 1.333772807319742348e+01 6.335776096890589688e+05
3.305605113592380295e-01 1.319711403890200252e+01 5.207298424244170310e+05
3.444482471076790731e-01 1.305218230921473932e+01 4.298309961580229574e+05
3.588785688979486133e-01 1.292524433497152181e+01 3.535678681213898817e+05
3.738581120661148560e-01 1.281497007943246480e+01 2.915067232761880150e+05
3.893959526616435074e-01 1.270764430548665302e+01 2.408970789223769389e+05
4.054990511109701212e-01 1.261474505058790285e+01 1.987228447326294845e+05
4.221566632130495655e-01 1.252766457639577169e+01 1.639587769592454133e+05
4.393900399725929051e-01 1.244892087186333107e+01 1.355169979538118932e+05
4.572080734561318471e-01 1.237721675927237719e+01 1.122567804519490019e+05
4.756002732087814544e-01 1.230830594917989096e+01 9.303475975221878616e+04
4.945453321886236764e-01 1.224891896519296175e+01 7.704098682016709063e+04
5.140612531917766459e-01 1.219442642505845598e+01 6.380955556745540525e+04
5.341562083193038823e-01 1.214294164495145090e+01 5.297365948024309910e+04
5.548172073716437502e-01 1.209673598656737248e+01 4.403896706291611918e+04
5.760152632107584658e-01 1.205167479576506651e+01 3.632038646276855434e+04
5.977534740711832884e-01 1.201226600951172685e+01 3.051337263055183575e+04
6.201254961583546610e-01 1.197588203691445941e+01 2.538192736174593301e+04
6.432232999925356909e-01 1.194149504297884690e+01 2.094261091339363702e+04
6.671017124149518640e-01 1.190844294706299245e+01 1.759257609212430179e+04
6.918521895973361868e-01 1.187873963439273872e+01 1.461073444834648035e+04
7.175069991464471109e-01 1.185335003312501989e+01 1.215194868729878908e+04
7.440886499546148780e-01 1.182895898701479886e+01 1.010488507058998402e+04
7.716337712936374160e-01 1.180602301658461428e+01 8.373449283814983573e+03
8.001376230069326967e-01 1.178896713260265550e+01 6.888556522759869949e+03
8.296419900095949318e-01 1.177138780372671434e+01 5.755236453534197608e+03
8.600956042035269311e-01 1.175386843296718098e+01 4.771101511318267512e+03
8.915308366824175046e-01 1.174131422296760263e+01 3.919980718986201282e+03
9.238749497015087409e-01 1.173161395102997595e+01 3.275591945904407567e+03
9.571507044386273755e-01 1.172062574844538752e+01 2.717046553877322367e+03
9.912845974094967039e-01 1.171145848992345506e+01 2.254220180467992577e+03
1.026257230553542454e+00 1.170722287066357303e+01 1.869649819198721616e+03
1.062009643268551518e+00 1.170518223845133754e+01 1.552920810300944368e+03
1.098491237435856860e+00 1.169615246986617407e+01 1.289115323920302444e+03
1.135652777708592520e+00 1.169407841560395944e+01 1.073717637332286586e+03
1.173397728420461084e+00 1.168913220229385708e+01 8.942168636893987923e+02
1.211668339644615289e+00 1.168613254428275638e+01 7.465180581307708962e+02
1.250398969425470463e+00 1.168343430897439816e+01 6.236814917643632725e+02
1.289504873806446961e+00 1.167864478057606625e+01 5.220076917085542618e+02
1.328893058498422208e+00 1.168017414673837706e+01 4.377550114111361950e+02
1.368483184978595446e+00 1.167585330834182500e+01 3.675247352282916040e+02
1.408189061837386236e+00 1.167022338854096830e+01 3.092226577080076595e+02
1.447928250435887243e+00 1.166304526256660701e+01 2.607734789616435478e+02
1.487575081163200030e+00 1.165782311858916032e+01 2.201497862935011653e+02
1.527064617537471136e+00 1.165077088515147707e+01 1.864004236159954360e+02
1.566297878344850236e+00 1.164223480796082910e+01 1.582574010396880055e+02
1.605195662149522029e+00 1.163324508741681562e+01 1.344752945316718069e+02
1.643633577883521157e+00 1.162173890443396651e+01 1.147251155112524259e+02
1.681567416342099719e+00 1.160994804200418606e+01 9.793744673028915315e+01
1.718875191425369708e+00 1.159552188892847369e+01 8.389034007891433475e+01
1.755485792539958068e+00 1.157956817418840245e+01 7.198327411102680173e+01
1.791322822953949068e+00 1.156160657190044461e+01 6.200481606621763575e+01
1.826322119618833284e+00 1.154233258331190370e+01 5.341000747996833553e+01
1.860395388262775285e+00 1.152095099151103064e+01 4.624983835029954093e+01
1.893484124321266782e+00 1.149798697962618377e+01 3.989396805835959725e+01
1.925516680647831214e+00 1.147313162913727069e+01 3.483230357239215635e+01
1.956393806504114208e+00 1.144673785251397291e+01 3.036766945514770555e+01
1.985970881848818426e+00 1.141802580511919274e+01 2.655305979825036999e+01
2.014137613248244474e+00 1.138729262031783307e+01 2.330571532106325350e+01
2.040781826903380392e+00 1.135444449658881183e+01 2.045078072984626161e+01
2.065823851265239153e+00 1.131942154158209135e+01 1.812697570269849834e+01
2.089190806565899283e+00 1.128313424583309477e+01 1.608052827797403594e+01
2.110785117450456383e+00 1.124367827946090692e+01 1.431817376621585325e+01
2.130592699946772139e+00 1.120235539452083806e+01 1.279618989445253519e+01
2.148566034571671501e+00 1.115901312596205841e+01 1.148535253352420504e+01
2.164675903004787294e+00 1.111411452335930150e+01 1.031908180645490170e+01
2.178892345871061398e+00 1.106655286324539134e+01 9.373033213690414200e+00
2.191247584576928364e+00 1.101743900464443904e+01 8.512768564684101591e+00
2.201742537492447749e+00 1.096580316293883328e+01 7.771427854392191747e+00
2.210398541762841340e+00 1.091311784044578381e+01 7.120220633870392390e+00
2.217219762950587647e+00 1.085812317657227410e+01 6.554906354582955785e+00
2.222278720567561372e+00 1.080165548584515278e+01 6.039905426393143095e+00
2.225594685934475070e+00 1.074372995037458622e+01 5.621906943108514021e+00
2.227225827575169959e+00 1.068418833518237854e+01 5.227693129109328041e+00
2.227250984826540492e+00 1.062387641620640721e+01 4.907142596630917453e+00
2.225688814404839455e+00 1.056200306889547669e+01 4.612531987036111225e+00
2.222647200203805795e+00 1.049944903138412577e+01 4.354458342064792653e+00
2.218186852911434581e+00 1.043635208500236011e+01 4.128291470086281834e+00
2.212352098044759963e+00 1.037278321511936596e+01 3.919253209560144224e+00
2.205264025358837809e+00 1.030832565859339489e+01 3.748030427037652323e+00
2.196973937200795923e+00 1.024427814864890252e+01 3.608116770929568506e+00
2.187563713050226788e+00 1.017987856164130811e+01 3.475894687517523174e+00
2.177137371100251073e+00 1.011587468451865490e+01 3.365463453148096917e+00
2.165756495148013716e+00 1.005180934102752843e+01 3.263911065772263420e+00
2.153545858423921988e+00 9.988221019287280456e+00 3.181212843637172494e+00
2.140555668890469221e+00 9.924871486992861591e+00 3.112036710516290050e+00
2.126904135505924387e+00 9.861625955546383437e+00 3.053140899406034947e+00
2.112672471721048773e+00 9.799090053926340360e+00 3.011511035538954495e+00
2.097948465214602543e+00 9.736761150778431073e+00 2.966127532469969186e+00
2.082781659055371382e+00 9.675220574036133669e+00 2.933124486802852093e+00
2.067250588296477343e+00 9.614108215580241534e+00 2.910900013202264880e+00
