2.191799393479931801e-01 1.550982551689759603e+01 3.683552447462830693e+06
2.266467330334030750e-01 1.523036069332882647e+01 3.121256437993126456e+06
2.343999594901251815e-01 1.496863509506237300e+01 2.658014493918247521e+06
2.424685955972490647e-01 1.471873119758093651e+01 2.260279053649590816e+06
2.508260455181429704e-01 1.448935366593564211e+01 1.925392457281336654e+06
2.595054639962767751e-01 1.429071009293572025e+01 1.635577161134438356e+06
2.685066090825821705e-01 1.411845929808315958e+01 1.388607014446454821e+06
2.778371200075562264e-01 1.390987050070241438e+01 1.181154315412112977e+06
2.875040171260255795e-01 1.374858994871443763e+01 1.005004144496694440e+06
2.975032374019488945e-01 1.359281482297260801e+01 8.566440675478484482e+05
3.078701302651387084e-01 1.344658474142799420e+01 7.284516492229975993e+05
3.185621408800264343e-01 1.332204060902568798e+01 6.197924259341944708e+05
3.296212751401479957e-01 1.319701883642880169e+01 5.282367807640805840e+05
3.410489520032419786e-01 1.308084597653848746e+01 4.497258221558237565e+05
3.528375492602621732e-01 1.297534599309113545e+01 3.834455144773479551e+05
3.650151166494837174e-01 1.287781527302761297e+01 3.269890045199198648e+05
3.775603856673848124e-01 1.278866910202876994e+01 2.784468050956560182e+05
3.904828972086724082e-01 1.270145265847605032e+01 2.357336709545431077e+05
4.037931943813667934e-01 1.262423827891819705e+01 2.029545461554300273e+05
4.175009019313978831e-01 1.254687210823816557e+01 1.729981729026710382e+05
4.315899736994512903e-01 1.248244663155962719e+01 1.479737753272937553e+05
4.460827730002557279e-01 1.242104264963229987e+01 1.264187314644635771e+05
4.609747375517090906e-01 1.236279948274612295e+01 1.076649742764308176e+05
4.762348216109668630e-01 1.230663556213766086e+01 9.250924228695518104e+04
4.918905700543915183e-01 1.225707229640862117e+01 7.894323386174651387e+04
5.079316980062352771e-01 1.221183730323693872e+01 6.768988584568211809e+04
5.243728924702791838e-01 1.216249139844942739e+01 5.799062584175958909e+04
5.412039966422658166e-01 1.212363881836509805e+01 4.974955087319466838e+04
5.584237273522687506e-01 1.208837148951556628e+01 4.269059122147882590e+04
5.760012467571589134e-01 1.205489136303997100e+01 3.625112110040131665e+04
5.939685434258249463e-01 1.201988532144476451e+01 3.145498364467527790e+04
6.122611214676334512e-01 1.198867869463830615e+01 2.704384048702434302e+04
6.309385181095026329e-01 1.195981507363287122e+01 2.325591592429615775e+04
6.499698376830025381e-01 1.193148296427304267e+01 2.004894073572292473e+04
6.693523080911976120e-01 1.190507882181151800e+01 1.728950486112144063e+04
6.890804634839413634e-01 1.188013411272147124e+01 1.489109106913981304e+04
7.091586064322565885e-01 1.185394890886456842e+01 1.285038100590485374e+04
7.295399718906425690e-01 1.183393060428323906e+01 1.110430931853678885e+04
7.502154824401444655e-01 1.181193484656045811e+01 9.596197655839207073e+03
7.712362700551083083e-01 1.179075237360866524e+01 8.295456201740817050e+03
7.925103635131641733e-01 1.177057160515955658e+01 7.183772758964522836e+03
8.140925339384612602e-01 1.175151392951156737e+01 6.192516415819914982e+03
8.358995369660261465e-01 1.173243482674614668e+01 5.360460028244027853e+03
8.579713902519457980e-01 1.171295873902550433e+01 4.648169436359875363e+03
8.802878352301325426e-01 1.169549768618375651e+01 4.069324754761493750e+03
9.027903429639063670e-01 1.167596714893834609e+01 3.540683786937659988e+03
9.254731943275232853e-01 1.165586903235147709e+01 3.079495915868865268e+03
9.483362100504645342e-01 1.163945992730764090e+01 2.687014936805029265e+03
9.713603198544834560e-01 1.161972502350492675e+01 2.340038938683629567e+03
9.944907725807428100e-01 1.160114763613684019e+01 2.043703589398174927e+03
1.017732968354475576e+00 1.158164561882844801e+01 1.785753826624336625e+03
1.041055183250439109e+00 1.156154361272787412e+01 1.562013922410967325e+03
1.064431397279604008e+00 1.154431532358910673e+01 1.367427526509183053e+03
1.087852789270029596e+00 1.152065990286711283e+01 1.197501094253482279e+03
1.111256739227260315e+00 1.150056832323040368e+01 1.051226130459680689e+03
1.134655191322092360e+00 1.148057184373513451e+01 9.230948975026032031e+02
1.157988770662178313e+00 1.145560629618476511e+01 8.111669869387911831e+02
1.181265319042960282e+00 1.143538541815281384e+01 7.146709298664305834e+02
1.204437033251763323e+00 1.141131202643162545e+01 6.303984968287526272e+02
1.227487677575013425e+00 1.138488062003525592e+01 5.557178402152325134e+02
1.250393857755519367e+00 1.136064510637149993e+01 4.908640524368906881e+02
1.273106621550928130e+00 1.133310356534345686e+01 4.340773407953174114e+02
1.295619057210211089e+00 1.130627378783648673e+01 3.842719263374020215e+02
1.317901047587594743e+00 1.128078129800057638e+01 3.388886585917119305e+02
1.339928483826063221e+00 1.125154409419852719e+01 3.023918189243734673e+02
1.361672211545407185e+00 1.121860428133227572e+01 2.689345516365189042e+02
1.383113059880039852e+00 1.118850000522509092e+01 2.391969672513472176e+02
1.404223499914377449e+00 1.115526409407451958e+01 2.130748370143952286e+02
1.424976771910681839e+00 1.112414148379909307e+01 1.899761086723480332e+02
1.445355475574054083e+00 1.108910349428728104e+01 1.696726752015031536e+02
1.465337025475113464e+00 1.105358209122259616e+01 1.517155677776382561e+02
1.484896260386652678e+00 1.101792569238851094e+01 1.357267608623117496e+02
1.504021246802596412e+00 1.098085436376047852e+01 1.217378122861426846e+02
1.522676057294805707e+00 1.094332254397826532e+01 1.093475558710245394e+02
1.540861684550110855e+00 1.090417682635614582e+01 9.831366320595313368e+01
1.558550278141275225e+00 1.086395563044229995e+01 8.839407174495811148e+01
1.575727612794980859e+00 1.082376944100778005e+01 7.965498790541796836e+01
1.592378950916175206e+00 1.078161504339671950e+01 7.189063184455207534e+01
1.608488920343563056e+00 1.073996230325176171e+01 6.491461524719426279e+01
1.624046804598076266e+00 1.069633161293902290e+01 5.870174668126524153e+01
1.639041305636779633e+00 1.065152321144642045e+01 5.320637433584933973e+01
1.653462157787134235e+00 1.060696260756987641e+01 4.807001028805341036e+01
1.667299194359322057e+00 1.055993994666423497e+01 4.366369859358606220e+01
1.680545095973419389e+00 1.051264792660800218e+01 3.985367643743573751e+01
1.693194136702315777e+00 1.046493809910355388e+01 3.618012127351697416e+01
1.705239468580477480e+00 1.041665680763901669e+01 3.299010552728171319e+01
1.716679909844648799e+00 1.036825105252032131e+01 3.013234387821949767e+01
1.727508794311001905e+00 1.031743358100638019e+01 2.757900263126616736e+01
1.737727281650609523e+00 1.026687310095697292e+01 2.530754704075043549e+01
1.747332416589766346e+00 1.021639116255796687e+01 2.320923837460648187e+01
1.756326875964191458e+00 1.016449807997841503e+01 2.124386006205016386e+01
1.764711581630474813e+00 1.011139770542105687e+01 1.952896406385832151e+01
1.772491317664978139e+00 1.005868756057231472e+01 1.803869598458137347e+01
1.779663900110088681e+00 1.000527338894448093e+01 1.662331984164612209e+01
1.786230171246117049e+00 9.951601320049974220e+00 1.530877756833772452e+01
1.792123794973358608e+00 9.897579520097101735e+00 1.420007975978837678e+01
1.797232449262654574e+00 9.844296432212653158e+00 1.317837507795700347e+01
1.801375781451087343e+00 9.789972967796726877e+00 1.225782002850235486e+01
1.804302133782566431e+00 9.737467958143151137e+00 1.147046887848639329e+01
1.805151290379324980e+00 9.693745907636705184e+00 1.087728470757890165e+01
