2.191799393479931801e-01 1.550982551689759603e+01 3.683552447462830693e+06
2.273472618941305423e-01 1.519513666177837941e+01 3.082500670520655345e+06
2.358642658974249018e-01 1.491281020805780244e+01 2.585990411052955780e+06
2.447494878831621978e-01 1.465470785575544888e+01 2.165685451012688223e+06
2.539947255185820429e-01 1.442111719737361675e+01 1.814893884562335443e+06
2.636205298866094449e-01 1.418953732650482280e+01 1.514167527276661480e+06
2.736344278613892511e-01 1.399026871147334816e+01 1.271121251668209676e+06
2.840462375498165604e-01 1.380467272087657449e+01 1.067642078339766013e+06
2.948556605989360868e-01 1.363264172765337712e+01 8.919910548516132403e+05
3.060804836733305723e-01 1.347645731994869500e+01 7.478668129241492134e+05
3.177491678285027099e-01 1.332959054884223704e+01 6.268316182054486126e+05
3.297972639547697149e-01 1.319615466927123393e+01 5.273807915771831758e+05
3.423003975619628991e-01 1.306912978901178057e+01 4.422326447878089384e+05
3.552554365894409205e-01 1.295718562616993985e+01 3.713580518208820722e+05
3.686620964553359303e-01 1.285329390040630138e+01 3.115838720191862667e+05
3.824986417376147196e-01 1.275239437360945871e+01 2.616213476036539068e+05
3.967997705028096234e-01 1.266531616263422499e+01 2.199589387506280909e+05
4.115539465050200296e-01 1.258171295136385304e+01 1.852433298654133978e+05
4.267895228149313769e-01 1.250565914438132609e+01 1.560746803470796440e+05
4.424756228520281276e-01 1.243416724311538069e+01 1.313363549618214893e+05
4.586704504477276401e-01 1.237218154671300852e+01 1.104091272562384402e+05
4.752898810031903065e-01 1.231131176819999418e+01 9.332203215131869365e+04
4.923853018923675662e-01 1.225677612408983563e+01 7.860136687020226964e+04
5.099429163298918599e-01 1.220548530837310963e+01 6.637868119678090443e+04
5.279740796528131774e-01 1.215648495941307594e+01 5.613607927211523202e+04
5.464703380380996345e-01 1.211447638965236173e+01 4.744439530149206257e+04
5.654310347474610365e-01 1.207226089545990177e+01 4.010445018683445960e+04
5.848042840691516364e-01 1.203600354554294860e+01 3.395835805472784705e+04
6.046696928235247848e-01 1.200128410923607269e+01 2.881356642366726737e+04
6.250422071614710751e-01 1.196837248810406251e+01 2.440637406444913722e+04
6.460537815553464291e-01 1.193822331298235717e+01 2.068853883788608073e+04
6.677266206091188039e-01 1.190909781484342211e+01 1.752026666586863576e+04
6.901240586226911056e-01 1.188209509616195092e+01 1.481918346085436315e+04
7.132842812860804571e-01 1.185697471872395070e+01 1.242393880423723567e+04
7.371904925678247622e-01 1.183630092465626404e+01 1.059795382517710277e+04
7.619234240054455487e-01 1.181539870634148492e+01 8.949808251508369722e+03
7.874577660173791571e-01 1.179846021549813173e+01 7.546697882147723249e+03
8.138188973518363234e-01 1.178253118746657435e+01 6.315900093943404499e+03
8.409965480692127571e-01 1.176743662710533833e+01 5.367993366934701044e+03
8.689938375190482400e-01 1.175410113535685319e+01 4.528564763518302243e+03
8.977718014899160881e-01 1.174372947710778980e+01 3.816611326868317519e+03
9.273441472658187079e-01 1.173309822047032469e+01 3.223442516503759180e+03
9.576754396822180215e-01 1.172439829754115337e+01 2.716375037644940676e+03
9.887513387043947999e-01 1.171913230405906603e+01 2.291253699005270391e+03
1.020526888047323499e+00 1.171264935220918346e+01 1.933546421469222196e+03
1.052973626869808221e+00 1.170770308836571516e+01 1.633272901151711267e+03
1.086051930296885182e+00 1.170427870026287387e+01 1.380196533369602093e+03
1.119712024140254281e+00 1.170116656188123372e+01 1.168903945418938292e+03
1.153932564651693360e+00 1.170204332095452848e+01 9.888449120467654438e+02
1.188608927625245171e+00 1.169646889732764450e+01 8.324504996359210054e+02
1.223727949587877672e+00 1.169661805322210668e+01 7.113736484772996391e+02
1.259221724248110297e+00 1.169420009345045308e+01 6.038549951679060541e+02
1.295028806844247482e+00 1.169504617534579083e+01 5.137773860848476488e+02
1.331094446114218011e+00 1.169250788869530489e+01 4.378757018761858717e+02
1.367321138828933913e+00 1.168834734116437524e+01 3.711148469324284065e+02
1.403676026874731697e+00 1.168545924153526983e+01 3.189422578465658944e+02
1.440084243892719496e+00 1.168165352012154479e+01 2.732130092620437267e+02
1.476467051930598684e+00 1.168065214222020209e+01 2.327435643164326393e+02
1.512746314406415493e+00 1.167307958043940630e+01 2.010167252748522628e+02
1.548877706931063969e+00 1.166702467912262975e+01 1.728734568995908489e+02
1.584768626788700674e+00 1.166039179138404513e+01 1.490632794077639005e+02
1.620372916993569001e+00 1.165414651714090866e+01 1.286699110505923045e+02
1.655604270975621573e+00 1.164445318032332111e+01 1.113272640926859367e+02
1.690401266151829063e+00 1.163389589800152635e+01 9.649428974411821969e+01
1.724689113502617666e+00 1.162264761603310959e+01 8.381435272423368588e+01
1.758415037833304773e+00 1.161037334818532685e+01 7.297557727889471835e+01
1.791532653054852764e+00 1.159591417986536399e+01 6.328160148295672371e+01
1.823960552430448523e+00 1.157941352985648642e+01 5.553631177925419848e+01
1.855651654373242199e+00 1.156234441448249051e+01 4.868815060849949106e+01
1.886525343772720742e+00 1.154354974113193855e+01 4.265332110020975875e+01
1.916457249477209857e+00 1.152300809533333847e+01 3.755640755777403683e+01
1.945321807962475891e+00 1.150071428542579177e+01 3.310788011501315253e+01
1.973015755532145032e+00 1.147734901566040300e+01 2.927084095349774273e+01
1.999405334863016082e+00 1.145199571660431737e+01 2.599257309209986033e+01
2.024414342589717641e+00 1.142441636893020984e+01 2.314100010715723599e+01
2.047934884282970991e+00 1.139521311817590288e+01 2.059713437374556477e+01
2.069884699151823160e+00 1.136384557524940853e+01 1.854344639585321985e+01
2.090182061258908153e+00 1.133030754858523714e+01 1.669271787936745355e+01
2.108797956687973763e+00 1.129489097697968347e+01 1.507372454906582249e+01
2.125633055986049680e+00 1.125738881611309061e+01 1.367750520567743422e+01
2.140650186673838995e+00 1.121760311270850252e+01 1.245693391887219370e+01
2.153817448238679155e+00 1.117614723938846844e+01 1.135842044236806814e+01
2.165107031747500521e+00 1.113291330403045976e+01 1.047171724364010359e+01
2.174480753122053134e+00 1.108689975502865721e+01 9.668434137365009562e+00
2.181911418931094637e+00 1.103987091918263097e+01 8.961749527266833937e+00
2.187408998473416410e+00 1.099089125719921078e+01 8.356790444273762830e+00
2.190940420618439965e+00 1.094036661500383545e+01 7.831060087135433001e+00
2.192499905075303346e+00 1.088896907375158563e+01 7.374359551008108582e+00
2.192070542374683129e+00 1.083637103086121378e+01 6.993101343653320257e+00
2.189670157695325692e+00 1.078301223923521412e+01 6.652033134773846612e+00
2.185267520449530654e+00 1.073012049973093340e+01 6.392949712703286380e+00
2.178940731468318681e+00 1.067736430737511100e+01 6.208333766091332251e+00
2.170881418196138668e+00 1.062555845534825849e+01 6.036416281799909633e+00
2.161362599096319226e+00 1.057274839863885063e+01 5.931619881623179324e+00
2.150541402947183212e+00 1.052073897347683129e+01 5.841950756773569786e+00
2.138660670268376141e+00 1.046760136087461568e+01 5.759299181639620180e+00
2.125852671092283153e+00 1.041511871046428261e+01 5.729436774868922555e+00
2.112302464756716791e+00 1.036265263180015062e+01 5.702107101360306629e+00
2.098104312545082006e+00 1.031024277648650056e+01 5.694718251321551961e+00
2.083352813170376905e+00 1.025775769949302862e+01 5.695034323792913966e+00
