2.191799393479931801e-01 1.550982551689759603e+01 3.683552447462830693e+06
2.273477441653405096e-01 1.520084382630864006e+01 3.095619068117465824e+06
2.358653721044793039e-01 1.493306439516941353e+01 2.594348613318995573e+06
2.447516303533856519e-01 1.465261310050622789e+01 2.165583249165855814e+06
2.539971492292075195e-01 1.441688067869651135e+01 1.809265651425494347e+06
2.636237932983316878e-01 1.419206117477798479e+01 1.514417244765410898e+06
2.736381870940627903e-01 1.398668623818425694e+01 1.270236742163256742e+06
2.840505152213129159e-01 1.380415925425866774e+01 1.064832680814472027e+06
2.948607259518423174e-01 1.363511201036961040e+01 8.924394648677788209e+05
3.060869383649671427e-01 1.347699934770809982e+01 7.482831007822898682e+05
3.177567238605261135e-01 1.333199546762531540e+01 6.281361346456047613e+05
3.298063118333842691e-01 1.319724138509056743e+01 5.267991232238505036e+05
3.423103194510121461e-01 1.306940068913378994e+01 4.416098199069178663e+05
3.552663451491648861e-01 1.295917597612550942e+01 3.713942961986269220e+05
3.686729165573251477e-01 1.285173570042920410e+01 3.119405286719049327e+05
3.825116966441505784e-01 1.275204386595086170e+01 2.615790248493030667e+05
3.968137086482334541e-01 1.266246369733120503e+01 2.200589732069623133e+05
4.115707227249325584e-01 1.258025864025392693e+01 1.853255673616323038e+05
4.268064644292929866e-01 1.250475849352127611e+01 1.557635398436516407e+05
4.424945447019771327e-01 1.243504314816627598e+01 1.310751468730069464e+05
4.586908500188840443e-01 1.237121702936395451e+01 1.104561476491480280e+05
4.753119818446103761e-01 1.231078081372045396e+01 9.326152428195434914e+04
4.924094521805124636e-01 1.225581683023839652e+01 7.874687408847130428e+04
5.099687007689142071e-01 1.220670172471513659e+01 6.630922930364072090e+04
5.280018970649342780e-01 1.215606391122270580e+01 5.611475216822086077e+04
5.464998252508326271e-01 1.211439483356524605e+01 4.743207957979860657e+04
5.654625371803649880e-01 1.207219711159999598e+01 4.013942213263757003e+04
5.848374284386587130e-01 1.203532495530682311e+01 3.393194102612054849e+04
6.047102421716092913e-01 1.200245205903810408e+01 2.878009027194719602e+04
6.251094980451380456e-01 1.196748996376832430e+01 2.413837552274675909e+04
6.461721624334823000e-01 1.193600006196634489e+01 2.066907396096806406e+04
6.679551202123661380e-01 1.190878005718388444e+01 1.750903518456223537e+04
6.904574788997250856e-01 1.188105700248794960e+01 1.479132016664517869e+04
7.137926988607162793e-01 1.186021026808103862e+01 1.250044913919115243e+04
7.379274260439780964e-01 1.183686550125044334e+01 1.055636537808397225e+04
7.629350819010990437e-01 1.181725750695328081e+01 8.897918906285951380e+03
7.888048398004088302e-01 1.179900244877613602e+01 7.496074019828830387e+03
8.155552843857399870e-01 1.178344882951576622e+01 6.318390327343988247e+03
8.431807641474079462e-01 1.176893091212609477e+01 5.279878778979119488e+03
8.716683491543838480e-01 1.175716477615407207e+01 4.472481232381916925e+03
9.010144960331157860e-01 1.174977819541023294e+01 3.764992271778766735e+03
9.312175532243572862e-01 1.174302242943361030e+01 3.143170442558345258e+03
9.622298067676037236e-01 1.173841076408678852e+01 2.662321226245348498e+03
9.940359027169340944e-01 1.172929020119765120e+01 2.245743383144877498e+03
1.026599193522581555e+00 1.172513806229856392e+01 1.891314105610151046e+03
1.059893588687328192e+00 1.172587010857824907e+01 1.594245439974438113e+03
1.093886655223755167e+00 1.172103338064594702e+01 1.344464445517682861e+03
1.128497936644276001e+00 1.172074724025695680e+01 1.135288280921930891e+03
1.163704649593002793e+00 1.171997642593057876e+01 9.585328838777874125e+02
1.199443980782469277e+00 1.172096520632819328e+01 8.113218439518133209e+02
1.235662346744903939e+00 1.172193728293976633e+01 6.862317750864680193e+02
1.272304888842961779e+00 1.172248671455108493e+01 5.821578275637904198e+02
1.309285611335148980e+00 1.172434249181791976e+01 4.938374170707950270e+02
1.346557008794810439e+00 1.172472606576662990e+01 4.199449584964899032e+02
1.384037846993889209e+00 1.172563007687604930e+01 3.576908053485129813e+02
1.421679236345207542e+00 1.172655047952349072e+01 3.045569349505443597e+02
1.459366583308160603e+00 1.172862814608279258e+01 2.603710411294455866e+02
1.497082244702911291e+00 1.172693852054917762e+01 2.227160796893575707e+02
1.534698971080819874e+00 1.172317629372703607e+01 1.909511124723976536e+02
1.572179070519067245e+00 1.172065116753354630e+01 1.639119634061992485e+02
1.609440327291012718e+00 1.171703147698142189e+01 1.412358745703910472e+02
1.646402610520043552e+00 1.171338419828536459e+01 1.215077647304486135e+02
1.682978352291015778e+00 1.170752187388396415e+01 1.050047419445377415e+02
1.719131615398004076e+00 1.169930834843556511e+01 9.083490741755308306e+01
1.754772011384124974e+00 1.169297951314444362e+01 7.874830644130123858e+01
1.789843103173487604e+00 1.168116982402470327e+01 6.842595326620539709e+01
1.824258526755225596e+00 1.166949589276350174e+01 5.962573537091152076e+01
1.857902428337392831e+00 1.165659283472225738e+01 5.200212813875354101e+01
1.890650778490333472e+00 1.164200008395261676e+01 4.551270365402249496e+01
1.922374519870299059e+00 1.162596485546987246e+01 3.989312686081390069e+01
1.952957657867881336e+00 1.160737746781203938e+01 3.513948438117997597e+01
1.982312514877158760e+00 1.158709494478462076e+01 3.102323708278603576e+01
2.010325305798335460e+00 1.156558960409473613e+01 2.744436831263286791e+01
2.036899102543578532e+00 1.154152035011309252e+01 2.437952657353362795e+01
2.061983763122199775e+00 1.151541522277427632e+01 2.174890621919938027e+01
2.085514133410513615e+00 1.148684953485543225e+01 1.944972894501037430e+01
2.107413649771090025e+00 1.145627831339861302e+01 1.747124257784020429e+01
2.127616379439723815e+00 1.142366455119405089e+01 1.568662369305915227e+01
2.146145255628973736e+00 1.138827910180594216e+01 1.423586875351094605e+01
2.162924042315593542e+00 1.135179428245725397e+01 1.292479586877872322e+01
2.177941858969054678e+00 1.131149656947390270e+01 1.178553701253892427e+01
2.191202024028867879e+00 1.127038286671397138e+01 1.075241723674270311e+01
2.202678260818916822e+00 1.122746242209703915e+01 9.899836711243201748e+00
2.212420703231883223e+00 1.118234449631684235e+01 9.097087443150048358e+00
2.220403434687887145e+00 1.113517021794286421e+01 8.421374794602151326e+00
2.226640631258453240e+00 1.108598537859386823e+01 7.858535992288785188e+00
2.231192155837735225e+00 1.103518337887883938e+01 7.329683738084289857e+00
2.234072001441569366e+00 1.098299249063847327e+01 6.872805398331164994e+00
2.235305137127384434e+00 1.092976805057561762e+01 6.466272813007508447e+00
2.234955278693066205e+00 1.087452085330651919e+01 6.108506452002296250e+00
2.233056549138470626e+00 1.081892842312965719e+01 5.802794831290016830e+00
2.229653087363384856e+00 1.076275006393941069e+01 5.527290688020149112e+00
2.224816638806519364e+00 1.070513740664632252e+01 5.281620760963223304e+00
2.218613966392986470e+00 1.064851717346318694e+01 5.093640501311035962e+00
2.211112717534574390e+00 1.059026183007512500e+01 4.925417293547108777e+00
2.202401916001119897e+00 1.053380518765230001e+01 4.772657044263228343e+00
2.192582318825329057e+00 1.047837582341922591e+01 4.677736186926480855e+00
2.181825944976973020e+00 1.042443016489328755e+01 4.591412074933234777e+00
2.170450834772909232e+00 1.037505422475467043e+01 4.540975870715871388e+00
2.159421405862805621e+00 1.033421611166764542e+01 4.531777466144252031e+00
