2.191799393479931801e-01 1.550982551689759603e+01 3.683552447462830693e+06
2.258001493430654427e-01 1.526304717654248044e+01 3.198040557953410316e+06
2.326269857590206047e-01 1.503035537590509385e+01 2.766687074388357811e+06
2.397005810947845927e-01 1.480102105205650709e+01 2.392386969722799025e+06
2.470137267140383452e-01 1.461162922557975108e+01 2.083130667751624715e+06
2.545702750319560059e-01 1.440095550177482764e+01 1.789497674087202875e+06
2.623775883004460518e-01 1.422148605201844696e+01 1.552636220317506464e+06
2.704411022460251890e-01 1.405451947487503084e+01 1.341558500341757899e+06
2.787643949157342926e-01 1.389589101126295567e+01 1.162494719786531292e+06
2.873531014557750840e-01 1.374876546746891215e+01 1.009401387755830307e+06
2.962097549035408450e-01 1.361388552290146237e+01 8.731528712889197050e+05
3.053288466954055536e-01 1.348420338136176255e+01 7.586756538970286492e+05
3.147310481241137325e-01 1.336914607108726649e+01 6.583187883413977688e+05
3.244156154253182156e-01 1.326070248453887501e+01 5.693016666530390503e+05
3.343866310310983359e-01 1.314574373256123252e+01 4.934028759277429199e+05
3.446331804061795734e-01 1.304586940218267799e+01 4.278148770576794050e+05
3.551902050426296031e-01 1.295738138709780785e+01 3.715312897363097291e+05
3.660320736605945369e-01 1.286967714683077268e+01 3.192560713945470052e+05
3.771633815194654349e-01 1.279102405845031676e+01 2.801173568519261316e+05
3.886024058297510853e-01 1.271325480156660248e+01 2.429141888695950329e+05
4.003477252162097044e-01 1.264320830963843711e+01 2.111501535458354338e+05
4.123910730894791987e-01 1.257082066685677191e+01 1.833446534969712084e+05
4.247716839836416236e-01 1.251412611835602284e+01 1.593053863818725513e+05
4.374139027482050190e-01 1.245643410040182886e+01 1.373563015762191208e+05
4.503977205708797893e-01 1.240382844696823739e+01 1.207380613070873806e+05
4.636854260652662485e-01 1.235118913398416574e+01 1.042875671635821491e+05
4.772683816606188012e-01 1.230480371054370892e+01 9.140221496329328511e+04
4.911613414784654075e-01 1.225860340248800640e+01 7.954934397476953745e+04
5.053554979245683532e-01 1.221685960057349973e+01 6.943958116987005633e+04
5.198672467666460850e-01 1.217848874888044719e+01 6.053353286651527014e+04
5.346860834085762626e-01 1.214108797818488306e+01 5.277504615659924457e+04
5.498102431335366580e-01 1.210711202260969266e+01 4.607261596617948817e+04
5.652423069069409944e-01 1.207256641756376325e+01 4.021740225832225406e+04
5.809282209060565583e-01 1.204310324525412845e+01 3.513732504976030759e+04
5.969416385538438563e-01 1.201314282281662393e+01 3.068631122099598360e+04
6.132966607710006457e-01 1.198778808563434062e+01 2.683381179014999361e+04
6.300576942377010825e-01 1.196052924173260656e+01 2.345227510860620532e+04
6.472663484759225705e-01 1.193657188933163127e+01 2.049724794997384379e+04
6.649612072589853318e-01 1.191295402746554544e+01 1.788916420230083168e+04
6.831363020243115258e-01 1.189095398632557021e+01 1.561171529531643137e+04
7.018711790229115177e-01 1.187229310820612405e+01 1.360167692649425044e+04
7.211317250557141012e-01 1.185306422827511774e+01 1.186739667329394979e+04
7.409769722870815922e-01 1.183331114539864970e+01 1.033515075377825451e+04
7.614022279158183526e-01 1.181984154154910271e+01 8.992926061841775663e+03
7.824146731496606222e-01 1.180480763883075745e+01 7.819204062535608500e+03
8.040176156485996373e-01 1.179340333809424912e+01 6.802150764740175873e+03
8.262212418419251359e-01 1.177856121388105315e+01 5.908485908516383461e+03
8.490169362607618009e-01 1.177060525053500406e+01 5.137617823456685983e+03
8.723984364855381646e-01 1.175903918259459324e+01 4.464061239986087458e+03
8.963636333242537280e-01 1.175402167498080885e+01 3.879763905908092056e+03
9.209145860810107331e-01 1.174630272979129231e+01 3.367398444165135061e+03
9.460130230459925516e-01 1.174269090526773063e+01 2.924938253426549181e+03
9.716844199322570708e-01 1.173672885516774222e+01 2.541740765488161742e+03
9.978756409831358587e-01 1.173232575750796336e+01 2.208929790928259990e+03
1.024596495264805229e+00 1.173199516082258498e+01 1.920716772359828838e+03
1.051807767095361834e+00 1.173311631380632925e+01 1.669296935698908101e+03
1.079514738537187712e+00 1.172944492910240122e+01 1.452219299741667555e+03
1.107657080339885081e+00 1.172876683681335486e+01 1.263748826594961884e+03
1.136228733356812404e+00 1.173384567309146576e+01 1.100127605035014540e+03
1.165213933844688521e+00 1.173161724140591389e+01 9.531054099926133176e+02
1.194542921680177061e+00 1.173153589684198828e+01 8.362139239443991983e+02
1.224238687509971557e+00 1.173328337853826042e+01 7.293954486949779721e+02
1.254219311049730834e+00 1.173607038746442655e+01 6.367678856891842543e+02
1.284487602657068850e+00 1.173767550750220678e+01 5.566486859761010919e+02
1.314994335337814624e+00 1.173903536061790831e+01 4.871269029739321468e+02
1.345679019887814576e+00 1.174338853622939283e+01 4.238583779133360281e+02
1.376541002605489838e+00 1.174425576990960529e+01 3.714727479713379239e+02
1.407519617500341935e+00 1.174430139172648246e+01 3.279607807247098208e+02
1.438598494217731005e+00 1.174530457420199347e+01 2.880225836959591561e+02
1.469691221635994749e+00 1.174689818248357298e+01 2.533169832859094868e+02
1.500821998749675590e+00 1.174673555824877802e+01 2.230335766431600462e+02
1.531894028483024917e+00 1.174665019406830524e+01 1.965650113692604180e+02
1.562893990196680516e+00 1.174606226359783534e+01 1.734685443911524487e+02
1.593769714798717096e+00 1.174442483784979530e+01 1.532779337392845207e+02
1.624498180405006709e+00 1.174273741659023784e+01 1.356436993388481369e+02
1.655023269299334521e+00 1.174047343404776456e+01 1.200942533350049359e+02
1.685306724252349841e+00 1.173660548203110565e+01 1.064930884974985190e+02
1.715302208865872480e+00 1.173281773072497280e+01 9.458417663259535857e+01
1.744992319495797251e+00 1.172790434824181638e+01 8.409845217618317292e+01
1.774329178021119446e+00 1.172120001929720345e+01 7.489459898231480395e+01
1.803281589370496762e+00 1.171430653995240334e+01 6.677038800239546390e+01
1.831798732714833511e+00 1.170641933226663056e+01 5.965657134654990301e+01
1.859860620521484709e+00 1.169700302328421238e+01 5.336754982996937713e+01
1.887437996494476966e+00 1.168713887190303247e+01 4.771189596038348668e+01
1.914489716032061528e+00 1.167595941226829304e+01 4.279550081405457007e+01
1.940976826821163348e+00 1.166395488203689723e+01 3.846466357933104518e+01
1.966818923484264792e+00 1.165056732072809709e+01 3.459206692997840804e+01
1.991919900011953626e+00 1.163593234535884768e+01 3.117677682695038754e+01
2.016183406301709002e+00 1.162048339533782126e+01 2.819485876028296900e+01
2.039506151887758634e+00 1.160393053487972992e+01 2.549642788618364975e+01
2.061778603641769791e+00 1.158562972677205494e+01 2.313855684747382213e+01
2.082898042564076402e+00 1.156610085020109224e+01 2.104169841867577162e+01
2.102755094586614248e+00 1.154446630772734572e+01 1.923083157626939510e+01
2.121247795289719740e+00 1.152257210410664534e+01 1.753620104217583986e+01
2.138171807566088489e+00 1.149768357730234669e+01 1.617885880859287440e+01
2.153436867825770040e+00 1.147145717600191439e+01 1.494235128710250038e+01
2.166790547756059393e+00 1.144337532915843880e+01 1.385805805820856484e+01
2.177872910523120709e+00 1.141348392272437806e+01 1.294246297767461229e+01
2.185770530813546664e+00 1.138375681100728265e+01 1.220145095773765576e+01
2.183694779792606067e+00 1.137066584063741459e+01 1.213931138415293276e+01
