2.191799393479931801e-01 1.550982551689759603e+01 3.683552447462830693e+06
2.280712620092368303e-01 1.517501963683695188e+01 3.043480307701230049e+06
2.373815719514457689e-01 1.486841723558228345e+01 2.500282514344598632e+06
2.471081561956442740e-01 1.460238997223313717e+01 2.077207513860475970e+06
2.572766587358874535e-01 1.433328514870783366e+01 1.701463003059753217e+06
2.678965953508641307e-01 1.410044405423882097e+01 1.406492275173494592e+06
2.789792829596046131e-01 1.389530551461189489e+01 1.157365707194178365e+06
2.905372561564229517e-01 1.369845342442886427e+01 9.581610616232834291e+05
3.025649517170710401e-01 1.352511256791292205e+01 7.922732563277729787e+05
3.150919646406967756e-01 1.335112885475756705e+01 6.532340320301890606e+05
3.281304071022650426e-01 1.321632234022446006e+01 5.395309075137204491e+05
3.416725601758187070e-01 1.307547267485794151e+01 4.453006255719071487e+05
3.557455072554192577e-01 1.295126978442370103e+01 3.690779983327402733e+05
3.703120532152786026e-01 1.284220175069565428e+01 3.060082388756662258e+05
3.854426061171644102e-01 1.273395396465526375e+01 2.527193657681715267e+05
4.011283979554484125e-01 1.263748515811693096e+01 2.092996285982889822e+05
4.173197631935108842e-01 1.255529828678450066e+01 1.733719522452406236e+05
4.340789190694650523e-01 1.247095782234017491e+01 1.436145271304048365e+05
4.513941159595599717e-01 1.239911387919137908e+01 1.192375664338062052e+05
4.692671332973711307e-01 1.233379936955653378e+01 9.908099671050797042e+04
4.876892963350065724e-01 1.227290288353231240e+01 8.231396643773006508e+04
5.066355446591170875e-01 1.221455949923178608e+01 6.858270907776319655e+04
5.261518820934700802e-01 1.216255706907085177e+01 5.706049655294273543e+04
5.462167020786483640e-01 1.211541141434554270e+01 4.750651778571085015e+04
5.668302032958985048e-01 1.206931870364756954e+01 3.963536108978831908e+04
5.879236484897690795e-01 1.202986309177190805e+01 3.312661942680913489e+04
6.096217304746670562e-01 1.199086201215617109e+01 2.766135529186508211e+04
6.320152267465579676e-01 1.195364038206818691e+01 2.311952976133473931e+04
6.552353897665774696e-01 1.192483007434042896e+01 1.928217884364681231e+04
6.793377547065350130e-01 1.189548244984333358e+01 1.606841734668158642e+04
7.043898843390126174e-01 1.186478354889091591e+01 1.338859380515788871e+04
7.304493749949747539e-01 1.184331435835319724e+01 1.112406241687357578e+04
7.575461035281482181e-01 1.182392352280754899e+01 9.238231597590565798e+03
7.857151334312115765e-01 1.180210880956391506e+01 7.658890855489583373e+03
8.149590582732902933e-01 1.178625363551424421e+01 6.359299974757512246e+03
8.452885342291008852e-01 1.177302530432768535e+01 5.259990197725898724e+03
8.766882416974270953e-01 1.176100633276464080e+01 4.359428414036417053e+03
9.091547228492787847e-01 1.175124915478470022e+01 3.577266586432521763e+03
9.426475954199405871e-01 1.174199884583345010e+01 2.984259235305539733e+03
9.771524054627018785e-01 1.173929620609169788e+01 2.452830691510095221e+03
1.012627282715453214e+00 1.173513856711174697e+01 2.048256554592216617e+03
1.049025736950586873e+00 1.173828330693518751e+01 1.698345763130662135e+03
1.086317147375366554e+00 1.173305347837057688e+01 1.406806365033070279e+03
1.124413274554144637e+00 1.173606642680405798e+01 1.168045281069612884e+03
1.163270758261904181e+00 1.173558515141212055e+01 9.710942002477787582e+02
1.202799860766823548e+00 1.173779092304089389e+01 8.079869042392853089e+02
1.242942673547478227e+00 1.174091369297283904e+01 6.731135650395956418e+02
1.283623528320071205e+00 1.174426663415634131e+01 5.618480869199763674e+02
1.324737446187205014e+00 1.175132326811009875e+01 4.695834219251859736e+02
1.366191707074035921e+00 1.175444006853746792e+01 3.931682772731494993e+02
1.407920700938398273e+00 1.175579109785151743e+01 3.296674283019317500e+02
1.449824968865919939e+00 1.175689135306078015e+01 2.769907617285695096e+02
1.491792053127338757e+00 1.175855144134676600e+01 2.319205320527122183e+02
1.533717063194799168e+00 1.176146476727173962e+01 1.968812057418000165e+02
1.575523945350823851e+00 1.175969666954575210e+01 1.664297081456497551e+02
1.617099829213609619e+00 1.175845662477940401e+01 1.411860070469599293e+02
1.658367944812045414e+00 1.175598004361955873e+01 1.198451939993401965e+02
1.699168516443238852e+00 1.175308291463403876e+01 1.020294324943495781e+02
1.739336670225276382e+00 1.174616653188029680e+01 8.713335347126165686e+01
1.778727322386563392e+00 1.173869805902146446e+01 7.462504391014923044e+01
1.817155619674573064e+00 1.172907370122752901e+01 6.412666628513014189e+01
1.854479515138143020e+00 1.171770946081912612e+01 5.524197538758163262e+01
1.890565392927869848e+00 1.170415784281784077e+01 4.783185915776401487e+01
1.925278742396555165e+00 1.168772470625362203e+01 4.150890628412034999e+01
1.958525767428647368e+00 1.166906991693035600e+01 3.615800663079030386e+01
1.990184919316572154e+00 1.164772163467619670e+01 3.163740515659137742e+01
2.020165090756745219e+00 1.162399861021578751e+01 2.777483104624540289e+01
2.048410936021352935e+00 1.159794710041669141e+01 2.448582864819694649e+01
2.074857230535387398e+00 1.156873151946941469e+01 2.165486634693583312e+01
2.099457868788622505e+00 1.153739527919615959e+01 1.925421471960819986e+01
2.122170897734319883e+00 1.150258337306091150e+01 1.717016078543305468e+01
2.142985332145536326e+00 1.146469384427061478e+01 1.537685422281964520e+01
2.161889143628123122e+00 1.142505101493443043e+01 1.382179800030941408e+01
2.178878467293011489e+00 1.138331715832955915e+01 1.244009870438883070e+01
2.193973684042362926e+00 1.133785848063692647e+01 1.131096668008206585e+01
2.207180354543882839e+00 1.129066957228247858e+01 1.028791223216436279e+01
2.218559434524131735e+00 1.124159143085323898e+01 9.396777341970476982e+00
2.228109394788787778e+00 1.118987214651119189e+01 8.611733652968725394e+00
2.235886922675401234e+00 1.113630071867277316e+01 7.924898552115331896e+00
2.241957631364255299e+00 1.108060934707729217e+01 7.300314180946801734e+00
2.246360688137190920e+00 1.102320138225181445e+01 6.786418732874937021e+00
2.249147236284663620e+00 1.096512398230840013e+01 6.315300228714758823e+00
2.250404861989244054e+00 1.090397043159416590e+01 5.897729348258764048e+00
2.250177535462619005e+00 1.084185509975836403e+01 5.514148091431018806e+00
2.248538422894065913e+00 1.077908599964087522e+01 5.197448324834596178e+00
2.245551771367310767e+00 1.071541508439162627e+01 4.904703737140867048e+00
2.241300981421615379e+00 1.065004998291303551e+01 4.646460936484367643e+00
2.235857072661879386e+00 1.058500114437235418e+01 4.401622117094113662e+00
2.229279408501952275e+00 1.051848556991079420e+01 4.206181818325235078e+00
2.221647802269479222e+00 1.045193747059176914e+01 4.013332556381998373e+00
2.213020904772043274e+00 1.038532184295014993e+01 3.848910623925685393e+00
2.203501961033169643e+00 1.031826226335815200e+01 3.714546454993175040e+00
2.193125002531523648e+00 1.025133039121698530e+01 3.584602571778600755e+00
2.181980242775297896e+00 1.018466949638435892e+01 3.462772314596334944e+00
2.170125631093925644e+00 1.011772747861354560e+01 3.370772934057149062e+00
2.157632730180738534e+00 1.005175388958970117e+01 3.282560228138221348e+00
2.144567766616406690e+00 9.985901319204188553e+00 3.199155279953448172e+00
2.130989975376537782e+00 9.921167799762327988e+00 3.140254655847885878e+00
2.117106435674279918e+00 9.857992633975952046e+00 3.086096581270740380e+00
2.103373582452849444e+00 9.799715928466783410e+00 3.039229346836462398e+00
