2.191799393479931801e-01 1.550982551689759603e+01 3.683552447462830693e+06
2.282625269203396312e-01 1.516763960329077143e+01 3.021604050495669246e+06
2.377664123375716476e-01 1.486110201888606319e+01 2.494547670887876302e+06
2.477274121834824316e-01 1.457002506123963670e+01 2.046830438425855478e+06
2.581407693082215515e-01 1.431528632934179335e+01 1.677450665176237468e+06
2.690243517259135464e-01 1.408138280192548031e+01 1.381728650655530859e+06
2.803914280510361734e-01 1.386862933021009425e+01 1.132388232134463731e+06
2.922630512363908473e-01 1.367029959292791474e+01 9.222546643100343645e+05
3.046108216690721071e-01 1.349604112864000527e+01 7.653102377429710468e+05
3.175200745998225105e-01 1.333021237283307237e+01 6.240497117467024364e+05
3.308904479175280855e-01 1.318722677620385397e+01 5.188048441188840661e+05
3.448247965822181516e-01 1.304661410249936360e+01 4.275632013843892491e+05
3.593110284082220440e-01 1.292286723340827059e+01 3.521713829926754115e+05
3.743368842864636670e-01 1.281041264341549635e+01 2.898433645691081183e+05
3.899299514790687260e-01 1.270710763649096897e+01 2.394231066554271092e+05
4.060910330187894601e-01 1.261158597268006964e+01 1.975306819972450321e+05
4.228104675160317405e-01 1.252447265111865704e+01 1.627976754088390153e+05
4.401093139153208211e-01 1.244559631405147648e+01 1.345710469049104431e+05
4.579958200824999492e-01 1.237323958936528534e+01 1.113665291398378613e+05
4.764571724733736025e-01 1.230652879775344388e+01 9.226758363187563373e+04
4.954735214616374228e-01 1.224719641130212011e+01 7.636571947414855822e+04
5.150678719384654825e-01 1.219226134480507895e+01 6.322123017411676119e+04
5.352390420774155722e-01 1.214090088082532759e+01 5.249669084911882237e+04
5.559805872353105194e-01 1.209456398065301030e+01 4.358703439573885407e+04
5.772515211406724633e-01 1.205067290960657722e+01 3.622499789436697029e+04
5.990906325642934016e-01 1.200987896334110339e+01 3.016311813521389558e+04
6.216100210678067173e-01 1.197400406240326554e+01 2.508357443692991001e+04
6.449493428110244508e-01 1.194004023883709209e+01 2.086362451405304091e+04
6.692098773647637833e-01 1.190789345338393446e+01 1.733622097011161895e+04
6.944424852532011805e-01 1.187891462196833281e+01 1.437143045881275793e+04
7.207402889572962490e-01 1.185306245923557178e+01 1.190502990622182188e+04
7.481566214545793958e-01 1.182964092350863083e+01 9.851670442180826285e+03
7.766910772076074387e-01 1.180944010709561809e+01 8.096427569207970919e+03
8.063883363641468627e-01 1.179275925643084300e+01 6.718473515066819346e+03
8.372535534671196045e-01 1.177733952936877770e+01 5.542090545712555468e+03
8.692494254625091621e-01 1.176606745918896380e+01 4.562735259181091351e+03
9.023973642367946191e-01 1.175724306890603721e+01 3.758402783656370502e+03
9.366711701833830839e-01 1.175012958001405927e+01 3.097053120928878343e+03
9.720511076963613828e-01 1.174440240990203854e+01 2.550169742587084329e+03
1.008463604670811975e+00 1.173974416422734102e+01 2.103345162853302554e+03
1.045894388689457166e+00 1.174106780726171095e+01 1.732168644033678902e+03
1.084292639474023323e+00 1.174451624075927825e+01 1.429895802313099693e+03
1.123570650395840698e+00 1.174290387528568580e+01 1.180508734853093983e+03
1.163677387258754470e+00 1.174790462211711350e+01 9.768818901588698509e+02
1.204518089028229433e+00 1.174946324591384084e+01 8.081755201836490414e+02
1.246051714343374250e+00 1.175528907083195129e+01 6.696363908248692951e+02
1.288135243153665010e+00 1.175897512559342317e+01 5.564954089856590826e+02
1.330742439151434198e+00 1.176487379061104122e+01 4.599494921809609878e+02
1.373710013550973885e+00 1.177240479502739845e+01 3.855011491988482248e+02
1.416982862402535570e+00 1.177503033518207332e+01 3.218836335811017193e+02
1.460438351482745700e+00 1.177713547208276168e+01 2.694485833906447283e+02
1.503961565255820032e+00 1.178116524560202194e+01 2.244409905502545257e+02
1.547349723441522995e+00 1.178396198616227508e+01 1.897067513734860995e+02
1.590372188258289965e+00 1.178686984484891198e+01 1.599677711246065428e+02
1.632809865869172761e+00 1.178405157147918203e+01 1.347856278391431601e+02
1.674487021374138074e+00 1.178223410350492451e+01 1.142343563417751113e+02
1.715133155098868656e+00 1.177699598267055414e+01 9.789497008508209319e+01
1.754580091966056354e+00 1.176991885287352524e+01 8.372478628873363959e+01
1.792645742919282137e+00 1.176072989128876323e+01 7.195643861209919123e+01
1.829141663858852684e+00 1.174822127838490005e+01 6.209907902148684400e+01
1.863914205440499350e+00 1.173240786585336615e+01 5.387095821535783813e+01
1.896767123109275310e+00 1.171387072027728138e+01 4.696796725526800032e+01
1.927616189082118403e+00 1.169155433297151880e+01 4.112048086962388993e+01
1.956314810776311308e+00 1.166551460146338393e+01 3.620640277655793682e+01
1.982724497624224202e+00 1.163607247152263824e+01 3.189405301253663794e+01
2.006808257533801765e+00 1.160367073041234498e+01 2.848122657459525442e+01
2.028430707173783265e+00 1.156765829259008527e+01 2.548929176782625916e+01
2.047625626785977815e+00 1.152786657923030589e+01 2.290557120516825762e+01
2.064496487269519065e+00 1.148450737499744179e+01 2.071283832977497852e+01
2.079144050165153690e+00 1.143878231991994632e+01 1.879422643296915751e+01
2.091679885134102967e+00 1.138835899604734259e+01 1.707474267006564972e+01
2.102231977869386093e+00 1.133584277042035460e+01 1.568326297644427036e+01
2.110895381274508598e+00 1.128102387275579588e+01 1.440672080128540244e+01
2.117781150889225916e+00 1.122264364964460626e+01 1.327729054209562776e+01
2.123007986948538317e+00 1.116280524731332058e+01 1.227873968126362492e+01
2.126642186567404114e+00 1.109989928697605599e+01 1.139378126256423585e+01
2.128805565254171306e+00 1.103561575621443502e+01 1.056592251317153242e+01
2.129567103074288870e+00 1.097058151384832492e+01 9.893825769449280827e+00
2.129021567552815242e+00 1.090198755783936591e+01 9.257420225732682084e+00
2.127250043362213461e+00 1.083241975782394562e+01 8.654565843261925906e+00
2.124332740674115261e+00 1.076177360903424507e+01 8.164406758186448343e+00
2.120343308791504455e+00 1.069017451728839418e+01 7.695606692612675381e+00
2.115354811044976913e+00 1.061793788231183555e+01 7.253716140442214133e+00
2.109432039315062735e+00 1.054345788821432350e+01 6.868676103575666936e+00
2.102627125718763867e+00 1.046898127992563232e+01 6.531932623595636755e+00
2.095026500684143755e+00 1.039413761741679387e+01 6.212319256920173949e+00
2.086670709285930680e+00 1.031930427946022455e+01 5.905378368218378249e+00
2.077625579350134366e+00 1.024345207432700988e+01 5.651620321372904598e+00
2.067931619008513078e+00 1.016808164747862975e+01 5.405499961138461096e+00
2.057650539781735954e+00 1.009214681627162058e+01 5.170033700115982178e+00
2.046826306478176427e+00 1.001614908678135052e+01 4.976397635343793091e+00
2.035504423205994673e+00 9.940717533191033795e+00 4.785741059624427862e+00
2.023730809392604080e+00 9.865191517053801817e+00 4.611306258280436943e+00
2.011546759854420774e+00 9.789935519966617150e+00 4.441572009816480815e+00
1.998986598297068040e+00 9.715205021338269020e+00 4.295949898796623145e+00
1.986109280134134458e+00 9.640948656106655079e+00 4.168841897776563776e+00
1.972924752652050140e+00 9.567380123547106763e+00 4.031282972993160740e+00
1.959468830678392948e+00 9.494170579293760071e+00 3.932743418951974324e+00
1.945788474887301778e+00 9.421558492565139886e+00 3.826959105840789022e+00
1.931903766206386930e+00 9.349885348682018815e+00 3.724658016064895882e+00
