2.191799393479931801e-01 1.550982551689759603e+01 3.683552447462830693e+06
2.275611393195162147e-01 1.518763322867204657e+01 3.068356077462961432e+06
2.363167004447024044e-01 1.490825375098739514e+01 2.562559179965408519e+06
2.454497647198405352e-01 1.463938421548811419e+01 2.138883730609361548e+06
2.549664802833644939e-01 1.439542187034623488e+01 1.775549007172367536e+06
2.648859856606879948e-01 1.417807633288848201e+01 1.479590492847498506e+06
2.752148847332884785e-01 1.396821154846549540e+01 1.240135649554724339e+06
2.859636202309873143e-01 1.380068294560128273e+01 1.030517977359080571e+06
2.971287006031751443e-01 1.359724907539699679e+01 8.599647659581609769e+05
3.087444688095571377e-01 1.345070507552457428e+01 7.179219685943998629e+05
3.208083287860618582e-01 1.329255696547843968e+01 6.002669573696582811e+05
3.332899688973508523e-01 1.315843637332199378e+01 5.012217556918765767e+05
3.462450758370568260e-01 1.304837405214264834e+01 4.185838943392642541e+05
3.596703328775578412e-01 1.291880974228682710e+01 3.502233794339072192e+05
3.735688610441622037e-01 1.281370718082894733e+01 2.930775240376537549e+05
3.879475685211773994e-01 1.271740751131392777e+01 2.449054257921886747e+05
4.028268789537499672e-01 1.262983604424923278e+01 2.051262709575954068e+05
4.181506391700375302e-01 1.254735103678062380e+01 1.713513726964332454e+05
4.339923172965713949e-01 1.247188259101769425e+01 1.438700680330812174e+05
4.503316911878718631e-01 1.240259172863764725e+01 1.206138091264460527e+05
4.671566974729715049e-01 1.233959181712502584e+01 1.004690673890015605e+05
4.844608411990442010e-01 1.228299622805179503e+01 8.425418140072522510e+04
5.022565762757513763e-01 1.222938817208221529e+01 7.136673717109828431e+04
5.205492437786353177e-01 1.217612997518823015e+01 6.002916655132520100e+04
5.393321520964323712e-01 1.213132554989081413e+01 5.063353081588359782e+04
5.586041734550427629e-01 1.208563615788633605e+01 4.266059826061140484e+04
5.783273334804039933e-01 1.204827135770625191e+01 3.554609670032767463e+04
5.985258381958846741e-01 1.201071883699472664e+01 3.031682058527317713e+04
6.193116790629972224e-01 1.197783531298649251e+01 2.552957401776800180e+04
6.407915738279561513e-01 1.194532554163286164e+01 2.152962732632897678e+04
6.630426433317808677e-01 1.191488359027311894e+01 1.797729238399157839e+04
6.861227107426416394e-01 1.188793953844987783e+01 1.513323513029040987e+04
7.100847931620570819e-01 1.186145380227283752e+01 1.283575321861163138e+04
7.350150869578075952e-01 1.184074033491857136e+01 1.077844139953459307e+04
7.608706280866524008e-01 1.182146388222350453e+01 9.020470802282701698e+03
7.877210932558457168e-01 1.180299017361683944e+01 7.504336998664223756e+03
8.155590528012580664e-01 1.178666666601431245e+01 6.330266740098487389e+03
8.444039270566302546e-01 1.177788286512708460e+01 5.253117240937603128e+03
8.742165548545270948e-01 1.176580310387097938e+01 4.428226444883948716e+03
9.050239846613826744e-01 1.175576657807280689e+01 3.700674961299935148e+03
9.367777263753558348e-01 1.174959527752535671e+01 3.097747693253753823e+03
9.694796342181328797e-01 1.174532799822003426e+01 2.586089783271236229e+03
1.003087303468214841e+00 1.174233530949684301e+01 2.162745451011099703e+03
1.037570534644914222e+00 1.174107309798356447e+01 1.810138096525330866e+03
1.072873340248020835e+00 1.174183187152264907e+01 1.513999144137948633e+03
1.108978540432872251e+00 1.174188857411338205e+01 1.267685218850782803e+03
1.145798955715452649e+00 1.174465341068625257e+01 1.062888362065419187e+03
1.183291723120684091e+00 1.174849288866948704e+01 8.914743780780665929e+02
1.221388101607125520e+00 1.175147414827667092e+01 7.492758746437935997e+02
1.260030956796252655e+00 1.175597319635641824e+01 6.303146344278751485e+02
1.299165231204561621e+00 1.176085822802897241e+01 5.307545439319127354e+02
1.338685669652584398e+00 1.176564100549655301e+01 4.479097700704039653e+02
1.378515055857622906e+00 1.177067357748805421e+01 3.781654804234455014e+02
1.418590615091757989e+00 1.177785117030266626e+01 3.201227692376465370e+02
1.458762449950961271e+00 1.177861861626963247e+01 2.714386094629894046e+02
1.498884626726669556e+00 1.178141864296652130e+01 2.306276842044819375e+02
1.538808788080060941e+00 1.178448142771055096e+01 1.953629134442045654e+02
1.578382081264781300e+00 1.178529958105510289e+01 1.677792116780890979e+02
1.617466450550322676e+00 1.178463533664214147e+01 1.437857942797411681e+02
1.655923378367651244e+00 1.178367634343952730e+01 1.233895829762069667e+02
1.693635058276187877e+00 1.177864192962319656e+01 1.064183701357060841e+02
1.730461129939635745e+00 1.177488128762589881e+01 9.193677778037989867e+01
1.766279682554683150e+00 1.176489735119810831e+01 7.973082141041581394e+01
1.801010707167926883e+00 1.175526478945267428e+01 6.940755174182814358e+01
1.834558816663230063e+00 1.174272092480540763e+01 6.058647781950548961e+01
1.866776744107753627e+00 1.172763190441860104e+01 5.307475176838793374e+01
1.897672545703396052e+00 1.171022122940290622e+01 4.667088305331687081e+01
1.927100556127320674e+00 1.169011897943102873e+01 4.115564856796955695e+01
1.955046228189478263e+00 1.166763341012895872e+01 3.641963811209942747e+01
1.981470238999365918e+00 1.164237490747146175e+01 3.234386110665324310e+01
2.006319405054801219e+00 1.161454240870527421e+01 2.881135651725279700e+01
2.029553079551481787e+00 1.158491343284718234e+01 2.576814170377851454e+01
2.051159047622917786e+00 1.155162921915689189e+01 2.313030748826069427e+01
2.071143761644063552e+00 1.151625638719409217e+01 2.081553229219682777e+01
2.089487255227930440e+00 1.147847037190130592e+01 1.880463758940578600e+01
2.106207839566561990e+00 1.143766826161624728e+01 1.705005380419084915e+01
2.121305656509442361e+00 1.139568762621512477e+01 1.550320380348266447e+01
2.134807541225788530e+00 1.135081812577779914e+01 1.414661282976455503e+01
2.146733880435319097e+00 1.130351085206634210e+01 1.290281213373816982e+01
2.157106773778494357e+00 1.125489848674952498e+01 1.187819153888155554e+01
2.165985585442059769e+00 1.120436235002108916e+01 1.094534910723496601e+01
2.173386349040684173e+00 1.115207095143141736e+01 1.010559845743627960e+01
2.179352344356297877e+00 1.109764210260301098e+01 9.364372205128708160e+00
2.183939555345939088e+00 1.104169730053817133e+01 8.702568480550532115e+00
2.187190924857677743e+00 1.098437440342077842e+01 8.110108132034715922e+00
2.189155452947869396e+00 1.092569748224022774e+01 7.578975340232160463e+00
2.189883055266067302e+00 1.086584968000411067e+01 7.104490638424304727e+00
2.189432273009315200e+00 1.080485988659212460e+01 6.679885342818573157e+00
2.187851870455847170e+00 1.074299262341066807e+01 6.293963128934706219e+00
2.185192045092009483e+00 1.067997057538710060e+01 5.933470755576418121e+00
2.181497006000014505e+00 1.061680398285523808e+01 5.636315573576552218e+00
2.176775110736917984e+00 1.055244252919581704e+01 5.361348273354056282e+00
2.171035958606062355e+00 1.048871961693390098e+01 5.098858681017933492e+00
2.164299271716917605e+00 1.042526099395855610e+01 4.881393506781063429e+00
2.156615400082403156e+00 1.036202845683774143e+01 4.704584973422556438e+00
2.147969054082228268e+00 1.029988687333480613e+01 4.540518584016628445e+00
2.138444095594322025e+00 1.023874713478276099e+01 4.404680774107220032e+00
2.128077255137619694e+00 1.017941546742790138e+01 4.283445769147784077e+00
2.117053437565621810e+00 1.012375755588817761e+01 4.213196802408834429e+00
2.105868885174426719e+00 1.007424299192734907e+01 4.159902347494732311e+00
