2.191799393479931801e-01 1.550982551689759603e+01 3.683552447462830693e+06
2.256262172452208337e-01 1.529744749139011262e+01 3.246409212125290651e+06
2.322893772239846555e-01 1.506505106440583930e+01 2.776824248825282790e+06
2.391785792609491534e-01 1.481410132906968258e+01 2.418230125148829538e+06
2.462976620002989281e-01 1.460927360043015177e+01 2.101886731036625803e+06
2.536446488125003729e-01 1.442828866126447451e+01 1.831329524388893042e+06
2.612303715385215774e-01 1.424178478917172086e+01 1.582814093432391062e+06
2.690589819294852969e-01 1.407864834745827487e+01 1.376414836115046404e+06
2.771348853240134802e-01 1.392469705391040513e+01 1.197154364084890112e+06
2.854639141917522105e-01 1.378010786933545440e+01 1.039924330474064220e+06
2.940443284253492218e-01 1.364331667680752425e+01 9.043637344606122933e+05
3.028823908856561054e-01 1.351519698059397356e+01 7.859888187382319011e+05
3.119843187368618320e-01 1.340679294287214063e+01 6.835366115535082063e+05
3.213462181301283693e-01 1.328575429296947874e+01 5.957292114656161284e+05
3.309774646224190597e-01 1.318079490625869710e+01 5.181394414828281733e+05
3.409091508250328140e-01 1.307595706939169311e+01 4.506001009265114553e+05
3.510733542243816840e-01 1.299636413254177292e+01 3.920595236103021307e+05
3.615348774409951615e-01 1.290632822949580039e+01 3.417379972625183291e+05
3.722804477334133444e-01 1.282316665086000285e+01 2.980566645664559910e+05
3.833260028858353485e-01 1.275062586946549459e+01 2.590836337015960598e+05
3.946389802456209406e-01 1.267584913341953090e+01 2.259966950852223381e+05
4.062482214079504161e-01 1.261249847614793573e+01 1.968892235827006516e+05
4.181435859459360915e-01 1.254640598068396606e+01 1.718045969768848736e+05
4.303396141929161645e-01 1.248838599580790287e+01 1.496515192871531763e+05
4.428247482713977279e-01 1.243479940966095043e+01 1.307474016890641215e+05
4.556104100414903324e-01 1.238128464278233665e+01 1.144553018190547300e+05
4.686996440023427635e-01 1.233437948058884892e+01 9.967134660391832585e+04
4.820485828134679074e-01 1.228828297078783294e+01 8.712768772015275317e+04
4.957196837476969820e-01 1.224457853934599605e+01 7.618928583801700734e+04
5.096708063219347329e-01 1.220651206643786324e+01 6.650444220751750981e+04
5.239178079710556935e-01 1.216928656461977987e+01 5.828484665308058175e+04
5.384572333753709916e-01 1.213260911101787087e+01 5.097715580523478275e+04
5.532881481823955783e-01 1.210004119002331535e+01 4.466413114292412502e+04
5.684117812968055850e-01 1.206400952350634981e+01 3.910588791122750990e+04
5.837670919957280713e-01 1.203781865142945939e+01 3.427979261972356471e+04
5.994455699431590068e-01 1.201000039594298130e+01 3.005913810486765942e+04
6.154781748870582492e-01 1.198963374068634558e+01 2.632061355924114832e+04
6.319204571614547294e-01 1.195811150651425692e+01 2.312677795692024665e+04
6.488296764477422540e-01 1.193078900313918034e+01 2.025719516530560577e+04
6.662098274678677212e-01 1.191200619928363302e+01 1.769975748052752169e+04
6.841071913360031731e-01 1.189277651614916564e+01 1.549986213068008146e+04
7.025236971237227568e-01 1.187079309956502193e+01 1.356630308665769007e+04
7.215301688368802591e-01 1.185361948879088345e+01 1.182944409122345496e+04
7.411255991578917790e-01 1.183726046691437084e+01 1.032831382900116114e+04
7.612923956481024712e-01 1.182167729670085343e+01 9.017687457812857247e+03
7.820686637423196474e-01 1.180615131255782657e+01 7.864508718503396267e+03
8.034562428095808340e-01 1.179539210112201708e+01 6.844542361855375020e+03
8.254416471733994065e-01 1.178579426785129947e+01 5.958619259552573567e+03
8.480475816616103168e-01 1.177625637127368385e+01 5.188033016602118551e+03
8.712512169306403376e-01 1.176850750763545150e+01 4.514562322002796463e+03
8.950562565042073926e-01 1.176227820383253331e+01 3.928994441712104617e+03
9.194625143793188071e-01 1.175753528384079871e+01 3.420061290256157918e+03
9.444455043949619988e-01 1.175298995847526129e+01 2.972775236310468699e+03
9.700173803491102253e-01 1.175053794205913604e+01 2.586926814679248309e+03
9.961312199721636951e-01 1.174811761049036285e+01 2.251791214283791305e+03
1.022786073052694977e+00 1.174731090689392410e+01 1.959442865835384964e+03
1.049973422435203529e+00 1.175134858840480412e+01 1.705076421298491368e+03
1.077658347035178821e+00 1.174861183566462053e+01 1.486800086973629050e+03
1.105836852071579557e+00 1.175029187687700905e+01 1.285169294186908019e+03
1.134461609645341928e+00 1.175203460811939493e+01 1.124385086542078398e+03
1.163520252548583489e+00 1.175550112404692804e+01 9.836621241247654552e+02
1.192976154265996236e+00 1.176038138328624427e+01 8.589438847776924604e+02
1.222810993716814565e+00 1.176396681022904467e+01 7.501077052556938725e+02
1.252974033865099868e+00 1.177094490741153088e+01 6.558761729894927157e+02
1.283449933195044856e+00 1.177151592499094335e+01 5.738926365043931810e+02
1.314204722006482084e+00 1.177716566860042136e+01 5.024523973756457735e+02
1.345195004164235542e+00 1.178144147975385714e+01 4.399047169189882993e+02
1.376386811818765432e+00 1.178556389638722735e+01 3.863008973767429666e+02
1.407729469590584426e+00 1.179135625414342314e+01 3.389623293812701377e+02
1.439210670776175816e+00 1.179471730021825238e+01 2.960705504980186902e+02
1.470770842518743127e+00 1.179840693731066459e+01 2.621678157403754312e+02
1.502390735963456070e+00 1.180210952309539074e+01 2.295023594501239188e+02
1.534008909700391943e+00 1.180523486844065317e+01 2.024227773485017394e+02
1.565523556114755133e+00 1.180834845152220502e+01 1.786886328497403440e+02
1.596858241905936282e+00 1.181148142208496310e+01 1.589506162050946330e+02
1.627896432409015937e+00 1.181138335819785112e+01 1.408032252934065411e+02
1.658546247167439480e+00 1.181165415100200100e+01 1.251436055352411358e+02
1.688671612552677281e+00 1.181168759115320910e+01 1.111724258512133474e+02
1.718191218326871272e+00 1.180905726502027342e+01 9.918195303640185045e+01
1.746957353042048799e+00 1.180629227256986624e+01 8.866026927423142467e+01
1.774874489311626835e+00 1.180136457728310440e+01 7.937491437065290256e+01
1.801816758330705426e+00 1.179394005422381397e+01 7.133908753339494524e+01
1.827677740520051275e+00 1.178615560603259915e+01 6.437855093475238277e+01
1.852256434728246415e+00 1.177554643163805537e+01 5.820773737918534607e+01
1.875501210996184831e+00 1.176381003926140423e+01 5.284729082912847531e+01
1.897137882024609645e+00 1.174924789753406351e+01 4.817669268201215260e+01
1.917039002909644019e+00 1.173260657649119665e+01 4.413274089620237106e+01
1.934915987586922848e+00 1.171267664043727663e+01 4.063881483903119118e+01
1.950375101958554236e+00 1.169117169067456175e+01 3.748990938319237642e+01
1.962621602244124741e+00 1.166664830842634082e+01 3.524697597212435340e+01
1.969849069071092584e+00 1.164176604512486790e+01 3.353287134079093335e+01
1.972466353675593309e+00 1.161386008019019123e+01 3.240142018914960431e+01
1.971496990569076013e+00 1.158539930525972572e+01 3.164516871324187974e+01
1.967817126500297720e+00 1.155530046262392219e+01 3.118338696375863250e+01
1.962080351577286219e+00 1.152484183023738673e+01 3.096789146343179056e+01
1.954904919828264864e+00 1.149543798624204882e+01 3.079815321136677753e+01
1.946663227368961246e+00 1.146564422397464966e+01 3.100961896642199278e+01
1.937730203058587009e+00 1.143716592567480284e+01 3.107327444511555825e+01
1.928429211005884714e+00 1.141045412373388679e+01 3.150250363683071342e+01
1.919054946402782402e+00 1.138473350408848894e+01 3.172089643358302524e+01
