2.191799393479931801e-01 1.550982551689759603e+01 3.683552447462830693e+06
2.276910878800215976e-01 1.518764642846181268e+01 3.066959637879403308e+06
2.365880273087869745e-01 1.488639622364599369e+01 2.539263091570624616e+06
2.458737693560982818e-01 1.462411225958710226e+01 2.112730726878291927e+06
2.555563442756524917e-01 1.437673035483583206e+01 1.758523551301196916e+06
2.656532748834051216e-01 1.415075662632361642e+01 1.461905048925385345e+06
2.761734249899696070e-01 1.394013320279071522e+01 1.216804339319101069e+06
2.871276922860179215e-01 1.375427334421967629e+01 1.012647350102336612e+06
2.985347209609447994e-01 1.358037556368291199e+01 8.417467198662576266e+05
3.103532196824502765e-01 1.342079168102194409e+01 7.005490746517670341e+05
3.226497304797599219e-01 1.326884946181740155e+01 5.844595566334495088e+05
3.354142079093845319e-01 1.313490077426360969e+01 4.868073045708470163e+05
3.486582410539577070e-01 1.301516490653814451e+01 4.009119799808909884e+05
3.623719493075197584e-01 1.290274225269189046e+01 3.385612055418802775e+05
3.765783861658402731e-01 1.279219377207359720e+01 2.820000868775045965e+05
3.912811121075967513e-01 1.270069344517161802e+01 2.353222065015649423e+05
4.064843348103862608e-01 1.260924058898384459e+01 1.966457633464263345e+05
4.221817161053984524e-01 1.253036256489604305e+01 1.639184902863602911e+05
4.383892644424117746e-01 1.245279272339656806e+01 1.370914464889059018e+05
4.551111354084645955e-01 1.238541887401147612e+01 1.148533443504873867e+05
4.723480295493461822e-01 1.232080885316664620e+01 9.587838519983799779e+04
4.900776064876660176e-01 1.226229815601845452e+01 8.027713348542121821e+04
5.082997626823642090e-01 1.220930836999281333e+01 6.745127188249728351e+04
5.270404109224182676e-01 1.216105050566285151e+01 5.665835690894988511e+04
5.462846773832689129e-01 1.211621980357027617e+01 4.754525789323051868e+04
5.660329361959244299e-01 1.207281437781791489e+01 3.991085880742048175e+04
5.862222769292418922e-01 1.202947724391550643e+01 3.358314571233134484e+04
6.069845582377281223e-01 1.199787423532919206e+01 2.798344746862772081e+04
6.283998840054833002e-01 1.196340270084972524e+01 2.378861054634179527e+04
6.506398245835129934e-01 1.193251374445887336e+01 1.994707882758902997e+04
6.737754842762027074e-01 1.190315886991418104e+01 1.675815034314676086e+04
6.978677684485460331e-01 1.187474953540815825e+01 1.401638008624158829e+04
7.229672807676799096e-01 1.185317642941043914e+01 1.173671467680164460e+04
7.491479230570566861e-01 1.183214681457247330e+01 9.790751605991419638e+03
7.764179282836609630e-01 1.181240926525265422e+01 8.125722188402938627e+03
8.047972736560782270e-01 1.179899072115026826e+01 6.807094950168946525e+03
8.342811498470857901e-01 1.178417715378398078e+01 5.664937862092108844e+03
8.648918622552551616e-01 1.177664689916781526e+01 4.710637480499619414e+03
8.966079185785370553e-01 1.176783054932304573e+01 3.909305850508018011e+03
9.294199411208774464e-01 1.176382322897163668e+01 3.251839050665236300e+03
9.633032100259374397e-01 1.176173681112504177e+01 2.701997415162923517e+03
9.982469297387585039e-01 1.175940010938680302e+01 2.247565882221657830e+03
1.034166099426891305e+00 1.176238742054413500e+01 1.867643650278368796e+03
1.071019697790132952e+00 1.176530514491334678e+01 1.553460227213775397e+03
1.108687876733792654e+00 1.176874906918614272e+01 1.294770353344352088e+03
1.147015610362348115e+00 1.177417543579293913e+01 1.078830207095143805e+03
1.185899295659175623e+00 1.178337450008219278e+01 9.012584011232530656e+02
1.225187031505587498e+00 1.178702934733155594e+01 7.500915552412731131e+02
1.264775483551900725e+00 1.179729411067702927e+01 6.335766386819155969e+02
1.304488986897502034e+00 1.180097573118841403e+01 5.333719625591267004e+02
1.344221198220180158e+00 1.180940469620744970e+01 4.503268314158137287e+02
1.383821171987518861e+00 1.181175997128952027e+01 3.807636683590550319e+02
1.423186408696128780e+00 1.181874382869452766e+01 3.232176133052796558e+02
1.462173228522583024e+00 1.181939688520376741e+01 2.751878878669110691e+02
1.500623292177784895e+00 1.182050434059197208e+01 2.347865540264749598e+02
1.538405203473702132e+00 1.181825771772774303e+01 2.011295216833657094e+02
1.575505605811154730e+00 1.181596772735280076e+01 1.729048388932299929e+02
1.611693641017998724e+00 1.180867630906520205e+01 1.492492185880454656e+02
1.646956228929337129e+00 1.180295905615316698e+01 1.284570248711931981e+02
1.681184813422118562e+00 1.179125057934245824e+01 1.121384683145219441e+02
1.714294037191266051e+00 1.177946045582572232e+01 9.758234438754281825e+01
1.746208297217128447e+00 1.176371089130473813e+01 8.497063406919710360e+01
1.776848586080818970e+00 1.174534886115111298e+01 7.467282783315896211e+01
1.806172113667859902e+00 1.172456179805037380e+01 6.587292494311618896e+01
1.834137359020896474e+00 1.170088564264791309e+01 5.816670224327751981e+01
1.860631552767797681e+00 1.167465256575523291e+01 5.127779181020554233e+01
1.885633393595068208e+00 1.164558267316190232e+01 4.578655485452475915e+01
1.909081534245445244e+00 1.161340408383381551e+01 4.067979255604036837e+01
1.930955283531360589e+00 1.157928046843790071e+01 3.652961386203101313e+01
1.951202371559924265e+00 1.154201162350398668e+01 3.282187036779258449e+01
1.969825990860967213e+00 1.150316729175797192e+01 2.957037243230316292e+01
1.986795690355587451e+00 1.146056949426085581e+01 2.674911817757855204e+01
2.002137942036378515e+00 1.141590588139326989e+01 2.427873813296807270e+01
2.015838722640156622e+00 1.136906821318284955e+01 2.202326555552663834e+01
2.027916942046759985e+00 1.131917839671374182e+01 2.021035652220592738e+01
2.038409070738280704e+00 1.126773909592360390e+01 1.847607005251464685e+01
2.047310697265346313e+00 1.121484875342066090e+01 1.703876027496816548e+01
2.054695397946673108e+00 1.115982428849135744e+01 1.574123053300122166e+01
2.060565330374910964e+00 1.110204659139173522e+01 1.457283625633871971e+01
2.064989862830885148e+00 1.104284388265439532e+01 1.353867643848748514e+01
2.068003221498085686e+00 1.098266864330193471e+01 1.262102907488454306e+01
2.069653597313241722e+00 1.092062102157944459e+01 1.176402500918995564e+01
2.069999906311293714e+00 1.085759007401802378e+01 1.106578189168441106e+01
2.069090305577869771e+00 1.079342281019406258e+01 1.041901157743285822e+01
2.066981985562781787e+00 1.072806233588060465e+01 9.829953406438994179e+00
2.063733689629603685e+00 1.066201387307052251e+01 9.306265098839382688e+00
2.059406640737428518e+00 1.059552523647359301e+01 8.834301245797602675e+00
2.054057401762472868e+00 1.052718520481696096e+01 8.408068125579220009e+00
2.047735887598142845e+00 1.045970889215396404e+01 8.030507873110531492e+00
2.040506619007460554e+00 1.039116844708564003e+01 7.688867424136960338e+00
2.032447576373494602e+00 1.032255211773469128e+01 7.383888046622601564e+00
2.023583821793720539e+00 1.025431963497196541e+01 7.106344073053089794e+00
2.013979794090750453e+00 1.018531191455038254e+01 6.841801475656658305e+00
2.003695693621717844e+00 1.011709442019744998e+01 6.641171456851763466e+00
1.992785744193454667e+00 1.004863054291487323e+01 6.422136617897367117e+00
1.981324536735249886e+00 9.981277466374766760e+00 6.267519787957094302e+00
1.969319276830425736e+00 9.914131523766078757e+00 6.093539366831764781e+00
1.956867970802225187e+00 9.847559472978900885e+00 5.970998372274350707e+00
1.943980088792779615e+00 9.781286652951580507e+00 5.850294531443704038e+00
1.930719527415928338e+00 9.716094803142693692e+00 5.740782418313969515e+00
