2.191799393479931801e-01 1.550982551689759603e+01 3.683552447462830693e+06
2.280275438006774125e-01 1.521879105324502390e+01 3.088576733583159279e+06
2.372894248564453856e-01 1.489866778337198028e+01 2.540596752460670657e+06
2.469684183541271949e-01 1.459047706200023597e+01 2.076876065654959064e+06
2.570816886750058039e-01 1.434212315626995782e+01 1.711107976929291850e+06
2.676397112328975925e-01 1.411040693997948203e+01 1.415520030352664879e+06
2.786601491971303357e-01 1.392503425978850018e+01 1.164525402669813484e+06
2.901504438745055037e-01 1.370659985521348112e+01 9.625853037027788814e+05
3.021061373318039700e-01 1.353016183110926640e+01 7.957178087998416740e+05
3.145666960688424107e-01 1.337062000682726470e+01 6.580803781340931309e+05
3.275085131295075169e-01 1.321500846400760310e+01 5.441633195867364993e+05
3.409574804235750989e-01 1.308288476935151046e+01 4.514264788379316451e+05
3.549251055875851102e-01 1.295839992462580170e+01 3.728506482300192001e+05
3.694087082790031284e-01 1.284451073792307518e+01 3.082378175511466106e+05
3.844343056805115122e-01 1.274164529240124288e+01 2.557887013001030427e+05
3.999844710138047987e-01 1.264387104578550414e+01 2.124177861455831735e+05
4.160848312645478164e-01 1.255960604951918747e+01 1.757323147331417713e+05
4.327169387381700760e-01 1.248066844141346543e+01 1.457891322495353816e+05
4.499182068639858700e-01 1.240624450625200836e+01 1.213091791532747156e+05
4.676525920641890766e-01 1.233772493999330777e+01 1.008491742739515175e+05
4.859199338344549202e-01 1.227725567294412912e+01 8.374369581351567467e+04
5.047416491870946320e-01 1.221946088985907508e+01 6.968216555168436025e+04
5.241110095909438105e-01 1.216899418625592055e+01 5.820943567381676985e+04
5.440240492501120517e-01 1.212004518984576151e+01 4.850161016069570178e+04
5.644804720956569932e-01 1.207469536179604752e+01 4.045052148976493481e+04
5.854229123394445455e-01 1.203500120181412569e+01 3.383839664269367495e+04
6.069607534437533314e-01 1.199338064210578203e+01 2.828172909153450018e+04
6.292135097778231989e-01 1.196133852673291820e+01 2.358802802145879105e+04
6.523238596025758840e-01 1.193096751909325981e+01 1.971006049917653945e+04
6.763807418124779813e-01 1.189906110904112246e+01 1.642421830602573755e+04
7.014985959178502428e-01 1.186950981647899361e+01 1.355870853806877858e+04
7.276647359242850444e-01 1.184832979004213449e+01 1.135152736216803532e+04
7.549981639502765240e-01 1.182584037729150062e+01 9.414454837547442366e+03
7.834651294997078130e-01 1.180934893806113983e+01 7.788549044520733332e+03
8.131290959415151676e-01 1.179341670976550205e+01 6.482640297451322112e+03
8.439589221617900261e-01 1.178309911969762780e+01 5.335898666843725550e+03
8.759774447000414632e-01 1.177127123065618619e+01 4.404629351456607765e+03
9.091593811134229819e-01 1.176176203761229289e+01 3.641565619437300484e+03
9.435016760813165204e-01 1.175866310202886567e+01 3.003707463934503267e+03
9.789544897540733981e-01 1.175730505704646589e+01 2.480515586399870699e+03
1.015485887382740815e+00 1.175647108931035767e+01 2.032320392627176943e+03
1.053068154363036912e+00 1.176216125658431721e+01 1.692415516712836961e+03
1.091620681363974388e+00 1.176556525050098934e+01 1.398838801656537498e+03
1.131124251943755654e+00 1.176564489544403003e+01 1.157442293424254558e+03
1.171470597408488246e+00 1.177273617130764549e+01 9.593676112842440489e+02
1.212608135423198341e+00 1.178045391139226972e+01 7.898727125804063007e+02
1.254457222050533893e+00 1.179127568804449488e+01 6.605133074993974560e+02
1.296928394585079802e+00 1.179869816285219741e+01 5.496962891581596296e+02
1.339938726979085226e+00 1.180369457521184273e+01 4.585065300312944601e+02
1.383375416015756754e+00 1.181254777077415596e+01 3.796555110898213456e+02
1.427164269033294630e+00 1.182435995208137669e+01 3.196415826528149182e+02
1.471182358694323788e+00 1.183077754396897596e+01 2.676130287482760650e+02
1.515346649629616627e+00 1.183715976869066644e+01 2.246332433494567908e+02
1.559548838791597447e+00 1.184423500131301665e+01 1.889662889848113991e+02
1.603678264232395012e+00 1.184948447033961472e+01 1.584452397358177222e+02
1.647615198647578438e+00 1.185429914182281230e+01 1.346676483922890100e+02
1.691272066467967683e+00 1.185882535513730218e+01 1.140043029331940971e+02
1.734544526803845521e+00 1.185999220326138470e+01 9.683761227855410425e+01
1.777314758697456032e+00 1.186242839671640326e+01 8.240095694041501417e+01
1.819493423747204908e+00 1.185907922888087107e+01 7.032630865893909800e+01
1.860983007077195994e+00 1.185678791295091550e+01 6.014060184067280090e+01
1.901698513546359992e+00 1.185198392950602475e+01 5.159380205128650232e+01
1.941536587737945352e+00 1.184572762182154548e+01 4.437766931260838277e+01
1.980405227521216283e+00 1.183677851167541206e+01 3.825470745658497407e+01
2.018145625615145988e+00 1.182651445029275550e+01 3.308589122126506510e+01
2.054611064245964513e+00 1.181397938050844054e+01 2.871502985258675622e+01
2.089650317045068206e+00 1.179900506848335873e+01 2.488518034527764655e+01
2.123130667311841968e+00 1.178128927624570466e+01 2.174408576931173087e+01
2.154955353724072875e+00 1.176213968726619008e+01 1.914327048315084312e+01
2.184996277839588608e+00 1.173935482962005139e+01 1.685925593345839246e+01
2.213169442866334435e+00 1.171481807121962682e+01 1.486404741195415902e+01
2.239421584106064511e+00 1.168714203959267905e+01 1.322433852034778390e+01
2.263691411425478694e+00 1.165744957669970638e+01 1.178875624786158482e+01
2.285886699282152712e+00 1.162509401893791328e+01 1.054403033043431748e+01
2.306020477385520184e+00 1.158990847415089220e+01 9.447302250439784999e+00
2.324039385889922649e+00 1.155157846523684384e+01 8.536764920763781461e+00
2.339955441205032294e+00 1.151221306464194782e+01 7.756102879801137995e+00
2.353746494864903394e+00 1.146837237512965046e+01 7.067641204300291413e+00
2.365450302314169750e+00 1.142264561926587696e+01 6.463432920702996576e+00
2.375069356735397097e+00 1.137508790199506059e+01 5.938219623577332129e+00
2.382644464104118232e+00 1.132531547831294994e+01 5.479684121614350367e+00
2.388187132837918281e+00 1.127340492728891341e+01 5.083737695506544974e+00
2.391776564304822550e+00 1.121941748978445652e+01 4.734885882167582771e+00
2.393427279505445870e+00 1.116365097544798779e+01 4.418794938767765856e+00
2.393226624649777534e+00 1.110650266769785866e+01 4.166505309076648622e+00
2.391221582283672209e+00 1.104780828555741579e+01 3.936403164917192665e+00
2.387481297204765873e+00 1.098790406133718989e+01 3.735432039542155191e+00
2.382080145239101387e+00 1.092739668471445924e+01 3.555381508507923005e+00
2.375113016038980618e+00 1.086641740453193528e+01 3.417632006313317650e+00
2.366637029337581577e+00 1.080490255474820671e+01 3.294645188800406466e+00
2.356786716243953528e+00 1.074387950754825916e+01 3.191531112518315005e+00
2.345660368721829592e+00 1.068358417017162765e+01 3.104191764124532682e+00
2.333442427199581726e+00 1.062487926967552099e+01 3.042580730264411226e+00
2.320364427404275620e+00 1.056826893953084223e+01 3.004381944944934268e+00
2.306478614119244153e+00 1.051561842796983548e+01 2.988448009746269118e+00
2.291537859744495975e+00 1.046273903262737548e+01 2.981577293682055263e+00
2.275567282481039122e+00 1.040930338099654229e+01 2.979095872858011251e+00
2.258729358451146751e+00 1.035437621341627334e+01 2.995241110238140880e+00
2.241097951444118497e+00 1.029924463211948371e+01 3.007720953195033520e+00
2.222830403098177143e+00 1.024212567596320156e+01 3.027445796659867128e+00
