2.191799393479931801e-01 1.550982551689759603e+01 3.683552447462830693e+06
2.271852986355160919e-01 1.519757526765123679e+01 3.095881049281448592e+06
2.355266179147063044e-01 1.493698457846860705e+01 2.615977004849191755e+06
2.442250581941503573e-01 1.466772997659277067e+01 2.182226196316782851e+06
2.532658020762647011e-01 1.442750295980361486e+01 1.832937531512208749e+06
2.626721558458866013e-01 1.421505742062706368e+01 1.541531019485785626e+06
2.724513201110685956e-01 1.403926094853661333e+01 1.296004130668054335e+06
2.826120325010398893e-01 1.383005559887843638e+01 1.091854051171242259e+06
2.931718984977695897e-01 1.365971128571034754e+01 9.160721928419166943e+05
3.040937302093788541e-01 1.350042476353770660e+01 7.713455536469161743e+05
3.154366078325485656e-01 1.334967466852354079e+01 6.497353567205287982e+05
3.271960222239979621e-01 1.322649928654392859e+01 5.469011349954184843e+05
3.393550444170267966e-01 1.309552737781801568e+01 4.606240297681394150e+05
3.519462971170923549e-01 1.298507359810106188e+01 3.878537635501735494e+05
3.649743105270776278e-01 1.287957747981110579e+01 3.272909822143689962e+05
3.784310628277207100e-01 1.278235713485257108e+01 2.755639175272164866e+05
3.923117600404069649e-01 1.269078600293073578e+01 2.308336524466698756e+05
4.066470633840717497e-01 1.260741974619318739e+01 1.958401942296424240e+05
4.214297185158838444e-01 1.253141094085466989e+01 1.654505522830760456e+05
4.366572353101049742e-01 1.246115527962172287e+01 1.398022239689019916e+05
4.523334351305097201e-01 1.239510576069312187e+01 1.180035729926997592e+05
4.684764478030959967e-01 1.233455493226088429e+01 1.000391398333214311e+05
4.850405756901908783e-01 1.227939557226589073e+01 8.459940264750811912e+04
5.020671756684823572e-01 1.222924369323959404e+01 7.158254907229002856e+04
5.195413822599614928e-01 1.218037806784308330e+01 6.068320033224267536e+04
5.374641183382209420e-01 1.213410911866111341e+01 5.140410412371136772e+04
5.558324989490679435e-01 1.209350627272069367e+01 4.364663761687337683e+04
5.746116076355770597e-01 1.205541044266837680e+01 3.703941066808090545e+04
5.938622304880778469e-01 1.201815665510943454e+01 3.152285940686046160e+04
6.135735307410369321e-01 1.198623006343562203e+01 2.680980044040364373e+04
6.339645967818645644e-01 1.195431722161351829e+01 2.255017715880915057e+04
6.550827366423186415e-01 1.192655914760767821e+01 1.929517017748217040e+04
6.770118310302736253e-01 1.189987283802887852e+01 1.634925590491215735e+04
6.997939793865343150e-01 1.187316316408386641e+01 1.381980082758828394e+04
7.234914262896440240e-01 1.185313747783879101e+01 1.168843439993456741e+04
7.481216127888428158e-01 1.183072643260535450e+01 9.876370935682520212e+03
7.737226897282497573e-01 1.181567166796472179e+01 8.313832415385288186e+03
8.002997701328042890e-01 1.180189353329128465e+01 7.001776329343961152e+03
8.278666935823681960e-01 1.178819373611241872e+01 5.889983138773845894e+03
8.564253428610237862e-01 1.177925078805035142e+01 4.950549892811499376e+03
8.859650780141405946e-01 1.176941671234735409e+01 4.162810562438115085e+03
9.164731025006056520e-01 1.176492547623291252e+01 3.496895463452154672e+03
9.479538753581800981e-01 1.176138584121829567e+01 2.940141606233851235e+03
9.803569101150002574e-01 1.176037767620102592e+01 2.467146209344871295e+03
1.013672376963288713e+00 1.176011334624752358e+01 2.069363129731554181e+03
1.047855307498399169e+00 1.176595465218051650e+01 1.741464322034375073e+03
1.082877311425907152e+00 1.176497854151143230e+01 1.465453556265155385e+03
1.118703352949154572e+00 1.176977469716318758e+01 1.232678637140669480e+03
1.155257656871083949e+00 1.177585734748920387e+01 1.038892435444525290e+03
1.192508474722550948e+00 1.178247125303977327e+01 8.755143169247760397e+02
1.230386748807838382e+00 1.179069935967172889e+01 7.388849210062264774e+02
1.268846327616506731e+00 1.179705413159576644e+01 6.244278229514033001e+02
1.307806297136366203e+00 1.180596511134676696e+01 5.275974805402744323e+02
1.347201770863516224e+00 1.181855919181145076e+01 4.471502221021390824e+02
1.386968058694969086e+00 1.182303694387298343e+01 3.792208176949729932e+02
1.427027397561370980e+00 1.183337883527076606e+01 3.221187565470229401e+02
1.467303594065624939e+00 1.184176580163595105e+01 2.740951800514255297e+02
1.507710513342367387e+00 1.184953971816291762e+01 2.336059231514973078e+02
1.548188306780997614e+00 1.185565129030093701e+01 1.995109231452010192e+02
1.588637016796818680e+00 1.186227325626915707e+01 1.706183195692044308e+02
1.628976968518194068e+00 1.186873931451424902e+01 1.454635130406585120e+02
1.669136065348043374e+00 1.187250958269271095e+01 1.256330909052318816e+02
1.709036136442740883e+00 1.187735786443272268e+01 1.080449129562977504e+02
1.748602534594545510e+00 1.187878720638157581e+01 9.312018101473387333e+01
1.787740082011708642e+00 1.188013482636268670e+01 8.048991200369555088e+01
1.826386036374239241e+00 1.188029911593000421e+01 6.951496289095777570e+01
1.864459386646605044e+00 1.187866958467475875e+01 6.042366602682890431e+01
1.901908526278559108e+00 1.187560633638208962e+01 5.254753912960787687e+01
1.938655157783793159e+00 1.187083276319452629e+01 4.574942535913028507e+01
1.974626945960148872e+00 1.186471444128070019e+01 3.995421533890405641e+01
2.009774171755032590e+00 1.185662140457669622e+01 3.495307918209900322e+01
2.044038503716710586e+00 1.184732197382037633e+01 3.065850390843018047e+01
2.077319641452341603e+00 1.183673946045834846e+01 2.695309620559706332e+01
2.109477648231822489e+00 1.182348524781701649e+01 2.375265727438472751e+01
2.140366562523893013e+00 1.180916410611329503e+01 2.093428791469005645e+01
2.169844557604823976e+00 1.179227253348996562e+01 1.862281164109498732e+01
2.197760055505778798e+00 1.177341365974725029e+01 1.657720298634612277e+01
2.223993249192929955e+00 1.175284818928665231e+01 1.480756054131630961e+01
2.248407379121542871e+00 1.172943413873539242e+01 1.327688619347927101e+01
2.270832864475162971e+00 1.170311886447334970e+01 1.197028540025242371e+01
2.291166136593420166e+00 1.167547504960666060e+01 1.083059954957300342e+01
2.309191861955982805e+00 1.164451049099225699e+01 9.851562730539596302e+00
2.324769807924220277e+00 1.161135107237722863e+01 9.015404215242698527e+00
2.337645992638794024e+00 1.157504740523774345e+01 8.303853292943449205e+00
2.347411231575752044e+00 1.153649285541034608e+01 7.712047536311542828e+00
2.353495133205655954e+00 1.149626867232826832e+01 7.241338978282528593e+00
2.355873742552422989e+00 1.145406801859367363e+01 6.847164684062118312e+00
2.355013013408782552e+00 1.140863414562097411e+01 6.554649738369153766e+00
2.351293574617047799e+00 1.136128127686613709e+01 6.344263792784566647e+00
2.345200692703470313e+00 1.131214216011787776e+01 6.163334010809984775e+00
2.337069878015037627e+00 1.126198357569417574e+01 6.024307289210665495e+00
2.327203284441799358e+00 1.121045402846054984e+01 5.913557970383910067e+00
2.315922168782929447e+00 1.115912015016831305e+01 5.836242170086859637e+00
2.303406340009014119e+00 1.110633536820847134e+01 5.766599391621555881e+00
2.289915898128462857e+00 1.105371232356144162e+01 5.752118922283662172e+00
2.275610849042306150e+00 1.100131467751064740e+01 5.739430240403621930e+00
2.260668460851947170e+00 1.094961675429003556e+01 5.741858544243787499e+00
2.245237962090882888e+00 1.089892637812662457e+01 5.760920951089460118e+00
2.229402398129669560e+00 1.084821325993597974e+01 5.777829439227575747e+00
2.213269720637871529e+00 1.079907192004076677e+01 5.826098050748811374e+00
