2.191799393479931801e-01 1.550982551689759603e+01 3.683552447462830693e+06
2.271105559803896778e-01 1.521138798903446876e+01 3.106191388671456836e+06
2.353714778201680680e-01 1.493453956243502212e+01 2.608871032635124400e+06
2.439831673050160687e-01 1.468127356327255129e+01 2.194494696876468603e+06
2.529279603970074342e-01 1.443767726118369232e+01 1.849749390452813124e+06
2.622345208741925227e-01 1.421827951793236444e+01 1.553870392788150813e+06
2.719061195986509083e-01 1.402027156318545842e+01 1.310830555492106592e+06
2.819508426645135901e-01 1.383980791305201485e+01 1.103522595620604232e+06
2.923836154528642317e-01 1.367099818544865997e+01 9.287426390074798837e+05
3.031988781866077898e-01 1.351054643941081324e+01 7.829421153688678751e+05
3.143836960544841297e-01 1.336900965494431226e+01 6.593704584685669979e+05
3.259894061019101286e-01 1.323190569201548072e+01 5.562450016792775132e+05
3.380023005170061379e-01 1.310999067975510179e+01 4.688475024179207394e+05
3.504299642510644297e-01 1.299640257940283306e+01 3.954668592308704392e+05
3.632862439293630397e-01 1.289406332803099353e+01 3.339699407200107817e+05
3.765494366626134237e-01 1.279242807591129250e+01 2.823289777066124370e+05
3.902540393547807018e-01 1.270216923985233848e+01 2.380901565430548799e+05
4.043984781146622298e-01 1.262084654665558325e+01 2.012562786130827735e+05
4.189616389671315111e-01 1.254726846792594763e+01 1.700297126137831947e+05
4.339839608597453879e-01 1.247569103619773401e+01 1.439928694621055329e+05
4.494526102342371598e-01 1.240802652596829958e+01 1.220423433249464724e+05
4.653525093651453837e-01 1.234578346552497941e+01 1.031901695973016758e+05
4.816746376976823729e-01 1.229103281278221083e+01 8.730928048559477611e+04
4.984573359640465662e-01 1.223739006338921698e+01 7.417521855773727293e+04
5.156749590761926516e-01 1.218867656465949345e+01 6.294341694389279291e+04
5.333347535148336149e-01 1.214413406185942179e+01 5.340922928543225134e+04
5.514327657550068817e-01 1.210381960749781882e+01 4.538008703547841287e+04
5.699706125492718378e-01 1.206247815352900510e+01 3.858389010802965640e+04
5.888957355410942007e-01 1.202904607054067121e+01 3.284150900676731544e+04
6.083001565062183813e-01 1.199518966667610442e+01 2.794829353027274556e+04
6.283098245006915050e-01 1.196283675256051993e+01 2.378976665869151111e+04
6.490345667950158104e-01 1.193296202308036236e+01 2.020127611764405810e+04
6.705079914114306927e-01 1.191001145915387482e+01 1.716769236473661658e+04
6.928448629668791936e-01 1.187997313450807013e+01 1.454769165163323851e+04
7.160283851512225795e-01 1.185859863591681140e+01 1.232617574177601091e+04
7.401334178842657874e-01 1.183936022478060224e+01 1.042098931675425956e+04
7.651938578587511586e-01 1.182094951926780446e+01 8.804384246798699678e+03
7.911948308110521300e-01 1.180594922501716404e+01 7.423944034682002894e+03
8.181811177210143171e-01 1.179293248107678416e+01 6.258664723591754409e+03
8.461182498877706237e-01 1.178103800835818049e+01 5.268070283326648678e+03
8.750346137999878149e-01 1.177206847077824925e+01 4.436834626917298010e+03
9.049060958158398060e-01 1.176714751092958267e+01 3.733263681588042346e+03
9.357271516846884518e-01 1.176434209575359446e+01 3.138961015848230545e+03
9.674783966363984522e-01 1.176069999358506202e+01 2.641069166436114301e+03
1.000126793991596319e+00 1.176063969429425882e+01 2.205838178316650101e+03
1.033643975982051488e+00 1.176152672843307201e+01 1.873534608426414707e+03
1.068001509181465636e+00 1.176354802670056365e+01 1.576996690875709419e+03
1.103159292003288439e+00 1.176778363971753016e+01 1.328277722395680030e+03
1.139064552069148029e+00 1.177474055003415288e+01 1.119213622557211465e+03
1.175664182730520535e+00 1.177927519127075939e+01 9.445413446590865760e+02
1.212921562605472792e+00 1.178640530508740802e+01 7.977456746547138664e+02
1.250758963724982076e+00 1.179318762512195562e+01 6.756714561726473676e+02
1.289114058804796903e+00 1.180191807677752003e+01 5.715599802772836711e+02
1.327955188229051675e+00 1.181039967487773801e+01 4.844818261073915551e+02
1.367169604367052260e+00 1.181883841533552371e+01 4.112712386690495805e+02
1.406713273430209243e+00 1.182760369637440334e+01 3.497974388845241833e+02
1.446512134507707215e+00 1.183846651080143353e+01 2.978163231751531725e+02
1.486472361594493030e+00 1.184669088723755159e+01 2.538665318597833220e+02
1.526544368538788943e+00 1.185003897907360759e+01 2.169554656571926614e+02
1.566633019481469713e+00 1.185801131021317900e+01 1.857341045588644306e+02
1.606661911385558250e+00 1.186350952977944395e+01 1.591478489545329467e+02
1.646553044258474374e+00 1.186900024712690183e+01 1.367756032110162039e+02
1.686180362838906488e+00 1.187377340582529328e+01 1.177900472960755707e+02
1.725380754633398572e+00 1.187644758119698807e+01 1.016057423737352963e+02
1.763904947182569627e+00 1.187860634911581670e+01 8.786120219382819130e+01
1.801552730250063350e+00 1.187824225117216770e+01 7.627687538759377617e+01
1.838111026659382752e+00 1.187605461806543161e+01 6.647249706793408563e+01
1.873312077591419156e+00 1.187128830865345286e+01 5.812783394574091034e+01
1.906916285042387749e+00 1.186444444610228821e+01 5.107048792275554661e+01
1.938668608184360709e+00 1.185479679100182793e+01 4.494595386641729817e+01
1.968176066901405452e+00 1.184142133904538419e+01 4.005517798919962758e+01
1.995054779826951563e+00 1.182476410436001757e+01 3.579724487822128509e+01
2.018645170763498253e+00 1.180435068251858688e+01 3.228644715555088851e+01
2.037587459302830695e+00 1.177972161153107677e+01 2.948589324497077513e+01
2.046817804174721367e+00 1.175187474403262478e+01 2.769682580029021679e+01
2.049186554143114680e+00 1.171875386234766481e+01 2.672510992285428344e+01
2.047566976056949706e+00 1.167962838817944515e+01 2.594120037158967662e+01
2.043190013234359448e+00 1.163592510477869624e+01 2.527784009883734129e+01
2.036765831074121902e+00 1.158867646836579546e+01 2.473307278173415824e+01
2.028750663543728017e+00 1.153744513393911753e+01 2.426095298690027846e+01
2.019421490351169801e+00 1.148270785066065969e+01 2.385803544456081937e+01
2.009046487225895294e+00 1.142500991782374520e+01 2.346007258463513878e+01
1.997790012911008883e+00 1.136476116128549130e+01 2.309735309012016202e+01
1.985779160757059625e+00 1.130134765878967329e+01 2.274358931542686335e+01
1.973143546886955368e+00 1.123596889541774502e+01 2.232129113265923337e+01
1.959997497327880200e+00 1.116831494873835062e+01 2.205604208873015182e+01
1.946393725312779655e+00 1.109811730776663197e+01 2.172810675859917851e+01
1.932406039055506453e+00 1.102584779709918017e+01 2.137139717175241316e+01
1.918148673464252996e+00 1.095218583985987593e+01 2.094536261542799238e+01
1.903659756024076888e+00 1.087639090459300917e+01 2.065547719033002139e+01
1.888939295780272642e+00 1.079928878383962854e+01 2.029835056521011438e+01
1.874080641132768621e+00 1.072049114772639733e+01 1.985580930856888671e+01
1.859142948305191556e+00 1.064062820153281130e+01 1.953736597837113820e+01
1.844108924108927239e+00 1.055885248390844033e+01 1.907778758941590880e+01
1.829045681358115294e+00 1.047702737551591845e+01 1.874458890418304335e+01
1.814010953340608356e+00 1.039267664479339537e+01 1.832654084817775697e+01
1.798968022896318297e+00 1.030795133278083142e+01 1.783945868363796095e+01
1.784028202887842030e+00 1.022195300356275638e+01 1.747391613119751952e+01
1.769141822796194585e+00 1.013601727091094062e+01 1.703411015073758605e+01
1.754343731914018933e+00 1.004918518720405451e+01 1.654848047794672894e+01
