2.191799393479931801e-01 1.550982551689759603e+01 3.683552447462830693e+06
2.268519442540620490e-01 1.522451554706375454e+01 3.103694312103622127e+06
2.348335227656425939e-01 1.495222329310968057e+01 2.625439560855514836e+06
2.431300872399258517e-01 1.469732654101550295e+01 2.229604732977518346e+06
2.517448653231067479e-01 1.446446780937963439e+01 1.887385851336219581e+06
2.606972235903868840e-01 1.426161204522005121e+01 1.603338186472991016e+06
2.699898751042453804e-01 1.406276201254386216e+01 1.356368296132742893e+06
2.796316124556333382e-01 1.391042081073210923e+01 1.145879563277672743e+06
2.896292911050860064e-01 1.370873518216161280e+01 9.713457416767406976e+05
2.999827334995929240e-01 1.356133178180356857e+01 8.218658703405321576e+05
3.107032207275817193e-01 1.341373095096536439e+01 6.978876207076637074e+05
3.217911505229346658e-01 1.328026509207949246e+01 5.915604147602348821e+05
3.332704387895502607e-01 1.315977882381922370e+01 5.010887941969784442e+05
3.451258538927409747e-01 1.304271158151030541e+01 4.250833944953880855e+05
3.573865883025548196e-01 1.293302145321057672e+01 3.605473300568374689e+05
3.700223893171490364e-01 1.284036592771160024e+01 3.065613903796426603e+05
3.830834314655476303e-01 1.274948976818415325e+01 2.603130389213670569e+05
3.965329923986958272e-01 1.266632667587829886e+01 2.209469790887071576e+05
4.103999606534568523e-01 1.258474138312720392e+01 1.878641082478303579e+05
4.246762500821469888e-01 1.251769614519694862e+01 1.593638942407383875e+05
4.393300823523190735e-01 1.245031320152600074e+01 1.359062501779738232e+05
4.544322452429728210e-01 1.238622013847155223e+01 1.156816671057114145e+05
4.699569128314169952e-01 1.232908805062630897e+01 9.854201774178149935e+04
4.858693702225430622e-01 1.227576956535314778e+01 8.387954304486922047e+04
5.022012956129648931e-01 1.222710263131272335e+01 7.152437331426567107e+04
5.189474710716061034e-01 1.218318989003384090e+01 6.093109845947625581e+04
5.361056908794181730e-01 1.213866104638270293e+01 5.211723726729438931e+04
5.536738428717504767e-01 1.209896347480288625e+01 4.452114087222237868e+04
5.716229095988919484e-01 1.206049335363245412e+01 3.803256751881798846e+04
5.899938557739380363e-01 1.202649688907540693e+01 3.254377536888933537e+04
6.088074240995778874e-01 1.199470670446116749e+01 2.781938816883493564e+04
6.282374497607295938e-01 1.196422817184018861e+01 2.380275613520065599e+04
6.484016734391911951e-01 1.193592783533390822e+01 2.033381040738624506e+04
6.693665771815917598e-01 1.190877417573314823e+01 1.731568989625959875e+04
6.911504919546089809e-01 1.188508882972849356e+01 1.475978706242154840e+04
7.138715136244723203e-01 1.186333472509062226e+01 1.252143848632713343e+04
7.375342819975218012e-01 1.184429093654299869e+01 1.053484752044304696e+04
7.621646705255341603e-01 1.182574912262688649e+01 9.005938436678501603e+03
7.877930625357708605e-01 1.181147179109612289e+01 7.620259600898069948e+03
8.144153015606112600e-01 1.180230374302083263e+01 6.432041112871180303e+03
8.420445529257717387e-01 1.179276562504529124e+01 5.432789827261944993e+03
8.706810546108612048e-01 1.178696806063793190e+01 4.588901976969712450e+03
9.003246561954036942e-01 1.178204081451602825e+01 3.869758289353618693e+03
9.309579890215675668e-01 1.178002718592719411e+01 3.261643733306802005e+03
9.625852302528429272e-01 1.178039536504804019e+01 2.734417064529963682e+03
9.951409661663688233e-01 1.178163037713657424e+01 2.318591527451741968e+03
1.028643166410561527e+00 1.178626957043524470e+01 1.954710441831975231e+03
1.063031214723995088e+00 1.179187806308208408e+01 1.649213813917426251e+03
1.098293189460938457e+00 1.179914276178923771e+01 1.391251862301938672e+03
1.134359701963351119e+00 1.180998215133121043e+01 1.174238926306725716e+03
1.171209004192802494e+00 1.181831103544906902e+01 9.925002743290416447e+02
1.208775907852847720e+00 1.182921735175668942e+01 8.394877738702148235e+02
1.247006860632779990e+00 1.184159270418331822e+01 7.072948727525963477e+02
1.285810242477433807e+00 1.185524025687495353e+01 6.022222415560972877e+02
1.325057680657351744e+00 1.186716709335061637e+01 5.110841158447060479e+02
1.364634249438226865e+00 1.188120654504973928e+01 4.351781714718973717e+02
1.404376047915838699e+00 1.189663114248777553e+01 3.704863538476923281e+02
1.444171033119496350e+00 1.190820939501126752e+01 3.165220490500230426e+02
1.483885877706459855e+00 1.191849820029332108e+01 2.709489361166441768e+02
1.523385375166705469e+00 1.192838329947276499e+01 2.328442456537537169e+02
1.562532746695470820e+00 1.194167484476309404e+01 2.002259064326599969e+02
1.601188799057850609e+00 1.195034815184793331e+01 1.728031914434441489e+02
1.639226578410258206e+00 1.195503648932728424e+01 1.497137238297697479e+02
1.676553565238227739e+00 1.195943331488745365e+01 1.300561220724116822e+02
1.712955665767103675e+00 1.196310732558240097e+01 1.133369854136576009e+02
1.748428868407944536e+00 1.196523418500332703e+01 9.905264447991788757e+01
1.782788075571027031e+00 1.196159519810787586e+01 8.687942444360653838e+01
1.815947164287186055e+00 1.195793161627581291e+01 7.626058862884401890e+01
1.847778957030954849e+00 1.195215908662783022e+01 6.759470254332954653e+01
1.878231732258583975e+00 1.194233676410784639e+01 5.967167656254009955e+01
1.907205249060078156e+00 1.193045297218838563e+01 5.334130544168763066e+01
1.934622821405518778e+00 1.191547248752299204e+01 4.760397270028901318e+01
1.960425738066971180e+00 1.189735004737033286e+01 4.269672515417524750e+01
1.984523697469240178e+00 1.187704131904240690e+01 3.841796833361974706e+01
2.006891509661403283e+00 1.185314463501234172e+01 3.469545755135785470e+01
2.027476311408515031e+00 1.182705568994167145e+01 3.144993415401786407e+01
2.046241459565256271e+00 1.179760815269528251e+01 2.866011605314337629e+01
2.063143480900277993e+00 1.176531182197307324e+01 2.616702134569488436e+01
2.078153598850784878e+00 1.173071108262760909e+01 2.394748320245805218e+01
2.091274469218939114e+00 1.169342255579349832e+01 2.214744990634319777e+01
2.102492220950020307e+00 1.165383848756857788e+01 2.050550638966420536e+01
2.111774027895399808e+00 1.161082399029116274e+01 1.904879225139448096e+01
2.119141443949009496e+00 1.156618621098482258e+01 1.772615274461752222e+01
2.124602104929535162e+00 1.151915516459412991e+01 1.663249103239916238e+01
2.128143959241370453e+00 1.147101698269828951e+01 1.572666640789249826e+01
2.129793599036931440e+00 1.142085098580125369e+01 1.490168964614216662e+01
2.129573029765624792e+00 1.136950456404013821e+01 1.418542975346542789e+01
2.127490763570142551e+00 1.131734501257052017e+01 1.358964070542759117e+01
2.123588209799671223e+00 1.126493942691485195e+01 1.310199264922861495e+01
2.117923796415084770e+00 1.121359108068991439e+01 1.272527170336945801e+01
2.110655596853680649e+00 1.116540662609893175e+01 1.242599446396737584e+01
2.101801181416347308e+00 1.112013493656706586e+01 1.231290083409581904e+01
2.091458687979231623e+00 1.107351063464689034e+01 1.218153003681618429e+01
2.079861147338863958e+00 1.102627813577328553e+01 1.216921039399937321e+01
2.067205365900519176e+00 1.097706580446593527e+01 1.214761167461819724e+01
2.053653288867187676e+00 1.092647108191141925e+01 1.214902518092822703e+01
2.039307925938019128e+00 1.087469408963768913e+01 1.216728622336541221e+01
2.024277283897891522e+00 1.081941293738118581e+01 1.219886695014906230e+01
2.008638853694913795e+00 1.076325377548594275e+01 1.224504793829668792e+01
1.992476073132361414e+00 1.070600333731465170e+01 1.224599597409694240e+01
