2.191799393479931801e-01 1.550982551689759603e+01 3.683552447462830693e+06
2.255675929926432288e-01 1.526580495618634714e+01 3.210594523581193760e+06
2.321696135420887597e-01 1.503180420705010967e+01 2.783535220527912490e+06
2.389917824885328668e-01 1.481990550092256598e+01 2.423396412050557788e+06
2.460421339433483401e-01 1.461459718395783192e+01 2.106597388378770091e+06
2.533149719813777012e-01 1.443110774392854800e+01 1.833364723553009331e+06
2.608222904067857839e-01 1.425343632016333473e+01 1.594136222933865851e+06
2.685679671452689821e-01 1.409009640279498576e+01 1.389284560442402726e+06
2.765562224802069480e-01 1.393291158280044151e+01 1.207403168726813747e+06
2.847910223889362213e-01 1.379144304326628401e+01 1.054128615156857297e+06
2.932878613980312577e-01 1.365676248730954256e+01 9.147085301602472318e+05
3.020071424110472580e-01 1.353059156100563598e+01 7.963950870350702899e+05
3.110217040669803201e-01 1.341041992574836073e+01 6.940230830665839603e+05
3.202599699777434195e-01 1.330397506209401826e+01 6.042987599161232356e+05
3.297728806581318728e-01 1.319015449529003448e+01 5.274632124651781050e+05
3.395541168863091541e-01 1.309726028887290106e+01 4.594456528889915789e+05
3.496116027034256168e-01 1.300252272314475022e+01 3.998643172862976789e+05
3.599525593694714032e-01 1.291784286836686135e+01 3.491537737059392966e+05
3.705517188716788146e-01 1.283515030217411734e+01 3.045239373230735655e+05
3.814593917953724156e-01 1.275929526417633042e+01 2.650494974439721555e+05
3.926134981570773563e-01 1.268923729640999909e+01 2.314807750213015825e+05
4.040646552252086798e-01 1.262298357423171957e+01 2.019850180261864734e+05
4.158068470484682644e-01 1.255807146787982198e+01 1.763642786373368581e+05
4.278426207457599051e-01 1.250171922387976231e+01 1.524156461397894600e+05
4.401473138361506332e-01 1.244486027075187984e+01 1.347974157079813303e+05
4.527571286448037191e-01 1.239424845832727407e+01 1.175608465594669688e+05
4.656702391461393642e-01 1.234492225373433882e+01 1.028118938921181980e+05
4.788507551745811441e-01 1.229918737694915265e+01 8.984249890001659514e+04
4.923152384762899958e-01 1.225692059582961946e+01 7.876813148532110790e+04
5.060654530623092118e-01 1.221681753587456498e+01 6.890914282470110629e+04
5.201109312672874685e-01 1.217695145534012724e+01 6.042272417887419579e+04
5.344436573116887468e-01 1.214333505475426200e+01 5.289510133682512969e+04
5.490627031456013496e-01 1.210827371851217471e+01 4.636365447330913594e+04
5.639699155604546155e-01 1.207491507657276841e+01 4.062465544945402507e+04
5.791148516289512660e-01 1.204645212345338479e+01 3.562089159256556013e+04
5.945911606566418595e-01 1.201998264990202081e+01 3.106153346719082765e+04
6.103936282020114845e-01 1.199019307595977146e+01 2.730008665097500125e+04
6.266623322081819047e-01 1.196471547950897474e+01 2.394967309611156452e+04
6.434611130468229634e-01 1.194243972190731107e+01 2.112900702325106613e+04
6.608328480218756962e-01 1.192007073047842169e+01 1.848309812392390813e+04
6.787970246115159201e-01 1.189821184265751342e+01 1.615161634629772379e+04
6.974226444876467923e-01 1.187885770105733307e+01 1.411681458929557266e+04
7.167176418539662475e-01 1.186181578536879222e+01 1.229995045120829127e+04
7.367036767154765409e-01 1.184671202091433706e+01 1.070353524417834342e+04
7.574034492792305340e-01 1.183079077496833342e+01 9.313190546461704798e+03
7.788203505319111208e-01 1.182115542997037316e+01 8.089913046409385061e+03
8.009784271380562259e-01 1.181068375570129447e+01 7.013837385954741876e+03
8.238668586416668660e-01 1.180170827252985788e+01 6.040791416647947699e+03
8.474899810439537884e-01 1.179533157653799869e+01 5.277652974474814073e+03
8.718607314043805845e-01 1.179118117911374597e+01 4.575552560183062269e+03
8.969667936569636346e-01 1.178742551531282956e+01 3.962495651920114142e+03
9.227917449781237735e-01 1.178838206124235199e+01 3.402596967501810013e+03
9.493518003763080637e-01 1.178638849125300325e+01 2.969991711186173234e+03
9.766231437292794970e-01 1.179108569589667432e+01 2.571285113116045522e+03
1.004580382072685518e+00 1.179455251550521311e+01 2.225840169936212533e+03
1.033223128796435963e+00 1.179949769247013158e+01 1.925059186119944343e+03
1.062526331878248076e+00 1.180524514104621048e+01 1.669565378871231815e+03
1.092473756747250668e+00 1.181367806901834960e+01 1.445063027716431634e+03
1.123038309501381171e+00 1.182177849339116449e+01 1.253513974732368069e+03
1.154181039644891937e+00 1.183117572287222430e+01 1.085893989292761944e+03
1.185877310302615895e+00 1.184447966215490311e+01 9.417038854649525774e+02
1.218044479535740354e+00 1.185259948662439733e+01 8.186301152824786413e+02
1.250625029882433736e+00 1.186775340057923778e+01 7.107337067829513444e+02
1.283540714420301487e+00 1.187820003915850364e+01 6.193862681117599323e+02
1.316719110255650582e+00 1.188981124079070106e+01 5.390261143748285804e+02
1.350073800546197189e+00 1.190331928711276177e+01 4.706769362614709848e+02
1.383520744581255846e+00 1.191440040734625505e+01 4.112018087992717597e+02
1.417000904757556690e+00 1.192748738377984274e+01 3.598699605912159996e+02
1.450404670508977034e+00 1.193965547412863870e+01 3.156768740145604966e+02
1.483656942241837973e+00 1.194985248137913914e+01 2.778441404768128677e+02
1.516676625322828098e+00 1.196072661757714251e+01 2.442863303263338253e+02
1.549364934585636622e+00 1.196969441275208723e+01 2.156073986804725280e+02
1.581687941733257219e+00 1.198049069428279978e+01 1.906813722751877833e+02
1.613484024116490279e+00 1.198654333210822820e+01 1.690396848609744609e+02
1.644747066718576400e+00 1.199041380455195416e+01 1.493814323258510228e+02
1.675354276148914412e+00 1.199422614066759252e+01 1.338089964543516714e+02
1.705244651955927004e+00 1.199685312866396814e+01 1.188771837437046344e+02
1.734381896204812534e+00 1.199772855873044186e+01 1.069678523492052449e+02
1.762568110307485281e+00 1.199565832814127120e+01 9.552691093454707527e+01
1.789838868975833996e+00 1.199295231606038925e+01 8.639061195484721623e+01
1.816101047680627412e+00 1.198721645586856788e+01 7.803786433559585589e+01
1.841267887630798183e+00 1.198010086603776969e+01 7.054960325104070762e+01
1.865322832930845554e+00 1.197053767160281978e+01 6.403257731666944608e+01
1.888150699511860653e+00 1.195905402204519774e+01 5.827460359473672469e+01
1.909737766265408032e+00 1.194526078699829874e+01 5.321451887039687989e+01
1.929973676789689563e+00 1.192917501303808692e+01 4.872415385505653518e+01
1.948854226442924276e+00 1.191039516283784572e+01 4.457586345108399684e+01
1.966303376964701366e+00 1.189030843585541142e+01 4.126325637995687856e+01
1.982306847496960733e+00 1.186717076537110493e+01 3.814582846278765516e+01
1.996758539659455156e+00 1.184192120551797700e+01 3.542339289700036176e+01
2.009629449174396232e+00 1.181487527320920172e+01 3.298939992802303323e+01
2.020888171073227824e+00 1.178604783432061609e+01 3.085919736385742596e+01
2.030464098984591903e+00 1.175435002865840950e+01 2.896379354639140047e+01
2.038286759232310175e+00 1.172078214530635165e+01 2.730425402320928541e+01
2.044289871686621129e+00 1.168567025478220067e+01 2.587402594305127934e+01
2.048369130884070355e+00 1.164912856860799195e+01 2.465405568625363131e+01
2.050402173743367307e+00 1.161209974673332113e+01 2.364607055838665417e+01
2.050105133360691667e+00 1.157569477610024578e+01 2.288474222581204742e+01
2.046865155717211060e+00 1.155084127713079134e+01 2.261436917001665137e+01
2.041877970659894181e+00 1.153816266329347151e+01 2.273585891736547637e+01
