2.191799393479931801e-01 1.550982551689759603e+01 3.683552447462830693e+06
2.279485632899526382e-01 1.518150329482660155e+01 3.052486680230281781e+06
2.371192200700487085e-01 1.487054817334090728e+01 2.519583639621619601e+06
2.467121088315158417e-01 1.459497749629190899e+01 2.081137136222223286e+06
2.567238880699398984e-01 1.434974815502510204e+01 1.720471005655184621e+06
2.671755758346719412e-01 1.412240381916242171e+01 1.421667218963232823e+06
2.780768589857984252e-01 1.390995490896817799e+01 1.179622388648938853e+06
2.894397384016073604e-01 1.371500006868266119e+01 9.742767027549262857e+05
3.012733065456530412e-01 1.353970432522990563e+01 8.058000859714851249e+05
3.135822378009471834e-01 1.338012409388679735e+01 6.683558331479642075e+05
3.263585025429810993e-01 1.323176170314992817e+01 5.532641465058029862e+05
3.396479615610014102e-01 1.309497418702127902e+01 4.592572658376689069e+05
3.534428883772984253e-01 1.297204196649445507e+01 3.798477439383645542e+05
3.677499715268484071e-01 1.285701151714504142e+01 3.152087847539793001e+05
3.825923506896560244e-01 1.275451250771144096e+01 2.616904545637827832e+05
3.979406682177785703e-01 1.266035309211308224e+01 2.170157559161052050e+05
4.138118947716695195e-01 1.257163601489129512e+01 1.802573208622599777e+05
4.302338791340817314e-01 1.249008843969714455e+01 1.503876370307308098e+05
4.471983005291484403e-01 1.241420015392241183e+01 1.248843103814180649e+05
4.647001579201876509e-01 1.234955607730432092e+01 1.038716080202971352e+05
4.827055349294748221e-01 1.228607993994785907e+01 8.680002089812881604e+04
5.012795088165237223e-01 1.222985414468990584e+01 7.221938713265323895e+04
5.203798987868615278e-01 1.217602052468996021e+01 6.021635008319070039e+04
5.400151835622211127e-01 1.212769563302639142e+01 5.035036902793077752e+04
5.601850660828181505e-01 1.208414466822462963e+01 4.207109464528759418e+04
5.808367821818117838e-01 1.204240442592052851e+01 3.514243382882041624e+04
6.020435195046806021e-01 1.200791328263462354e+01 2.938860358957956487e+04
6.236921232667929083e-01 1.197027842014479404e+01 2.468957732010311884e+04
6.458545506227454380e-01 1.193816032946516437e+01 2.069865447210327693e+04
6.685172580722672508e-01 1.190564441123867212e+01 1.740239052197792626e+04
6.916867568191242821e-01 1.187637405791124401e+01 1.461867797149558828e+04
7.152915152350509675e-01 1.184838775102136843e+01 1.228602657185602402e+04
7.393703740241407418e-01 1.182388593925293563e+01 1.035642368447913941e+04
7.638912079294003510e-01 1.179993098618775171e+01 8.734967078317304185e+03
7.888149483242897775e-01 1.177613693822031493e+01 7.367145103819963879e+03
8.141562675208726674e-01 1.175218779865434193e+01 6.232962838380228277e+03
8.398888016793543132e-01 1.173030200468473083e+01 5.274023414146870891e+03
8.659739608269542144e-01 1.171003552720375218e+01 4.460712237202315919e+03
8.924164269256241733e-01 1.168665203795332097e+01 3.751065549819886655e+03
9.191267896506902790e-01 1.166540505998976762e+01 3.203497665603408223e+03
9.460958914824989519e-01 1.164442549252903980e+01 2.729514934579287456e+03
9.733315863444931271e-01 1.162343135396939431e+01 2.303860220456568186e+03
1.000733249380212797e+00 1.160104412061951606e+01 1.978902231087170094e+03
1.028313366031867071e+00 1.158194111397121340e+01 1.686956633999120413e+03
1.056019234262665085e+00 1.155729818012923715e+01 1.441646955657774242e+03
1.083805698027345832e+00 1.153412250146174678e+01 1.233868376925644952e+03
1.111637499267410067e+00 1.150994071745894587e+01 1.057841722670840454e+03
1.139470199893031221e+00 1.148626261581271280e+01 9.071889429435019565e+02
1.167254784898499986e+00 1.146028581208958208e+01 7.798021019449362257e+02
1.194959545067317386e+00 1.143816861576058130e+01 6.706976924975490419e+02
1.222530975358735450e+00 1.140654059409908250e+01 5.783235191752512492e+02
1.249930216652783255e+00 1.138061188038943250e+01 4.993361725071071078e+02
1.277112384938295930e+00 1.134913661050310019e+01 4.315558881043558586e+02
1.304039921789301948e+00 1.132082560115196657e+01 3.737550942850177762e+02
1.330642392685438269e+00 1.128666524066841426e+01 3.242972808859094016e+02
1.356906114924421702e+00 1.125629960354740078e+01 2.803402344462756446e+02
1.382778560083279373e+00 1.121966358821302379e+01 2.453180091557539413e+02
1.408219899083925419e+00 1.118445252149813740e+01 2.139193985919220324e+02
1.433186872810690682e+00 1.114591046530612672e+01 1.858832988406944366e+02
1.457643365182138551e+00 1.110772478787797368e+01 1.635624280594338984e+02
1.481552642122215158e+00 1.106776652715364939e+01 1.432955626143419465e+02
1.504881818592705978e+00 1.102719769020911045e+01 1.258391776263422059e+02
1.527584683982702085e+00 1.098378083667699023e+01 1.106620530627129284e+02
1.549639618359580862e+00 1.093970153979624627e+01 9.753329915833087682e+01
1.571019740327967096e+00 1.089411201873924817e+01 8.611300021358256629e+01
1.591689522886552410e+00 1.084788188264112208e+01 7.611381686707164818e+01
1.611625256882280199e+00 1.079970606515977671e+01 6.716322179836681983e+01
1.630804205780039151e+00 1.075068316109476640e+01 5.988540702276159067e+01
1.649207147632845372e+00 1.070076486204444066e+01 5.326763521002207113e+01
1.666813058066837216e+00 1.064895706272366382e+01 4.743017894658578371e+01
1.683607735756221579e+00 1.059612573898533228e+01 4.234505644144434910e+01
1.699576672797553867e+00 1.054246708369778673e+01 3.785071238611325128e+01
1.714708775390276108e+00 1.048724490624298689e+01 3.390675463367456643e+01
1.728995071019032270e+00 1.043086106473622365e+01 3.043972631886982683e+01
1.742427557749244516e+00 1.037412455879782591e+01 2.728153352603176174e+01
1.755006245230375184e+00 1.031623678221792062e+01 2.458551552582648014e+01
1.766728033092032524e+00 1.025630136416295102e+01 2.226403712707706717e+01
1.777588313448633883e+00 1.019698374447138889e+01 2.007165030581141707e+01
1.787597140644853200e+00 1.013619860164471476e+01 1.818879518153330110e+01
1.796753195212646315e+00 1.007491919421547877e+01 1.653014078457712088e+01
1.805066102103622061e+00 1.001248671638647991e+01 1.507588238995046126e+01
1.812546017292409495e+00 9.950366098769555023e+00 1.372939037543785368e+01
1.819195151219996198e+00 9.886855513107905225e+00 1.253500927078751026e+01
1.825037491709697202e+00 9.823061742817680297e+00 1.146716052598064195e+01
1.830064537236451905e+00 9.758626304653887473e+00 1.048666479475901703e+01
1.834273476745326370e+00 9.694850121956614331e+00 9.629604918833797100e+00
1.837634975904395951e+00 9.629493852964259304e+00 8.893993627979638106e+00
1.840146746930827470e+00 9.565985125934082234e+00 8.207531502881600716e+00
1.841806017891386205e+00 9.500419922001926309e+00 7.583380987936139128e+00
1.842596917231466236e+00 9.435428199174886288e+00 7.053523010308700769e+00
1.842523273359156333e+00 9.370819386550756747e+00 6.565499197325530112e+00
1.841605483861954662e+00 9.306748527155379591e+00 6.117335119405987953e+00
1.839833226507402220e+00 9.242582365415270118e+00 5.729175222882055607e+00
1.837242210908869744e+00 9.178712890793073953e+00 5.381193713389250455e+00
1.833837693543733938e+00 9.114275553549722630e+00 5.065052651652347748e+00
1.829642972448386473e+00 9.051617887052085365e+00 4.801399011547286655e+00
1.824699108701971939e+00 8.988756561737190509e+00 4.541536493688680842e+00
1.819019100146703982e+00 8.926210843510649084e+00 4.317739550241767255e+00
1.812651397529628561e+00 8.864509343442538380e+00 4.123028900959416099e+00
1.805650412574913988e+00 8.803757386756807080e+00 3.957024814362941179e+00
