2.191799393479931801e-01 1.550982551689759603e+01 3.683552447462830693e+06
2.265535409132337086e-01 1.522343300229096208e+01 3.134932344085415825e+06
2.342052907646674509e-01 1.496958417114944240e+01 2.666090711530679837e+06
2.421661669443866682e-01 1.473368869195067710e+01 2.282578781580855604e+06
2.504064543362438111e-01 1.450278372711647812e+01 1.935973168895287905e+06
2.589605953953231787e-01 1.429637011037041994e+01 1.654813099798998795e+06
2.678297050436488913e-01 1.411135395124278169e+01 1.408909566174439853e+06
2.770179934373701580e-01 1.392629401329683603e+01 1.199456601834181231e+06
2.865357911935724200e-01 1.376249822856220995e+01 1.021734446375844069e+06
2.963762058589612391e-01 1.360933627313395355e+01 8.718669755775467493e+05
3.065580278837173323e-01 1.347408520184954916e+01 7.447838609461617889e+05
3.170932850839995321e-01 1.333778187437220808e+01 6.330710592674039071e+05
3.279681569000385544e-01 1.321730670174436284e+01 5.364556989236257505e+05
3.391867855233980933e-01 1.309977862605578203e+01 4.618260991211977089e+05
3.507760012851147136e-01 1.299711004430542971e+01 3.942267581781448098e+05
3.627360389612408476e-01 1.289652226532680324e+01 3.363101450061187497e+05
3.750464198857748621e-01 1.280351035077261379e+01 2.872305315633814316e+05
3.877410584023446294e-01 1.271863905910324455e+01 2.458337170751687663e+05
4.008151949082981447e-01 1.264017896820473830e+01 2.079564975652834401e+05
4.142494374407386659e-01 1.257162949976148703e+01 1.795857552211532893e+05
4.280822090039652084e-01 1.249996512296102580e+01 1.538342648457168834e+05
4.422832496865720664e-01 1.243517904432973964e+01 1.314429495740213024e+05
4.568812163984500296e-01 1.237810688675872939e+01 1.125731835463661409e+05
4.718655804038203172e-01 1.232337714298073195e+01 9.664786998313201184e+04
4.872299575504689950e-01 1.226657851476514338e+01 8.283997339443763485e+04
5.029437838338741695e-01 1.222421449538541616e+01 7.105330582476752170e+04
5.190604920220351914e-01 1.217992415316489563e+01 6.095193243118845567e+04
5.355580578875743791e-01 1.213890496603326774e+01 5.242159524779709318e+04
5.524350505545850831e-01 1.210067306387407449e+01 4.499777982195276127e+04
5.696931007007161041e-01 1.206500190053186650e+01 3.873201284399259021e+04
5.872626975263708360e-01 1.203246820909617121e+01 3.321715907124266960e+04
6.053386867289681783e-01 1.200119159105291544e+01 2.865297727684772690e+04
6.240694321097602915e-01 1.196869919453888542e+01 2.466010807731284149e+04
6.436273024811299814e-01 1.194160567823364616e+01 2.110092910135600323e+04
6.640444538567711330e-01 1.191750817021775610e+01 1.806396347598387001e+04
6.854572234597496871e-01 1.189427276417886326e+01 1.542001234063154516e+04
7.078989120908660837e-01 1.187446863723882196e+01 1.313291192484846033e+04
7.314020502514265720e-01 1.185612881122886719e+01 1.114288884225293805e+04
7.560067790281833622e-01 1.184324492474178747e+01 9.449558905573794618e+03
7.817278260997778672e-01 1.183037140860183101e+01 7.997489352036653145e+03
8.085952247537078197e-01 1.182316012947163841e+01 6.759309220388802714e+03
8.366113993318423647e-01 1.181393778556924978e+01 5.708314252478154231e+03
8.657708029575134079e-01 1.181343753167811172e+01 4.812580264159852049e+03
8.960903418184547053e-01 1.181389945773496031e+01 4.051829205657586499e+03
9.275495953323205089e-01 1.181750887934415672e+01 3.414192962498811539e+03
9.600773824515066446e-01 1.182285337648266399e+01 2.872512211459652463e+03
9.936215118410349767e-01 1.183160699988839681e+01 2.419962060040745655e+03
1.028104901427110640e+00 1.184183072149506089e+01 2.040034712195691327e+03
1.063416802316144327e+00 1.185449177453224223e+01 1.720341116730286785e+03
1.099523519601584676e+00 1.186921383144544961e+01 1.452421525998886409e+03
1.136282713779370956e+00 1.188508248275737600e+01 1.228060862596543302e+03
1.173630034185342286e+00 1.190048575934142150e+01 1.039787674527457739e+03
1.211452005337098070e+00 1.191848715237986234e+01 8.823783756047087081e+02
1.249640900913868258e+00 1.193875656620065584e+01 7.505965041894139631e+02
1.288106218895269661e+00 1.195485076911050371e+01 6.397228597505339849e+02
1.326699675467237105e+00 1.197289876488209259e+01 5.464098947188251714e+02
1.365341180777710717e+00 1.198952587149208959e+01 4.679892870156782578e+02
1.403920433164659087e+00 1.200673830952619348e+01 4.017018342269664117e+02
1.442312082664477746e+00 1.202259841599542689e+01 3.459068077702017945e+02
1.480391121529029519e+00 1.203615879440171277e+01 2.985983260128227244e+02
1.518046660069930276e+00 1.204969632193461138e+01 2.584712030211269962e+02
1.555212243490033286e+00 1.206207737076867481e+01 2.243839132710988338e+02
1.591767554772201221e+00 1.207136506352990324e+01 1.953251668492687259e+02
1.627552115161821078e+00 1.208111546500773414e+01 1.707080414990388135e+02
1.662513036044225290e+00 1.208330418644226256e+01 1.495306258235427492e+02
1.696562497592018603e+00 1.208641286601571707e+01 1.306543250219448851e+02
1.729542072977377609e+00 1.208718768579592506e+01 1.158323765425336234e+02
1.761462100375732920e+00 1.208590253608737441e+01 1.024248619988325970e+02
1.792157119747566973e+00 1.208249288742306682e+01 9.095786715423113833e+01
1.821613235671213804e+00 1.207509722361451132e+01 8.096064757122280753e+01
1.849743680728055839e+00 1.206423793189187421e+01 7.231657863317657586e+01
1.876502642103652807e+00 1.205144412084952421e+01 6.481915019345136386e+01
1.901797867572480261e+00 1.203580396998682289e+01 5.802909134541842207e+01
1.925628084805685925e+00 1.201739172102477404e+01 5.259495766496600311e+01
1.947909985863786275e+00 1.199621923718829919e+01 4.742507353816105109e+01
1.968662621387437417e+00 1.197270121273630039e+01 4.326717946370665402e+01
1.987797710167470200e+00 1.194529718465887136e+01 3.941344318529143465e+01
2.005329596445308837e+00 1.191593797984490166e+01 3.607117920929972144e+01
2.021244596158694673e+00 1.188420187687991536e+01 3.311271084576953427e+01
2.035530627830402395e+00 1.184933633674827114e+01 3.040594962896594211e+01
2.048178467813680736e+00 1.181267387407980962e+01 2.818615146621500500e+01
2.059188066306464115e+00 1.177334066050497263e+01 2.614587189231867370e+01
2.068581813912269141e+00 1.173173264497452628e+01 2.421903157399689022e+01
2.076372770873439411e+00 1.168782226566555771e+01 2.267707801512588972e+01
2.082562547487472493e+00 1.164218372506935140e+01 2.122622079460558098e+01
2.087181276021125242e+00 1.159445327701552841e+01 2.003161750159382493e+01
2.090258762193236919e+00 1.154470146782346518e+01 1.893723427389923941e+01
2.091834920701027389e+00 1.149449097500717798e+01 1.795309630288005920e+01
2.091934394102794137e+00 1.144175777216473122e+01 1.708379007503290126e+01
2.090607329536701364e+00 1.138929735953170130e+01 1.626761682160643474e+01
2.087878506698547909e+00 1.133467406929172228e+01 1.560722926405470545e+01
2.083822916050741547e+00 1.128105038588559950e+01 1.503590832890188445e+01
2.078498573009395223e+00 1.122654013024303943e+01 1.460393949844960382e+01
2.071981281001150865e+00 1.117214470044186569e+01 1.419241458882562412e+01
2.064348072006682688e+00 1.111873364215448312e+01 1.386116315573937285e+01
2.055743509359811316e+00 1.106745601978887272e+01 1.361086745704695389e+01
2.046354803587404181e+00 1.101936951275595256e+01 1.344146841887225641e+01
2.036289841869121986e+00 1.097402960465644206e+01 1.330526250352235529e+01
2.025737507755505984e+00 1.093175685050091950e+01 1.332257323966675600e+01
2.014921412311017512e+00 1.089320414577515272e+01 1.336075084172072103e+01
