2.191799393479931801e-01 1.550982551689759603e+01 3.683552447462830693e+06
2.266441415504308055e-01 1.521884059753349128e+01 3.129776159297444858e+06
2.343954656405582426e-01 1.496074374717858468e+01 2.666158954946338199e+06
2.424621486061218911e-01 1.471715931744443218e+01 2.259251555892625358e+06
2.508168408926857995e-01 1.449569321814893641e+01 1.920711524448206881e+06
2.594934195181959335e-01 1.428253557324833523e+01 1.634183075008267770e+06
2.684921494411806053e-01 1.409114743943178816e+01 1.389780206374624511e+06
2.778194366426384732e-01 1.394590789683348220e+01 1.181013525327159325e+06
2.874834161164018242e-01 1.374808427653240450e+01 1.003469605039133225e+06
2.974785048947515831e-01 1.359499516992381984e+01 8.567933877176295500e+05
3.078392216666057668e-01 1.345374070447767245e+01 7.295053261544122361e+05
3.185305293826701245e-01 1.331837497198531217e+01 6.199703963316081790e+05
3.295859432374932396e-01 1.320052890367482057e+01 5.280560982196746627e+05
3.410091547700542236e-01 1.308201845586603795e+01 4.499393724961201078e+05
3.527923071535765676e-01 1.297656841329336608e+01 3.838504876602873555e+05
3.649661751096962559e-01 1.287946722738189287e+01 3.269558600883999025e+05
3.775040735531802749e-01 1.278592828577438922e+01 2.784565171971659292e+05
3.904237163073561168e-01 1.270043405030747508e+01 2.361600830664216483e+05
4.037297457869987172e-01 1.262528703205527769e+01 2.030227731100709061e+05
4.174320260931841386e-01 1.255245546784055755e+01 1.731138760456028394e+05
4.315142752489429800e-01 1.248510194911516891e+01 1.477170384159497917e+05
4.460006076205758063e-01 1.242146612856010357e+01 1.264382242272640142e+05
4.608864141444225515e-01 1.236254360361738414e+01 1.081279899240235827e+05
4.761405786561770381e-01 1.230620903209744554e+01 9.258530823595891707e+04
4.917895585486789511e-01 1.225897737305986723e+01 7.907040991393596050e+04
5.078240086010961107e-01 1.220717628759130946e+01 6.775434840571315726e+04
5.242582859201861956e-01 1.216829312679547037e+01 5.800146676438376016e+04
5.410820675693364112e-01 1.212533848845095186e+01 4.979834778197722335e+04
5.582943879989916702e-01 1.208733754637232316e+01 4.276888261388979299e+04
5.758646835799370312e-01 1.205196669913973828e+01 3.632881722662968969e+04
5.938211027812256848e-01 1.201908227138926222e+01 3.151559311876164065e+04
6.123285754330841657e-01 1.198857238849769935e+01 2.703262572833646482e+04
6.315558477253575553e-01 1.195770406579024048e+01 2.323530677573218054e+04
6.516106442262448173e-01 1.193273880749793392e+01 1.983674666255843113e+04
6.725938556573337612e-01 1.191139092916588105e+01 1.691537028879286663e+04
6.945678797575347563e-01 1.188438993291929435e+01 1.442502724451674112e+04
7.175813093916448837e-01 1.186495780360496433e+01 1.225057768510475762e+04
7.416748273076505527e-01 1.184846949940644301e+01 1.037897513172906838e+04
7.668695875543880547e-01 1.183449016564241951e+01 8.790992945919997510e+03
7.931826488632798267e-01 1.182242892022139458e+01 7.431136296920585664e+03
8.206419904638109220e-01 1.181484254933611489e+01 6.269794457579131631e+03
8.492462600187821176e-01 1.181175634498079319e+01 5.282450982241771271e+03
8.789994880149877288e-01 1.180695224273928368e+01 4.445516125045574881e+03
9.098932550776466233e-01 1.181029744262148817e+01 3.740891317797576448e+03
9.419313477091321163e-01 1.181308924813227712e+01 3.144561348362632089e+03
9.750845049595107117e-01 1.181975809214605455e+01 2.646954495131324620e+03
1.009338979648100265e+00 1.182728807181345054e+01 2.222943898229956176e+03
1.044666106364411151e+00 1.183953799498855730e+01 1.870580807319250425e+03
1.081026414425448667e+00 1.185252788144709513e+01 1.572163570186466586e+03
1.118405609320750838e+00 1.186879029286557952e+01 1.323196333553663862e+03
1.156739507034081793e+00 1.188550459023376860e+01 1.114761980087672555e+03
1.195991536048111703e+00 1.190425363899108113e+01 9.390754545733993837e+02
1.236108969994762941e+00 1.192364823366257021e+01 7.935708609231896844e+02
1.277031722622556265e+00 1.194647611044667279e+01 6.684302886477267975e+02
1.318713950744482721e+00 1.197130314411231922e+01 5.645227964990905321e+02
1.361066724788959847e+00 1.199148401952855814e+01 4.783469666064177659e+02
1.404041880555032984e+00 1.201606066665508443e+01 4.049348543201249981e+02
1.447572658086959008e+00 1.204151039425134684e+01 3.413735377810455134e+02
1.491556045214876391e+00 1.206418195761398238e+01 2.906614087520475778e+02
1.535926047642403036e+00 1.209217627568305531e+01 2.485161628207810054e+02
1.580625629632537388e+00 1.211411844340226551e+01 2.110573365558703642e+02
1.625532103375880055e+00 1.213890033501046162e+01 1.808475184105657547e+02
1.670602824144540532e+00 1.216228975849839422e+01 1.546562771021031324e+02
1.715726184032808632e+00 1.218601516028274823e+01 1.325430189191191062e+02
1.760823916000983536e+00 1.221001724635624264e+01 1.137551692569941935e+02
1.805725001813683228e+00 1.223031455450345284e+01 9.783193471169505528e+01
1.850321679498993621e+00 1.225063507736228985e+01 8.431891752367140214e+01
1.894465775639329275e+00 1.226938509608236139e+01 7.294525635192910329e+01
1.938031064108583612e+00 1.228768781182794179e+01 6.315914453960049002e+01
1.980871200673269383e+00 1.230438039431410324e+01 5.488227147090488245e+01
2.022895244274771187e+00 1.231757133412793870e+01 4.763298793417393995e+01
2.063927582469377242e+00 1.233020132285032666e+01 4.178883057826642045e+01
2.103919309234850044e+00 1.234005413139756868e+01 3.660236706860245448e+01
2.142687994518752248e+00 1.234766835016030839e+01 3.202542917193684247e+01
2.180181356699748996e+00 1.235349773208222146e+01 2.836095189530246685e+01
2.216309155869613967e+00 1.235632837257550953e+01 2.508394796707343133e+01
2.250974865114853340e+00 1.235679181485484612e+01 2.224586741583622640e+01
2.284068164262861078e+00 1.235457968529165562e+01 1.979246311849967199e+01
2.315554105957886577e+00 1.235004777543851695e+01 1.768285167248412648e+01
2.345335209080420480e+00 1.234246004748672476e+01 1.584096674648868230e+01
2.373392033840453497e+00 1.233209217079496334e+01 1.424247346908961376e+01
2.399638866868249121e+00 1.231917444238319703e+01 1.281556044021002805e+01
2.424047524746888449e+00 1.230273479143396642e+01 1.164541655995788361e+01
2.446570388284215358e+00 1.228485729481400668e+01 1.058130057996666551e+01
2.467187210394021779e+00 1.226300290023690387e+01 9.651900194281820333e+00
2.485854814389571565e+00 1.223841683972561079e+01 8.833559039536895696e+00
2.502574023303793638e+00 1.221138173946966177e+01 8.115272303836274403e+00
2.517341945350848320e+00 1.218211919439365865e+01 7.486355712932253326e+00
2.530108378297622806e+00 1.214924341231000859e+01 6.931648871783945509e+00
2.540887799672483016e+00 1.211422258928738849e+01 6.443822008360844400e+00
2.549668836464634936e+00 1.207758489502308485e+01 6.015520126381326271e+00
2.556445762419266021e+00 1.203732045735002210e+01 5.639266915349996800e+00
2.561224829928421709e+00 1.199532529292097571e+01 5.309491424199793030e+00
2.563993648628089872e+00 1.195176885030594782e+01 5.021592264546689499e+00
2.564746991419093014e+00 1.190604240274506331e+01 4.775840138121970391e+00
2.563477349613592526e+00 1.185919693376471429e+01 4.564355507876260098e+00
2.560140274788092363e+00 1.181111344696056342e+01 4.390354103823743692e+00
2.554747152848055869e+00 1.176341922106611193e+01 4.256827565472420360e+00
2.547660178907937834e+00 1.172330364410617065e+01 4.184928324505249542e+00
2.540360783829489044e+00 1.170124101357602875e+01 4.182196862679164795e+00
