2.191799393479931801e-01 1.550982551689759603e+01 3.683552447462830693e+06
2.282521006531848251e-01 1.516647024753822492e+01 3.020489511160415132e+06
2.377468512811515555e-01 1.485599844655926383e+01 2.485880410260478035e+06
2.476968857522487133e-01 1.457926250438850246e+01 2.054244105214531999e+06
2.580975338391593432e-01 1.431745279706621865e+01 1.677981792165156687e+06
2.689677688290175728e-01 1.407837128241191316e+01 1.377568735652558273e+06
2.803244200541256670e-01 1.387358332195177191e+01 1.121430522637045942e+06
2.921745103482937811e-01 1.367671684516236930e+01 9.304223533600013470e+05
3.045089840968251971e-01 1.349694158494053120e+01 7.686146623399506789e+05
3.173940876082484430e-01 1.333594577332723574e+01 6.313495561950511765e+05
3.307523890416053658e-01 1.318301445445532138e+01 5.206579098227895447e+05
3.446672891485200174e-01 1.304587524912563090e+01 4.286871426402974757e+05
3.591275579577985488e-01 1.292521854863127118e+01 3.529891298201677855e+05
3.741366560240882988e-01 1.280963919351110292e+01 2.912087705407590838e+05
3.897063259139351143e-01 1.270624051924303899e+01 2.401015371843164321e+05
4.058425369248662151e-01 1.261534384877555581e+01 1.976633204702835646e+05
4.225475919685078852e-01 1.252647352740971698e+01 1.618792609431029123e+05
4.398074188071587343e-01 1.244748352377509626e+01 1.352691421486348263e+05
4.576705350777141024e-01 1.237514581556026450e+01 1.106467281549960608e+05
4.760983985818523778e-01 1.230772637317153517e+01 9.257206477826605260e+04
4.950846059244572439e-01 1.224768275563642739e+01 7.665461192597803893e+04
5.146493129207868611e-01 1.219458532780741322e+01 6.292093081995158718e+04
5.347851898501549961e-01 1.214110062703086257e+01 5.266070793488611525e+04
5.554927754190019940e-01 1.209414354749031340e+01 4.377486639675431070e+04
5.767298057049488058e-01 1.205243882759594953e+01 3.640638850843394903e+04
5.985682595017304264e-01 1.201146427785569237e+01 3.028531590293840782e+04
6.213263300489882957e-01 1.197290805974018113e+01 2.513671928020420455e+04
6.452953705820358987e-01 1.193998316413864380e+01 2.081480527703705593e+04
6.706615753350306797e-01 1.191148304136761027e+01 1.719297787760636129e+04
6.975490497888510166e-01 1.188241437774438936e+01 1.412889574614783123e+04
7.260568168441589032e-01 1.186120374515342135e+01 1.156856538875939077e+04
7.562464528726210444e-01 1.184238038014956373e+01 9.362816919865128511e+03
7.881498773119568479e-01 1.182931913237769450e+01 7.685217398545321885e+03
8.218226988663724919e-01 1.181942261840636732e+01 6.243425408304266966e+03
8.572619834617990486e-01 1.181700436741001958e+01 5.064622065738037236e+03
8.944836614005812203e-01 1.181843754203185526e+01 4.100109536635825862e+03
9.334571548547818676e-01 1.182257177878648591e+01 3.322501056744437392e+03
9.741044905993506697e-01 1.183186230602611566e+01 2.683385847584150724e+03
1.016310081590461323e+00 1.184316531516631343e+01 2.171313975967497299e+03
1.059951034207311071e+00 1.186249450863904364e+01 1.758469731257056537e+03
1.104877333283618590e+00 1.188092873284593765e+01 1.426246144720182429e+03
1.150936056922962969e+00 1.190205152209651907e+01 1.159682733652042089e+03
1.198000544563122105e+00 1.192908773473528861e+01 9.443187454409570591e+02
1.245841798492891339e+00 1.194975533955202707e+01 7.716818503539227549e+02
1.294344051613432578e+00 1.197551451030198422e+01 6.316552327124505837e+02
1.343301955150882243e+00 1.200381435285211396e+01 5.189066448405997107e+02
1.392536407837793755e+00 1.202595691638803110e+01 4.276801766762496868e+02
1.441859482838893092e+00 1.205359245377806587e+01 3.537378588268077806e+02
1.491083194685318247e+00 1.207592595456697993e+01 2.935083791961683914e+02
1.540095046046016103e+00 1.209412445209904341e+01 2.445065823557759188e+02
1.588568453753850918e+00 1.211411059188019301e+01 2.044760859044840515e+02
1.636511663426674090e+00 1.213155142021924959e+01 1.716615406060742259e+02
1.683529951011653925e+00 1.214689746030141748e+01 1.446568911606912593e+02
1.729675448946930372e+00 1.215870113805341290e+01 1.224771065804983721e+02
1.774701891341466276e+00 1.216749316276102633e+01 1.040016295614717308e+02
1.818544876614810679e+00 1.217440351955564104e+01 8.869415108803229941e+01
1.860958618943589382e+00 1.217615738134444037e+01 7.595157327007397896e+01
1.901937671508753480e+00 1.217525135210581411e+01 6.525080710303828369e+01
1.941306276786848972e+00 1.217095798949494068e+01 5.613496616461338107e+01
1.979017771906337098e+00 1.216308035960456913e+01 4.887821378623951318e+01
2.014971767946022840e+00 1.215058882490147596e+01 4.256084332177463381e+01
2.049153834871662472e+00 1.213615485879829414e+01 3.711858645533435919e+01
2.081450758139823165e+00 1.211651914079681802e+01 3.257704204885333610e+01
2.111856795291737754e+00 1.209422479798099559e+01 2.866121806396458993e+01
2.140326179955213792e+00 1.206838799879069057e+01 2.532435627367077302e+01
2.166853171941074852e+00 1.203952834851545362e+01 2.245807347662479359e+01
2.191436631015358572e+00 1.200609175965087161e+01 1.999895313127174745e+01
2.214081167886649215e+00 1.197033711486153962e+01 1.779300273223888240e+01
2.234781445440341852e+00 1.193165129805684366e+01 1.595777498208502898e+01
2.253576197641892431e+00 1.188857285101086880e+01 1.440353362887169730e+01
2.270496434667609087e+00 1.184377973768715009e+01 1.296141664374960278e+01
2.285551945447900302e+00 1.179570582656920941e+01 1.178515475395407286e+01
2.298804010380377072e+00 1.174551338602190143e+01 1.071709627662230879e+01
2.310297055523636178e+00 1.169260477619131322e+01 9.773548844864965446e+00
2.320085935948725808e+00 1.163787086086994549e+01 8.914706712420160883e+00
2.328203125689959574e+00 1.158048229217534875e+01 8.201457989181898611e+00
2.334729827972059191e+00 1.152071234078970008e+01 7.552217754731894495e+00
2.339713349829579681e+00 1.145951347169226331e+01 6.974599023827538602e+00
2.343222872114232747e+00 1.139684549300928396e+01 6.442778180672571686e+00
2.345309493603191520e+00 1.133245260599436044e+01 5.986480973137472184e+00
2.346047985973180872e+00 1.126644274447429517e+01 5.588768771942155489e+00
2.345499900068343191e+00 1.119952087969586607e+01 5.223156493747843854e+00
2.343727321156185095e+00 1.113110439005011365e+01 4.891321572033259457e+00
2.340794636486576152e+00 1.106235935773680623e+01 4.583052906371268165e+00
2.336769328733852014e+00 1.099239671985828970e+01 4.317403000703949445e+00
2.331711114948187724e+00 1.092138391323723035e+01 4.089245412538417668e+00
2.325681879385550044e+00 1.084991103165844706e+01 3.868786669682037882e+00
2.318741380691880405e+00 1.077853002188050446e+01 3.662019714403125903e+00
2.310929797083567827e+00 1.070663658086722059e+01 3.495004898836646667e+00
2.302288582401792016e+00 1.063520664257609205e+01 3.336789940712920455e+00
2.292819255778766774e+00 1.056431667532997132e+01 3.186673322994799218e+00
2.282578251275773518e+00 1.049330863030648864e+01 3.061445059123164114e+00
2.271582546361889943e+00 1.042344147044125791e+01 2.959149023496378650e+00
2.259878295140876237e+00 1.035469136946549540e+01 2.864133991800552614e+00
2.247509330968554764e+00 1.028766674561721928e+01 2.776225618522598637e+00
2.234525401381109333e+00 1.022191666726216397e+01 2.710586378206830904e+00
2.221015632759437697e+00 1.015873699129971897e+01 2.658110450274310033e+00
2.207076697096546081e+00 1.009768333819130426e+01 2.624521063749910788e+00
2.192897242247755951e+00 1.004073735824331415e+01 2.599747236981094556e+00
2.178852253783162940e+00 9.989315941675647181e+00 2.587278885902318581e+00
