2.191799393479931801e-01 1.550982551689759603e+01 3.683552447462830693e+06
2.272463767315221206e-01 1.520052502755440571e+01 3.100893741044979077e+06
2.356539768888203934e-01 1.493231358733319425e+01 2.608284073712567799e+06
2.444232353774237476e-01 1.466330234384483155e+01 2.173486562283158302e+06
2.535410846348644665e-01 1.442616428222418179e+01 1.825667988442746457e+06
2.630304073895765593e-01 1.420313555545248896e+01 1.534970767449053004e+06
2.728983596173651383e-01 1.400354990314640524e+01 1.286233866049963282e+06
2.831531613101336275e-01 1.382165866093663453e+01 1.080256162016237853e+06
2.938049509690601191e-01 1.364886028012881170e+01 9.067809111758250510e+05
3.048449347315893565e-01 1.348955952340981312e+01 7.625747860320451437e+05
3.163048770319668024e-01 1.334169013263464443e+01 6.413435709807054373e+05
3.281787806901076965e-01 1.321604317056162259e+01 5.402290504335425794e+05
3.404699131266224477e-01 1.309045228406361261e+01 4.529129274887134670e+05
3.531899115136828415e-01 1.297159314354589199e+01 3.810881043812552816e+05
3.663501073388408802e-01 1.287175361007898111e+01 3.210152452787866350e+05
3.799536334186245368e-01 1.277216863539601022e+01 2.702497327519607497e+05
3.940011786943722893e-01 1.268255178409155093e+01 2.278592910767058493e+05
4.085005407627098628e-01 1.259697408856916745e+01 1.919459147411857266e+05
4.234447436346647220e-01 1.251992031829291996e+01 1.623157875120055105e+05
4.388441520090524128e-01 1.245092876024372686e+01 1.364474194677043997e+05
4.547120293270986435e-01 1.237916342929819713e+01 1.153321479019822436e+05
4.710444260000447581e-01 1.232618895462050901e+01 9.742642393852239184e+04
4.878259427941292192e-01 1.227138046281950956e+01 8.221259498794611136e+04
5.050350665328873223e-01 1.221847063928646726e+01 6.962495644210538012e+04
5.227195621449212126e-01 1.217222241586163278e+01 5.881285338875933667e+04
5.408580943852461242e-01 1.212674212733885959e+01 4.987776797793443257e+04
5.594495406720535469e-01 1.208638912821155387e+01 4.223009913555593084e+04
5.784566835447325639e-01 1.204931342265638428e+01 3.549942677272851142e+04
5.978925563643452401e-01 1.201246590079970922e+01 3.045593843818973983e+04
6.177632647335650207e-01 1.197781881906541734e+01 2.588117751452718585e+04
6.380600230641823023e-01 1.194733229748215386e+01 2.200527832438813130e+04
6.587729648619193856e-01 1.191924022028710439e+01 1.871720888624387953e+04
6.799029220288718145e-01 1.189209142568974364e+01 1.596406194507424334e+04
7.014401066434071685e-01 1.186625235924735300e+01 1.360611978343496594e+04
7.233850836094412040e-01 1.183945200036219703e+01 1.160610259407636840e+04
7.457285277093215203e-01 1.181549688278769317e+01 9.942481684895996295e+03
7.684260471348126620e-01 1.179475753266820348e+01 8.392553990906902982e+03
7.914714806597726859e-01 1.177427041286293274e+01 7.237264094505944740e+03
8.148783655959462857e-01 1.175257341557126978e+01 6.196755213597172769e+03
8.386131697890312209e-01 1.173274161953917805e+01 5.319006793699809350e+03
8.626600990708088723e-01 1.171086072772038733e+01 4.554358302515015566e+03
8.870169075280415205e-01 1.169264253375638241e+01 3.909842516934484138e+03
9.116058308565758717e-01 1.167251482582984323e+01 3.333498842616181719e+03
9.364464509057518482e-01 1.165266782498541787e+01 2.892333296358397547e+03
9.614943833322018296e-01 1.163333695165863269e+01 2.490323483442417910e+03
9.867226429844579982e-01 1.161303049308973989e+01 2.147052351361422552e+03
1.012122000677238898e+00 1.159268141849216427e+01 1.855394908631959197e+03
1.037648800613251820e+00 1.157308630649368197e+01 1.603139271818989073e+03
1.063280037955688373e+00 1.155288606593055079e+01 1.386467010538151271e+03
1.088974210984654967e+00 1.153130738441107361e+01 1.199524782002319625e+03
1.114696506767762552e+00 1.150960090149311732e+01 1.040646771452914891e+03
1.140422673246108909e+00 1.148774016677115384e+01 9.036831985535925469e+02
1.166120612928716493e+00 1.146282393903821450e+01 7.862022794578730327e+02
1.191748601919653927e+00 1.144398754638597460e+01 6.838315447950309363e+02
1.217275001357929209e+00 1.141698694273116743e+01 5.960090357726926413e+02
1.242668334338509206e+00 1.139271305190722394e+01 5.171956256410177275e+02
1.267894528112602393e+00 1.136228392919467112e+01 4.547463122823052686e+02
1.292899390952529481e+00 1.133614077021761268e+01 3.978808966812732706e+02
1.317674203978965508e+00 1.131016380879582250e+01 3.487388588031452628e+02
1.342171043426360066e+00 1.127908305678540479e+01 3.058479467328517103e+02
1.366359546094494837e+00 1.124620693604703092e+01 2.693432090012860840e+02
1.390208808837347210e+00 1.121445229925801179e+01 2.369197386700037100e+02
1.413683571721747967e+00 1.118180747582501766e+01 2.088050730170081124e+02
1.436750552807107173e+00 1.114833998288000316e+01 1.840948239953820860e+02
1.459383466373422866e+00 1.111290343256756508e+01 1.621111390945829100e+02
1.481550773886818106e+00 1.107578127670761425e+01 1.442560212808802191e+02
1.503225382984453740e+00 1.103770127184965943e+01 1.278719983287009967e+02
1.524381339092119703e+00 1.099890605778350405e+01 1.136162965793589734e+02
1.544982078061989617e+00 1.096022238446023422e+01 1.010134104031431406e+02
1.565023388252226422e+00 1.091764791317273264e+01 8.961585684510086480e+01
1.584466348053380269e+00 1.087628350468541605e+01 7.992586898936797013e+01
1.603292972239575676e+00 1.083264527183133907e+01 7.170925029023398167e+01
1.621487605955861611e+00 1.078824904025408138e+01 6.391467407639072462e+01
1.639030937919978781e+00 1.074274837102245961e+01 5.752599030744720920e+01
1.655906637426392214e+00 1.069562164356134026e+01 5.161853486748079689e+01
1.672103334598774804e+00 1.064812900901369730e+01 4.623436849692238582e+01
1.687604555511464044e+00 1.060105403750364950e+01 4.179334599384817750e+01
1.702401384869904666e+00 1.054999685181715563e+01 3.769580221290230782e+01
1.716484988867272188e+00 1.050051353114911024e+01 3.405658087283063651e+01
1.729847733006669941e+00 1.044817099549706718e+01 3.082066720146527317e+01
1.742485006133769776e+00 1.039619084961805839e+01 2.784203675587710336e+01
1.754389054013258287e+00 1.034274911136171937e+01 2.535814995743514544e+01
1.765510561231096176e+00 1.028919546174509136e+01 2.306212610475288471e+01
1.775735106202753100e+00 1.023531091312319674e+01 2.102386232521253717e+01
1.784925085572636405e+00 1.017979022497215347e+01 1.917689269291135545e+01
1.792919066455755051e+00 1.012526408552054846e+01 1.765715319922078663e+01
1.799550372867813941e+00 1.007049862630182346e+01 1.628959173077015166e+01
1.804563978282005543e+00 1.001550556207887865e+01 1.511975504151045868e+01
1.807594842030431526e+00 9.962455777401075352e+00 1.415237531657127334e+01
1.807536870972457077e+00 9.916732687008590119e+00 1.350519205608952511e+01
1.803952424192984516e+00 9.873821006445423265e+00 1.307662041134866371e+01
1.798347166383734264e+00 9.827474130151099274e+00 1.276832855967165514e+01
1.791378640966311719e+00 9.777650031068983338e+00 1.246130731156972971e+01
1.783355899022911029e+00 9.724371682714922471e+00 1.216968154541432945e+01
1.774504902303381204e+00 9.667116853928932940e+00 1.184704931699659447e+01
1.765029151959406795e+00 9.607470935582504978e+00 1.155809469516295529e+01
1.755046698534535876e+00 9.545227085434058623e+00 1.130068429106970029e+01
1.744693413405513649e+00 9.480700105318319970e+00 1.100313390038821026e+01
1.734079194258136614e+00 9.413309906056738896e+00 1.069653148956694899e+01
1.723266940210893328e+00 9.344686246520621964e+00 1.035754741541360069e+01
