2.191799393479931801e-01 1.550982551689759603e+01 3.683552447462830693e+06
2.267623394690931049e-01 1.524786329018975373e+01 3.115761066154575907e+06
2.346449985075137745e-01 1.495030953548846853e+01 2.647466177909681108e+06
2.428498019294709209e-01 1.472630673940769341e+01 2.258219296029891353e+06
2.513631357918665876e-01 1.448095419052561894e+01 1.884174550302271266e+06
2.601913236743048641e-01 1.426660772644174635e+01 1.615283669769318309e+06
2.693608177133620107e-01 1.407152913803574457e+01 1.369329880453309976e+06
2.788704351291634298e-01 1.389012318968772597e+01 1.160087325824720087e+06
2.887269262696675054e-01 1.372675924820193849e+01 9.869720156637897016e+05
2.989446439975982361e-01 1.357448681459775841e+01 8.380741116475816816e+05
3.094925447079270864e-01 1.343401897429072278e+01 7.098699754441872938e+05
3.204430674809695678e-01 1.330229056770319573e+01 6.026044615403553471e+05
3.317195380424595164e-01 1.317178063346125683e+01 5.119706823531335103e+05
3.433948799533456664e-01 1.305963558036949124e+01 4.354512793128403137e+05
3.554636308806799483e-01 1.295244525080118692e+01 3.702110079337727511e+05
3.678911961475218595e-01 1.285469831361251991e+01 3.147967997813729453e+05
3.807454919973230489e-01 1.276574323682187106e+01 2.674420783045658027e+05
3.939580141185518025e-01 1.268295090182208718e+01 2.276997916137275461e+05
4.075866005995353869e-01 1.260238341670017270e+01 1.937864915682626015e+05
4.216126905123792068e-01 1.253014247819837124e+01 1.650791216719518707e+05
4.360539879276137953e-01 1.246402725113727428e+01 1.407404706616915937e+05
4.508894283331615349e-01 1.240156471805864058e+01 1.199723352976229944e+05
4.661364949583966522e-01 1.234363268613329190e+01 1.022667607181518251e+05
4.817618163821763555e-01 1.228924962582888014e+01 8.730035266495097312e+04
4.978146400551192174e-01 1.223912545408928665e+01 7.454899684043995512e+04
5.142616979559916368e-01 1.219285407793844378e+01 6.376640193378026743e+04
5.311154681951143486e-01 1.214894153193270121e+01 5.450756823369557242e+04
5.483693821714777927e-01 1.211124556498532812e+01 4.661207941740670503e+04
5.660255262592553960e-01 1.207103562453440482e+01 3.990817864558086148e+04
5.840227470025055601e-01 1.203755723207573780e+01 3.418653099210080836e+04
6.027045171382247046e-01 1.200514369662380787e+01 2.928679060921536802e+04
6.225356436760665080e-01 1.197367948428755469e+01 2.492277327847226479e+04
6.436776500436216519e-01 1.194687662161725683e+01 2.112089493691883763e+04
6.663226551603951275e-01 1.192052851053242080e+01 1.780467164244557716e+04
6.904986063697270415e-01 1.190085578125763455e+01 1.496496478827226929e+04
7.162831599901375856e-01 1.188398724571790943e+01 1.239270148663512919e+04
7.437034480512383361e-01 1.187231253400275932e+01 1.042715493504332699e+04
7.727666154757204531e-01 1.186433085218754435e+01 8.665695216867625277e+03
8.034629644111201952e-01 1.186427070963710229e+01 7.184997678000726410e+03
8.357623567670450226e-01 1.186704063886860716e+01 5.888215666552907351e+03
8.696327182489689278e-01 1.187467884763559312e+01 4.911179431925274912e+03
9.050383939448375381e-01 1.188691767606646721e+01 4.057986498415123151e+03
9.419330251922050090e-01 1.190492506431655428e+01 3.352830833201142923e+03
9.802513302968125508e-01 1.192492913355538597e+01 2.770718375265040322e+03
1.019920679630375249e+00 1.194900767838840139e+01 2.291510503340164632e+03
1.060900952373719841e+00 1.197926815274458967e+01 1.885686127578389687e+03
1.103078333052857518e+00 1.200756604888520584e+01 1.570391911615276058e+03
1.146372287366748344e+00 1.203931689232531532e+01 1.303849861980752848e+03
1.190696433663088749e+00 1.207455233989461796e+01 1.083543167202989935e+03
1.235923717947860379e+00 1.211097401529398887e+01 9.027870191628057910e+02
1.281946400756624360e+00 1.214901294490077177e+01 7.532849060756640256e+02
1.328644510205172713e+00 1.218904191561015971e+01 6.298428639101895214e+02
1.375899993618114880e+00 1.222803318241580328e+01 5.280279697473112037e+02
1.423578765256612311e+00 1.226675482005482642e+01 4.442634384357929207e+02
1.471637918557720859e+00 1.230516886681783539e+01 3.741619238605690612e+02
1.519751903268902415e+00 1.234530034285995015e+01 3.161876640018160174e+02
1.567867724182411493e+00 1.238253996728338713e+01 2.681116481541522489e+02
1.615917028602121386e+00 1.241825085762107861e+01 2.277691901281291962e+02
1.663726533083384362e+00 1.245315870558061988e+01 1.941930318640714574e+02
1.711059508610145885e+00 1.248748434655619022e+01 1.660594838095071282e+02
1.758028502632668744e+00 1.252007365845811648e+01 1.423636709548371755e+02
1.804094426650606042e+00 1.254712463938325939e+01 1.226777679877650229e+02
1.849430473876054304e+00 1.257485353578874054e+01 1.052628537775754864e+02
1.893780776422480328e+00 1.259710097149423724e+01 9.179336799723975560e+01
1.937114535746644384e+00 1.261867281798530271e+01 7.973076461758114419e+01
1.979240378699843372e+00 1.263592864398446025e+01 6.958887364254368890e+01
2.020002603966944310e+00 1.265214514345459840e+01 6.090632017410977284e+01
2.059417128645231188e+00 1.266448422223215076e+01 5.347172746269963994e+01
2.097268218889133617e+00 1.267173740665513293e+01 4.719381392359832716e+01
2.133558797552702391e+00 1.267628348531547466e+01 4.173953092979833457e+01
2.168116164689159131e+00 1.267800405425285071e+01 3.707875390945676486e+01
2.200946664020349441e+00 1.267535102266635505e+01 3.300391508533797946e+01
2.231909624627685496e+00 1.267015006809564248e+01 2.953090537946961547e+01
2.260982830721093961e+00 1.266077739143997860e+01 2.649153482487517053e+01
2.288080856121608608e+00 1.264832605016552947e+01 2.390621286285071889e+01
2.313205344711050326e+00 1.263239901340440063e+01 2.160636927414796205e+01
2.336295275454099318e+00 1.261235378782086691e+01 1.962142831336854343e+01
2.357321876997742205e+00 1.258959699006710586e+01 1.792197338499034842e+01
2.376274272369808926e+00 1.256308723884112233e+01 1.635916491414723950e+01
2.393100142737112357e+00 1.253308600732714773e+01 1.496780977716688810e+01
2.407812601831407662e+00 1.250016075057441434e+01 1.384883796645308784e+01
2.420413566306130360e+00 1.246364630439131815e+01 1.283753308388561010e+01
2.430902217140026522e+00 1.242496812081945912e+01 1.193911184394677960e+01
2.439262956392523218e+00 1.238354653620212353e+01 1.115257302194440214e+01
2.445532226916578455e+00 1.233829330168314442e+01 1.042018603811204613e+01
2.449699686690046008e+00 1.229155161014381825e+01 9.861422143289892972e+00
2.451783034506137327e+00 1.224264148234053451e+01 9.339794278714805387e+00
2.451815801420250907e+00 1.219166056519797614e+01 8.896801062294544593e+00
2.449809915937531279e+00 1.213940531759838848e+01 8.506331812102082779e+00
2.445809298710795332e+00 1.208642757760310893e+01 8.189737390131188732e+00
2.439847549563554541e+00 1.203315680752345607e+01 7.942959637118994110e+00
2.432075557549620015e+00 1.198310354033813319e+01 7.770197931444055683e+00
2.422644639412643741e+00 1.193678082270246321e+01 7.636004195367043224e+00
2.411740702226658595e+00 1.189274973867900798e+01 7.628172819235213176e+00
2.399623853075008029e+00 1.184999768299141110e+01 7.632250585810000487e+00
2.386580228658665259e+00 1.180844550631179857e+01 7.661302312979858087e+00
2.372784974400470315e+00 1.176702164258458261e+01 7.724696052425058745e+00
2.358401490427070701e+00 1.172642151955385614e+01 7.810743854952875154e+00
2.343525662470702819e+00 1.168594234539100896e+01 7.908442521826061444e+00
2.328237971703443154e+00 1.164538808901864186e+01 8.026771371672246858e+00
