2.191799393479931801e-01 1.550982551689759603e+01 3.683552447462830693e+06
2.282154132855047091e-01 1.518210583990804352e+01 3.041450587743403856e+06
2.376700560390708206e-01 1.486729727950980795e+01 2.497198912390172482e+06
2.475754726194339672e-01 1.458063989995220666e+01 2.042945578542434843e+06
2.579277919267538577e-01 1.431919410948380644e+01 1.684908948262653314e+06
2.687462354897698358e-01 1.407813762958695847e+01 1.385835460527313873e+06
2.800428976072321663e-01 1.387446429594350406e+01 1.138387321850201348e+06
2.918341682347705968e-01 1.368202086195839051e+01 9.369579505223958986e+05
3.041042079265894316e-01 1.349969560343815544e+01 7.727954221218803432e+05
3.169035191775694815e-01 1.333921758909347943e+01 6.347384978054971434e+05
3.302098553378899348e-01 1.319285332692498258e+01 5.236482940829317668e+05
3.440439568239407886e-01 1.305414962773991228e+01 4.317045304635036155e+05
3.584246549908178259e-01 1.292845852413384478e+01 3.557468027057653526e+05
3.733425593670081644e-01 1.281597273057371211e+01 2.933282352841951069e+05
3.888197221187673636e-01 1.271071362426338602e+01 2.426859535039775947e+05
4.048659149667830359e-01 1.261878641890973007e+01 1.980987495957120846e+05
4.214495311296102553e-01 1.253154471928476710e+01 1.655459146534106985e+05
4.386157399459225115e-01 1.245310623975345266e+01 1.368001447401378828e+05
4.563596034116388922e-01 1.237858072337443360e+01 1.132290992413431086e+05
4.746780882594487383e-01 1.231286421932776243e+01 9.382838325559225632e+04
4.935456466452580737e-01 1.225222212782876419e+01 7.784791353838257783e+04
5.129811680269095175e-01 1.219581149534178266e+01 6.462734617617452750e+04
5.329899336374577246e-01 1.214547702365291926e+01 5.357562841470445710e+04
5.535641290724256924e-01 1.209909561784504817e+01 4.448957983501443960e+04
5.746674891019620812e-01 1.205441449616872340e+01 3.705026980150819145e+04
5.964685181509047363e-01 1.201684079501188407e+01 3.080158395366818149e+04
6.198410538525283009e-01 1.197785590093022634e+01 2.526981670187619238e+04
6.452181704199693169e-01 1.194532424233311296e+01 2.090901882459502303e+04
6.728278368782854013e-01 1.191677552081739577e+01 1.701498554567352767e+04
7.027578255588358136e-01 1.189401461962843243e+01 1.377672842744639092e+04
7.351189602089462927e-01 1.187829681793319558e+01 1.096291789099792368e+04
7.699057281527381669e-01 1.187047357307785411e+01 8.864865002850578094e+03
8.071196163513534305e-01 1.187100365171496996e+01 7.083734383732326023e+03
8.467338273096975954e-01 1.187748330527412044e+01 5.622027267144623693e+03
8.886997793944505508e-01 1.189315480966219596e+01 4.470113070050902934e+03
9.329702961850667720e-01 1.191568621124785743e+01 3.547976777832883272e+03
9.794562561118957955e-01 1.194186094244135887e+01 2.815162406662142075e+03
1.028076326237898241e+00 1.197498916093827859e+01 2.236501294033570048e+03
1.078706583360321325e+00 1.201232223519428643e+01 1.779377361476888382e+03
1.131244683510717053e+00 1.205622643555951790e+01 1.417327013379777327e+03
1.185521692358683765e+00 1.210246194226873762e+01 1.123328283588545219e+03
1.241370261876693526e+00 1.215187265307577746e+01 9.059236613567444465e+02
1.298652537798639539e+00 1.220347477466032338e+01 7.266421309960885537e+02
1.357150654194491324e+00 1.225805198938593854e+01 5.845770411750836502e+02
1.416687078082277118e+00 1.231223152585834413e+01 4.720104937568748937e+02
1.477092137510958691e+00 1.236793868406561892e+01 3.821742409422748210e+02
1.537987806002188984e+00 1.242295089960111376e+01 3.106236932799636179e+02
1.599372091415321773e+00 1.247757959851300669e+01 2.535605709530574927e+02
1.660845210663644655e+00 1.253120009006358870e+01 2.063539573104515341e+02
1.722233056602795687e+00 1.258304660591176471e+01 1.707323444703645805e+02
1.783215722851443141e+00 1.263492838511612426e+01 1.410448508412570163e+02
1.843749845071622095e+00 1.268129747001220231e+01 1.169560538032037442e+02
1.903367491720562077e+00 1.272331261367179422e+01 9.741638808884995626e+01
1.962146855522604705e+00 1.276438311643647339e+01 8.144354184798493179e+01
2.019538756727222051e+00 1.280223953120718505e+01 6.841303277889602441e+01
2.075563965343102613e+00 1.283581527018410284e+01 5.775162281482063520e+01
2.130005774776889016e+00 1.286498527462241803e+01 4.895817762630878178e+01
2.182587697185342179e+00 1.289053310712746914e+01 4.168326932925703687e+01
2.233218928052329577e+00 1.291110680553647860e+01 3.558623970209428933e+01
2.281767252725618977e+00 1.292714427589429960e+01 3.066268835262037840e+01
2.328090131208153668e+00 1.293943843299675756e+01 2.645528872033079182e+01
2.372031223225367746e+00 1.294659881817522873e+01 2.295478178266267122e+01
2.413563098100309112e+00 1.294838537827334157e+01 2.001059726132084293e+01
2.452545387947170585e+00 1.294612285393692908e+01 1.750742457493429782e+01
2.488949658723385472e+00 1.293899689502747030e+01 1.540427328159160680e+01
2.522720444885630187e+00 1.292695762496279244e+01 1.361495749061593052e+01
2.553831668292504187e+00 1.291061423890416826e+01 1.207161954995565267e+01
2.582250557771925692e+00 1.288992095113488645e+01 1.079300591013392108e+01
2.608024587447968834e+00 1.286426479134797951e+01 9.637280381130107543e+00
2.631105867037545565e+00 1.283472914452322478e+01 8.677534180598733826e+00
2.651546129037675392e+00 1.280134542831314093e+01 7.837323267995654597e+00
2.669373234419420537e+00 1.276359195815907555e+01 7.121670708843129027e+00
2.684661020310572965e+00 1.272200071929444398e+01 6.489945689855155742e+00
2.697436090665414454e+00 1.267750149448457719e+01 5.941749672882347788e+00
2.707770746624074132e+00 1.262904241849139986e+01 5.465812604525912555e+00
2.715748820091596460e+00 1.257709914775903748e+01 5.047577813147386294e+00
2.721439911448654492e+00 1.252287983191485488e+01 4.685937773035532494e+00
2.724918861764945799e+00 1.246524430283534990e+01 4.364012769800499569e+00
2.726285503919702258e+00 1.240554721186989617e+01 4.086629174342322202e+00
2.725639374407915483e+00 1.234350736752948485e+01 3.839150852032583217e+00
2.723060615788038596e+00 1.227944961568591076e+01 3.624389666998754755e+00
2.718664724731096882e+00 1.221335286408350740e+01 3.434812096534812120e+00
2.712540034813517131e+00 1.214605928944794577e+01 3.266337264242590077e+00
2.704803923964723023e+00 1.207763248333472461e+01 3.121509362263403808e+00
2.695546166879344785e+00 1.200757590955305965e+01 2.984816050517175690e+00
2.684881293154908199e+00 1.193659710686810449e+01 2.884133082472823961e+00
2.672917681136278922e+00 1.186557348411192692e+01 2.776231405589024259e+00
2.659764817977163354e+00 1.179421368705522788e+01 2.699320575555686386e+00
2.645531859824286514e+00 1.172327314058761516e+01 2.639878300093478458e+00
2.630337317852128987e+00 1.165220593151529904e+01 2.581140274576867455e+00
2.614295067518502602e+00 1.158235483014523304e+01 2.528078417617446227e+00
2.597529549251240244e+00 1.151310051840990134e+01 2.492806541827905065e+00
2.580167058001345382e+00 1.144535393262419554e+01 2.474229127521762717e+00
2.562337193242683053e+00 1.137959673152014695e+01 2.465959787661769376e+00
2.544224989260532865e+00 1.131608844597099051e+01 2.451275696308620855e+00
2.525984647245002268e+00 1.125553556607130901e+01 2.457090636908882519e+00
2.507841830341306810e+00 1.119818580787999274e+01 2.460951867587566788e+00
2.490105669588595916e+00 1.114519559611947486e+01 2.488978138363231007e+00
2.472888422870269665e+00 1.109715922257058907e+01 2.511165698154223413e+00
2.455379807636143497e+00 1.105058063239722976e+01 2.567681087805938400e+00
