2.191799393479931801e-01 1.550982551689759603e+01 3.683552447462830693e+06
2.270882818958055160e-01 1.521181142135594300e+01 3.101130252132521477e+06
2.353237739289892050e-01 1.493026542540027357e+01 2.609960705276661087e+06
2.439089420374883632e-01 1.468269512112117248e+01 2.199636621577343903e+06
2.528251587908160736e-01 1.443578523578941208e+01 1.851674069512271788e+06
2.621004064098800268e-01 1.422573144612757012e+01 1.559126891055457760e+06
2.717392941268250151e-01 1.403086640599269685e+01 1.315178197410371155e+06
2.817486787275017557e-01 1.384630860440176292e+01 1.108398091383636231e+06
2.921431220430818487e-01 1.367919639320659897e+01 9.317850739578207722e+05
3.029046090113123868e-01 1.351464136640291613e+01 7.861017835241119610e+05
3.140682767256324781e-01 1.337873480918917934e+01 6.639956636510523967e+05
3.256468757164088235e-01 1.323676662760272471e+01 5.591952955010394799e+05
3.375878126667964940e-01 1.311477458216372582e+01 4.723538225985384779e+05
3.499656766296965760e-01 1.300003785255534616e+01 3.980526035084871692e+05
3.627700962188283307e-01 1.289362580465139985e+01 3.365060497270368505e+05
3.759834965072286206e-01 1.279693696830976535e+01 2.813272105936254957e+05
3.896251945331918320e-01 1.270612281731401083e+01 2.403757611633998458e+05
4.037013203539028816e-01 1.262296552042383624e+01 2.031097263704844227e+05
4.182117568784988748e-01 1.254263709474428623e+01 1.716608920892322203e+05
4.331646288734861683e-01 1.247727385058944805e+01 1.453432852044135798e+05
4.485668492545928365e-01 1.241063572391403369e+01 1.228821154609200457e+05
4.643985506447176337e-01 1.234895878837970606e+01 1.041602314362159523e+05
4.806463893505804053e-01 1.229439568385446258e+01 8.842798696818843018e+04
4.973549747671647814e-01 1.223957150641405889e+01 7.502616061577988148e+04
5.144947252251067527e-01 1.219301677488803826e+01 6.365580912951000209e+04
5.320741288323930229e-01 1.214696804562099430e+01 5.402462728330335813e+04
5.500889989210886455e-01 1.210697738367719012e+01 4.597608187565508706e+04
5.685421102383946268e-01 1.206800696002641793e+01 3.903945067092262616e+04
5.873610514543947669e-01 1.203183294024846894e+01 3.326659275836433517e+04
6.066314326197481677e-01 1.199817848660826769e+01 2.831012412315398251e+04
6.262902488046596661e-01 1.196454887827392000e+01 2.419755783287541635e+04
6.463687779291840130e-01 1.193658732347429385e+01 2.058400011473640916e+04
6.668724093955468168e-01 1.190813360119859077e+01 1.759979919552897627e+04
6.877579035692160669e-01 1.188233476763432961e+01 1.504047970863115916e+04
7.090368607488618524e-01 1.185759807995906812e+01 1.287345393853936548e+04
7.306971109232215378e-01 1.183245436172047782e+01 1.102305564921259611e+04
7.527193144787071022e-01 1.181108865163854915e+01 9.444173078895484650e+03
7.751321729142774952e-01 1.178834449221218961e+01 8.089059990149383339e+03
7.978802028004420288e-01 1.176721576212678855e+01 6.946729295180745794e+03
8.209525893431579568e-01 1.174564539269392682e+01 5.955513790150041132e+03
8.443692499681483277e-01 1.172707631121346594e+01 5.125178150074632867e+03
8.680564305205352715e-01 1.170836800295438707e+01 4.403766891924085940e+03
8.920631808252285078e-01 1.168871003773135975e+01 3.794362028089530213e+03
9.162935131457315974e-01 1.166748044262010886e+01 3.269472944034115244e+03
9.407690546344315008e-01 1.164982000877231094e+01 2.822428829053369554e+03
9.654525009199527164e-01 1.163167797134753201e+01 2.434887408492842951e+03
9.903058692525592566e-01 1.161590591341379763e+01 2.104718273494635469e+03
1.015329038572429843e+00 1.159283085897978260e+01 1.824245395480073284e+03
1.040480446017240546e+00 1.157378158198174312e+01 1.578646137453699339e+03
1.065737246163412699e+00 1.155302597432963907e+01 1.368781085485528820e+03
1.091062497982927537e+00 1.153274623860233028e+01 1.189512525030115285e+03
1.116415162917568260e+00 1.151309763305755496e+01 1.034538158305819479e+03
1.141790859396251356e+00 1.149169090162687290e+01 8.997435174547892984e+02
1.167127192630369015e+00 1.147005065485003250e+01 7.838876132931303573e+02
1.192405791314228969e+00 1.144826626680841386e+01 6.838906926165903997e+02
1.217596897062070971e+00 1.142211021060352394e+01 5.972730329563621581e+02
1.242671017391279165e+00 1.139811739942602387e+01 5.224937499806561618e+02
1.267574642949708785e+00 1.136966082802562106e+01 4.581757895929839037e+02
1.292294513287852720e+00 1.134328441234160323e+01 4.012940007062456971e+02
1.316792227429933515e+00 1.131571936206086093e+01 3.527981542789199807e+02
1.341028529314410189e+00 1.128712953168982658e+01 3.100407049248279350e+02
1.364977647593377252e+00 1.125777108476880350e+01 2.732141515896802275e+02
1.388606248799188148e+00 1.122658004529496267e+01 2.408623528973037367e+02
1.411883538289933737e+00 1.119672743815675631e+01 2.125873385682034495e+02
1.434777938403416053e+00 1.116307136229989005e+01 1.880208448009429105e+02
1.457257355077878902e+00 1.112803190043514512e+01 1.663630413274676982e+02
1.479299287660846840e+00 1.109322133496213425e+01 1.477164359479586153e+02
1.500875907647545304e+00 1.105731818505034525e+01 1.310247146932670148e+02
1.521954982130373057e+00 1.101962688073311192e+01 1.166528167927783954e+02
1.542512424320985120e+00 1.098122167319393760e+01 1.038529643160738942e+02
1.562529037503002094e+00 1.094112363085836925e+01 9.268306437383407115e+01
1.581985687424195985e+00 1.090103554295922095e+01 8.238273601662126566e+01
1.600849450181505151e+00 1.085869170792488880e+01 7.404361217561439901e+01
1.619110431550232487e+00 1.081653895131269749e+01 6.638317536217196846e+01
1.636748136302297318e+00 1.077216198090512123e+01 5.952048935479041347e+01
1.653748358717941347e+00 1.072743244414445130e+01 5.348255503455583693e+01
1.670091722410555590e+00 1.068159664052909363e+01 4.797353526946646696e+01
1.685772610180055642e+00 1.063519133844655151e+01 4.324011406122137657e+01
1.700774331726329081e+00 1.058748078785134084e+01 3.918179589248455130e+01
1.715090282901481356e+00 1.053849453095750555e+01 3.544331734203984041e+01
1.728711915010113787e+00 1.048869779890918075e+01 3.198016213017652376e+01
1.741632665016033643e+00 1.043826102078964624e+01 2.911041547406065177e+01
1.753848307106533833e+00 1.038634481934906262e+01 2.643969977502966273e+01
1.765355123461358922e+00 1.033484040171746798e+01 2.406129214403536309e+01
1.776153234991481478e+00 1.028110703543301874e+01 2.185411510407802282e+01
1.786245056710810131e+00 1.022763702535285901e+01 1.995174416084293156e+01
1.795626176792490369e+00 1.017408719249278271e+01 1.830363873027357258e+01
1.804302904403593422e+00 1.011901025363289008e+01 1.675216116118268062e+01
1.812279672956431442e+00 1.006428226369937562e+01 1.536104986763482039e+01
1.819562965143187050e+00 1.000738320451507590e+01 1.407213411851972218e+01
1.826161066229964991e+00 9.950884763105348085e+00 1.298690752619757838e+01
1.832075411188478942e+00 9.894005693446164429e+00 1.195955516935780594e+01
1.837287731018701020e+00 9.836534238711429623e+00 1.104475436976548508e+01
1.841734245776032619e+00 9.779355937743334337e+00 1.018683521423943006e+01
1.845332946655686257e+00 9.721831934912172457e+00 9.455237842108765278e+00
1.847989349802694914e+00 9.665203186753982934e+00 8.800952038477168671e+00
1.849610484578321445e+00 9.608202823336998932e+00 8.250099720830380789e+00
1.850032962980464379e+00 9.553173707132685877e+00 7.734963416113376233e+00
1.849110080648657117e+00 9.498967277310361723e+00 7.313819305543493243e+00
1.846519751929880604e+00 9.453261880091304192e+00 7.043666028596527795e+00
