2.191799393479931801e-01 1.550982551689759603e+01 3.683552447462830693e+06
2.271386523061691975e-01 1.522144591106515854e+01 3.115525530876443721e+06
2.354334760774474400e-01 1.492798766374241914e+01 2.586294966017416213e+06
2.440731875939154971e-01 1.468361929166493951e+01 2.201071163776470348e+06
2.530538746882535217e-01 1.443664347495656664e+01 1.846683289775282377e+06
2.623971865677626747e-01 1.424650278055416486e+01 1.549599146953900578e+06
2.721090331296632803e-01 1.402181157691494562e+01 1.306730226809391519e+06
2.821972698499773946e-01 1.383629309938920748e+01 1.097832557739681797e+06
2.926764996943473363e-01 1.367022308773117345e+01 9.268745430948518915e+05
3.035191496998080884e-01 1.350770191575884560e+01 7.782865132347897161e+05
3.147766497235681693e-01 1.336575528515007960e+01 6.561548561794507550e+05
3.264355410893250986e-01 1.323657860134123787e+01 5.522424156476595672e+05
3.385051267027035515e-01 1.310737176392074232e+01 4.659372778294957243e+05
3.509965029627149513e-01 1.299445625749119770e+01 3.935648449847433367e+05
3.639324759320089475e-01 1.288858947972606295e+01 3.312609114935006364e+05
3.772477140574158061e-01 1.279171228129771265e+01 2.800246366831235937e+05
3.910200219402649724e-01 1.269867166672622183e+01 2.341368333589070826e+05
4.052352897815557631e-01 1.261294434764486816e+01 1.992203550403046247e+05
4.198756837538049069e-01 1.254022473273097305e+01 1.685164477212030906e+05
4.349879820997763491e-01 1.246697667991525016e+01 1.424945435717216169e+05
4.505262501022944122e-01 1.240253884136067875e+01 1.205855298428354727e+05
4.665186370845363362e-01 1.234068695801891735e+01 1.009948348075519607e+05
4.829197640402788094e-01 1.228548383798430343e+01 8.647611641728777613e+04
4.998016925738578142e-01 1.223290524325459394e+01 7.250610617821595224e+04
5.171128609960710110e-01 1.218652383785183702e+01 6.200310422118805582e+04
5.348702416948544203e-01 1.214092619553363050e+01 5.265984218584998598e+04
5.530685867724539628e-01 1.210031012537044504e+01 4.474724226626240852e+04
5.716791582391119730e-01 1.206172082855468908e+01 3.804446047979404102e+04
5.907276394182467971e-01 1.202571302281307553e+01 3.198911160160159488e+04
6.101328463118107504e-01 1.199215916257519510e+01 2.753358560242402382e+04
6.298651960130829952e-01 1.195878090462205812e+01 2.349951421039352863e+04
6.498193411592989577e-01 1.193085682557989280e+01 2.007004524179136570e+04
6.699253414928536543e-01 1.190188008701439593e+01 1.718389803452468914e+04
6.901028905492798682e-01 1.187606432857226402e+01 1.475402295796100771e+04
7.102946137385227621e-01 1.184882815690825097e+01 1.270461088171317715e+04
7.303225786490418203e-01 1.182395632329725998e+01 1.096604840554629118e+04
7.501876467743069377e-01 1.179920591114584383e+01 9.490938123208423349e+03
7.697166310556230462e-01 1.177097642720982407e+01 8.265023709013137704e+03
7.888934014267208195e-01 1.174454090010519280e+01 7.206116300093263817e+03
8.076037638201454261e-01 1.171624672899708308e+01 6.318464409912671726e+03
8.256890293314912421e-01 1.168877704549265673e+01 5.556401077600301505e+03
8.431082594513041872e-01 1.165826851065392766e+01 4.916208266020807059e+03
8.597588530319351108e-01 1.162867937143949248e+01 4.361539005775724945e+03
8.755371337466919535e-01 1.159464525971523052e+01 3.896298273306988904e+03
8.903564188685884062e-01 1.156017234870210153e+01 3.471043334366184808e+03
9.041556511421486864e-01 1.152266169891572822e+01 3.145172725097662351e+03
9.168174163175842883e-01 1.148493946248643383e+01 2.849625291427545562e+03
9.283889775814354595e-01 1.144307341380744347e+01 2.597107420878618541e+03
9.398575698849062077e-01 1.139848050400702029e+01 2.355803391599152292e+03
9.518326702341924905e-01 1.135298622951581926e+01 2.132346889498284781e+03
9.646564681409305342e-01 1.130095707281459028e+01 1.920015212810250205e+03
9.784900098210029817e-01 1.124890065933650440e+01 1.714562204354353071e+03
9.934526027731261921e-01 1.119329257631631336e+01 1.511888466202572545e+03
1.009630986869245461e+00 1.113948468399964931e+01 1.343068844508036364e+03
1.027078966034666863e+00 1.108705716274583608e+01 1.178075627512372648e+03
1.045863407602178441e+00 1.103359072049264356e+01 1.028134026772245079e+03
1.065981940098718272e+00 1.097605744605088596e+01 8.921794047376868093e+02
1.087450051169948306e+00 1.092342117076164598e+01 7.713556135291674991e+02
1.110266549603286634e+00 1.087331040284979444e+01 6.636323952369814378e+02
1.134383299122118771e+00 1.082318533181084241e+01 5.688466464893151624e+02
1.159722597451944504e+00 1.077915974781077679e+01 4.866291236403646394e+02
1.186185158029976483e+00 1.073175461663998576e+01 4.159481359445213684e+02
1.213661791145977498e+00 1.068867222364941583e+01 3.530073490531493690e+02
1.242030893482250598e+00 1.065033973962782810e+01 3.022553785735012184e+02
1.271169488755501176e+00 1.061351846739860427e+01 2.573117762428152560e+02
1.300926100936068641e+00 1.057840280926710186e+01 2.193720573721056155e+02
1.331182200903517465e+00 1.054565219256151032e+01 1.870175071691033963e+02
1.361790986340472021e+00 1.051170576001136681e+01 1.598835324662558719e+02
1.392590849722377344e+00 1.048167726581252523e+01 1.367631493385274837e+02
1.423469762033208186e+00 1.045359766502158472e+01 1.172884246259300198e+02
1.454263361686684242e+00 1.042477434967848993e+01 1.006942695875413278e+02
1.484832894062321218e+00 1.039839638441391045e+01 8.671594932243010589e+01
1.515044584586648480e+00 1.037131641431296991e+01 7.490388647904202912e+01
1.544811947819950460e+00 1.034549097819731855e+01 6.460630583766541690e+01
1.573927366741255662e+00 1.031908458427607655e+01 5.633569714763645919e+01
1.602322148422816728e+00 1.029392070374774626e+01 4.892511356901215436e+01
1.629873772474009774e+00 1.026629886923118207e+01 4.294535369158138849e+01
1.656448962657725232e+00 1.023955353880734620e+01 3.757723790809453845e+01
1.681984128434898418e+00 1.021213274671059246e+01 3.311895421883803436e+01
1.706383643179379295e+00 1.018447363025944163e+01 2.934571418714097391e+01
1.729575038879517468e+00 1.015517663107667623e+01 2.594850038445727236e+01
1.751469796933257994e+00 1.012449047112741063e+01 2.318685178931535162e+01
1.772008684001892487e+00 1.009293251809836178e+01 2.066465569429152893e+01
1.791122836096936899e+00 1.006028848384098850e+01 1.854976726553763910e+01
1.808773667910145155e+00 1.002617609077617011e+01 1.676192292937646400e+01
1.824904010749678118e+00 9.990061330100537873e+00 1.512833347297331343e+01
1.839496595901753517e+00 9.953874570488226325e+00 1.378329454565695578e+01
1.852505684403880304e+00 9.915472275479880082e+00 1.254243276164535459e+01
1.863923460531752063e+00 9.875872316558290009e+00 1.149808805770785902e+01
1.873721585336725282e+00 9.835389364847472393e+00 1.058049593033422831e+01
1.881892389359937079e+00 9.793117164171068367e+00 9.807830798087870505e+00
1.888441811594379294e+00 9.749512771086999763e+00 9.092787583542216723e+00
1.893338303578459669e+00 9.704773451259510963e+00 8.504164007035665662e+00
1.896604024398004462e+00 9.658944785560288793e+00 7.973725515347709347e+00
1.898238848697904269e+00 9.613076048172489507e+00 7.518433298884439786e+00
1.898254073024982613e+00 9.565843265813532170e+00 7.126868710251216932e+00
1.896633881106709607e+00 9.518024011765787051e+00 6.783703222407008404e+00
1.893426231373352087e+00 9.471258047016000603e+00 6.512405428103535954e+00
1.888625910878197089e+00 9.425952597916893438e+00 6.308709122231333843e+00
1.882416872157834709e+00 9.383255286854389254e+00 6.149820480911878384e+00
