2.191799393479931801e-01 1.550982551689759603e+01 3.683552447462830693e+06
2.273683020314310743e-01 1.519458797409512840e+01 3.080322564152456820e+06
2.359107120654633516e-01 1.492632325690744821e+01 2.593928431107896846e+06
2.448218776347058923e-01 1.465778658734184070e+01 2.160397006513225846e+06
2.540940462772116604e-01 1.441425311109510332e+01 1.804849190042298986e+06
2.637490252250979661e-01 1.419003306328235681e+01 1.514969835478934227e+06
2.737954396858350292e-01 1.399877068759469445e+01 1.272782037203587592e+06
2.842421567213180289e-01 1.380278121443604356e+01 1.061456553385535954e+06
2.950864164967922920e-01 1.363092961123723512e+01 8.921607430140653159e+05
3.063508129608180086e-01 1.347236872021093212e+01 7.465738289245864144e+05
3.180444596423897541e-01 1.332458317827252614e+01 6.250889949543522671e+05
3.301540576198641053e-01 1.318914375614403056e+01 5.240831746457866393e+05
3.427160917917347338e-01 1.306764560751283710e+01 4.399660297308123554e+05
3.557165382074264359e-01 1.295477055323656224e+01 3.688496224960549735e+05
3.691437503606588288e-01 1.284834417146434227e+01 3.096504074729721760e+05
3.830528263528176769e-01 1.274885491284364214e+01 2.598849928109122557e+05
3.974190101510358120e-01 1.265956182108686789e+01 2.187170054142731533e+05
4.122217434420108462e-01 1.258051317892532772e+01 1.837430448382259929e+05
4.275211728314206039e-01 1.250375789148378658e+01 1.545760212057727040e+05
4.432801556330206449e-01 1.243262216392460395e+01 1.291700570431379456e+05
4.595335223618526865e-01 1.236293856001246105e+01 1.095418302194615098e+05
4.762249703510256782e-01 1.230931844701473743e+01 9.236803039275830088e+04
4.933895746916878156e-01 1.225160405461416602e+01 7.790208035538096738e+04
5.110224726334352541e-01 1.219722425496711260e+01 6.570252975957278977e+04
5.291304553063684857e-01 1.215400421472851988e+01 5.556696504391898634e+04
5.477049877940209921e-01 1.211118953409513033e+01 4.684796110145897546e+04
5.667473452245903598e-01 1.207243432890219204e+01 3.965284072392231610e+04
5.861934360098630670e-01 1.203332729453346950e+01 3.361446484691055957e+04
6.061138861571577774e-01 1.199906708266616207e+01 2.843190147931840693e+04
6.264521476548986501e-01 1.196543298133464717e+01 2.413699512309923739e+04
6.472424979214086438e-01 1.193623306878114754e+01 2.045567903676754941e+04
6.684752153004055453e-01 1.190682936055675256e+01 1.723150852657172800e+04
6.901342786665778384e-01 1.187870904425573393e+01 1.464484607071635764e+04
7.122067966010040552e-01 1.185300438937519729e+01 1.256514559697768527e+04
7.347287330552486617e-01 1.182894882276294268e+01 1.069337453259311769e+04
7.576281048185417033e-01 1.180550216992747004e+01 9.124993759580114784e+03
7.809137729891970636e-01 1.178359059999116987e+01 7.777112403700696632e+03
8.045900290970809943e-01 1.176350628825369249e+01 6.630910031477289522e+03
8.285987815971642689e-01 1.174183980645133296e+01 5.669792926372771944e+03
8.529871643036521789e-01 1.172083454445787432e+01 4.849466702567156062e+03
8.776630935508554776e-01 1.170133033742992090e+01 4.151770896224528769e+03
9.026588422912801279e-01 1.168042812947313536e+01 3.556757035458715563e+03
9.279152827495787959e-01 1.166090084869381727e+01 3.049958888766623204e+03
9.534043989715663692e-01 1.163987508441755026e+01 2.618109586075569950e+03
9.791293086644617949e-01 1.162263013937918643e+01 2.250653503372768682e+03
1.005035709057308324e+00 1.160264827034536239e+01 1.935016378987461394e+03
1.031101496651048555e+00 1.158643047626253519e+01 1.655580870314222466e+03
1.057293143911618438e+00 1.156219826209995638e+01 1.437770789661501794e+03
1.083577865815430030e+00 1.154209291853680597e+01 1.242050114464677108e+03
1.109924777031279008e+00 1.151996157952564559e+01 1.073793943424147756e+03
1.136291077617943790e+00 1.149879516633313870e+01 9.299220612289799419e+02
1.162642936694233686e+00 1.147489048336086803e+01 8.062476562778122116e+02
1.188951267523231436e+00 1.145580776526582945e+01 6.986740489831385048e+02
1.215166435481666696e+00 1.143042117514649725e+01 6.036705858586767590e+02
1.241262298994337376e+00 1.140303428591996138e+01 5.290927485807361563e+02
1.267199245893866788e+00 1.137466589006001882e+01 4.608778972048573337e+02
1.292940319705246255e+00 1.134984559795935866e+01 4.001715244821587589e+02
1.318445757891878234e+00 1.132330684222543837e+01 3.491420830014844228e+02
1.343673382530597982e+00 1.129109089494089702e+01 3.075832191451444828e+02
1.368598007126104577e+00 1.126286901328867351e+01 2.695383872635732700e+02
1.393177241002367062e+00 1.122977318251976087e+01 2.365003143454233623e+02
1.417383177502796743e+00 1.119745711784855047e+01 2.079160575245005305e+02
1.441172535428293378e+00 1.116343440730431169e+01 1.829939303978915177e+02
1.464514789159845121e+00 1.112769727372756101e+01 1.613011476644916229e+02
1.487385652253650381e+00 1.109168567802473149e+01 1.425707302524841396e+02
1.509746823710076180e+00 1.105513594606915362e+01 1.261044412311467084e+02
1.531567677618711265e+00 1.101561873113230128e+01 1.117154241059858037e+02
1.552826442306882271e+00 1.097612876425078454e+01 9.910036741466267074e+01
1.573498218354264289e+00 1.093428352185654262e+01 8.807863059596969890e+01
1.593547523180662173e+00 1.089239540239922732e+01 7.841044185449328552e+01
1.612962906375617012e+00 1.084895793306549905e+01 6.986997856519930394e+01
1.631717624769923436e+00 1.080484315507498749e+01 6.215870749846458665e+01
1.649793254135409004e+00 1.075901027763406681e+01 5.582379461629601280e+01
1.667173251841250314e+00 1.071262824697168625e+01 5.000603520907888111e+01
1.683845155788259884e+00 1.066497651796550450e+01 4.489811040473256298e+01
1.699788613252259717e+00 1.061554148476556314e+01 4.019413308732535484e+01
1.715055162834826286e+00 1.056612362168128882e+01 3.617957198317797918e+01
1.729748258018887652e+00 1.051442637008434033e+01 3.271549436721885940e+01
1.743865584101034205e+00 1.046328302421592937e+01 2.950761575244692025e+01
1.757330711813672286e+00 1.041024101477131403e+01 2.664817121627617880e+01
1.770073963156518104e+00 1.035741266133600647e+01 2.410172465559354649e+01
1.782030815138250901e+00 1.030334266160160794e+01 2.178243109087106788e+01
1.793125867326759604e+00 1.024869753428925812e+01 1.984610564216712447e+01
1.803305925144184751e+00 1.019328360987871207e+01 1.807761056306205916e+01
1.812510545356970537e+00 1.013774899023414200e+01 1.650588288500641099e+01
1.820691286868603598e+00 1.008156904663479558e+01 1.511565992119790458e+01
1.827809275439113756e+00 1.002490222024758637e+01 1.388692573703033872e+01
1.833804468771047747e+00 9.968280913407882693e+00 1.275992582839550238e+01
1.838698031469183869e+00 9.911155016655548877e+00 1.180473463981091520e+01
1.842410709200003494e+00 9.853551202097611039e+00 1.096199920177692988e+01
1.844943708653399961e+00 9.795287627609162939e+00 1.021530816480700565e+01
1.846313082060019095e+00 9.738572395910127355e+00 9.550461152639369899e+00
1.846472324181370750e+00 9.680021303290303081e+00 8.998392296170036886e+00
1.845458644183429753e+00 9.622175309636251228e+00 8.463628677111399767e+00
1.843260935645652188e+00 9.564021024594337561e+00 8.043515528807692050e+00
1.839887164350821447e+00 9.506579224318672416e+00 7.641549958526493214e+00
1.835389495406050342e+00 9.450160461775645615e+00 7.327014204067555880e+00
1.829800478720486456e+00 9.395186996913388100e+00 7.047879017704024029e+00
1.823136479557395884e+00 9.341280855569054964e+00 6.805603914472277971e+00
1.815518342810689134e+00 9.289406644485593390e+00 6.625162517589800792e+00
