2.191799393479931801e-01 1.550982551689759603e+01 3.683552447462830693e+06
2.274400678079261107e-01 1.518876323408149709e+01 3.075437763275119010e+06
2.360649539904871308e-01 1.491132687122013678e+01 2.576959184030212462e+06
2.450568118038331800e-01 1.464029250200919208e+01 2.152986261875446420e+06
2.544206281214287380e-01 1.440088944725773956e+01 1.794606371321501443e+06
2.641740411832223523e-01 1.418334306219332142e+01 1.501090112886699382e+06
2.743256804068220922e-01 1.397757925221348962e+01 1.255897601623965893e+06
2.848858257084361245e-01 1.379088497125981405e+01 1.050788309352921555e+06
2.958530200720313474e-01 1.362194805157991517e+01 8.785288393134821672e+05
3.072398960409208901e-01 1.346201837336978002e+01 7.348248986605346436e+05
3.190708402769042440e-01 1.330947281627760326e+01 6.160156924505393254e+05
3.313229687385956801e-01 1.318303084955387128e+01 5.160020915243303170e+05
3.440252910870578718e-01 1.305786728601816726e+01 4.317355009140801849e+05
3.571884274952779603e-01 1.294010538820102418e+01 3.616705969432032434e+05
3.707926816923265978e-01 1.283423343142652584e+01 3.029805224283027346e+05
3.848777486694040517e-01 1.273653529446625754e+01 2.540651534828596341e+05
3.994158395997556288e-01 1.264931730157675638e+01 2.135253376560848847e+05
4.144332874049495574e-01 1.256439860752396065e+01 1.790179720199218427e+05
4.299316808204712848e-01 1.249433889662232389e+01 1.505424169025550364e+05
4.459117123608802857e-01 1.242173136845211978e+01 1.266680772736408253e+05
4.623759970352830928e-01 1.235918849744611059e+01 1.063476254048372648e+05
4.793002527262458234e-01 1.229696255374556735e+01 8.967586988581978949e+04
4.966951197220945691e-01 1.224332227696803344e+01 7.557299755646509584e+04
5.145753538594081133e-01 1.219210931400336761e+01 6.357694111852742208e+04
5.329349014235964521e-01 1.214548958986439331e+01 5.359534783429517120e+04
5.517692448609035072e-01 1.210361729473251735e+01 4.526704343178090494e+04
5.710497292979346273e-01 1.206306477712434244e+01 3.824024257363439392e+04
5.907978552008994466e-01 1.202491176178296861e+01 3.230063738168022610e+04
6.109767395061498352e-01 1.198687711455898253e+01 2.736572356313147975e+04
6.316195466832843497e-01 1.195774516537601606e+01 2.314057901600141486e+04
6.527184384161268671e-01 1.192770377355115130e+01 1.963932441870326147e+04
6.742781316955126503e-01 1.189813839308694199e+01 1.664892722497183786e+04
6.962893932626560423e-01 1.187163179650594280e+01 1.402954131788907580e+04
7.187474930910565663e-01 1.184735974961782112e+01 1.199130146127680746e+04
7.416529048273687863e-01 1.182359401961296363e+01 1.020500881149250745e+04
7.649636722376588205e-01 1.179918174418576626e+01 8.665836181498894803e+03
7.887215888785553686e-01 1.177720966495190247e+01 7.389229314627731583e+03
8.128670379040550120e-01 1.175538660203804753e+01 6.293198024095995606e+03
8.374107352632652601e-01 1.173675652685032489e+01 5.364820961062424431e+03
8.623247635684722079e-01 1.171524696493232298e+01 4.581140008280806796e+03
8.875931145738402694e-01 1.169433746170757260e+01 3.908886767781938033e+03
9.131617651096312072e-01 1.167719213584292959e+01 3.342332766583286229e+03
9.390317356144208816e-01 1.165813636504693918e+01 2.858058303194301061e+03
9.651803354304693272e-01 1.163983644236975934e+01 2.451707679575651127e+03
9.915946715343385565e-01 1.162006609985032490e+01 2.103867006387306446e+03
1.018179208733158259e+00 1.160060500569120023e+01 1.806317246220498419e+03
1.044958229098975622e+00 1.158577431441995209e+01 1.552848341526475679e+03
1.071884953621749847e+00 1.156170564609641538e+01 1.336861624638966759e+03
1.098926773757935793e+00 1.154167653190209286e+01 1.150602059216182170e+03
1.126032541698446909e+00 1.152128569056243990e+01 9.863241658055446806e+02
1.153171756282538540e+00 1.149977598385140709e+01 8.583106511369381906e+02
1.180316118138693859e+00 1.147737189209489195e+01 7.424907273455385166e+02
1.207404425932859349e+00 1.145791312098693560e+01 6.424055257129040228e+02
1.234417073989517721e+00 1.143215101673511747e+01 5.572741450172184159e+02
1.261309542046755494e+00 1.140531650961450083e+01 4.840971725484710078e+02
1.288038039778706789e+00 1.138056285247191823e+01 4.188227115952455506e+02
1.314562266573527261e+00 1.135415407765807316e+01 3.667980474571230616e+02
1.340848470231305267e+00 1.132700321199494908e+01 3.197027935171891500e+02
1.366845084274748823e+00 1.130115264342826542e+01 2.793621165963966178e+02
1.392524237341315807e+00 1.126845715330881781e+01 2.444671397756844158e+02
1.417844981310413921e+00 1.123785174017662314e+01 2.131616160248324263e+02
1.442764989546794219e+00 1.120553066417222965e+01 1.880187869260710443e+02
1.467252540137012895e+00 1.117194728474779808e+01 1.652409856922619156e+02
1.491270732185518311e+00 1.113796663011676280e+01 1.455523787384423144e+02
1.514786022873141347e+00 1.110215949994999640e+01 1.282181964703392509e+02
1.537765390118273956e+00 1.106529618121928848e+01 1.133258491132197463e+02
1.560174529377176489e+00 1.102723372968253734e+01 1.002150516115997902e+02
1.581987876844433760e+00 1.098785103370027016e+01 8.878551047600534218e+01
1.603181723014202253e+00 1.094680115597820880e+01 7.883805438698598778e+01
1.623719768424344956e+00 1.090481512779106588e+01 7.010355620181576342e+01
1.643585511172230396e+00 1.086167356218922464e+01 6.241759537156651305e+01
1.662751616121749265e+00 1.081791081476229266e+01 5.570705182425264468e+01
1.681204796674890645e+00 1.077262558138113313e+01 4.975540774189560977e+01
1.698924738276398116e+00 1.072622359580576479e+01 4.437629478310567066e+01
1.715894941674310781e+00 1.067835018023425242e+01 3.996335842157133555e+01
1.732101059724672654e+00 1.062965320127453950e+01 3.587362363012454125e+01
1.747533550520386392e+00 1.058086749945543303e+01 3.216527685954086735e+01
1.762183142515624468e+00 1.053009331160218665e+01 2.909583552306243348e+01
1.776040239456080583e+00 1.047773853395263721e+01 2.627226204286824185e+01
1.789105093028183102e+00 1.042557849200854037e+01 2.375538905794392619e+01
1.801369385210462193e+00 1.037216917580473918e+01 2.147775318777125264e+01
1.812833486121759430e+00 1.031733599645364130e+01 1.953544928165946004e+01
1.823498729144896080e+00 1.026274835158005239e+01 1.776237077085291460e+01
1.833369392523983787e+00 1.020704399629526371e+01 1.613650697577820736e+01
1.842445664825542062e+00 1.015039201732383134e+01 1.472478443675497850e+01
1.850736672013124196e+00 1.009310612812489261e+01 1.349494781230824714e+01
1.858248400954948254e+00 1.003538995734080608e+01 1.235709844442980199e+01
1.864993724769413275e+00 9.977507313789422128e+00 1.130482773394906104e+01
1.870978127066785568e+00 9.918429387730423485e+00 1.041553096684710944e+01
1.876220459504472027e+00 9.859197448049421553e+00 9.594564010129253973e+00
1.880539162729698566e+00 9.800572817516313151e+00 8.857372068026888812e+00
1.881177934195242152e+00 9.752601571931487356e+00 8.393623056197679233e+00
1.878648881196816944e+00 9.706307197297263656e+00 8.038828399063049801e+00
1.873987550731198048e+00 9.657270327269310783e+00 7.790507636376996281e+00
1.867730346154692800e+00 9.607250034994924803e+00 7.543500590489986557e+00
1.860200643246305185e+00 9.555068801937872891e+00 7.359644853093527672e+00
1.851636997360575743e+00 9.501321772350427963e+00 7.161640681207462222e+00
1.842219860047553004e+00 9.445148555119976308e+00 6.990991106599018678e+00
1.832089719031970265e+00 9.387253536521701136e+00 6.848072033325990127e+00
1.821382024904484975e+00 9.327977171407232149e+00 6.703643855994649847e+00
