2.191799393479931801e-01 1.550982551689759603e+01 3.683552447462830693e+06
2.275951224686038887e-01 1.521057504779388481e+01 3.090794379588537384e+06
2.363859840889566410e-01 1.490923721183094486e+01 2.568768046613344457e+06
2.455593943701414872e-01 1.464515875485720819e+01 2.138094072038684040e+06
2.551200254753660523e-01 1.438274195866199534e+01 1.775527262458685087e+06
2.650848426558766735e-01 1.416128270704325054e+01 1.476160669515470741e+06
2.754631742945050643e-01 1.395406779042303036e+01 1.232855987073401920e+06
2.862720401631465572e-01 1.376747583027147215e+01 1.016609085020018741e+06
2.974887829033195374e-01 1.359309769083275299e+01 8.574463033174758311e+05
3.091550795052966927e-01 1.343214061393738135e+01 7.144934052480543032e+05
3.212752957706676016e-01 1.328528184965960968e+01 5.970163416189729469e+05
3.338430717226209543e-01 1.315112019632142371e+01 4.977724689377379254e+05
3.468688606683697495e-01 1.302752527774544333e+01 4.150915614318520529e+05
3.603795341040727518e-01 1.291893769183934992e+01 3.465008131725613493e+05
3.743483200196514593e-01 1.280791904408821757e+01 2.897746701765024336e+05
3.888104324133975775e-01 1.271334518694404281e+01 2.425652816394743568e+05
4.037571240344398626e-01 1.262375003943027707e+01 2.013148466897128092e+05
4.191946417984613871e-01 1.254513744384614427e+01 1.679639191985460639e+05
4.351301430447042651e-01 1.246580861597518286e+01 1.422321547263885441e+05
4.515646034085490368e-01 1.239476664351587232e+01 1.200995087442202348e+05
4.684989768103249852e-01 1.233469115214613154e+01 9.997601069976802683e+04
4.859086882636783900e-01 1.227613290517057720e+01 8.376671925125428243e+04
5.038201359653794453e-01 1.222202014906824807e+01 7.029799482576423907e+04
5.222294850387417808e-01 1.217271142843677545e+01 5.925069337683390040e+04
5.411321927736545412e-01 1.212616403403730381e+01 4.976253365727314667e+04
5.605268591985556048e-01 1.208282332956392224e+01 4.185794948260926321e+04
5.803636527928854871e-01 1.204487145713141238e+01 3.525502308840115438e+04
6.006757957300539186e-01 1.200705066817372391e+01 2.972373139917919252e+04
6.213001590071768332e-01 1.197387764257621257e+01 2.515834420077640607e+04
6.420995492846198749e-01 1.194194762496839601e+01 2.130447789960071896e+04
6.628561959633342271e-01 1.191135603700321255e+01 1.813166748898239894e+04
6.833480360886166061e-01 1.188143069965085274e+01 1.551872328624781949e+04
7.033138511716559016e-01 1.185264667553672879e+01 1.332076732036540307e+04
7.223920693394739745e-01 1.182410107039155633e+01 1.154050304156289167e+04
7.400614460803265349e-01 1.179397976040433882e+01 1.010528498990558910e+04
7.555766150795683034e-01 1.176386674505612007e+01 8.954444819971919060e+03
7.666145949101433876e-01 1.173063295055301758e+01 8.185188193275363119e+03
7.748317995367063338e-01 1.169399613406683436e+01 7.584749430377079989e+03
7.834178250752062977e-01 1.165136914652479483e+01 6.969670842030611311e+03
7.928871636226728636e-01 1.159881061867563545e+01 6.359826085223689915e+03
8.034140106236619117e-01 1.154811295095332824e+01 5.685901294487462110e+03
8.152699020322955459e-01 1.149035206055490654e+01 5.133441277696110774e+03
8.285238003612758195e-01 1.143176196300121461e+01 4.546496912694949970e+03
8.433455377373897388e-01 1.137442153227685893e+01 3.989288184501187516e+03
8.597731710420505324e-01 1.131012782479708356e+01 3.473653385130584411e+03
8.778573608469455447e-01 1.124957904182356216e+01 3.003954331267791531e+03
8.975821462449717902e-01 1.119182807402476776e+01 2.575967250601006072e+03
9.189178552323051807e-01 1.113316944043115164e+01 2.196508968748402367e+03
9.418252571834644371e-01 1.107855665068512074e+01 1.864724092929269545e+03
9.662261175898462229e-01 1.102817607646708709e+01 1.575421908103627857e+03
9.920495739807375646e-01 1.097920588878538517e+01 1.328305824384198104e+03
1.019184674149622882e+00 1.093394500661835878e+01 1.116983722421363382e+03
1.047527218399554316e+00 1.089017936650406071e+01 9.378748622997463826e+02
1.076950241172885736e+00 1.085061607455496180e+01 7.872471369636525651e+02
1.107335800827649042e+00 1.081564288126397777e+01 6.608104583054257546e+02
1.138549346600023826e+00 1.078162477640063521e+01 5.544946478484429235e+02
1.170428403503752435e+00 1.075004810605748240e+01 4.660866118611263005e+02
1.202841566092658576e+00 1.072296945485549635e+01 3.922315138352710164e+02
1.235632465421341530e+00 1.069364763320879774e+01 3.290846979532311707e+02
1.268730537790603519e+00 1.066717802299540629e+01 2.794102005183568735e+02
1.301849011172686810e+00 1.064351940469270552e+01 2.365046664404257797e+02
1.334913203754517053e+00 1.061909673200779203e+01 2.010522347456355874e+02
1.367735712013019800e+00 1.059484351966928095e+01 1.703821062034493536e+02
1.400240145526183033e+00 1.057232521061878572e+01 1.462217252966329113e+02
1.432265769785737497e+00 1.055008928697409409e+01 1.254378283161309469e+02
1.463679922147174572e+00 1.052630815229152716e+01 1.078472460455831907e+02
1.494366979024307041e+00 1.050299168605335254e+01 9.308230186906789072e+01
1.524235960767344578e+00 1.047895257372489120e+01 8.067075568417858733e+01
1.553119826741836240e+00 1.045289709494682384e+01 7.008264006339780394e+01
1.580971719221043070e+00 1.042687724993479392e+01 6.092844368470959893e+01
1.607706658026611946e+00 1.039908170340269500e+01 5.353087087178504078e+01
1.633234592956747777e+00 1.037028072578168114e+01 4.707193634059216691e+01
1.657490549528819468e+00 1.033953395251329965e+01 4.147681516606299112e+01
1.680419342870255184e+00 1.030756959523640859e+01 3.679667508153443123e+01
1.701970998414581882e+00 1.027401465894683064e+01 3.272767265979935303e+01
1.722106681048684917e+00 1.023882833757671662e+01 2.920367282052708902e+01
1.740799243710750899e+00 1.020223599391218983e+01 2.608049688990726978e+01
1.758034643251037865e+00 1.016330215666061854e+01 2.352629658632218224e+01
1.773783976709562005e+00 1.012298477908785976e+01 2.123033308839951516e+01
1.788052091285366574e+00 1.008090918532696101e+01 1.923983338399741072e+01
1.800842242163398277e+00 1.003747733806040365e+01 1.748272694546099615e+01
1.812168540504851544e+00 9.991735067094763778e+00 1.595559734727988754e+01
1.822038677689915120e+00 9.944983382661977345e+00 1.456881051663329529e+01
1.830483568823700002e+00 9.896532915467354030e+00 1.339997518551212430e+01
1.837523930157010987e+00 9.847014852987490130e+00 1.239588469244663749e+01
1.843189559419386780e+00 9.795804453227901831e+00 1.144529617089716034e+01
1.847531681750357757e+00 9.743691769613809228e+00 1.063288375569356958e+01
1.850575690391032202e+00 9.690214776753007797e+00 9.934148344957751675e+00
1.852375520216499982e+00 9.635991694854890710e+00 9.267554113897867651e+00
1.852970522945132759e+00 9.580959535666773164e+00 8.717530107527887040e+00
1.852411406147093542e+00 9.524619470688252321e+00 8.196717385746199014e+00
1.850748301368810189e+00 9.468039822930284899e+00 7.753531626020416567e+00
1.848033040927116399e+00 9.410952940364012420e+00 7.346755599910332002e+00
1.844327759430919311e+00 9.353440938556673245e+00 6.983709132888267668e+00
1.839672169651167977e+00 9.295066756762324189e+00 6.643839996421217364e+00
1.834118648095418358e+00 9.236747279919221398e+00 6.358263665392947850e+00
1.827737783596771415e+00 9.178251530086853904e+00 6.099614375994247162e+00
1.820567762097331066e+00 9.119891426302562110e+00 5.873157556577421445e+00
1.812675947487975892e+00 9.061639242793507520e+00 5.671961264329139496e+00
1.804098796710740693e+00 9.003393192853408777e+00 5.491756999530139183e+00
