2.191799393479931801e-01 1.550982551689759603e+01 3.683552447462830693e+06
2.283190914570663033e-01 1.516852372116037628e+01 3.017586917128985748e+06
2.378840964111039458e-01 1.485145937023733964e+01 2.475476635003796313e+06
2.479129403927352315e-01 1.456467438293970318e+01 2.030904094830373768e+06
2.583985898189271047e-01 1.430794403957849248e+01 1.669241531447191956e+06
2.693608732554647056e-01 1.407250621644839939e+01 1.369430932508446509e+06
2.808135108441858763e-01 1.385849559505390971e+01 1.126423529885444790e+06
2.927762578423144801e-01 1.366454528674748303e+01 9.240276275535523891e+05
3.052225639017693837e-01 1.349111316741806021e+01 7.579245381653036457e+05
3.182113956844004887e-01 1.332053711827938081e+01 6.234636608302213717e+05
3.317182839480840029e-01 1.317574549179638055e+01 5.131042442109234398e+05
3.457709604851398888e-01 1.303650612616736204e+01 4.222329121405448532e+05
3.603977993535066870e-01 1.291457220723473398e+01 3.469888599411327741e+05
3.755427247054759499e-01 1.280034046671486614e+01 2.856585867202999070e+05
3.912771016687005554e-01 1.269787345420566282e+01 2.355960781789755856e+05
4.075848779205086814e-01 1.260374526506013204e+01 1.946744679351340164e+05
4.244901357800047736e-01 1.251684030796645075e+01 1.600787667603945883e+05
4.419223366326098801e-01 1.243636928575222633e+01 1.320490645387921832e+05
4.599967293558928638e-01 1.236578910059343706e+01 1.090743418959391420e+05
4.786164446816681961e-01 1.230065070304857322e+01 9.017864956760499626e+04
4.978131933798287667e-01 1.223852360806440487e+01 7.451524876138535910e+04
5.175991345628447871e-01 1.218536302463225951e+01 6.178620973307824170e+04
5.379672111626064845e-01 1.213564460073444096e+01 5.115162318317288009e+04
5.589130027475277540e-01 1.208758761123560888e+01 4.244646060083082557e+04
5.803865204912003195e-01 1.204701798035750571e+01 3.524233250567223149e+04
6.024548749688637406e-01 1.200454375534906859e+01 2.932337718436812429e+04
6.250135380935128993e-01 1.196855269379414288e+01 2.440521331873761301e+04
6.481632227014090253e-01 1.193344954835104943e+01 2.012275421704596010e+04
6.718711699994742714e-01 1.190096291320709732e+01 1.693925580137027282e+04
6.961611482049220312e-01 1.187149591267415083e+01 1.415961396051750307e+04
7.209608722542527603e-01 1.184386970692880148e+01 1.181308904341661218e+04
7.463362589304655126e-01 1.181738991043945575e+01 9.865883244975662819e+03
7.722240872599875905e-01 1.179253394157706580e+01 8.262848850145335746e+03
7.986270976839787705e-01 1.176815397647608030e+01 6.916633753727770454e+03
8.255313537209940655e-01 1.174630214374746551e+01 5.792188517027507260e+03
8.529033731228784498e-01 1.172368603371637619e+01 4.860110286003964575e+03
8.807290372791861666e-01 1.170222177511461226e+01 4.083117678483959480e+03
9.089798323750645226e-01 1.168236615589014527e+01 3.432347265724217777e+03
9.375962921536298289e-01 1.166021845326997308e+01 2.889056340392316542e+03
9.665471357613496517e-01 1.164004200000867506e+01 2.435551049122057066e+03
9.958234879433862652e-01 1.161917099972987977e+01 2.055263458611760143e+03
1.025351172041493175e+00 1.159819758086100983e+01 1.737822774469814021e+03
1.055103652995869945e+00 1.157716387462795637e+01 1.459472517700907702e+03
1.085036923212458593e+00 1.155490589774565890e+01 1.245823173099083988e+03
1.115082321649446540e+00 1.153301478718896256e+01 1.056825365329927308e+03
1.145207478725526862e+00 1.151142132189335499e+01 8.982146732342705491e+02
1.175360028772748588e+00 1.148852773155052986e+01 7.647974521645318191e+02
1.205474729332546513e+00 1.146181592793267967e+01 6.520916763726527279e+02
1.235505037578960019e+00 1.143734043846521509e+01 5.539301445709830887e+02
1.265396126902171847e+00 1.141248356401437825e+01 4.767553897547868473e+02
1.295099539677904144e+00 1.138253618177133042e+01 4.085102390310787541e+02
1.324554759336920462e+00 1.135655001820136789e+01 3.506330455703432563e+02
1.353699693052520248e+00 1.132618997140967920e+01 3.014956944577936611e+02
1.382489747724047202e+00 1.129321356521854902e+01 2.597618902903224694e+02
1.410873252023385094e+00 1.125936686943862775e+01 2.242980065325736803e+02
1.438794737698419368e+00 1.122416006957730694e+01 1.942579565678506697e+02
1.466201735472895118e+00 1.118874930492865971e+01 1.681222748955137831e+02
1.493055266797994385e+00 1.115138765896601569e+01 1.460617019522681517e+02
1.519288811098597147e+00 1.111312298087169737e+01 1.269864106336770675e+02
1.544878865044044591e+00 1.107248360141829480e+01 1.107097073604898014e+02
1.569763442030294387e+00 1.103084819815573958e+01 9.624673115767588172e+01
1.593916313891128533e+00 1.098726246436056542e+01 8.462474089695717794e+01
1.617301808788206730e+00 1.094235918114648953e+01 7.411494196809211132e+01
1.639872695750045128e+00 1.089617630069846399e+01 6.521195418137726563e+01
1.661606683681079000e+00 1.084850932866601880e+01 5.739672295712423278e+01
1.682470701167493754e+00 1.079944780188735365e+01 5.066245339090496458e+01
1.702444923657691289e+00 1.074948223506833145e+01 4.478418664513222325e+01
1.721503031398064154e+00 1.069686568062621390e+01 3.969957284469358427e+01
1.739624704012805001e+00 1.064387823788640475e+01 3.526327592355751506e+01
1.756797079178070708e+00 1.058969919743019261e+01 3.137184697143454670e+01
1.773007902683144232e+00 1.053423144725043592e+01 2.797031351625341244e+01
1.788245063124010104e+00 1.047749747047961044e+01 2.500245635027873448e+01
1.802505510159382318e+00 1.041891132468247783e+01 2.231196251912501793e+01
1.815783704550195221e+00 1.036074215219858274e+01 2.008911385668307403e+01
1.828080583595341091e+00 1.030022283399272887e+01 1.801817920783782867e+01
1.839396184807243095e+00 1.023967422756964751e+01 1.624609646487045822e+01
1.849739774754970423e+00 1.017745470865920865e+01 1.468770378743701599e+01
1.859115163480818289e+00 1.011497722295114343e+01 1.332039858613510575e+01
1.867526780189922242e+00 1.005149871932060179e+01 1.209296800582854381e+01
1.874968683110849410e+00 9.988003550474299885e+00 1.098996755322267838e+01
1.881428673961824005e+00 9.923323232393341797e+00 1.002163742249905631e+01
1.886909522250412641e+00 9.858279895557503281e+00 9.156556644568857095e+00
1.891399794454945660e+00 9.793281405626469649e+00 8.393252104402442626e+00
1.894908191734206548e+00 9.727485933389923289e+00 7.711671601458705005e+00
1.897443192547585644e+00 9.661335278516668623e+00 7.102534096987780821e+00
1.899028288196869418e+00 9.595152647138146307e+00 6.546451871169484349e+00
1.899668561435171377e+00 9.529289830903660885e+00 6.067637160641093708e+00
1.899400195979507266e+00 9.462853709645743905e+00 5.645982601381803079e+00
1.898236484149382841e+00 9.396564744588232543e+00 5.251725301616046337e+00
1.896221806891513983e+00 9.330552747623803711e+00 4.905532711966097636e+00
1.893377194515687645e+00 9.264412279171414966e+00 4.597872062889658551e+00
1.889736132222493481e+00 9.198086014980606961e+00 4.320368792730481466e+00
1.885337781177909955e+00 9.132500729399909645e+00 4.071324526253816245e+00
1.880209119624998149e+00 9.066917099279091730e+00 3.846241897170509016e+00
1.874395702684849896e+00 9.001710848466426995e+00 3.642286520521576865e+00
1.867954300877113338e+00 8.936600601690326329e+00 3.460844588774429020e+00
1.860894228198308076e+00 8.872430679891364136e+00 3.302598353306979373e+00
1.853254601765246257e+00 8.808415662027917037e+00 3.147670906548992509e+00
1.845094977062603059e+00 8.744574531344536439e+00 3.014277908176901111e+00
1.836460139720450968e+00 8.682116684077447744e+00 2.892868908133625627e+00
