2.191799393479931801e-01 1.550982551689759603e+01 3.683552447462830693e+06
2.263785464206735931e-01 1.524584931274669586e+01 3.161306207755730022e+06
2.338385492342597294e-01 1.497932480515834897e+01 2.693157136017434765e+06
2.415962944170800542e-01 1.474838758292243490e+01 2.304923667762054596e+06
2.496160551872581013e-01 1.453062046612660829e+01 1.977533103429747978e+06
2.579368227808013225e-01 1.432118752341700407e+01 1.685397771801493829e+06
2.665564009449994942e-01 1.413575562604182956e+01 1.436401461988834664e+06
2.754798237255229321e-01 1.395702668463163398e+01 1.230206610763136996e+06
2.847158677645878488e-01 1.379145938598993126e+01 1.054309637287661899e+06
2.942647056291617380e-01 1.364196083379953173e+01 9.004080470861402573e+05
3.041271341851918275e-01 1.349628823254167109e+01 7.729558178492761217e+05
3.143388573342772441e-01 1.336722291080326208e+01 6.612373683964431984e+05
3.248527331425947184e-01 1.324641740694728398e+01 5.663695439550586743e+05
3.357095194736080535e-01 1.313435369095543770e+01 4.850084188884712639e+05
3.469114199842086022e-01 1.303150945244059322e+01 4.145210263149703387e+05
3.584644313677302629e-01 1.293259356332521470e+01 3.556814772407331038e+05
3.703571187728137426e-01 1.283581601441286502e+01 3.051911157803070964e+05
3.826233153953454980e-01 1.275053612081707932e+01 2.624923028732175007e+05
3.952250053643094341e-01 1.267295809201091750e+01 2.245404607060352282e+05
4.081899032035587460e-01 1.260216550067584329e+01 1.925087082107379392e+05
4.215109360645593051e-01 1.252959281281030712e+01 1.656814950922378048e+05
4.352100698242971633e-01 1.246967766189778359e+01 1.419991144110213500e+05
4.492808044835738257e-01 1.240714128474178857e+01 1.219389323948403180e+05
4.637080553746122380e-01 1.235103889271858435e+01 1.042665305838156492e+05
4.784892790941458474e-01 1.229964001321426537e+01 9.032805711571717984e+04
4.936319474249060146e-01 1.225205921154190314e+01 7.775199728281619900e+04
5.091391732349835886e-01 1.220773330759122999e+01 6.696413137086904317e+04
5.250161516960937247e-01 1.217173227482645892e+01 5.760003904864235665e+04
5.412554818291400727e-01 1.212612282677210018e+01 4.967087049234256847e+04
5.578562963398661090e-01 1.209027162891025675e+01 4.287463747172229341e+04
5.747827848658230154e-01 1.205515147504883622e+01 3.698506151531053183e+04
5.920646582126765090e-01 1.202004418817998577e+01 3.197703314982387019e+04
6.096978822194356606e-01 1.199316929709218549e+01 2.762427259309470173e+04
6.276822582766955483e-01 1.196442655607498828e+01 2.390291992494117585e+04
6.460344176561779728e-01 1.193535082552358872e+01 2.066012491903824412e+04
6.647834759494133383e-01 1.191106759022286532e+01 1.788549268133895384e+04
6.838728358436643173e-01 1.188841992970471928e+01 1.547681974790916865e+04
7.033276397673596803e-01 1.186562029145594543e+01 1.341426225910813264e+04
7.231746535221269534e-01 1.184197105660887850e+01 1.162816267388119195e+04
7.434029161890540749e-01 1.182286843497051976e+01 1.008343648246506200e+04
7.639951181130560931e-01 1.180192819986528541e+01 8.748187875131794499e+03
7.849514015353336038e-01 1.178305529467834134e+01 7.590807005119425412e+03
8.062594612518376724e-01 1.176334763542557837e+01 6.586723159395270159e+03
8.279240223601542770e-01 1.174835578605569175e+01 5.720667599254536981e+03
8.499395164757492793e-01 1.172815039193408815e+01 4.962837037862963371e+03
8.722566290831555991e-01 1.171442881364620803e+01 4.321953231996870272e+03
8.949270037631856800e-01 1.169692455531272124e+01 3.760065464215118027e+03
9.178605475677557024e-01 1.168278910502680468e+01 3.274159758755934945e+03
9.410876641698927569e-01 1.167203021988645695e+01 2.850784642559882741e+03
9.645825969441487180e-01 1.165052941256065289e+01 2.485493794941618489e+03
9.883031429720823269e-01 1.163753600043501280e+01 2.167645473857559864e+03
1.012270857976873550e+00 1.162262216490455735e+01 1.893661889714640665e+03
1.036436829627201961e+00 1.160712960367050250e+01 1.654835809090915291e+03
1.060776715558274796e+00 1.159289970328303276e+01 1.445109849055741506e+03
1.085255782503999678e+00 1.157862500192255872e+01 1.264226531936080846e+03
1.109879824796855097e+00 1.156359857547804992e+01 1.106187383286806607e+03
1.134605486791580464e+00 1.154664105765188431e+01 9.708494382272098164e+02
1.159401346644982178e+00 1.153013595044428108e+01 8.508085490953585577e+02
1.184250193490593572e+00 1.151767593240607113e+01 7.484396231919793081e+02
1.209120923478077314e+00 1.149675901551599466e+01 6.575627677602757331e+02
1.233982245580072412e+00 1.147774964218623595e+01 5.790944786562679383e+02
1.258802773732061508e+00 1.146172079788098053e+01 5.101338000970869189e+02
1.283562240915266939e+00 1.144270422626155259e+01 4.495670243105274153e+02
1.308223228072376898e+00 1.142343227503872249e+01 3.969895267557315606e+02
1.332740476527699558e+00 1.140318957149963275e+01 3.511235159799506960e+02
1.357119750841011996e+00 1.138365139800867532e+01 3.088093439810887162e+02
1.381304546357646101e+00 1.136014197795698166e+01 2.751115827404160541e+02
1.405271308529482344e+00 1.133671659363824702e+01 2.443610109190434514e+02
1.429000806576860905e+00 1.131500600625178876e+01 2.166825380950992894e+02
1.452447717171102992e+00 1.129099410300731599e+01 1.927011678391887415e+02
1.475606530649943959e+00 1.126440394264111688e+01 1.716083092129050556e+02
1.498423666158843481e+00 1.123883292365838216e+01 1.528732706881723118e+02
1.520877291219249194e+00 1.121168794243148881e+01 1.358125993137891783e+02
1.542961661380635396e+00 1.118418359580632959e+01 1.219358833291073694e+02
1.564637020413134794e+00 1.115451241585220465e+01 1.090320226318273882e+02
1.585871484493296846e+00 1.112521494749850781e+01 9.776887372930880815e+01
1.606654586516296224e+00 1.109485433927811648e+01 8.765833957791490150e+01
1.626962862740570559e+00 1.106261308364067375e+01 7.872539646210812236e+01
1.646769387005005303e+00 1.102976513561687533e+01 7.079599036284031399e+01
1.666012289474528618e+00 1.099622268715305218e+01 6.380735795943984812e+01
1.684602931812920534e+00 1.096117184411822798e+01 5.731224733557509410e+01
1.702462403063141005e+00 1.092564994731759143e+01 5.203364146003558943e+01
1.719523696493311826e+00 1.088974139906824945e+01 4.720782322908991802e+01
1.735694232997895048e+00 1.085208028671478431e+01 4.285276322524658354e+01
1.750907673914241736e+00 1.081415378014719053e+01 3.887840257670237776e+01
1.765122584834023733e+00 1.077480595669278429e+01 3.550044773312178137e+01
1.778223062936660659e+00 1.073359829903009732e+01 3.266280866117595849e+01
1.790167901189086752e+00 1.069200004803613879e+01 3.000894796606895909e+01
1.800902908277773884e+00 1.064896919675726750e+01 2.767160883041290731e+01
1.810360870213638673e+00 1.060618196131227897e+01 2.563818778568504797e+01
1.818503309543142876e+00 1.056169713248335640e+01 2.379730777863301583e+01
1.825264438621020391e+00 1.051589828188415865e+01 2.220713788359230989e+01
1.830599948047756387e+00 1.047008721453125446e+01 2.080174440059956353e+01
1.834443054780698912e+00 1.042266238656615052e+01 1.952298796760423727e+01
1.836760638990541983e+00 1.037599482771684656e+01 1.847403772306012115e+01
1.837489226327295500e+00 1.032895357402797210e+01 1.764886654517334463e+01
1.836527241832442980e+00 1.028273032441446588e+01 1.691617921046349338e+01
1.833779530526383317e+00 1.023891643757128378e+01 1.636792156459471670e+01
1.829265987382526548e+00 1.019941847244272815e+01 1.595926906972147918e+01
1.823410994793423390e+00 1.016658667737715049e+01 1.584089878857336942e+01
