2.191799393479931801e-01 1.550982551689759603e+01 3.683552447462830693e+06
2.267788583050643625e-01 1.521667328978696787e+01 3.127133535996890161e+06
2.346772401801390517e-01 1.494758645740815162e+01 2.641311816537238657e+06
2.429008644524042193e-01 1.471142357262085021e+01 2.243473958497142885e+06
2.514258098461814028e-01 1.447306903230036923e+01 1.898051311238595285e+06
2.602826948886990954e-01 1.426468283707064799e+01 1.612619986054141074e+06
2.694747907021862177e-01 1.407135117719857220e+01 1.368754934807847021e+06
2.790076529795131322e-01 1.389291287070887471e+01 1.157207933585967170e+06
2.888895374780950376e-01 1.372577564196102884e+01 9.825747981343899155e+05
2.991320242977563715e-01 1.356695793753227086e+01 8.329437332486893283e+05
3.097072189897234207e-01 1.342501834255525850e+01 7.106371331536814105e+05
3.206900560510463905e-01 1.329123831696125890e+01 5.952730165060164873e+05
3.319988641800852291e-01 1.317471659344306900e+01 5.103920990453650011e+05
3.437060507883886173e-01 1.305644529206297833e+01 4.335242121616695076e+05
3.558184664390391383e-01 1.295088426083858835e+01 3.683022546608071425e+05
3.682745821498885630e-01 1.285472787705555398e+01 3.132804557006087271e+05
3.811669428614627431e-01 1.276092053837973772e+01 2.662020453263465315e+05
3.944216473739561302e-01 1.268229634619845747e+01 2.262585168095870758e+05
4.080918406430992240e-01 1.259838853712469309e+01 1.927467588875101646e+05
4.221562391087855803e-01 1.252912488678627234e+01 1.640780195853348123e+05
4.366398596398805010e-01 1.246093062160649900e+01 1.398092371777800436e+05
4.515250685011807374e-01 1.239863240748695361e+01 1.192863157525518036e+05
4.668247134324123304e-01 1.234119762067693493e+01 1.016803550842714903e+05
4.824961964376918155e-01 1.228840419763657366e+01 8.668845171768807631e+04
4.986052005167917467e-01 1.223779256555944528e+01 7.324800880894079455e+04
5.151061229010857057e-01 1.219040872053177260e+01 6.324170323997723608e+04
5.320137165776008814e-01 1.214708128730567971e+01 5.405468936753773596e+04
5.493238370092428102e-01 1.210936599749824616e+01 4.625902308140330570e+04
5.670470954751922754e-01 1.207237721014640108e+01 3.920080197218508692e+04
5.851017470310082569e-01 1.203503546328022722e+01 3.392034981228030665e+04
6.035842710504920605e-01 1.200367485267414125e+01 2.904042625306253103e+04
6.224213474680986291e-01 1.197218685995640186e+01 2.494035553162544602e+04
6.416916703379051956e-01 1.194365466266795472e+01 2.139669977008859132e+04
6.613787802836026408e-01 1.191458514374740218e+01 1.838546698113494131e+04
6.814839230514541102e-01 1.189005099054532799e+01 1.575667023629170035e+04
7.020222492159550187e-01 1.186583167625913404e+01 1.357532872916181805e+04
7.229899555452584670e-01 1.184311599849225516e+01 1.165188420163293813e+04
7.443864881819698409e-01 1.181944013969752483e+01 1.001579033317105495e+04
7.661947003567125547e-01 1.180181914245689256e+01 8.628239918345909246e+03
7.884363004227847860e-01 1.178090998979704551e+01 7.415506954284071981e+03
8.110710140282337832e-01 1.175976152147627118e+01 6.381854284901991377e+03
8.341182003559683977e-01 1.174453860470696220e+01 5.505286078458977499e+03
8.575513471489258910e-01 1.172687729793430833e+01 4.745406495627078584e+03
8.813581332902868937e-01 1.170755055000911327e+01 4.094181237376737499e+03
9.055382091428636482e-01 1.169384216202535853e+01 3.536500236063812281e+03
9.300404631595107219e-01 1.167789354028157511e+01 3.048858534711028824e+03
9.548711770033929680e-01 1.166202255148425060e+01 2.634725513407310700e+03
9.799998340156083065e-01 1.164627369632998466e+01 2.279200589224155010e+03
1.005393706008655519e+00 1.163119669602452610e+01 1.973071812144675278e+03
1.031022849554048548e+00 1.161597539336934304e+01 1.709676998497076966e+03
1.056900599034983790e+00 1.159964853461677592e+01 1.482617172465874091e+03
1.082945983729009631e+00 1.158502227235383408e+01 1.285629332076750188e+03
1.109164494909617327e+00 1.156935719938580043e+01 1.118104279500736766e+03
1.135517152720111111e+00 1.155781254115812473e+01 9.712910484409096625e+02
1.161962879913194913e+00 1.153682342456828636e+01 8.453546552879648743e+02
1.188477695282119440e+00 1.152314949958185863e+01 7.370085173433657246e+02
1.215026536922120703e+00 1.150361396294652927e+01 6.431186170947624987e+02
1.241573068692295223e+00 1.148745616668834479e+01 5.616787310337577992e+02
1.268081953363158432e+00 1.146687500692143225e+01 4.882938703312464099e+02
1.294524999736160531e+00 1.144680281840943792e+01 4.300813193551446147e+02
1.320840730144650088e+00 1.143020990396132497e+01 3.768176532364675495e+02
1.347032755670985571e+00 1.140627615054984823e+01 3.308392124995492054e+02
1.373026323863698162e+00 1.138790351313830485e+01 2.906828176654232152e+02
1.398812068383008089e+00 1.136568562865450360e+01 2.556714079170093612e+02
1.424345936031499837e+00 1.133949501740197086e+01 2.252200256557979117e+02
1.449590048117001873e+00 1.131451315508059885e+01 1.988002388861175405e+02
1.474509525080811123e+00 1.128936550657339843e+01 1.757025003023054524e+02
1.499084408321170292e+00 1.126445431723756485e+01 1.553436467095084197e+02
1.523263157980556004e+00 1.123615480790062016e+01 1.376521759619497232e+02
1.547021247330760296e+00 1.120964098286449584e+01 1.221243571219557964e+02
1.570337302722953465e+00 1.117749922098295912e+01 1.084384224987309011e+02
1.593167384798358066e+00 1.114749479666541099e+01 9.655120425989827027e+01
1.615486298706701129e+00 1.111515614706584465e+01 8.602330363587164186e+01
1.637232159202507198e+00 1.108222289376791636e+01 7.683643778127417079e+01
1.658297120753851051e+00 1.104818386455187529e+01 6.863040769622722337e+01
1.678623225662208451e+00 1.101367650986198932e+01 6.154563522592832214e+01
1.698090174267437691e+00 1.097720549897509379e+01 5.508932003119947751e+01
1.716623445329883868e+00 1.094009306981573459e+01 4.980093703603210997e+01
1.734150125256389119e+00 1.090167582222817799e+01 4.500850421931588130e+01
1.750602740580939232e+00 1.086286029550803001e+01 4.057776225048456809e+01
1.765888763434202646e+00 1.082186889089879500e+01 3.699579734906678397e+01
1.779971303844726016e+00 1.077982150116485904e+01 3.375615919381413477e+01
1.792791559041109428e+00 1.073576520997680461e+01 3.085553354718261332e+01
1.804284835023778122e+00 1.069180938485022914e+01 2.832610126678315154e+01
1.814416752904513874e+00 1.064533784162160224e+01 2.609730042037344333e+01
1.823143802074622011e+00 1.059829797296437270e+01 2.406475799165613338e+01
1.830433718233301255e+00 1.055027137501700807e+01 2.240121170090693781e+01
1.836258137067199314e+00 1.050100699188430298e+01 2.084440038905496451e+01
1.840607088972741501e+00 1.045108798793977556e+01 1.960416637196381373e+01
1.843444252525546556e+00 1.040115341809545058e+01 1.838044084962779934e+01
1.844751430549204319e+00 1.034958994275176636e+01 1.739167626884137263e+01
1.844537191760926342e+00 1.029819585886845523e+01 1.658926568415177272e+01
1.842772895041774106e+00 1.024764108795660533e+01 1.583084797307302694e+01
1.839508060661704691e+00 1.019659203870453190e+01 1.523792729687066227e+01
1.834859694690716081e+00 1.014627373543725319e+01 1.479116273407465876e+01
1.828966844430671035e+00 1.009593777300867856e+01 1.438418834790624778e+01
1.821970109256670911e+00 1.004633308883958343e+01 1.401342584651492373e+01
1.813994669439337626e+00 9.996960961826415470e+00 1.380308629353739569e+01
1.805162066171992929e+00 9.948409741785454230e+00 1.358642330864244308e+01
1.795614901046752143e+00 9.900310971369153279e+00 1.342792487868237750e+01
