2.191799393479931801e-01 1.550982551689759603e+01 3.683552447462830693e+06
2.276467260183053509e-01 1.520763187010791562e+01 3.074982068755021784e+06
2.364942050248767247e-01 1.489804860991897328e+01 2.547546626531761605e+06
2.457288065841406466e-01 1.462731362167211557e+01 2.118902576848416124e+06
2.553551872907200981e-01 1.438817912807406074e+01 1.762628126911493484e+06
2.653916058900548935e-01 1.415760161919076587e+01 1.469529992582269013e+06
2.758464357249676979e-01 1.395046739222037324e+01 1.226670968543073395e+06
2.867303352779627112e-01 1.376084476983379723e+01 1.017433087807398406e+06
2.980470735232798041e-01 1.358632562258134158e+01 8.478156255841372767e+05
3.097998146330507296e-01 1.342430549530457284e+01 7.074025480671731057e+05
3.220122227778827728e-01 1.328082894461609698e+01 5.896604661688788328e+05
3.346972786097885399e-01 1.314126235385655050e+01 4.914697736397896078e+05
3.478295158146501032e-01 1.301740438130546806e+01 4.097929615835180739e+05
3.614478139105589127e-01 1.290721143115720082e+01 3.419593041212710086e+05
3.755492025688081936e-01 1.280078089089796300e+01 2.857557105261443648e+05
3.901414774712196887e-01 1.270327310129255949e+01 2.383639847007303615e+05
4.052310453469817886e-01 1.261591187871354691e+01 1.991032636573126656e+05
4.208027779572989791e-01 1.253505679412348961e+01 1.666705570564804075e+05
4.368900293997069473e-01 1.245960819072901060e+01 1.396259835093982983e+05
4.534705483197349896e-01 1.239488692974755502e+01 1.167756494294473669e+05
4.705724106506272153e-01 1.232767904089556410e+01 9.766859717414966144e+04
4.881645394228129597e-01 1.226896243499438022e+01 8.185952968512148072e+04
5.062340552733940457e-01 1.221558648969096161e+01 6.822038380536853219e+04
5.248208612635257841e-01 1.216720281769965162e+01 5.779733667512075772e+04
5.439072323934489583e-01 1.211863455295676140e+01 4.853593263960122567e+04
5.634922863282322281e-01 1.207605555215407200e+01 4.080285465172603290e+04
5.835174157895608449e-01 1.203793020183700868e+01 3.435913312429811776e+04
6.040671336218289555e-01 1.200324133388710734e+01 2.893202117661149896e+04
6.250946123474420135e-01 1.196719014480506260e+01 2.438295220605221402e+04
6.466623446466031044e-01 1.193582730931127678e+01 2.055482242218434840e+04
6.688170749250462732e-01 1.190682859771484381e+01 1.736733452866676089e+04
6.915477942573626802e-01 1.187820896069597332e+01 1.464684732128303040e+04
7.148954731883633285e-01 1.185286566557436849e+01 1.236272882497035425e+04
7.388487208068837964e-01 1.182892111697143100e+01 1.043434355509872694e+04
7.633933546636205714e-01 1.180575352699442604e+01 8.811982787724786249e+03
7.885969963093780732e-01 1.178462686823302441e+01 7.429547116452657065e+03
8.143698603334509345e-01 1.176517290108486335e+01 6.226050709203912447e+03
8.407512945569018958e-01 1.174610189192573984e+01 5.305008124759694510e+03
8.677277603561780461e-01 1.172670004913174147e+01 4.481807643684892355e+03
8.951809685959033480e-01 1.171040642429041689e+01 3.792866519231808070e+03
9.231085719489812158e-01 1.169738998021660947e+01 3.210671368550534680e+03
9.514081995713047357e-01 1.168336063877763564e+01 2.722708287044433746e+03
9.800767070736007280e-01 1.166690406442109662e+01 2.310255635551358409e+03
1.008981289064253328e+00 1.165313191749813448e+01 1.966353843968779302e+03
1.038114611356046213e+00 1.164132410001887052e+01 1.672059944532782538e+03
1.067396506479662888e+00 1.162186942676739321e+01 1.428196640571161197e+03
1.096770042557708935e+00 1.160862036748719461e+01 1.210886871773027906e+03
1.126130768008242855e+00 1.159174437027444959e+01 1.045195553930416054e+03
1.155484201868651750e+00 1.157389127301670761e+01 8.959908164184618045e+02
1.184750231347594385e+00 1.155561294753321100e+01 7.701569417425910160e+02
1.213832963989864400e+00 1.153820644201572243e+01 6.626598346111356932e+02
1.242738736375035513e+00 1.151902864623056644e+01 5.716829933275275835e+02
1.271358191123631798e+00 1.150070089104214155e+01 4.948439389131784196e+02
1.299680793154826430e+00 1.147587544036297835e+01 4.284106006669335898e+02
1.327616693728836283e+00 1.145191654733873143e+01 3.720683499417567646e+02
1.355148362623024294e+00 1.142836639178884894e+01 3.235105621000447513e+02
1.382221169246514503e+00 1.140466332045633813e+01 2.820051128015973063e+02
1.408764855422354856e+00 1.137671368511123760e+01 2.464233062992770726e+02
1.434774395024599913e+00 1.134485183680815190e+01 2.157085993863964291e+02
1.460197902908980883e+00 1.131306824015829449e+01 1.882166103984459085e+02
1.484985780909571007e+00 1.128040317440760631e+01 1.664348758738754555e+02
1.509106740249253065e+00 1.124577784683131831e+01 1.464859483542659291e+02
1.532556993613170881e+00 1.121075459385722262e+01 1.291445192334434182e+02
1.555273462571988174e+00 1.117312859124585067e+01 1.142597636452484693e+02
1.577228071809400056e+00 1.113379985458547594e+01 1.012344906892650158e+02
1.598346843217148372e+00 1.109319804806990284e+01 8.986712439600954383e+01
1.618617038231556560e+00 1.105043958680742122e+01 8.002228540371976351e+01
1.637946889454309884e+00 1.100599421204599260e+01 7.133235050495711960e+01
1.656320537975587426e+00 1.096069432050234482e+01 6.358446900450280737e+01
1.673684162936832864e+00 1.091379062118086729e+01 5.695083647970671592e+01
1.690021781042405635e+00 1.086495946732389051e+01 5.119848729907840834e+01
1.705308402091480158e+00 1.081550096087746127e+01 4.614064146179421044e+01
1.719527481453659856e+00 1.076338231858085415e+01 4.185700934290188258e+01
1.732663945003716899e+00 1.071135669053662909e+01 3.790138478388119836e+01
1.744705639080953663e+00 1.065614676607768097e+01 3.440201001740315689e+01
1.755661906820108253e+00 1.060039175460965488e+01 3.132015881307004790e+01
1.765548089439552770e+00 1.054389629111526361e+01 2.857684386482698358e+01
1.774343235474814318e+00 1.048505601088058903e+01 2.614012151799855488e+01
1.782096904632610501e+00 1.042533865480503685e+01 2.397957935473845126e+01
1.788800337810542596e+00 1.036559228943099420e+01 2.197382463327526381e+01
1.794466940174495040e+00 1.030390860725862012e+01 2.032370794286216054e+01
1.799154404375128857e+00 1.024095391055083226e+01 1.878680859720109808e+01
1.802848615977367563e+00 1.017777324232846503e+01 1.739375051889580348e+01
1.805591192292512526e+00 1.011376821663916026e+01 1.613726802975317653e+01
1.807420369332235044e+00 1.004857016736052522e+01 1.497045858898943393e+01
1.808355671262788400e+00 9.983147803060774095e+00 1.395756900738979667e+01
1.808436821841909570e+00 9.917431334501268125e+00 1.308866112706141394e+01
1.807680395406744855e+00 9.849959326517943481e+00 1.222089589500601825e+01
1.806140206566499096e+00 9.782400337948846669e+00 1.147442194416333550e+01
1.803839168634483014e+00 9.715443773638854807e+00 1.079830454256096495e+01
1.800801196445281693e+00 9.647284712029790654e+00 1.019966117279944129e+01
1.797077074042724432e+00 9.579441323307245071e+00 9.610102236043944757e+00
1.792697560025995562e+00 9.511136718246465449e+00 9.095198234507098078e+00
1.787692726052862557e+00 9.442807017816614135e+00 8.645035301808190908e+00
1.782086031222684275e+00 9.374658384681644918e+00 8.214947378104627163e+00
1.775913249224539747e+00 9.306299759307835373e+00 7.819044547375687770e+00
1.769218696737789420e+00 9.238211954277325333e+00 7.453838773522329930e+00
1.762039065970445462e+00 9.170284923708146962e+00 7.105731840632935281e+00
1.754379166110618726e+00 9.102481810366079173e+00 6.825381505671218818e+00
1.746296165357755115e+00 9.034607269248647654e+00 6.536095874100587899e+00
