2.191799393479931801e-01 1.550982551689759603e+01 3.683552447462830693e+06
2.277592831552648356e-01 1.517977549557608796e+01 3.051498236656934954e+06
2.367326336650191210e-01 1.488238149120812182e+01 2.534198834646751173e+06
2.460940355792697598e-01 1.461587501032915704e+01 2.109914067482866812e+06
2.558633794475204670e-01 1.437546495266126811e+01 1.749511632769328076e+06
2.660533537880738209e-01 1.413728929937515844e+01 1.450986827023179503e+06
2.766741416044626867e-01 1.393121692570432479e+01 1.205115578558065463e+06
2.877352131893915477e-01 1.374331093507330337e+01 9.996531495347666787e+05
2.992385489011933353e-01 1.357128491989638341e+01 8.334439628605438629e+05
3.112168673206426317e-01 1.340727137303647076e+01 6.921343233788857469e+05
3.236488923891293057e-01 1.326282935118296180e+01 5.750382464226447046e+05
3.365233683046678359e-01 1.312566741467219700e+01 4.786771341724650119e+05
3.499074795702230012e-01 1.300260841885066654e+01 3.987122719346527592e+05
3.638104165405183776e-01 1.288703215244492739e+01 3.322931971670426428e+05
3.781519281607715888e-01 1.278349235588791188e+01 2.764703909342276747e+05
3.930241593364703911e-01 1.268540197243405565e+01 2.305948795847322908e+05
4.084071276498318914e-01 1.260001071305471143e+01 1.919500402383871260e+05
4.242983865001864752e-01 1.251785009177752528e+01 1.603562145291282504e+05
4.406901069077188704e-01 1.244378693974467076e+01 1.337741005230019218e+05
4.576193132746402825e-01 1.237354834642486168e+01 1.118002557176554546e+05
4.750636773756591325e-01 1.231257615829376384e+01 9.350960066834639292e+04
4.930055197214174845e-01 1.225436784902856679e+01 7.826506803768617101e+04
5.114602944947651553e-01 1.220397525439945596e+01 6.537895938267518795e+04
5.304346316108845549e-01 1.215262152658751482e+01 5.488520778924705519e+04
5.499199783080351844e-01 1.210222196219492830e+01 4.601798676856624661e+04
5.699191774408775002e-01 1.206445923465796177e+01 3.860299897193174547e+04
5.903539372757270476e-01 1.202562974580560962e+01 3.228755596468409931e+04
6.113086568319348046e-01 1.198975370100995441e+01 2.726675529878269663e+04
6.327791341653378199e-01 1.195626589691418573e+01 2.293987080347127630e+04
6.547820171381454335e-01 1.193094507533830395e+01 1.931566759162698145e+04
6.773357945245973566e-01 1.189500632088811649e+01 1.626383112795403758e+04
7.004493529798427875e-01 1.186609196793601484e+01 1.371943266397057414e+04
7.240998707271724122e-01 1.184035287677776971e+01 1.155119504609521755e+04
7.483279770747816029e-01 1.181782923680354891e+01 9.755204540166419974e+03
7.730911991846796116e-01 1.179468027445955869e+01 8.230650615388927690e+03
7.984307201602224291e-01 1.177361559181372819e+01 6.942041603467764617e+03
8.242932854731371828e-01 1.175407022171507876e+01 5.865623311439282588e+03
8.506771861578874550e-01 1.173387995808560547e+01 4.965192270065006596e+03
8.775684281943549880e-01 1.171444313690663463e+01 4.192064731142337223e+03
9.049594676433031504e-01 1.169482291305867783e+01 3.551560904370152002e+03
9.327845250390058851e-01 1.168021069515786614e+01 3.006140506092762735e+03
9.610492167753653669e-01 1.166183427675545659e+01 2.549747937991552590e+03
9.897101324782521248e-01 1.164419312336633539e+01 2.163411682355932044e+03
1.018714791776705875e+00 1.162943526467851996e+01 1.838867802679197666e+03
1.048054075761088999e+00 1.161243894484177375e+01 1.562959759002125338e+03
1.077676050851180012e+00 1.159829293406524897e+01 1.330683394639161406e+03
1.107526224592446429e+00 1.158126954043695989e+01 1.134129896694823401e+03
1.137591038921413444e+00 1.156254115032316676e+01 9.677043213572497962e+02
1.167781107126921514e+00 1.154428339543012072e+01 8.271939780261462829e+02
1.198079570622314405e+00 1.152692905423241498e+01 7.077736459760486696e+02
1.228433567885787170e+00 1.151070582205470139e+01 6.060779585663478883e+02
1.258788716375777605e+00 1.149012648249033397e+01 5.201172032921472237e+02
1.289091017294213160e+00 1.146831168757276309e+01 4.476459857226481063e+02
1.319282530428963707e+00 1.144972379783193084e+01 3.848756265626524851e+02
1.349320457894466863e+00 1.142511776224449171e+01 3.316407006852591621e+02
1.379133650314536608e+00 1.140472933592833016e+01 2.865719012069709493e+02
1.408687277778877256e+00 1.138026740994002139e+01 2.477571763835992158e+02
1.437929372723542931e+00 1.135278493731184390e+01 2.148948445883345642e+02
1.466807141088039668e+00 1.132519712624749175e+01 1.866139608234737182e+02
1.495249413659528903e+00 1.129657440589530459e+01 1.622179123960018501e+02
1.523238448177821391e+00 1.126794136324983064e+01 1.412680648457328516e+02
1.550694150581072961e+00 1.123765230794689529e+01 1.233171615405780557e+02
1.577612453809683624e+00 1.120560601363373721e+01 1.077287384700114785e+02
1.603909390562388904e+00 1.117251886936190886e+01 9.439536340144724136e+01
1.629554294226864597e+00 1.113773984968299402e+01 8.252894383477547535e+01
1.654517205143345437e+00 1.110169009916655014e+01 7.288254200328418619e+01
1.678757152333272495e+00 1.106427104032679765e+01 6.413417064124118383e+01
1.702240276882205139e+00 1.102514027128917995e+01 5.659944104524834785e+01
1.724924086894165320e+00 1.098568392473673327e+01 5.009900952659570805e+01
1.746788326167513672e+00 1.094350181432054470e+01 4.434525712155950572e+01
1.767812011289354501e+00 1.090090384883622754e+01 3.928502334707565069e+01
1.787970215066257973e+00 1.085777589502528606e+01 3.502398436338035737e+01
1.807233345257355239e+00 1.081214019121969017e+01 3.124375296325948170e+01
1.825588804706971935e+00 1.076469050959156526e+01 2.782010486185730613e+01
1.843029111858964786e+00 1.071725923482099319e+01 2.487017615476205279e+01
1.859535072614280748e+00 1.066770245098927106e+01 2.238295638861195158e+01
1.875098216522675498e+00 1.061760129630899741e+01 2.010773977807873436e+01
1.889726329494296087e+00 1.056654241906676894e+01 1.810802234965444057e+01
1.903406034152803183e+00 1.051481753383232132e+01 1.632989234064662298e+01
1.916131085280179169e+00 1.046114459176096290e+01 1.476880427339890112e+01
1.927914913797340146e+00 1.040741239762972370e+01 1.338214272141523153e+01
1.938758677158731514e+00 1.035257872655367173e+01 1.214508367520207166e+01
1.948626367135751103e+00 1.029664901432704482e+01 1.102434871157917762e+01
1.957476452710563919e+00 1.024033312245056493e+01 1.005917480738764880e+01
1.965271679258867588e+00 1.018354557905598767e+01 9.215788523321103654e+00
1.971981908955026563e+00 1.012587725670836925e+01 8.433774257132464314e+00
1.977552902623048281e+00 1.006779889002175743e+01 7.763100307071626460e+00
1.981990707423619380e+00 1.000992776790154437e+01 7.183625804133702886e+00
1.985271628769979646e+00 9.950884729716394261e+00 6.658709955081444143e+00
1.987380525552253641e+00 9.892325043187465639e+00 6.171248774495581735e+00
1.988294459984013329e+00 9.832489789633044097e+00 5.758225610545607331e+00
1.988058551630601523e+00 9.773234564550902448e+00 5.393946564673505861e+00
1.986613849152973232e+00 9.713803974713290046e+00 5.090120527649635740e+00
1.984021124649681722e+00 9.655185128277631534e+00 4.793243732480649832e+00
1.980228711854987278e+00 9.595932038673486986e+00 4.550930477853754930e+00
1.975280401402301989e+00 9.537976621837733759e+00 4.341604094841573058e+00
1.969204652422389845e+00 9.480422601743459410e+00 4.162247072926120062e+00
1.962002968437668526e+00 9.424687222018985011e+00 4.015688615366767245e+00
1.953772818079476448e+00 9.370539266684208002e+00 3.906189682525390783e+00
1.944660865169937747e+00 9.320498091098123439e+00 3.814943804152540086e+00
