2.191799393479931801e-01 1.550982551689759603e+01 3.683552447462830693e+06
2.274663261394489211e-01 1.521444293859181052e+01 3.079998665646740701e+06
2.361199497394781965e-01 1.491549492033807489e+01 2.574297739813333843e+06
2.451413577738641436e-01 1.463403239056713900e+01 2.148139423636723310e+06
2.545385566823887835e-01 1.440722192979604444e+01 1.797591193839800544e+06
2.643280731793766769e-01 1.417727147599965498e+01 1.500578510039455956e+06
2.745186276745092413e-01 1.397712351009105269e+01 1.252273697123710532e+06
2.851193715444726440e-01 1.378736552295763396e+01 1.047698294623324415e+06
2.961465053235494693e-01 1.361373532099574213e+01 8.742095473641661229e+05
3.075671461941810181e-01 1.345418402317611850e+01 7.326010221919695614e+05
3.194340009743306674e-01 1.331376104135399707e+01 6.124278877920059022e+05
3.317555321618791409e-01 1.318035951162748098e+01 5.078293363160164445e+05
3.445112122808026145e-01 1.305296372117788195e+01 4.241827917848200887e+05
3.577184241744243431e-01 1.293527425090853100e+01 3.591132728036629269e+05
3.713936086750755372e-01 1.282998300142306825e+01 3.003929064125681762e+05
3.855407683868232738e-01 1.273611809897292524e+01 2.522321895661049348e+05
4.001535930404093167e-01 1.264563534333911043e+01 2.113593886069424625e+05
4.152444449723831088e-01 1.256518047115994818e+01 1.774452761660235992e+05
4.308092541628861238e-01 1.248681564610937933e+01 1.480472381307024916e+05
4.468662852908973915e-01 1.241771997589802545e+01 1.253044659577010170e+05
4.634083417401599347e-01 1.235309842680471348e+01 1.053039360634274199e+05
4.804131930983102095e-01 1.229480002239084158e+01 8.770270808051206404e+04
4.978967484588183723e-01 1.223898260969348861e+01 7.454036846557720855e+04
5.158658538947786809e-01 1.218918018711979911e+01 6.287085421810597472e+04
5.343171126342169952e-01 1.214152820463659133e+01 5.293697042680482991e+04
5.532459577068639112e-01 1.210043264584995626e+01 4.458958451123058330e+04
5.726208902371637821e-01 1.206009188255250031e+01 3.765745794444862258e+04
5.924584309607752175e-01 1.202308991027431873e+01 3.187195787188669783e+04
6.127603019427642073e-01 1.198765072214025018e+01 2.693908263093496498e+04
6.335573610170943670e-01 1.195640302236933827e+01 2.277856977266220201e+04
6.548670104700736738e-01 1.192124115727816225e+01 1.934866562838899699e+04
6.767114514832736072e-01 1.189586986815399605e+01 1.631932670141520248e+04
6.990804160315191584e-01 1.186836038728261222e+01 1.380284777727599067e+04
7.220263205087541492e-01 1.184381647258410908e+01 1.174191032981115495e+04
7.455128844313864134e-01 1.182133641861758377e+01 9.946976919665172318e+03
7.695312153650768483e-01 1.179958578179930662e+01 8.432126947781120180e+03
7.941402332658562546e-01 1.177808811515869003e+01 7.154040465856694027e+03
8.192574458908551405e-01 1.175804975909594852e+01 6.071367637726445537e+03
8.449107115245343413e-01 1.173846629665826313e+01 5.152152431648791207e+03
8.710888577911575226e-01 1.172405875488792582e+01 4.375053736670161015e+03
8.977642326066852529e-01 1.170529630438505464e+01 3.717302766701250675e+03
9.249132197127895028e-01 1.169036915637330232e+01 3.145919679713555070e+03
9.525150766604496555e-01 1.167328208294341252e+01 2.670082282914994266e+03
9.805314359555677983e-01 1.165884160058454988e+01 2.293329649668612092e+03
1.008938909976323517e+00 1.164356605046069326e+01 1.954347231441779741e+03
1.037707163559618673e+00 1.162799157419643414e+01 1.666932106448336299e+03
1.066802008187231587e+00 1.161421580092338246e+01 1.422938398975850077e+03
1.096180159072394300e+00 1.160154544520500330e+01 1.216999454002462244e+03
1.125797787460889099e+00 1.158509278187142932e+01 1.044226609753549383e+03
1.155602873499719463e+00 1.157052874764056938e+01 8.929954128101556989e+02
1.185562645132429260e+00 1.155419966251333008e+01 7.656983762648197853e+02
1.215648740908373604e+00 1.153818112276577068e+01 6.536920135926239936e+02
1.245779893584245901e+00 1.152215652083940078e+01 5.659128437632726900e+02
1.275930019802591353e+00 1.150526302611727480e+01 4.873786549624257987e+02
1.306045035556656853e+00 1.148749307451951474e+01 4.205631527392952762e+02
1.336069052524363254e+00 1.146828251579970726e+01 3.627133457624399284e+02
1.365959692614464593e+00 1.144907446459936473e+01 3.142886532849308878e+02
1.395653550090225181e+00 1.142778609611513474e+01 2.724720994857643745e+02
1.425102775437355085e+00 1.140538950667600737e+01 2.365461139541182547e+02
1.454274808842486832e+00 1.138452011221414040e+01 2.055373555172065210e+02
1.483107522672568512e+00 1.136015620868788289e+01 1.783395784950682810e+02
1.511548471502254465e+00 1.133520186583301559e+01 1.561462499948823961e+02
1.539553258381087808e+00 1.130898304296205481e+01 1.363661454621782525e+02
1.567072861250524918e+00 1.128157283773932562e+01 1.193443482520198700e+02
1.594077340642319873e+00 1.125272546282748642e+01 1.046608056333984678e+02
1.620509868771155881e+00 1.122258208168231342e+01 9.166406489391495427e+01
1.646330144128005823e+00 1.119112371488475333e+01 8.090542415728261005e+01
1.671503351287557448e+00 1.115848249312041318e+01 7.101015007529849754e+01
1.695992313826302667e+00 1.112432900311017292e+01 6.298482638234395381e+01
1.719776578975735326e+00 1.108920297954542100e+01 5.553632771839728122e+01
1.742804053480827564e+00 1.105281917960663840e+01 4.940392850139346592e+01
1.765046278165833815e+00 1.101473911091044044e+01 4.385561335703877717e+01
1.786497178519544260e+00 1.097616021117524809e+01 3.901836782693938233e+01
1.807119326654233138e+00 1.093509420703327706e+01 3.477303632023074442e+01
1.826889001928545975e+00 1.089411891337594795e+01 3.094320829981839083e+01
1.845793085491594487e+00 1.085086535157003063e+01 2.778022989098923645e+01
1.863818348693251359e+00 1.080650954984775858e+01 2.491601248097375887e+01
1.880951707081453206e+00 1.076147270921197752e+01 2.230398116000710473e+01
1.897186200020355651e+00 1.071536612549765977e+01 2.014165654326718169e+01
1.912504739804203435e+00 1.066809666737770890e+01 1.816233889350894160e+01
1.926922928759707609e+00 1.062009149826970678e+01 1.641922054217989668e+01
1.940415397383225882e+00 1.057028198792451334e+01 1.485244669199986589e+01
1.953001342281312835e+00 1.051924656794695068e+01 1.347166162017648716e+01
1.964670846448104413e+00 1.046860465076122537e+01 1.224610443540150229e+01
1.975440096605638463e+00 1.041670900505482855e+01 1.115329892824481384e+01
1.985310614394309114e+00 1.036338112344820850e+01 1.017281842450837814e+01
1.994292666224404487e+00 1.030979249010540855e+01 9.300681159740554094e+00
2.002403441427943243e+00 1.025569726750487831e+01 8.493105342533473490e+00
2.009633505650973095e+00 1.020088821018103076e+01 7.798679233306994973e+00
2.015941393886748312e+00 1.014519577616488455e+01 7.195977789706052619e+00
2.021284106103183209e+00 1.008950168847448481e+01 6.618051240359775989e+00
2.025595663629384813e+00 1.003396667655573893e+01 6.140488224891861080e+00
2.028842078591260645e+00 9.977789504723565628e+00 5.700973029745891374e+00
2.030946034718542403e+00 9.921753022882912276e+00 5.313121546478497770e+00
2.031862087798152583e+00 9.865751571925120089e+00 4.959425502452345036e+00
2.031558731738778434e+00 9.810273836084471455e+00 4.661325620530123004e+00
2.029950790372468727e+00 9.754665690018462954e+00 4.414522407341431531e+00
2.026986630790981181e+00 9.700342620388504145e+00 4.185991422970345432e+00
2.022585945861523626e+00 9.647453327715066251e+00 4.007158457869559598e+00
2.016920880961810880e+00 9.601038340884956668e+00 3.878999943685850216e+00
