2.191799393479931801e-01 1.550982551689759603e+01 3.683552447462830693e+06
2.282657942136369633e-01 1.517803501006993905e+01 3.025004532819614746e+06
2.377731018176324762e-01 1.485375656778330899e+01 2.486661032625775319e+06
2.477382362613769484e-01 1.457229916650083013e+01 2.039880466981532983e+06
2.581547444771693511e-01 1.431605393680259297e+01 1.676132463955459651e+06
2.690429853673375060e-01 1.408393788306207917e+01 1.379113025625832612e+06
2.804142079315692371e-01 1.386678763370242429e+01 1.132261867725881049e+06
2.922885839649032591e-01 1.367232961918278988e+01 9.299569149055506568e+05
3.046445455508967060e-01 1.349325995689181035e+01 7.661669909386053914e+05
3.175527910221892514e-01 1.333144677632123098e+01 6.287488947381199105e+05
3.309359885164477877e-01 1.318576070821058721e+01 5.184224627459923504e+05
3.448770569186736523e-01 1.304417057860620233e+01 4.270726225071729277e+05
3.593745138200128975e-01 1.292449974899747644e+01 3.516842154561344068e+05
3.744032712956573139e-01 1.280662878092772772e+01 2.895101577010513865e+05
3.900051203259978227e-01 1.270450621973908945e+01 2.389743266103533097e+05
4.061733024060540931e-01 1.261161443870863863e+01 1.973118303606465925e+05
4.229019414461300808e-01 1.252846045256230845e+01 1.626120579478740983e+05
4.402094344714518326e-01 1.244487003152450910e+01 1.345800855140445346e+05
4.581055090951500763e-01 1.237345114980783656e+01 1.111447511995251407e+05
4.765768419435396641e-01 1.230758156062704245e+01 9.198395352708523569e+04
4.956028669493324768e-01 1.224706708514191611e+01 7.612454629488714272e+04
5.152076933945841652e-01 1.219078679001560417e+01 6.319195865885884268e+04
5.353898635466147748e-01 1.214008768467336452e+01 5.240928495448923786e+04
5.561428145309168514e-01 1.209290686420874827e+01 4.346601262573949498e+04
5.774247650501683760e-01 1.204986441949704634e+01 3.618665566070073692e+04
5.992646948360492720e-01 1.200955485820782265e+01 3.011512024406465571e+04
6.216663242676885304e-01 1.197207073981015313e+01 2.489485902897193228e+04
6.446864907709650705e-01 1.193770543509599236e+01 2.070141710821841116e+04
6.683354823171295811e-01 1.190609953635208385e+01 1.742912437667792619e+04
6.926312043322301326e-01 1.187690077432750257e+01 1.452901808755202546e+04
7.175712635145583551e-01 1.184919541143639954e+01 1.212913187713649677e+04
7.431935688072529578e-01 1.182340936334331616e+01 1.010905152677443402e+04
7.694658194981828236e-01 1.179891614664674648e+01 8.440332591521895665e+03
7.964369007528119271e-01 1.177700718734594965e+01 7.067835012465991895e+03
8.240442230974662774e-01 1.175665449986638755e+01 5.836841631098724974e+03
8.522791328871334171e-01 1.173721397475446437e+01 4.926091157144726822e+03
8.811660881247701527e-01 1.171487962253029735e+01 4.120021534263853027e+03
9.106321172321187873e-01 1.169987999816227919e+01 3.444082677447309379e+03
9.406592397816558870e-01 1.168181991383996987e+01 2.863510542281612743e+03
9.712147512595232790e-01 1.166526410346926745e+01 2.420244948591426692e+03
1.002271068702826007e+00 1.164899097563981378e+01 2.030571066359345650e+03
1.033760999929959512e+00 1.163217019212170555e+01 1.708153695850321355e+03
1.065665447752254025e+00 1.161668835755851070e+01 1.436029860933354030e+03
1.097920396853531377e+00 1.160130381126153232e+01 1.210197782229237191e+03
1.130469824679520174e+00 1.158581152086691546e+01 1.019079629370561861e+03
1.163238555937512686e+00 1.156886226232389880e+01 8.608595422509952186e+02
1.196202204816282144e+00 1.155249775005082746e+01 7.282781052698816211e+02
1.229295520253105289e+00 1.153869200161788555e+01 6.126109330319153514e+02
1.262449178385544268e+00 1.151859631342536439e+01 5.239158623843544547e+02
1.295581380657151227e+00 1.149957516535464208e+01 4.448879530865843890e+02
1.328639950376089063e+00 1.147968528691673029e+01 3.784878774443670295e+02
1.361557845634384867e+00 1.145911643744756248e+01 3.227247755682387265e+02
1.394261721625905448e+00 1.143683557951605145e+01 2.761788834365217440e+02
1.426695708702404808e+00 1.141612870058086493e+01 2.363317197921564912e+02
1.458789905336790760e+00 1.138982190296068175e+01 2.025347781012508790e+02
1.490486543167479638e+00 1.136592335624050065e+01 1.741169751006985109e+02
1.521700664608507836e+00 1.133625166357987446e+01 1.498982523683261547e+02
1.552381035250557817e+00 1.130803935951843897e+01 1.293220721341372439e+02
1.582467141143545142e+00 1.127831725874601965e+01 1.118511296602635525e+02
1.611912841108144923e+00 1.124597088929735733e+01 9.691969131318118968e+01
1.640641114958420799e+00 1.121252320911105116e+01 8.416489900596211271e+01
1.668614752550685809e+00 1.117764031685321768e+01 7.326959378528283651e+01
1.695775182391972224e+00 1.114204113980357391e+01 6.390461317353178572e+01
1.722086560564900948e+00 1.110363001079367606e+01 5.585273764068364244e+01
1.747510280770066871e+00 1.106431211208038690e+01 4.891171439912736219e+01
1.771985153472668051e+00 1.102315770723596700e+01 4.299543615811430186e+01
1.795505668807042099e+00 1.098052505623956421e+01 3.781098127033598644e+01
1.818015833745516785e+00 1.093604381210262311e+01 3.335848643203897268e+01
1.839511896442560523e+00 1.089108362838715216e+01 2.950701849836313784e+01
1.859951775474933511e+00 1.084400219177275915e+01 2.614596064652713991e+01
1.879327893086758516e+00 1.079595138029520918e+01 2.320830895965189811e+01
1.897623577137451001e+00 1.074536178574405021e+01 2.061016901040121851e+01
1.914832857754829254e+00 1.069462983611161810e+01 1.837598052997218545e+01
1.930938268107944111e+00 1.064166858966775209e+01 1.649475925918111585e+01
1.945951869395904144e+00 1.058791013913829993e+01 1.478198612380878352e+01
1.959855237759109858e+00 1.053313129346620514e+01 1.328574273854196264e+01
1.972672171753929060e+00 1.047786207122464930e+01 1.197043316599549811e+01
1.984399813889478725e+00 1.042062820364941267e+01 1.080500479943938608e+01
1.995049626007599386e+00 1.036330023082106599e+01 9.781529187201194020e+00
2.004623321094870292e+00 1.030483472202456063e+01 8.845051411541559716e+00
2.013114831035915042e+00 1.024545021992416061e+01 8.069373049403786524e+00
2.020472553985074526e+00 1.018513869566022656e+01 7.338728147905374755e+00
2.026680551878938363e+00 1.012477952329418862e+01 6.715552067200193598e+00
2.031715967432565328e+00 1.006407334608699600e+01 6.161445187502764043e+00
2.035556499555180032e+00 1.000230803664560142e+01 5.689285161689211279e+00
2.038211919175884290e+00 9.940611573222025044e+00 5.256734460465761316e+00
2.039672339239885446e+00 9.878783718660780977e+00 4.877019953231650717e+00
2.039938513696736955e+00 9.817002726679412206e+00 4.529539603834201955e+00
2.039046558474923554e+00 9.754350119238541339e+00 4.232382272467753559e+00
2.036983722729393431e+00 9.692502676621266744e+00 3.971250443842194500e+00
2.033806632032805872e+00 9.629838018801798682e+00 3.737071011339931026e+00
2.029524589660697931e+00 9.567988136488128958e+00 3.535497758156214587e+00
2.024197730982790766e+00 9.505963908067467827e+00 3.359269465759454398e+00
2.017858697318998917e+00 9.444379363033664987e+00 3.205684890308972079e+00
2.010540114259282252e+00 9.382618264337821756e+00 3.071073209775432300e+00
2.002319530088831012e+00 9.322444687006186115e+00 2.944961778415183140e+00
1.993243212899161065e+00 9.262693640812097229e+00 2.847018300843672467e+00
1.983365057821758315e+00 9.203958062494308479e+00 2.758720626603555548e+00
1.972763898888049594e+00 9.146476753785238500e+00 2.688077368555426450e+00
1.961505249345429469e+00 9.090161261250280234e+00 2.630902203707969012e+00
