2.191799393479931801e-01 1.550982551689759603e+01 3.683552447462830693e+06
2.276155035804538485e-01 1.518595719241552722e+01 3.063466346769488417e+06
2.364286215791552570e-01 1.489550719002429169e+01 2.555659943659567274e+06
2.456265469825677783e-01 1.462853600900180417e+01 2.124198475201398600e+06
2.552125667369454787e-01 1.438923547175583195e+01 1.775195359193010489e+06
2.652064311829530618e-01 1.416084029902843966e+01 1.476393894482585369e+06
2.756144790675291167e-01 1.394903341055785617e+01 1.230568984764196677e+06
2.864482873941820440e-01 1.376701901963727259e+01 1.023084655346866115e+06
2.977085755308092052e-01 1.359153206898782962e+01 8.528165659547718242e+05
3.094221271472478718e-01 1.342931037094591318e+01 7.119512691043275408e+05
3.215651783455510393e-01 1.328800755373481302e+01 5.929524488697513007e+05
3.341794734669778499e-01 1.314926876926942079e+01 4.959179948099658359e+05
3.472523705677879602e-01 1.302435052402261562e+01 4.086136166396797053e+05
3.608160854852156540e-01 1.290244338286444759e+01 3.457144562485090573e+05
3.748222111459055816e-01 1.280495702517666956e+01 2.880349441457823268e+05
3.893395881636710909e-01 1.271180686743069366e+01 2.382934271025132330e+05
4.043406980906527615e-01 1.262129622452249400e+01 2.015800170844716195e+05
4.198274298527920334e-01 1.254140671271105312e+01 1.684034043123477313e+05
4.358393008055010953e-01 1.246625244974617708e+01 1.410145305957332312e+05
4.523149786795927496e-01 1.239605690240088975e+01 1.183711904199940327e+05
4.693172859276531494e-01 1.233205532894835699e+01 9.919446914435882354e+04
4.868139880952072063e-01 1.227608228947169522e+01 8.297225699507849640e+04
5.047724947709447685e-01 1.221974960375245267e+01 6.975314970268600155e+04
5.232524790259611702e-01 1.216967750194067577e+01 5.858818680099945050e+04
5.422274166026973541e-01 1.212299793112783419e+01 4.929667528780120483e+04
5.616963873723325174e-01 1.208184505990911717e+01 4.144858010272673710e+04
5.816083662983160263e-01 1.204240725056121164e+01 3.488780424206501630e+04
6.020224340328231838e-01 1.200555989489286901e+01 2.942519775668903821e+04
6.229145810040190856e-01 1.197050194087523423e+01 2.482441299361404890e+04
6.443436826301764953e-01 1.193813628226440748e+01 2.075576021253200815e+04
6.663462083741570341e-01 1.191004870126421089e+01 1.766955053056425095e+04
6.888708473744976635e-01 1.188309897755812905e+01 1.494153832266093377e+04
7.119704381525583381e-01 1.185634042008762101e+01 1.259525217112953942e+04
7.356645983011979029e-01 1.183140746286230183e+01 1.056285608119947392e+04
7.599253106181188544e-01 1.180845989616097569e+01 9.011352581742796247e+03
7.848032596161534924e-01 1.178638339695681658e+01 7.615209298258904710e+03
8.102208671543554841e-01 1.176668987881332740e+01 6.438109081138110923e+03
8.362164180174193051e-01 1.174631225220804609e+01 5.448356753930995183e+03
8.627879542948547753e-01 1.173031546788451784e+01 4.610773344155362793e+03
8.898717620721761090e-01 1.171287300684416266e+01 3.904775144523283416e+03
9.174676738196426706e-01 1.170124659187423433e+01 3.309608858309069092e+03
9.455579468170233204e-01 1.168029809344428038e+01 2.809683393211641487e+03
9.741006745054603400e-01 1.166380202583897052e+01 2.384119621143569930e+03
1.003079185599358825e+00 1.164976333194198865e+01 2.022668535547318925e+03
1.032434153814503652e+00 1.163821989439614235e+01 1.707565701118342076e+03
1.062161654827759261e+00 1.162057098308393499e+01 1.463608850505072951e+03
1.092199914815852768e+00 1.160836987583120994e+01 1.246763053795943733e+03
1.122505230649782915e+00 1.159119925257595618e+01 1.063482731439519057e+03
1.153021994922015292e+00 1.157710625772162594e+01 9.022560546908059678e+02
1.183732807083730965e+00 1.156203951929454554e+01 7.765275073950061824e+02
1.214574573988503881e+00 1.154768441755126673e+01 6.648869500565142516e+02
1.245492325692043156e+00 1.153285215408037168e+01 5.663808833590754830e+02
1.276415415428116873e+00 1.151290508727208994e+01 4.895319267131118863e+02
1.307339509813963740e+00 1.149501960690929714e+01 4.213706240644048648e+02
1.338174834208369468e+00 1.147771788527197323e+01 3.603096663775567663e+02
1.368860022523317843e+00 1.145831585373104566e+01 3.126101035904315495e+02
1.399377786220036057e+00 1.144055473418354474e+01 2.699669696368748077e+02
1.429649648118514804e+00 1.141600817571590731e+01 2.324122262372445675e+02
1.459612510135537944e+00 1.139492649748750175e+01 2.025392885648488175e+02
1.489242830837632869e+00 1.137107635171310172e+01 1.758920831562863896e+02
1.518462654772808174e+00 1.134567701838812503e+01 1.529531365961761367e+02
1.547229219088400276e+00 1.131934934250425684e+01 1.332883896121016107e+02
1.575487884033886843e+00 1.129261279818958918e+01 1.161092802989729051e+02
1.603211695571176154e+00 1.126334752263682226e+01 1.017308732856694178e+02
1.630330078190452392e+00 1.123298877576570121e+01 8.915989039876207300e+01
1.656809279892334175e+00 1.120195521371384650e+01 7.824408338952324016e+01
1.682613340986658823e+00 1.116868605214821741e+01 6.879594644432161488e+01
1.707689877509628529e+00 1.113440169615018505e+01 6.060507899199236448e+01
1.732023486942706469e+00 1.109869417472296860e+01 5.350973242628312221e+01
1.755574155402646497e+00 1.106194115185589766e+01 4.716293603330144890e+01
1.778294479661898464e+00 1.102377761170877513e+01 4.178254936175303413e+01
1.800182585963792770e+00 1.098442129489443353e+01 3.723809236787027999e+01
1.821194951597573830e+00 1.094392552850612788e+01 3.303825981128942857e+01
1.841317736390976734e+00 1.090132644799447093e+01 2.955896291995758673e+01
1.860527137256680508e+00 1.085786566666498487e+01 2.641316288588259553e+01
1.878814457214037281e+00 1.081259864274658433e+01 2.362743673341151762e+01
1.896167945331434623e+00 1.076762580584737350e+01 2.118863216877110389e+01
1.912577784674149850e+00 1.072012926733371074e+01 1.899116889997730695e+01
1.928029301393672235e+00 1.067187102728245840e+01 1.715388090842125379e+01
1.942531341164912773e+00 1.062256524751258979e+01 1.547670405304509345e+01
1.956075152819667373e+00 1.057284928503774246e+01 1.399264287703846144e+01
1.968664895493559941e+00 1.052159738625612384e+01 1.268282302616586854e+01
1.980290661326870927e+00 1.046913219887390767e+01 1.147932511738505212e+01
1.990889625506137905e+00 1.041627673352512673e+01 1.048198086365411008e+01
2.000343001054559089e+00 1.036326678109600508e+01 9.574112499114370678e+00
2.008525056536559994e+00 1.030931803869229491e+01 8.743629310475377281e+00
2.015282337250653200e+00 1.025500551633739299e+01 8.070401679900525593e+00
2.020431320880564208e+00 1.020034708059216833e+01 7.454624496312916015e+00
2.023771988836916780e+00 1.014677744883636556e+01 6.955199379426970197e+00
2.024860812603248572e+00 1.009328275763618699e+01 6.538754135329123862e+00
2.023099693746200689e+00 1.004348542047347514e+01 6.212568328607321888e+00
2.018772209647909932e+00 9.993881495869835874e+00 6.009486042620694413e+00
2.012429777143177390e+00 9.943430784456737115e+00 5.814174189981827112e+00
2.004458339097989317e+00 9.891767653987685094e+00 5.664981085611668910e+00
1.995150628109940039e+00 9.839125194063969460e+00 5.539899166262529207e+00
1.984749810252235847e+00 9.784545948346325517e+00 5.445237913030663179e+00
1.973412136244345971e+00 9.728453589356821141e+00 5.351251773429700265e+00
1.961268599213066732e+00 9.670922126296993326e+00 5.265080149283225097e+00
1.948489529677735810e+00 9.613062972051148236e+00 5.174342209792138547e+00
1.935125762536150207e+00 9.553399307754183667e+00 5.121013638577425198e+00
