2.191799393479931801e-01 1.550982551689759603e+01 3.683552447462830693e+06
2.280219267422464169e-01 1.518122196682101332e+01 3.043181652043010108e+06
2.372772534247052367e-01 1.487839885327452372e+01 2.514520970847952180e+06
2.469503728982193891e-01 1.458811394914511084e+01 2.070298842276935698e+06
2.570555675350791325e-01 1.433567560226116200e+01 1.708305761334690731e+06
2.676060180293450275e-01 1.410809658202027883e+01 1.414300762991522206e+06
2.786191517095016335e-01 1.392557649620966664e+01 1.165531536180912051e+06
2.900994814219198248e-01 1.370388033089908753e+01 9.646367676644822350e+05
3.020474305273696536e-01 1.352980444904066815e+01 7.969386568412939087e+05
3.145063448786228899e-01 1.336328206489440795e+01 6.584858403274067678e+05
3.274276328850405093e-01 1.322379725928082195e+01 5.454125676273849094e+05
3.408793153591243574e-01 1.308220548888110457e+01 4.506820455800323398e+05
3.548191381748230233e-01 1.295753636791992847e+01 3.735166601275838912e+05
3.692913932648851372e-01 1.284663151882669929e+01 3.086381853368467418e+05
3.843031043971501526e-01 1.274090517214902896e+01 2.559048093891575118e+05
3.998371266985267791e-01 1.264643975552682420e+01 2.127822874885151978e+05
4.159134158851995333e-01 1.255932417555072256e+01 1.761196467262945080e+05
4.325398441333781485e-01 1.247620520727216409e+01 1.459780394457543152e+05
4.497251793637237482e-01 1.240350118188363027e+01 1.215147925232314301e+05
4.674415753066650248e-01 1.233792784074475612e+01 1.010657207182069978e+05
4.856905579676225604e-01 1.227594617258063003e+01 8.404555816697403498e+04
5.044945179925611756e-01 1.222066807218844176e+01 6.990776842104452953e+04
5.238445590768950888e-01 1.216721454171127448e+01 5.826281024558087665e+04
5.437379732950957667e-01 1.211994341844513023e+01 4.862465718830797414e+04
5.641739388204768391e-01 1.207572158080423463e+01 4.055089393151170952e+04
5.850981681621006958e-01 1.203715576473327609e+01 3.387710026499094965e+04
6.065632002160986636e-01 1.199829180523553873e+01 2.833105710996888229e+04
6.285687673692263999e-01 1.196080841415685825e+01 2.373674540804136996e+04
6.511767365277749686e-01 1.193041518258864997e+01 1.987522299119272793e+04
6.743879881191581216e-01 1.190034103626754280e+01 1.663005075486755231e+04
6.982524602062554209e-01 1.187130986890033313e+01 1.394962161522171482e+04
7.227505304195700475e-01 1.184567119012005243e+01 1.166980524958106071e+04
7.479133966907028919e-01 1.182011990398996915e+01 9.697464586431580756e+03
7.737140334994455637e-01 1.179482779430053974e+01 8.208840594949431761e+03
8.001748333097954413e-01 1.177439299636679593e+01 6.817965917279042515e+03
8.272752245514731761e-01 1.175670653345747674e+01 5.766961579528490802e+03
8.549921657431037714e-01 1.173584784968985950e+01 4.850117862349351526e+03
8.833572357317427404e-01 1.171839205084270930e+01 4.065992780259105075e+03
9.122786955638120254e-01 1.171327795693619045e+01 3.416993830808453367e+03
9.417597110733689769e-01 1.168477728430763207e+01 2.874072540540193131e+03
9.717712459060181551e-01 1.166866127675164044e+01 2.419939997334111922e+03
1.002272242066811314e+00 1.165381333759700411e+01 2.038056162734293594e+03
1.033226339315743258e+00 1.163787565154959047e+01 1.718488419626711220e+03
1.064592544327756407e+00 1.162759711789150607e+01 1.449710184654237310e+03
1.096316845385456373e+00 1.160976499882654878e+01 1.224851415849779869e+03
1.128348386046978957e+00 1.159446471201552775e+01 1.037014392148416164e+03
1.160627714343185346e+00 1.158096269743036899e+01 8.783154418738666891e+02
1.193120090967652036e+00 1.156614324361807533e+01 7.424776812525830110e+02
1.225756797042030222e+00 1.154973560663441567e+01 6.331820475696862331e+02
1.258478151971569980e+00 1.153591767429827186e+01 5.385872618668096266e+02
1.291208135151202141e+00 1.151557034344105901e+01 4.593732319443062124e+02
1.323907636577710933e+00 1.149667300609944398e+01 3.917659672028943874e+02
1.356512583432305519e+00 1.147886763065498172e+01 3.350620543810854883e+02
1.388948067562542965e+00 1.145958240518557147e+01 2.871855140235974204e+02
1.421146781487632182e+00 1.143982821654672577e+01 2.463423451464580580e+02
1.453052537530773458e+00 1.141594787770066155e+01 2.106664408920819653e+02
1.484602763324283980e+00 1.139400789801338654e+01 1.825079453049764027e+02
1.515757522409999725e+00 1.136818110582376384e+01 1.574588659041066308e+02
1.546414155933264700e+00 1.134271615974244085e+01 1.361551518714176439e+02
1.576539467875690992e+00 1.131431880839416060e+01 1.180123842693843983e+02
1.606072036004638326e+00 1.128671546746778098e+01 1.023809732778246513e+02
1.634967367339076549e+00 1.125557666096324461e+01 8.911768381372193915e+01
1.663155896826382873e+00 1.122386498549837874e+01 7.764881053861317639e+01
1.690597803212650962e+00 1.119033447331518438e+01 6.783487208082193831e+01
1.717258795094954493e+00 1.115525149994490128e+01 5.937435442246263761e+01
1.743075252877884784e+00 1.111875582832940701e+01 5.188809255286561495e+01
1.768021483752834078e+00 1.108110694695798593e+01 4.580252333611954185e+01
1.792052384279247734e+00 1.104141015862771447e+01 4.019814386797054340e+01
1.815159255096311153e+00 1.100039026131059394e+01 3.562130664012122594e+01
1.837283402474805927e+00 1.095759959724520805e+01 3.153001432228553824e+01
1.858425744501927657e+00 1.091369462718514605e+01 2.786879553010271948e+01
1.878546535785906357e+00 1.086941512449339875e+01 2.485657111015398257e+01
1.897637795408644967e+00 1.082238895834123937e+01 2.207101770817816444e+01
1.915684489115851319e+00 1.077444767309981621e+01 1.976499895752202107e+01
1.932641945912408676e+00 1.072494493324715670e+01 1.763941878219099735e+01
1.948455066607991171e+00 1.067471703563092156e+01 1.587867254270727813e+01
1.963108602636693734e+00 1.062354955760027231e+01 1.424213542097722041e+01
1.976573634558680848e+00 1.057066525423061343e+01 1.288724789353005207e+01
1.988817357142189657e+00 1.051727821142236863e+01 1.162601567980659212e+01
1.999831686005473008e+00 1.046246701743649510e+01 1.057672589921259565e+01
2.009616231997117364e+00 1.040689860769976072e+01 9.596933532041079573e+00
2.018176580108433260e+00 1.035039707806254583e+01 8.783461539675956331e+00
2.025518554237721425e+00 1.029276686278698349e+01 8.019917685585367551e+00
2.031648870437622989e+00 1.023464014544284950e+01 7.383913131856965073e+00
2.036598498675932678e+00 1.017599897923479091e+01 6.778396035821890209e+00
2.040386046518555041e+00 1.011550263545949058e+01 6.263654725628267528e+00
2.043036760929804796e+00 1.005588060304546261e+01 5.817488894338890049e+00
2.044591596257159249e+00 9.994765896723945886e+00 5.404094565356414748e+00
2.045094782063997751e+00 9.933234020209173565e+00 5.024172268881810233e+00
2.044560140509075641e+00 9.870817686860076989e+00 4.692317275975095292e+00
2.043058568826458199e+00 9.808580960065535592e+00 4.397938016682913620e+00
2.040600267817745284e+00 9.746171460111083817e+00 4.143323969517881622e+00
2.037222809388458789e+00 9.683377618860271596e+00 3.897511067071703472e+00
2.032926310271940373e+00 9.621118660008871615e+00 3.684006402008640269e+00
2.027692457201003329e+00 9.559339628775431308e+00 3.502221639913831730e+00
2.021518038846779053e+00 9.498159022397562268e+00 3.340402693089718600e+00
2.014430891482313690e+00 9.438099643518587101e+00 3.200181615509297472e+00
2.006415480421883224e+00 9.379761634969330686e+00 3.084100908908209870e+00
1.997510214989712152e+00 9.323210242881440735e+00 2.996656727125245556e+00
1.987912959049686679e+00 9.271943353549028544e+00 2.924085150634999408e+00
