2.191799393479931801e-01 1.550982551689759603e+01 3.683552447462830693e+06
2.276831391780768932e-01 1.518708181505236432e+01 3.067310669047845993e+06
2.365700859864233729e-01 1.489045897253344641e+01 2.549010137824655976e+06
2.458463738777693919e-01 1.462927033091889761e+01 2.121408246824936476e+06
2.555190718194430555e-01 1.437717559254505417e+01 1.759888211803541053e+06
2.656045932431039813e-01 1.414933632898316418e+01 1.463840846591897542e+06
2.761122935180898574e-01 1.394964449057805211e+01 1.217273166343993973e+06
2.870529348923676061e-01 1.375481208835896396e+01 1.011981122711951612e+06
2.984482296882483010e-01 1.357629534526281034e+01 8.450285075141416164e+05
3.102483801955457920e-01 1.341661710402231478e+01 7.034058674163526157e+05
3.225306889827925239e-01 1.327268769896048894e+01 5.850585558808558853e+05
3.352784032835730565e-01 1.314491528576741253e+01 4.878313543832096620e+05
3.485012699188324570e-01 1.301270919324843511e+01 4.032278186274360633e+05
3.622205874080618448e-01 1.290240742568184551e+01 3.382823516803469975e+05
3.763853840775794324e-01 1.279566659628422975e+01 2.825994240764546557e+05
3.910692629028511003e-01 1.269929458359612617e+01 2.340168487115033204e+05
4.062496711243669956e-01 1.261248098461483558e+01 1.968853291597587231e+05
4.219293290319102718e-01 1.252993145191833690e+01 1.645763553127626074e+05
4.381075548139633513e-01 1.245429894513623204e+01 1.375492928144707985e+05
4.548037216613600164e-01 1.238631033874195531e+01 1.150506487964406115e+05
4.720151294363700289e-01 1.232139163686717076e+01 9.662061862398806261e+04
4.897186832914650623e-01 1.226407473017052752e+01 8.078531281927859527e+04
5.079125990094153220e-01 1.220995967109818992e+01 6.769787174148051417e+04
5.266242447649064351e-01 1.215967674042836322e+01 5.692542414042951714e+04
5.458391330763242566e-01 1.211605396472172380e+01 4.771065062876513548e+04
5.655566727778792435e-01 1.207205594024766526e+01 4.006537020522606326e+04
5.857178135871180524e-01 1.203471542669721472e+01 3.372571722579513153e+04
6.063915442980979398e-01 1.199835253898657861e+01 2.838495495942148409e+04
6.275639471982532580e-01 1.196247753460312069e+01 2.369875387634476283e+04
6.492917178349048024e-01 1.193277579825502421e+01 2.015011993741251717e+04
6.716239125623556516e-01 1.190323189908344759e+01 1.698647726740824510e+04
6.944782456991448472e-01 1.187563357273454301e+01 1.433240342843570215e+04
7.179706341005688275e-01 1.184618285754845424e+01 1.210940553002595516e+04
7.420779380018511784e-01 1.182992337297992513e+01 1.019099641568309380e+04
7.667846380597463929e-01 1.180074552137439348e+01 8.605719054397215587e+03
7.921064734130356388e-01 1.178113666633188039e+01 7.259329046455210118e+03
8.180097174960806461e-01 1.175981187400813610e+01 6.124461889761838393e+03
8.445321418684617054e-01 1.174412890449140789e+01 5.175267453616037528e+03
8.716160314919324525e-01 1.172323231173355396e+01 4.373422537009073494e+03
8.992700352630381699e-01 1.171060196059775294e+01 3.696325634750413883e+03
9.274616557522823435e-01 1.169423921789615228e+01 3.126826056573961978e+03
9.561564715272248272e-01 1.167550720791097874e+01 2.646412191319862814e+03
9.853395969953263611e-01 1.166713206464002361e+01 2.240703469581837908e+03
1.014962963204207202e+00 1.164950172762933356e+01 1.886299371788591088e+03
1.044973982327957129e+00 1.163477264737185024e+01 1.615028908748551657e+03
1.075381330598621954e+00 1.162400854514892856e+01 1.370562400069934483e+03
1.106102370374817845e+00 1.160728731762815968e+01 1.166119340879529091e+03
1.137100291417354692e+00 1.159342834258669264e+01 9.926866476186855834e+02
1.168314956622664269e+00 1.157895690018447432e+01 8.461511195390974081e+02
1.199726416576496479e+00 1.156484145336949254e+01 7.222752809854392808e+02
1.231271440703967102e+00 1.154970391408789965e+01 6.134846582327686519e+02
1.262883562602233223e+00 1.153303999660245616e+01 5.283544416297785347e+02
1.294502656401039120e+00 1.151847143160563824e+01 4.532049119697858259e+02
1.326095087829752828e+00 1.150411560416895185e+01 3.886128902529155766e+02
1.357600496868095474e+00 1.148479840538801078e+01 3.346011246781678210e+02
1.388952686047677743e+00 1.146539428379165315e+01 2.882306326993520429e+02
1.420082446061767367e+00 1.144634620351085807e+01 2.476719489561650107e+02
1.450961287598381722e+00 1.142416630205200967e+01 2.148280119196025169e+02
1.481518860888838773e+00 1.140231144993302159e+01 1.850148626989099512e+02
1.511709743210935430e+00 1.137879249403367332e+01 1.612856996843984803e+02
1.541455765253528121e+00 1.135575640676366405e+01 1.400950494145426717e+02
1.570722124496892746e+00 1.132821178697140141e+01 1.219506001895815359e+02
1.599448495054347719e+00 1.130051696484013313e+01 1.064269890889212888e+02
1.627603616423689781e+00 1.127249189392704309e+01 9.272864577368984840e+01
1.655116363050890493e+00 1.124229588274744351e+01 8.139960301236087048e+01
1.681953958501941848e+00 1.121071571394582733e+01 7.146403821840250714e+01
1.708072973379229698e+00 1.117824012716355675e+01 6.272451771398508669e+01
1.733438437395591336e+00 1.114418028595332899e+01 5.521855299595628708e+01
1.758011747900300126e+00 1.110849526584045144e+01 4.871993202190711258e+01
1.781761763118823616e+00 1.107214295049350916e+01 4.308396433814483117e+01
1.804648750338667895e+00 1.103346552891448695e+01 3.800911068350681177e+01
1.826653026999643048e+00 1.099326711012901470e+01 3.388495074278961994e+01
1.847743046186854254e+00 1.095205119302131713e+01 3.014232007648264400e+01
1.867908245184399796e+00 1.090993094777680739e+01 2.676243016491923044e+01
1.887119000283316472e+00 1.086619152931804422e+01 2.399226387039675501e+01
1.905373001165719060e+00 1.082198278720503382e+01 2.147134050154931373e+01
1.922657334544128016e+00 1.077574036386410761e+01 1.919569362939323298e+01
1.938962353890402834e+00 1.072850359801587672e+01 1.725428787826588817e+01
1.954276691733447535e+00 1.068020439074851602e+01 1.558336898883752220e+01
1.968605993566306056e+00 1.063032732252469970e+01 1.407087860907203591e+01
1.981943928178796499e+00 1.057998966385723705e+01 1.272789005693823405e+01
1.994307545331713172e+00 1.052821298380626835e+01 1.149698957033965208e+01
2.005693353417586255e+00 1.047588847278955271e+01 1.047137946529817043e+01
2.016109284991911554e+00 1.042265591604693142e+01 9.529217128849504448e+00
2.025552894950911398e+00 1.036861013154779876e+01 8.691250801259071679e+00
2.034002708639455204e+00 1.031401264478148150e+01 7.943643231743467759e+00
2.041385402990482323e+00 1.025877371260343196e+01 7.285254814300648363e+00
2.047654313597512488e+00 1.020310208989437761e+01 6.682026277793881697e+00
2.052752385686810843e+00 1.014759124893410558e+01 6.179795116308727465e+00
2.056647077079775787e+00 1.009109288299265472e+01 5.711990079411373600e+00
2.059270554798040109e+00 1.003389905035192164e+01 5.321595377496195489e+00
2.060587388684647081e+00 9.977242602830056484e+00 4.971224203946015940e+00
2.060537662445277363e+00 9.920660984515551561e+00 4.661088777204270173e+00
2.059121174963239653e+00 9.864216407204489556e+00 4.394228648012855842e+00
2.056261656347588396e+00 9.807983548372225968e+00 4.169274807407474803e+00
2.051914571273844246e+00 9.753076348617096158e+00 3.972723477146560711e+00
2.046069921348927068e+00 9.700413395647403902e+00 3.835344527210422072e+00
2.038888058460516017e+00 9.655752926876106201e+00 3.737312383211067957e+00
2.029691327653625699e+00 9.613868263777620271e+00 3.693532587444166904e+00
2.018723908883349960e+00 9.569471053352371470e+00 3.666779194829493438e+00
