2.191799393479931801e-01 1.550982551689759603e+01 3.683552447462830693e+06
2.278178846590327988e-01 1.518169173290408835e+01 3.055419009273281787e+06
2.368534563232116419e-01 1.488438947145711566e+01 2.537943228394759819e+06
2.462859110054305134e-01 1.460726279171525555e+01 2.098504346812734846e+06
2.561297165359852634e-01 1.436353112390780673e+01 1.742106613689678488e+06
2.664010147411335905e-01 1.413306996539658655e+01 1.442198783474928699e+06
2.771086778136858664e-01 1.392647926409915549e+01 1.197402709111600881e+06
2.882627464922331018e-01 1.373634040894840069e+01 9.927900689643668011e+05
2.998677199045016173e-01 1.356010290504395677e+01 8.242077842874865746e+05
3.119489992575164572e-01 1.340149807238594981e+01 6.781025960328240180e+05
3.244758775541037865e-01 1.325879818239576835e+01 5.684118627400179394e+05
3.374978795357774786e-01 1.311427755422518615e+01 4.685647401345059043e+05
3.510051008972728814e-01 1.299552955133645327e+01 3.931439467526839580e+05
3.650186816383766963e-01 1.287730814484979369e+01 3.264543915972675895e+05
3.795430728658367725e-01 1.277110189211264135e+01 2.722522796089936164e+05
3.945454918534162525e-01 1.267614236726841526e+01 2.259389168014212628e+05
4.100901705799528951e-01 1.258934074760543176e+01 1.882111258922649722e+05
4.261400065564315831e-01 1.250746188613341126e+01 1.569882758728714252e+05
4.427008042192137061e-01 1.243343525846360009e+01 1.309429046796113544e+05
4.598242116062997709e-01 1.236450734928254214e+01 1.094324562096066365e+05
4.774331074073522307e-01 1.230406706575750420e+01 9.122990291905023332e+04
4.955625357481831528e-01 1.224650774838921841e+01 7.637250835235106933e+04
5.142167866601041748e-01 1.219347168710075202e+01 6.368468280133425287e+04
5.333962590931680126e-01 1.214426845149034939e+01 5.340261224711092655e+04
5.530930289277657952e-01 1.210012865870150556e+01 4.474137316661283694e+04
5.732748502559096293e-01 1.205844829761849191e+01 3.751411329597963777e+04
5.939822421238617478e-01 1.202143057137729620e+01 3.143567648109283255e+04
6.151568009648761270e-01 1.198368505198181211e+01 2.643768901636823648e+04
6.369152236204915773e-01 1.195054175703480048e+01 2.220104568323526473e+04
6.592613775070377269e-01 1.191770886773553961e+01 1.866121547333379203e+04
6.822287122285596306e-01 1.189013129100655242e+01 1.567741058920377145e+04
7.058308432264076560e-01 1.186245325437522347e+01 1.319725827516628851e+04
7.300802711518915578e-01 1.183733581401483015e+01 1.110092819893825799e+04
7.549893834803813597e-01 1.181222994850013386e+01 9.339710203651155098e+03
7.805547556498664274e-01 1.179406425037364592e+01 7.844440617636931165e+03
8.067856837548822435e-01 1.177206888182743860e+01 6.609298590550674817e+03
8.336706074228152907e-01 1.175188021417581119e+01 5.548862401388770195e+03
8.611784261672237317e-01 1.173440412008453215e+01 4.672023139497304328e+03
8.893427934040667449e-01 1.171664330329489268e+01 3.931645070833072623e+03
9.180749869222780690e-01 1.170289065377729720e+01 3.314363061157350785e+03
9.473837213294866721e-01 1.168554556367776520e+01 2.793691350964943013e+03
9.772289502172275544e-01 1.167572198314639920e+01 2.359537033807704120e+03
1.007590031135288555e+00 1.166110078083795720e+01 1.990281828468110234e+03
1.038419532791022171e+00 1.164686313416211583e+01 1.682828679168973622e+03
1.069659838763127091e+00 1.163358943796556666e+01 1.425036582399936151e+03
1.101201753495234303e+00 1.162132216264354057e+01 1.206153962339052669e+03
1.132964682432170189e+00 1.161052567548991377e+01 1.016615673442634261e+03
1.164850063359501364e+00 1.159650243280922588e+01 8.703638489641418801e+02
1.196773992535895337e+00 1.158158627238266902e+01 7.411757002116970625e+02
1.228683033490869159e+00 1.156515546506449610e+01 6.323487689226113844e+02
1.260413401921776533e+00 1.155222694464000632e+01 5.409365904764985089e+02
1.291948157828771260e+00 1.153439833796827862e+01 4.611504332236015102e+02
1.323185172200727511e+00 1.151649054346299828e+01 3.992789487288600299e+02
1.354032575585170317e+00 1.149815146590947990e+01 3.434180350744405246e+02
1.384430078713462686e+00 1.147849407537757038e+01 2.966265538436070983e+02
1.414298139068708382e+00 1.145933087425566832e+01 2.568026633076695475e+02
1.443576444258866553e+00 1.143368621489511838e+01 2.227482069095527777e+02
1.472212167099260949e+00 1.140787574402911808e+01 1.928251822119181895e+02
1.500125766183727727e+00 1.138214375423351221e+01 1.690925698174538070e+02
1.527307915486980638e+00 1.135215003473590301e+01 1.478349006593420540e+02
1.553664924502922817e+00 1.132133651113077555e+01 1.295817669893608581e+02
1.579181498215356028e+00 1.128888957277200333e+01 1.138570922074366365e+02
1.603806032717623342e+00 1.125431764879014374e+01 1.002828760462091822e+02
1.627508087048001428e+00 1.121761093511014096e+01 8.860003912440556917e+01
1.650262804140901540e+00 1.117935625153263857e+01 7.838789913516569641e+01
1.672041845440983998e+00 1.113901994417860131e+01 6.954786775843992075e+01
1.692819211830462134e+00 1.109691988999811407e+01 6.185001116898649798e+01
1.712597482982377350e+00 1.105348928581598678e+01 5.513612797447521530e+01
1.731339535402528940e+00 1.100832660852284661e+01 4.926564787289034797e+01
1.749057500154399536e+00 1.096075742513750839e+01 4.395344177814745024e+01
1.765746315961185253e+00 1.091221132367506108e+01 3.946141380004743837e+01
1.781375924085411455e+00 1.086151450656712569e+01 3.561613545088592048e+01
1.795975287702948675e+00 1.080937560592029278e+01 3.212738052786472309e+01
1.809548179066601259e+00 1.075501328318179262e+01 2.892073812569843128e+01
1.822084724358249863e+00 1.070090493326529568e+01 2.627774898702787354e+01
1.833601059853286808e+00 1.064446938562629974e+01 2.385253043905413861e+01
1.844109511374064203e+00 1.058615997501868655e+01 2.169488994240284896e+01
1.853633758041398183e+00 1.052771941474896877e+01 1.970561741902533726e+01
1.862172872775962329e+00 1.046699899228488739e+01 1.804925607792349496e+01
1.869762539910110100e+00 1.040618255420864990e+01 1.651654194179824131e+01
1.876405145933235152e+00 1.034439610814861688e+01 1.513078117279427026e+01
1.882128400426225756e+00 1.028149602792866801e+01 1.387602768286331845e+01
1.886956664476957535e+00 1.021761481915552316e+01 1.280909436708614990e+01
1.890880003379444396e+00 1.015299529065030804e+01 1.181623488958910251e+01
1.893901279973643659e+00 1.008791061181978499e+01 1.092986697760663262e+01
1.896010761048406712e+00 1.002269356588911897e+01 1.012756324212507231e+01
1.897196072586775806e+00 9.957526277309042939e+00 9.383564952821886962e+00
1.897456225889835979e+00 9.891312412387158304e+00 8.771644288079974316e+00
1.896800664836742811e+00 9.824298715837636919e+00 8.177593206674504955e+00
1.895247737517467890e+00 9.758301449657178495e+00 7.660395597274573198e+00
1.892782291733954292e+00 9.692002102087338145e+00 7.219728472179737011e+00
1.889435773576534361e+00 9.625849283153096181e+00 6.789645064691403498e+00
1.885243006620776818e+00 9.560229683505562903e+00 6.426690831254178171e+00
1.880209280328775545e+00 9.494805279690579525e+00 6.097148678485664774e+00
1.874363311786499287e+00 9.429247550711709280e+00 5.797526662590637869e+00
1.867747777608336657e+00 9.364882320650140812e+00 5.541450400174512403e+00
1.860395588721807325e+00 9.300209312157409869e+00 5.312548893301157094e+00
1.852357947054725784e+00 9.237195821346659841e+00 5.110658847176753561e+00
1.843637106322288499e+00 9.174192493269107018e+00 4.938063989946727794e+00
1.834326583703306923e+00 9.112211686346341821e+00 4.778390569296452561e+00
