2.191799393479931801e-01 1.550982551689759603e+01 3.683552447462830693e+06
2.269022985770017542e-01 1.521163673998460908e+01 3.109399163977250922e+06
2.349448225078839270e-01 1.494510786407756697e+01 2.612953886112629902e+06
2.433034003041640581e-01 1.470861175417488909e+01 2.242005323837302160e+06
2.519848653824113827e-01 1.445475280384860284e+01 1.880270538218607195e+06
2.610082103835075218e-01 1.425209828760103470e+01 1.590560777880786918e+06
2.703780642173483351e-01 1.405390952261622850e+01 1.346694208110535983e+06
2.801010882472764196e-01 1.387400734668163160e+01 1.137478927405315917e+06
2.901855935103945239e-01 1.370466695057985085e+01 9.637930248501235619e+05
3.006337882104789805e-01 1.354451598442669535e+01 8.140565399585115956e+05
3.114423597801964094e-01 1.340172376469515747e+01 6.900985547677602153e+05
3.226396906549363064e-01 1.326937785850321383e+01 5.844293691391008906e+05
3.342306674274329592e-01 1.315387180236480269e+01 4.943519984491735231e+05
3.461965986316273836e-01 1.303443850256612890e+01 4.190659169144441839e+05
3.585700485305872709e-01 1.292956425825190259e+01 3.556887531280007097e+05
3.713395529002449513e-01 1.283261751526857886e+01 3.015158643291590852e+05
3.845271464856696020e-01 1.273887300752720719e+01 2.553994361305015336e+05
3.981150911841330742e-01 1.265602610045104726e+01 2.165445627251535188e+05
4.121103350758220651e-01 1.258209606628848398e+01 1.838511471510927367e+05
4.265416628875680627e-01 1.250680399512106433e+01 1.565236604923068662e+05
4.413666855482311635e-01 1.244237228619547686e+01 1.330623855746821500e+05
4.566326794051930871e-01 1.237804563582181849e+01 1.130052716000047658e+05
4.723203318478211843e-01 1.232061154117780255e+01 9.620785948812107381e+04
4.884203668358951256e-01 1.226927817726022241e+01 8.170072088672382233e+04
5.049154133752206119e-01 1.221838418424145978e+01 6.968625228134567442e+04
5.218457940669299910e-01 1.217434344240587762e+01 5.936601412345008430e+04
5.391925068959675382e-01 1.213175187004068967e+01 5.073708848566931556e+04
5.569561148828890973e-01 1.209188978620847799e+01 4.321941928889485280e+04
5.750977864485623536e-01 1.205471239953064710e+01 3.695451547516202845e+04
5.936754657525231682e-01 1.201966464349555430e+01 3.156042246284861903e+04
6.126095319711996057e-01 1.198810863661329051e+01 2.700029708034923897e+04
6.320143304035552578e-01 1.195591158451821556e+01 2.312594611077699301e+04
6.518871508026909956e-01 1.192922417973839266e+01 1.975601449113233321e+04
6.722751999870161255e-01 1.190142441680726471e+01 1.688414325629583618e+04
6.931036244625367049e-01 1.187642930960785570e+01 1.447109783441988293e+04
7.144817093596265156e-01 1.185347471621863846e+01 1.240644370596924819e+04
7.363727203544483402e-01 1.183171110239934798e+01 1.061432477130869302e+04
7.587895022030481940e-01 1.181084858465286835e+01 9.010417077639667696e+03
7.817158108195705335e-01 1.178916334679672140e+01 7.785840217908807972e+03
8.051872919169875686e-01 1.177397669431495508e+01 6.666110157569784860e+03
8.291737260219325112e-01 1.175618480990014803e+01 5.709161609156931263e+03
8.536541634491080499e-01 1.173962865169092673e+01 4.888748369370083310e+03
8.786466618825335972e-01 1.172385636800252762e+01 4.196257034758154077e+03
9.041226636374281034e-01 1.171111206084909817e+01 3.599026396798561564e+03
9.300588490972482303e-01 1.169572045252661674e+01 3.089145066987365681e+03
9.564358522420702835e-01 1.168174144660627256e+01 2.652143785913650390e+03
9.832321339548170114e-01 1.166983278137864843e+01 2.278749205395778517e+03
1.010427585407477569e+00 1.165753135038215405e+01 1.957278315581773086e+03
1.037992666029422084e+00 1.164660114186165885e+01 1.683228781410533884e+03
1.065884215040186156e+00 1.163295477098787600e+01 1.451160271879995662e+03
1.094099211249584425e+00 1.162132175874950413e+01 1.250173466882882849e+03
1.122576758605290603e+00 1.161022608152715563e+01 1.070852640506000853e+03
1.151286434393374414e+00 1.159875989318802070e+01 9.308575235053141341e+02
1.180186813016436576e+00 1.158613476590456060e+01 8.046684198943115689e+02
1.209250226370817805e+00 1.157371293463943651e+01 6.913515581717832674e+02
1.238434971073476332e+00 1.156172092971961618e+01 6.028381828058141991e+02
1.267693492523794152e+00 1.155110439411788015e+01 5.226691565071652121e+02
1.296970090305594070e+00 1.153557402293060363e+01 4.537781007497262635e+02
1.326251023201345358e+00 1.152047811868754934e+01 3.946281325966119198e+02
1.355475586619847794e+00 1.150819368319504221e+01 3.435977201865901520e+02
1.384594594468854245e+00 1.149075695934466523e+01 2.994488972481725000e+02
1.413574020313509649e+00 1.147320549648743793e+01 2.614287273110430192e+02
1.442358074282709346e+00 1.145935665673898818e+01 2.284061655161956139e+02
1.470887621068480700e+00 1.143974499682177637e+01 1.999556724635146452e+02
1.499048147392943120e+00 1.141895978123335809e+01 1.753809552390378030e+02
1.526755228588411839e+00 1.139867668703227110e+01 1.533435408449126101e+02
1.553869148536393352e+00 1.137756643286626712e+01 1.356687443585921073e+02
1.580305682696376168e+00 1.135460858078073798e+01 1.192743983534595458e+02
1.605960821978179354e+00 1.133103909514616348e+01 1.060964040765779401e+02
1.630769161506407494e+00 1.130463754931752440e+01 9.412867739646158327e+01
1.654598249478581140e+00 1.127783297737072310e+01 8.380755957286204705e+01
1.677412875205908538e+00 1.124892629603941963e+01 7.486054479687811636e+01
1.699122394619108967e+00 1.121886268371114248e+01 6.697999637104680914e+01
1.719668699431072145e+00 1.118595013306109642e+01 6.016920379955899989e+01
1.738988072002338070e+00 1.115161863755253968e+01 5.405377458701908466e+01
1.757036157971702206e+00 1.111631231669756303e+01 4.904971716934238657e+01
1.773757308596468407e+00 1.107877766940128161e+01 4.432295308680367185e+01
1.789137228131389756e+00 1.103915241499872124e+01 4.051654982599480093e+01
1.803117160764730942e+00 1.099869187679470706e+01 3.700327800434681080e+01
1.815713257344576892e+00 1.095471446415409744e+01 3.379462513073017504e+01
1.826886339760469102e+00 1.091021731641432169e+01 3.119258294262835207e+01
1.836635121083480593e+00 1.086424287898731578e+01 2.879604563662885752e+01
1.844943741295683282e+00 1.081636639815640244e+01 2.667932685685037697e+01
1.851859818461909279e+00 1.076665585354407817e+01 2.482154379329783112e+01
1.857332417201086550e+00 1.071664021994204674e+01 2.316024782417431283e+01
1.861435088612495736e+00 1.066483973657818218e+01 2.170264798793327898e+01
1.864151123184694336e+00 1.061154795520712391e+01 2.041812722806619718e+01
1.865527769050095319e+00 1.055712295267171541e+01 1.926557420294847134e+01
1.865577774661585808e+00 1.050273766286139576e+01 1.826141615489951775e+01
1.864345378206217818e+00 1.044773447298448232e+01 1.738845059455738706e+01
1.861876087470676566e+00 1.039173087595455591e+01 1.654932276605434183e+01
1.858235517998601871e+00 1.033557649158380620e+01 1.592962224833325635e+01
1.853503091779850953e+00 1.027917503960691192e+01 1.532926297018131301e+01
1.847753323010871140e+00 1.022293316466915769e+01 1.481537204859492363e+01
1.841060596594350729e+00 1.016645017474381874e+01 1.436475820660545466e+01
1.833506565988909820e+00 1.010916720606991070e+01 1.393634731048130604e+01
1.825158848728820171e+00 1.005364266288417063e+01 1.360409492315370983e+01
1.816105427881968826e+00 9.996958079651379947e+00 1.335372177301958274e+01
1.806436632618437788e+00 9.941556211560374834e+00 1.311416337159613654e+01
1.796187215400517623e+00 9.887135841611794262e+00 1.292531098708190385e+01
