2.191799393479931801e-01 1.550982551689759603e+01 3.683552447462830693e+06
2.272217022895967053e-01 1.524142174968455699e+01 3.139786884748355485e+06
2.356017412931404875e-01 1.492184921946883946e+01 2.596665244505049661e+06
2.443439626238425588e-01 1.466987269520148729e+01 2.188096134920764249e+06
2.534299699136278172e-01 1.442344055926740509e+01 1.833127131610047072e+06
2.628855858487563757e-01 1.420828245410364055e+01 1.534696578750159126e+06
2.727183674251119627e-01 1.400747735280362427e+01 1.291070079561981140e+06
2.829358176931333069e-01 1.382806786295620860e+01 1.084176604232357349e+06
2.935598187248114055e-01 1.365589341212231922e+01 9.108366529423373286e+05
3.045431918218817757e-01 1.349738334748202639e+01 7.667662981070309179e+05
3.159552811931258254e-01 1.334555660189682058e+01 6.445627162961793365e+05
3.277833520534958467e-01 1.321177220345959036e+01 5.427336549564999295e+05
3.400189050407050884e-01 1.309007276690542909e+01 4.566300032102423720e+05
3.526954391566058389e-01 1.297954941358935699e+01 3.798248094106132630e+05
3.657967681175655628e-01 1.287316589875985073e+01 3.231549152833608096e+05
3.793438014155320337e-01 1.277301741176976613e+01 2.721314831265397952e+05
3.933198056970410583e-01 1.268318049479746890e+01 2.299044276805483096e+05
4.077540885652183311e-01 1.260506846999703612e+01 1.933668606886792113e+05
4.226270602237611196e-01 1.252290308897899607e+01 1.634258681714691338e+05
4.379624434827802393e-01 1.245422316316232347e+01 1.378015647726383759e+05
4.537531569427829536e-01 1.239147881246476857e+01 1.162356357004611345e+05
4.700111415435203610e-01 1.233275518941394999e+01 9.818488376175971644e+04
4.867179788028890841e-01 1.227231642768845354e+01 8.293674097879456531e+04
5.038405426873012738e-01 1.222073055584144541e+01 7.034793947323261818e+04
5.214402433733452691e-01 1.217570910246876537e+01 5.948646742124765296e+04
5.394910114227712272e-01 1.213212634574496285e+01 5.050771111509791808e+04
5.579931579715797785e-01 1.208988466507769743e+01 4.282066681394410261e+04
5.769041934466573318e-01 1.205043260693035378e+01 3.638835622557850729e+04
5.962636668049892119e-01 1.201348384042909068e+01 3.088333585529687844e+04
6.160710007613876549e-01 1.198416902137508089e+01 2.595600096467668845e+04
6.363709873848181209e-01 1.194932190183001275e+01 2.233567471628868589e+04
6.571940553186503831e-01 1.192064064032061133e+01 1.897267248390338864e+04
6.785697055916246612e-01 1.189374889643333688e+01 1.613745792119496946e+04
7.004952659746424004e-01 1.186744622304144592e+01 1.371924240960988936e+04
7.230134268780317175e-01 1.184481802205484513e+01 1.166471898551579943e+04
7.461155904252561033e-01 1.182098596363331744e+01 9.924291516636949382e+03
7.697898625775718706e-01 1.180148270726339632e+01 8.433378561141271348e+03
7.940887060277238563e-01 1.178290418189909339e+01 7.176882862123267842e+03
8.189499686153428604e-01 1.176430253174165408e+01 6.103417983734030713e+03
8.444107795059804245e-01 1.174848319633558802e+01 5.192070335339390112e+03
8.704213434534929794e-01 1.173142265070100265e+01 4.423166205245147466e+03
8.970067222906801252e-01 1.171458026147093889e+01 3.768004222484370530e+03
9.241279303758480612e-01 1.170266281848579126e+01 3.208194871689271622e+03
9.517553133274797572e-01 1.168913537867391028e+01 2.732613434067105572e+03
9.798657990821419972e-01 1.167626167678975513e+01 2.332044979717519254e+03
1.008446534823565610e+00 1.166403639572201456e+01 1.989027241596655131e+03
1.037467169192670680e+00 1.165219090018243264e+01 1.698662412390510553e+03
1.066858051236411864e+00 1.164406283228052175e+01 1.452022285081929112e+03
1.096626882141152004e+00 1.163231395758085540e+01 1.241684319029478957e+03
1.126709141607705966e+00 1.162097127163853472e+01 1.062974309545224969e+03
1.157067640969153155e+00 1.160820233782806277e+01 9.112540195215342465e+02
1.187653783079968495e+00 1.159596688760320760e+01 7.828903875341549110e+02
1.218443320602125235e+00 1.158446536043468811e+01 6.692962728153522676e+02
1.249363493673573355e+00 1.157658208822231494e+01 5.784258790488237310e+02
1.280376709333283403e+00 1.156312203289248153e+01 4.982072323021733382e+02
1.311420144306749025e+00 1.154783704057561167e+01 4.298228684847553041e+02
1.342469384609847438e+00 1.153673385861597289e+01 3.717012322811184504e+02
1.373459431637615191e+00 1.152258386897744735e+01 3.211259335820079741e+02
1.404328648000539026e+00 1.150512120052697540e+01 2.781260503814795015e+02
1.435040393890863353e+00 1.148950070982878557e+01 2.414059210017555017e+02
1.465532510780420905e+00 1.147214952399268739e+01 2.095930537233845143e+02
1.495753101926142081e+00 1.145458985803757024e+01 1.825949107137701617e+02
1.525655939071188572e+00 1.143564074706199030e+01 1.582709186032504647e+02
1.555206989857868205e+00 1.141446725097747716e+01 1.389383765263917496e+02
1.584321598210530535e+00 1.139331799653137445e+01 1.215299318344492150e+02
1.612974565960825224e+00 1.137388038522227696e+01 1.065012947996997639e+02
1.641082462191758129e+00 1.134720494897646148e+01 9.347698972260771200e+01
1.668521624568204631e+00 1.132241322173531728e+01 8.224578933649760870e+01
1.695189632088517140e+00 1.129537272684018845e+01 7.254136376425365995e+01
1.720999451047248163e+00 1.126736027659076811e+01 6.386646469774714774e+01
1.745847866584954611e+00 1.123836420544062698e+01 5.684553416595456810e+01
1.769670164772830789e+00 1.120705489251814235e+01 5.053963328354087281e+01
1.792343977427379720e+00 1.117473021373665709e+01 4.503821709623371561e+01
1.813843564146058851e+00 1.114045452705290806e+01 4.028531781934493239e+01
1.834109129802308225e+00 1.110493353016691565e+01 3.611944417750429892e+01
1.853053010706764203e+00 1.106709368952531314e+01 3.238965620617904051e+01
1.870643007222856591e+00 1.102780030774900411e+01 2.935201742566452054e+01
1.886855367513660120e+00 1.098650026464192209e+01 2.658775946282452551e+01
1.901664852797358973e+00 1.094438988629071297e+01 2.408285742866918611e+01
1.915040908467326330e+00 1.089932231272411833e+01 2.204786391960740488e+01
1.926977095424984743e+00 1.085315932577055698e+01 2.019279248179846675e+01
1.937452689028352548e+00 1.080557965196348391e+01 1.852857780399808973e+01
1.946525001936049826e+00 1.075677313554511727e+01 1.708203793311056629e+01
1.954145513978946758e+00 1.070592524155000369e+01 1.579352389744082430e+01
1.960342943017720385e+00 1.065362954512730376e+01 1.465592832123904898e+01
1.965170505569885817e+00 1.059989527317883962e+01 1.365220946639218269e+01
1.968620123573024738e+00 1.054545438879156904e+01 1.272232965560297480e+01
1.970723963541245682e+00 1.048986796874650551e+01 1.196431021988048116e+01
1.971538806027578028e+00 1.043345975190659658e+01 1.122907343453885964e+01
1.971091641415202655e+00 1.037606677407157285e+01 1.064480600776732544e+01
1.969431855108259910e+00 1.031786007257755067e+01 1.005339871460145496e+01
1.966598665952796754e+00 1.025908191790477808e+01 9.593160261151762569e+00
1.962646909656492022e+00 1.020000503426205363e+01 9.131202520538717948e+00
1.957628883186334878e+00 1.014133338251227379e+01 8.773384431209185763e+00
1.951595027182068121e+00 1.008241017301203080e+01 8.421819603898114792e+00
1.944574490324673999e+00 1.002340789742476446e+01 8.154069795287634648e+00
1.936632423257378610e+00 9.964586141944600683e+00 7.877481410521809835e+00
1.927846676490095668e+00 9.908836448710426126e+00 7.685300491069019024e+00
1.918312881965148042e+00 9.854556842267504280e+00 7.531968540630984421e+00
1.908194639314220398e+00 9.803151433979527596e+00 7.417213006371194517e+00
