2.191799393479931801e-01 1.550982551689759603e+01 3.683552447462830693e+06
2.264756590656942237e-01 1.522247628282166154e+01 3.137240961531260051e+06
2.340426664354034458e-01 1.496893155726646008e+01 2.677330994605506770e+06
2.419141304167146678e-01 1.473402494173962296e+01 2.288280338809522334e+06
2.500572778517601291e-01 1.450922274788710276e+01 1.952279885843856726e+06
2.585087155653808533e-01 1.430487999281036693e+01 1.666008670377508737e+06
2.672665534784646191e-01 1.411838811760042844e+01 1.422244401384732686e+06
2.763381949155579997e-01 1.394098943793161816e+01 1.214017906874597305e+06
2.857311837009504085e-01 1.377990663346059819e+01 1.036229238259464852e+06
2.954388219499121671e-01 1.362612805537268201e+01 8.847573634432848776e+05
3.054846342691354133e-01 1.348391370439816228e+01 7.551785077221310930e+05
3.158639999463913051e-01 1.335249074198614494e+01 6.458823450712508056e+05
3.265830747155867853e-01 1.323316837238914978e+01 5.514679550060642650e+05
3.376469821881925015e-01 1.311650299031841449e+01 4.721369623900327133e+05
3.490644470779820652e-01 1.300670789709529096e+01 4.033749122916004853e+05
3.608478592394990803e-01 1.291011445000122748e+01 3.446018851905910415e+05
3.729694238366807468e-01 1.281766951055922554e+01 2.949806811728231260e+05
3.854723222258430448e-01 1.273404426441372195e+01 2.528074524952876673e+05
3.983329535926131704e-01 1.265542759387081695e+01 2.159668446929909987e+05
4.115668634364500478e-01 1.258210828541762183e+01 1.852875643225138774e+05
4.251883851868383246e-01 1.251332127010098105e+01 1.586091930261353264e+05
4.391442368219966030e-01 1.245151943336552947e+01 1.361393766963126254e+05
4.535034534069930512e-01 1.238948149379270447e+01 1.167288118130401999e+05
4.682476084865272448e-01 1.233590023990899098e+01 1.001740725856701320e+05
4.833316082016398396e-01 1.228371486113440447e+01 8.612686804787346045e+04
4.988147936517283720e-01 1.223226843042406387e+01 7.394102809430578782e+04
5.146622412640800004e-01 1.219108475034802908e+01 6.362278560333472706e+04
5.308850670324229970e-01 1.214947992914792430e+01 5.462647367182758899e+04
5.474788554689743458e-01 1.211116699816921383e+01 4.700072379320203618e+04
5.644453395865354217e-01 1.207476333706030225e+01 4.046284070055167103e+04
5.817288973481283820e-01 1.204156302673836798e+01 3.488596087993349647e+04
5.993946157265896968e-01 1.201075419042667569e+01 3.007066345716400974e+04
6.174339207505445959e-01 1.197928763522586593e+01 2.582943020760374930e+04
6.358985650680488710e-01 1.195234126769232219e+01 2.241844955642603600e+04
6.547915783281060831e-01 1.192594653734055044e+01 1.930546453589496741e+04
6.741447070694016608e-01 1.189978590160980687e+01 1.668711093355389312e+04
6.939673875025621497e-01 1.187580842710389284e+01 1.438856722043832451e+04
7.142609331002028883e-01 1.185503836508306108e+01 1.241765023766844024e+04
7.350483236989613367e-01 1.183373946932558596e+01 1.071627521941541090e+04
7.563308557463979120e-01 1.181413013923219779e+01 9.252937124396044965e+03
7.781074184875224065e-01 1.179583300355001896e+01 7.916867669738219774e+03
8.004064032947386664e-01 1.177787592546444628e+01 6.887399905635871619e+03
8.231768698340145018e-01 1.176243510414457205e+01 5.948892870099579341e+03
8.464506966059539561e-01 1.174748273081462102e+01 5.131303131791079977e+03
8.701868825164975618e-01 1.173273622374481384e+01 4.437235356399944976e+03
8.944241315817407223e-01 1.171934540564180161e+01 3.825807017018561055e+03
9.190803296826554059e-01 1.170699795043104707e+01 3.307343473242544405e+03
9.442069518343189083e-01 1.169278666274288092e+01 2.857827532767435059e+03
9.697330615175592250e-01 1.168276501109686372e+01 2.472884970727906875e+03
9.956697618950033357e-01 1.167296404697459877e+01 2.137986843106973993e+03
1.021984875259063896e+00 1.166197681572427136e+01 1.851064286736928352e+03
1.048653608012507732e+00 1.165228342335713307e+01 1.603462848035745083e+03
1.075656496696300701e+00 1.164699122936906939e+01 1.389908212264494978e+03
1.102950431663728414e+00 1.163301018559199385e+01 1.206059628198864175e+03
1.130513392669774575e+00 1.162453544715861398e+01 1.046726349846853964e+03
1.158314518108600089e+00 1.161517944248532430e+01 9.099468001824828889e+02
1.186309815190344175e+00 1.160499420674497806e+01 7.865470031078466491e+02
1.214479733943155226e+00 1.159363261954053037e+01 6.891434018717901608e+02
1.242791182437580133e+00 1.158366567975947525e+01 6.004385010758445560e+02
1.271191031553275952e+00 1.157693370991740700e+01 5.239545253617933440e+02
1.299652483020335092e+00 1.156380007310430358e+01 4.576836145152870472e+02
1.328127826760225227e+00 1.154981510117981536e+01 4.002913540777026924e+02
1.356586932638943255e+00 1.153878033134229320e+01 3.509444812727426779e+02
1.384990927159225560e+00 1.152672474271032854e+01 3.069297175484863374e+02
1.413290960970978727e+00 1.151356443410508845e+01 2.696132353160667208e+02
1.441459145412927745e+00 1.150105810611930934e+01 2.367945034424391508e+02
1.469451865506915977e+00 1.148424453867052719e+01 2.084378149413350343e+02
1.497222432846912588e+00 1.146819335177562138e+01 1.834617220700028213e+02
1.524736624477315061e+00 1.145361042115349015e+01 1.619031703480982856e+02
1.551958942939066111e+00 1.143484913111636025e+01 1.430195830386574869e+02
1.578850414778508293e+00 1.141683552633981868e+01 1.258770420176832090e+02
1.605368121252406022e+00 1.139685057968688398e+01 1.121147695807344462e+02
1.631484466737811445e+00 1.137733186439848154e+01 9.945410611458230221e+01
1.657177764880172433e+00 1.135614422120502809e+01 8.797197777962267651e+01
1.682357954946650747e+00 1.133251667209922608e+01 7.917554233146501019e+01
1.706948058891050612e+00 1.130932055167682471e+01 7.004280947854796580e+01
1.730865635117775136e+00 1.128464704351312164e+01 6.257450714090739297e+01
1.754007297727304682e+00 1.125909055177307394e+01 5.604151937146583151e+01
1.776269155367702357e+00 1.123191679861078462e+01 5.029616116424541872e+01
1.797600734291977975e+00 1.120366555781051154e+01 4.505301092457154510e+01
1.817903305478802300e+00 1.117400493433914299e+01 4.079377216720387622e+01
1.837085300121050757e+00 1.114262668975386283e+01 3.689695917850975349e+01
1.855112579552881114e+00 1.111057673105931087e+01 3.348398021359481191e+01
1.871897516449997134e+00 1.107619384726927514e+01 3.049621679056336632e+01
1.887377807016096254e+00 1.104071703086306044e+01 2.784532834451631444e+01
1.901482920890747330e+00 1.100350524534837682e+01 2.542172029440088821e+01
1.914181810053117161e+00 1.096511587611436411e+01 2.337717910318004400e+01
1.925428661055136326e+00 1.092447208854784613e+01 2.166577781324386720e+01
1.935181569568024784e+00 1.088332204207911857e+01 2.000285598043319624e+01
1.943400073825098495e+00 1.084080838761566667e+01 1.867809822540745301e+01
1.950024449761962764e+00 1.079597688234381181e+01 1.746842104910735216e+01
1.955044007755720292e+00 1.075221235055963298e+01 1.634673553398018342e+01
1.958406873445030394e+00 1.070518441658800946e+01 1.547675922383737657e+01
1.960076029082569171e+00 1.065787412919429045e+01 1.463100559566040282e+01
1.960014616733158688e+00 1.061113017619977938e+01 1.400785626572896803e+01
1.958146166064401950e+00 1.056549718135353011e+01 1.347238120450279375e+01
1.954437916912974638e+00 1.052113735062889255e+01 1.307678194313403530e+01
1.948902513370057488e+00 1.048509218467205173e+01 1.287504926504789182e+01
1.941589129778261036e+00 1.045339806158972529e+01 1.281322605295467199e+01
1.932946317862975771e+00 1.042262041741667566e+01 1.280250982369501678e+01
