2.191799393479931801e-01 1.550982551689759603e+01 3.683552447462830693e+06
2.275615603875028592e-01 1.519520978529805610e+01 3.072610289499233477e+06
2.363175787219315149e-01 1.489813254452708335e+01 2.556539719112720806e+06
2.454510766603041350e-01 1.463359258020761544e+01 2.131208407249754295e+06
2.549683343915367661e-01 1.438872320889900180e+01 1.781207217595055467e+06
2.648883483793719740e-01 1.417102767392893803e+01 1.481659206002560211e+06
2.752170115999561517e-01 1.395999393137254785e+01 1.237048018738930114e+06
2.859666070536548976e-01 1.377092328305318958e+01 1.032472317565399338e+06
2.971336769548511003e-01 1.359624102588399275e+01 8.590005666302213212e+05
3.087491059244743541e-01 1.343886784760334230e+01 7.201318126785389613e+05
3.208141630303849579e-01 1.329337603187690320e+01 6.003002480510445312e+05
3.332964507794240472e-01 1.315677802931585383e+01 5.012856901884790859e+05
3.462525718683212017e-01 1.303340752915582890e+01 4.190960209482136997e+05
3.596783771053437828e-01 1.291967107906452128e+01 3.504289480171304313e+05
3.735773692654249523e-01 1.281359754281981367e+01 2.928627058121542213e+05
3.879577077559119846e-01 1.271647290721702817e+01 2.453237991337678686e+05
4.028382340442875909e-01 1.262743387597056177e+01 2.047527743381408509e+05
4.181627665042881858e-01 1.254770210951051190e+01 1.719550958177581488e+05
4.340063896400372379e-01 1.247346246239498058e+01 1.439488068711446540e+05
4.503462020846332181e-01 1.240386063483077095e+01 1.206874970120346261e+05
4.671726556520989782e-01 1.234051223867279212e+01 1.006051715585260390e+05
4.844680086200965907e-01 1.228047537729050731e+01 8.498654289191961288e+04
5.022753031507897203e-01 1.222957896546396483e+01 7.145514068597828737e+04
5.205698496736825831e-01 1.217668175431759359e+01 6.009320773153053597e+04
5.393535965322034942e-01 1.212676660778899951e+01 5.062897135751529277e+04
5.586271663006474597e-01 1.208769684833992208e+01 4.262122478038407280e+04
5.783517083421927385e-01 1.205053591100994659e+01 3.553505256010116864e+04
5.985426674486611365e-01 1.201111850441914974e+01 3.028575719044639482e+04
6.192432053763565758e-01 1.197753702245054441e+01 2.555267142043543208e+04
6.404907708592733062e-01 1.194465283931352317e+01 2.157438574180381693e+04
6.623103661102707207e-01 1.191568742247638824e+01 1.824053595365609726e+04
6.847456255039982009e-01 1.188350128459263466e+01 1.540403470314164952e+04
7.078063677211606786e-01 1.186057997526671848e+01 1.301165676913196148e+04
7.315006495521647611e-01 1.183485833424723843e+01 1.099628107302901481e+04
7.558544715963448901e-01 1.181340045255263860e+01 9.281359475827899587e+03
7.808565398471499774e-01 1.179294954478435642e+01 7.837884642467366575e+03
8.065294865480135966e-01 1.177564134473318092e+01 6.615986731052495998e+03
8.328479100719642370e-01 1.175674574337196887e+01 5.590681617018849465e+03
8.597920569494339471e-01 1.173678603023743072e+01 4.725891687908878339e+03
8.873830475295332310e-01 1.172371683177952484e+01 3.995748155704473447e+03
9.155662718291851521e-01 1.171021287844462755e+01 3.374388803182939682e+03
9.443488239856141497e-01 1.169582597023297943e+01 2.858065520357014975e+03
9.736645179749293666e-01 1.168229069523661678e+01 2.417852519109267632e+03
1.003516190914045092e+00 1.167021760016974241e+01 2.049637736152039452e+03
1.033859723929956509e+00 1.166361778903069890e+01 1.736364779634934848e+03
1.064652528648937890e+00 1.165086983507748108e+01 1.473295342574994265e+03
1.095852210526174986e+00 1.163624952503503529e+01 1.251736876426380377e+03
1.127418721233982124e+00 1.162546270474841492e+01 1.056754780135007422e+03
1.159302735280430818e+00 1.161359566834795842e+01 8.997712704622084630e+02
1.191444792261224572e+00 1.160309872885468430e+01 7.673346276246575144e+02
1.223815573149010794e+00 1.159072876602089863e+01 6.592391129719093215e+02
1.256343847618593967e+00 1.158018098986139677e+01 5.631180374188048745e+02
1.288972044709684406e+00 1.156711054623819557e+01 4.821371239436777500e+02
1.321636680655494445e+00 1.155442356044340002e+01 4.131581108418910162e+02
1.354307015358877653e+00 1.154359950879804941e+01 3.543795343954746500e+02
1.386901641989447764e+00 1.152604649546955962e+01 3.048256896250687191e+02
1.419361393720278919e+00 1.151473823800215257e+01 2.620707871850495394e+02
1.451631046580966089e+00 1.149778993238891545e+01 2.262282664836129129e+02
1.483649201543412843e+00 1.147739144397954547e+01 1.943666209460019729e+02
1.515305282362546357e+00 1.145963142364762888e+01 1.685580328398013989e+02
1.546452322826538550e+00 1.144015252615005451e+01 1.461342100300652476e+02
1.576950505098881461e+00 1.141969154585883217e+01 1.277461160321972216e+02
1.606663620624146693e+00 1.139675884674888628e+01 1.108674669397177155e+02
1.635469794602667060e+00 1.137414350223245307e+01 9.744181326309222868e+01
1.663247885354871114e+00 1.134635053555811979e+01 8.565845657929625645e+01
1.689840780232703787e+00 1.131864848567289528e+01 7.533118328862643409e+01
1.715191816419050053e+00 1.128851891132910090e+01 6.662766602520206050e+01
1.739187847527170705e+00 1.125646625848069604e+01 5.911084753955400828e+01
1.761758521175179837e+00 1.122216028814457367e+01 5.263826712138778419e+01
1.782774271992860315e+00 1.118600104960365549e+01 4.707377513537397817e+01
1.802228026266660788e+00 1.114792549983737580e+01 4.226885768635180085e+01
1.820034006397093229e+00 1.110741221577986515e+01 3.808945587715162162e+01
1.836142838869135652e+00 1.106460844550302980e+01 3.445325279384687889e+01
1.850534323967746086e+00 1.101931556611472196e+01 3.133436535276756274e+01
1.863184460114482244e+00 1.097261702284243157e+01 2.850309948061711651e+01
1.874059994701784859e+00 1.092412639383399586e+01 2.623304371042766192e+01
1.883168857296770415e+00 1.087253136011704946e+01 2.416770852092320609e+01
1.890557015856598744e+00 1.082080948708641799e+01 2.234910072913806900e+01
1.896347808259568612e+00 1.076524947964052892e+01 2.075130951615015462e+01
1.900626789719625620e+00 1.070834594214495894e+01 1.934323444188558483e+01
1.903511993542313263e+00 1.065088026575701363e+01 1.808132785721383584e+01
1.905080154362499112e+00 1.059038923166304080e+01 1.689865659556554434e+01
1.905433129084005195e+00 1.052948987654322721e+01 1.589119235157412469e+01
1.904687088021607133e+00 1.046698986493631978e+01 1.502974229385948135e+01
1.902883882560165940e+00 1.040265708646990994e+01 1.419537985309630379e+01
1.900117719926220694e+00 1.033778767032602808e+01 1.343917798392674712e+01
1.896449720359090430e+00 1.027159674075281437e+01 1.274905979106885390e+01
1.891955761235047939e+00 1.020434472615028021e+01 1.209142204979436741e+01
1.886689225280119730e+00 1.013656820705167583e+01 1.153910712862576915e+01
1.880708234160022529e+00 1.006896872450180069e+01 1.101215823327019550e+01
1.874063212359905695e+00 9.999349595751169772e+00 1.052424719608517023e+01
1.866820441980267198e+00 9.929080559534114059e+00 1.004146445173237723e+01
1.858999035536689215e+00 9.859093754876418814e+00 9.634912982008982496e+00
1.850660697455890125e+00 9.788750639444455004e+00 9.269413158207253645e+00
1.841837612317427597e+00 9.718586865623095150e+00 8.891533140766975762e+00
1.832572759303739751e+00 9.647721338891372511e+00 8.574168601775275178e+00
1.822911111571602127e+00 9.576413578016893524e+00 8.246914916880086821e+00
1.812864959228171369e+00 9.506109341823826497e+00 7.978514298690420503e+00
1.802488929881728597e+00 9.434955360936795543e+00 7.707318068859376758e+00
1.791792063996122009e+00 9.364585467764625193e+00 7.437603405764922293e+00
